# Tasks
1 2 3 4 5 6 7 8 9 10 11 12 13 14 15 16 17 18 19 20

# Workstations
1 2 3 4 5 6 7 8 9 10 11 12 13 14 15 16 17 18 19 20

# Modes
1 2 3 4 5 6 7

# Processing Times
1 1 471
1 2 651
1 3 501
1 4 692
1 5 295
1 6 497
1 7 687
2 1 570
2 2 860
2 3 600
2 4 905
2 5 340
2 6 607
2 7 916
3 1 335
3 2 410
3 3 364
3 4 445
3 5 224
3 6 352
3 7 431
4 1 590
4 2 842
4 3 630
4 4 899
4 5 393
4 6 643
4 7 917
5 1 564
5 2 786
5 3 603
5 4 840
5 5 326
5 6 584
5 7 813
6 1 599
6 2 908
6 3 650
6 4 985
6 5 376
6 6 634
6 7 960
7 1 494
7 2 752
7 3 541
7 4 823
7 5 292
7 6 529
7 7 805
8 1 547
8 2 842
8 3 594
8 4 914
8 5 378
8 6 592
8 7 912
9 1 714
9 2 941
9 3 785
9 4 1035
9 5 411
9 6 719
9 7 948
10 1 524
10 2 782
10 3 563
10 4 839
10 5 330
10 6 530
10 7 791
11 1 646
11 2 994
11 3 706
11 4 1087
11 5 389
11 6 695
11 7 1069
12 1 564
12 2 820
12 3 598
12 4 869
12 5 353
12 6 583
12 7 847
13 1 314
13 2 462
13 3 340
13 4 499
13 5 196
13 6 341
13 7 501
14 1 372
14 2 494
14 3 397
14 4 528
14 5 242
14 6 385
14 7 511
15 1 653
15 2 849
15 3 715
15 4 929
15 5 383
15 6 657
15 7 854
16 1 732
16 2 906
16 3 794
16 4 982
16 5 487
16 6 774
16 7 958
17 1 471
17 2 667
17 3 495
17 4 701
17 5 330
17 6 476
17 7 674
18 1 281
18 2 405
18 3 300
18 4 432
18 5 161
18 6 309
18 7 445
19 1 381
19 2 533
19 3 414
19 4 579
19 5 236
19 6 406
19 7 568
20 1 638
20 2 829
20 3 681
20 4 885
20 5 373
20 6 684
20 7 889

# Energy Consumption
1 1 0
1 2 156
1 3 0
1 4 143
1 5 46
1 6 0
1 7 99
2 1 0
2 2 217
2 3 0
2 4 180
2 5 51
2 6 0
2 7 130
3 1 0
3 2 115
3 3 0
3 4 87
3 5 36
3 6 0
3 7 59
4 1 0
4 2 210
4 3 0
4 4 198
4 5 56
4 6 0
4 7 132
5 1 0
5 2 191
5 3 0
5 4 176
5 5 51
5 6 0
5 7 112
6 1 0
6 2 201
6 3 0
6 4 210
6 5 57
6 6 0
6 7 132
7 1 0
7 2 169
7 3 0
7 4 178
7 5 43
7 6 0
7 7 114
8 1 0
8 2 214
8 3 0
8 4 192
8 5 56
8 6 0
8 7 128
9 1 0
9 2 250
9 3 0
9 4 221
9 5 65
9 6 0
9 7 142
10 1 0
10 2 224
10 3 0
10 4 174
10 5 50
10 6 0
10 7 112
11 1 0
11 2 221
11 3 0
11 4 201
11 5 60
11 6 0
11 7 154
12 1 0
12 2 208
12 3 0
12 4 190
12 5 51
12 6 0
12 7 117
13 1 0
13 2 111
13 3 0
13 4 100
13 5 29
13 6 0
13 7 69
14 1 0
14 2 147
14 3 0
14 4 108
14 5 38
14 6 0
14 7 68
15 1 0
15 2 217
15 3 0
15 4 172
15 5 59
15 6 0
15 7 105
16 1 0
16 2 256
16 3 0
16 4 209
16 5 75
16 6 0
16 7 123
17 1 0
17 2 180
17 3 0
17 4 154
17 5 51
17 6 0
17 7 86
18 1 0
18 2 99
18 3 0
18 4 87
18 5 25
18 6 0
18 7 56
19 1 0
19 2 147
19 3 0
19 4 118
19 5 37
19 6 0
19 7 85
20 1 0
20 2 213
20 3 0
20 4 195
20 5 58
20 6 0
20 7 112

# Precedence Relations
1 5
1 6
2 5
3 4
4 14
5 7
5 8
5 9
7 10
7 11
8 12
8 13
10 14
11 14
12 14
13 15
14 16
14 17
14 18
14 19
14 20

# Parameters
R_e = 0.0500
T = 1000.0
C_s = 4.0
C_w = 36.0
C_c = 5.0
