# Tasks
1 2 3 4 5 6 7 8 9 10 11 12 13 14 15 16 17 18 19 20

# Workstations
1 2 3 4 5 6 7 8 9 10 11 12 13 14 15 16 17 18 19 20

# Modes
1 2 3 4 5 6 7

# Processing Times
1 1 464
1 2 706
1 3 469
1 4 714
1 5 202
1 6 622
1 7 946
2 1 154
2 2 201
2 3 159
2 4 207
2 5 60
2 6 194
2 7 253
3 1 506
3 2 773
3 3 504
3 4 769
3 5 181
3 6 691
3 7 1055
4 1 476
4 2 666
4 3 471
4 4 659
4 5 205
4 6 669
4 7 936
5 1 77
5 2 113
5 3 77
5 4 113
5 5 27
5 6 111
5 7 163
6 1 155
6 2 194
6 3 149
6 4 186
6 5 49
6 6 207
6 7 258
7 1 340
7 2 421
7 3 335
7 4 414
7 5 110
7 6 469
7 7 581
8 1 467
8 2 623
8 3 469
8 4 625
8 5 202
8 6 655
8 7 874
9 1 94
9 2 147
9 3 91
9 4 142
9 5 41
9 6 132
9 7 207
10 1 65
10 2 87
10 3 66
10 4 88
10 5 25
10 6 91
10 7 122
11 1 192
11 2 280
11 3 195
11 4 284
11 5 79
11 6 259
11 7 377
12 1 127
12 2 184
12 3 132
12 4 191
12 5 43
12 6 179
12 7 259
13 1 204
13 2 302
13 3 209
13 4 309
13 5 69
13 6 263
13 7 390
14 1 108
14 2 171
14 3 109
14 4 172
14 5 44
14 6 151
14 7 239
15 1 481
15 2 723
15 3 502
15 4 754
15 5 149
15 6 675
15 7 1014
16 1 213
16 2 323
16 3 214
16 4 324
16 5 73
16 6 286
16 7 434
17 1 116
17 2 183
17 3 118
17 4 185
17 5 44
17 6 163
17 7 256
18 1 74
18 2 102
18 3 76
18 4 104
18 5 30
18 6 100
18 7 137
19 1 220
19 2 334
19 3 218
19 4 330
19 5 74
19 6 296
19 7 450
20 1 117
20 2 166
20 3 116
20 4 164
20 5 44
20 6 164
20 7 232

# Energy Consumption
1 1 0
1 2 161
1 3 0
1 4 143
1 5 30
1 6 0
1 7 133
2 1 0
2 2 45
2 3 0
2 4 42
2 5 9
2 6 0
2 7 33
3 1 0
3 2 224
3 3 0
3 4 144
3 5 29
3 6 0
3 7 128
4 1 0
4 2 157
4 3 0
4 4 141
4 5 30
4 6 0
4 7 129
5 1 0
5 2 31
5 3 0
5 4 22
5 5 5
5 6 0
5 7 23
6 1 0
6 2 53
6 3 0
6 4 40
6 5 8
6 6 0
6 7 35
7 1 0
7 2 114
7 3 0
7 4 90
7 5 18
7 6 0
7 7 78
8 1 0
8 2 171
8 3 0
8 4 136
8 5 31
8 6 0
8 7 109
9 1 0
9 2 36
9 3 0
9 4 27
9 5 6
9 6 0
9 7 27
10 1 0
10 2 22
10 3 0
10 4 17
10 5 4
10 6 0
10 7 18
11 1 0
11 2 81
11 3 0
11 4 52
11 5 12
11 6 0
11 7 53
12 1 0
12 2 47
12 3 0
12 4 40
12 5 7
12 6 0
12 7 32
13 1 0
13 2 76
13 3 0
13 4 65
13 5 12
13 6 0
13 7 53
14 1 0
14 2 41
14 3 0
14 4 33
14 5 7
14 6 0
14 7 36
15 1 0
15 2 196
15 3 0
15 4 146
15 5 22
15 6 0
15 7 146
16 1 0
16 2 73
16 3 0
16 4 63
16 5 12
16 6 0
16 7 53
17 1 0
17 2 55
17 3 0
17 4 36
17 5 7
17 6 0
17 7 38
18 1 0
18 2 25
18 3 0
18 4 23
18 5 5
18 6 0
18 7 18
19 1 0
19 2 95
19 3 0
19 4 65
19 5 11
19 6 0
19 7 65
20 1 0
20 2 50
20 3 0
20 4 34
20 5 8
20 6 0
20 7 29

# Precedence Relations
1 9
2 9
3 9
4 9
5 11
5 12
8 10
9 13
9 14
9 15
9 16
14 17
15 18
17 20
18 19

# Parameters
R_e = 0.0500
T = 1000.0
C_s = 4.0
C_w = 36.0
C_c = 5.0
