# Tasks
1 2 3 4 5 6 7 8 9 10 11 12 13 14 15 16 17 18 19 20

# Workstations
1 2 3 4 5 6 7 8 9 10 11 12 13 14 15 16 17 18 19 20

# Modes
1 2 3 4 5 6 7

# Processing Times
1 1 85
1 2 130
1 3 86
1 4 132
1 5 38
1 6 114
1 7 175
2 1 262
2 2 341
2 3 269
2 4 351
2 5 102
2 6 330
2 7 430
3 1 34
3 2 52
3 3 34
3 4 52
3 5 13
3 6 47
3 7 71
4 1 93
4 2 131
4 3 92
4 4 130
4 5 41
4 6 131
4 7 184
5 1 40
5 2 59
5 3 40
5 4 59
5 5 14
5 6 58
5 7 85
6 1 149
6 2 187
6 3 143
6 4 180
6 5 47
6 6 199
6 7 249
7 1 56
7 2 70
7 3 56
7 4 69
7 5 18
7 6 78
7 7 97
8 1 103
8 2 138
8 3 104
8 4 139
8 5 45
8 6 145
8 7 194
9 1 53
9 2 83
9 3 52
9 4 81
9 5 23
9 6 75
9 7 117
10 1 41
10 2 55
10 3 42
10 4 56
10 5 16
10 6 58
10 7 77
11 1 118
11 2 172
11 3 120
11 4 175
11 5 49
11 6 159
11 7 232
12 1 121
12 2 175
12 3 126
12 4 182
12 5 41
12 6 171
12 7 246
13 1 124
13 2 184
13 3 127
13 4 188
13 5 42
13 6 160
13 7 238
14 1 44
14 2 70
14 3 45
14 4 71
14 5 18
14 6 62
14 7 98
15 1 199
15 2 299
15 3 208
15 4 312
15 5 62
15 6 280
15 7 420
16 1 95
16 2 144
16 3 96
16 4 145
16 5 33
16 6 128
16 7 194
17 1 27
17 2 43
17 3 28
17 4 44
17 5 11
17 6 38
17 7 61
18 1 151
18 2 207
18 3 154
18 4 212
18 5 61
18 6 203
18 7 278
19 1 43
19 2 66
19 3 43
19 4 66
19 5 15
19 6 58
19 7 89
20 1 95
20 2 135
20 3 94
20 4 134
20 5 36
20 6 133
20 7 189

# Energy Consumption
1 1 0
1 2 30
1 3 0
1 4 27
1 5 6
1 6 0
1 7 25
2 1 0
2 2 76
2 3 0
2 4 72
2 5 15
2 6 0
2 7 56
3 1 0
3 2 16
3 3 0
3 4 10
3 5 3
3 6 0
3 7 9
4 1 0
4 2 31
4 3 0
4 4 28
4 5 6
4 6 0
4 7 26
5 1 0
5 2 16
5 3 0
5 4 12
5 5 3
5 6 0
5 7 12
6 1 0
6 2 52
6 3 0
6 4 38
6 5 7
6 6 0
6 7 34
7 1 0
7 2 19
7 3 0
7 4 15
7 5 3
7 6 0
7 7 13
8 1 0
8 2 38
8 3 0
8 4 31
8 5 7
8 6 0
8 7 25
9 1 0
9 2 21
9 3 0
9 4 16
9 5 4
9 6 0
9 7 15
10 1 0
10 2 14
10 3 0
10 4 11
10 5 3
10 6 0
10 7 11
11 1 0
11 2 50
11 3 0
11 4 33
11 5 7
11 6 0
11 7 33
12 1 0
12 2 44
12 3 0
12 4 38
12 5 7
12 6 0
12 7 30
13 1 0
13 2 47
13 3 0
13 4 40
13 5 7
13 6 0
13 7 33
14 1 0
14 2 17
14 3 0
14 4 14
14 5 3
14 6 0
14 7 15
15 1 0
15 2 82
15 3 0
15 4 61
15 5 9
15 6 0
15 7 61
16 1 0
16 2 33
16 3 0
16 4 28
16 5 6
16 6 0
16 7 24
17 1 0
17 2 13
17 3 0
17 4 9
17 5 2
17 6 0
17 7 9
18 1 0
18 2 50
18 3 0
18 4 47
18 5 10
18 6 0
18 7 35
19 1 0
19 2 19
19 3 0
19 4 13
19 5 3
19 6 0
19 7 13
20 1 0
20 2 41
20 3 0
20 4 28
20 5 6
20 6 0
20 7 23

# Precedence Relations
1 11
2 11
3 4
3 5
4 11
5 6
5 7
5 8
5 9
5 10
6 11
7 11
8 20
9 12
10 12
11 13
11 14
11 15
11 16
12 19
14 18
14 20
15 17
16 19
16 20

# Parameters
R_e = 0.0500
T = 1000.0
C_s = 4.0
C_w = 36.0
C_c = 5.0
