# Tasks
1 2 3 4 5 6 7 8 9 10 11 12 13 14 15 16 17 18 19 20

# Workstations
1 2 3 4 5 6 7 8 9 10 11 12 13 14 15 16 17 18 19 20

# Modes
1 2 3 4 5 6 7

# Processing Times
1 1 471
1 2 464
1 3 485
1 4 478
1 5 280
1 6 523
1 7 515
2 1 570
2 2 561
2 3 587
2 4 578
2 5 339
2 6 632
2 7 622
3 1 335
3 2 330
3 3 345
3 4 340
3 5 199
3 6 372
3 7 366
4 1 590
4 2 581
4 3 608
4 4 599
4 5 351
4 6 654
4 7 644
5 1 564
5 2 555
5 3 581
5 4 572
5 5 336
5 6 626
5 7 616
6 1 599
6 2 590
6 3 617
6 4 608
6 5 356
6 6 664
6 7 654
7 1 494
7 2 486
7 3 509
7 4 501
7 5 294
7 6 548
7 7 539
8 1 547
8 2 538
8 3 564
8 4 554
8 5 325
8 6 607
8 7 597
9 1 714
9 2 703
9 3 735
9 4 724
9 5 425
9 6 792
9 7 780
10 1 524
10 2 516
10 3 540
10 4 532
10 5 312
10 6 581
10 7 572
11 1 646
11 2 636
11 3 665
11 4 655
11 5 384
11 6 716
11 7 705
12 1 564
12 2 555
12 3 581
12 4 572
12 5 336
12 6 626
12 7 616
13 1 314
13 2 309
13 3 324
13 4 319
13 5 187
13 6 349
13 7 343
14 1 372
14 2 366
14 3 383
14 4 377
14 5 221
14 6 413
14 7 406
15 1 653
15 2 643
15 3 673
15 4 662
15 5 388
15 6 724
15 7 713
16 1 732
16 2 720
16 3 754
16 4 742
16 5 435
16 6 812
16 7 798
17 1 471
17 2 464
17 3 485
17 4 478
17 5 280
17 6 523
17 7 515
18 1 281
18 2 277
18 3 290
18 4 286
18 5 167
18 6 312
18 7 307
19 1 381
19 2 375
19 3 393
19 4 386
19 5 227
19 6 423
19 7 416
20 1 638
20 2 628
20 3 657
20 4 647
20 5 379
20 6 708
20 7 697

# Energy Consumption
1 1 0
1 2 122
1 3 0
1 4 92
1 5 44
1 6 0
1 7 63
2 1 0
2 2 135
2 3 0
2 4 126
2 5 51
2 6 0
2 7 77
3 1 0
3 2 86
3 3 0
3 4 71
3 5 30
3 6 0
3 7 54
4 1 0
4 2 171
4 3 0
4 4 115
4 5 53
4 6 0
4 7 90
5 1 0
5 2 130
5 3 0
5 4 113
5 5 51
5 6 0
5 7 79
6 1 0
6 2 143
6 3 0
6 4 122
6 5 55
6 6 0
6 7 82
7 1 0
7 2 108
7 3 0
7 4 94
7 5 44
7 6 0
7 7 68
8 1 0
8 2 159
8 3 0
8 4 115
8 5 52
8 6 0
8 7 88
9 1 0
9 2 190
9 3 0
9 4 158
9 5 68
9 6 0
9 7 104
10 1 0
10 2 144
10 3 0
10 4 109
10 5 48
10 6 0
10 7 74
11 1 0
11 2 166
11 3 0
11 4 124
11 5 57
11 6 0
11 7 99
12 1 0
12 2 146
12 3 0
12 4 118
12 5 54
12 6 0
12 7 80
13 1 0
13 2 89
13 3 0
13 4 68
13 5 28
13 6 0
13 7 46
14 1 0
14 2 108
14 3 0
14 4 75
14 5 33
14 6 0
14 7 61
15 1 0
15 2 191
15 3 0
15 4 126
15 5 58
15 6 0
15 7 103
16 1 0
16 2 183
16 3 0
16 4 158
16 5 66
16 6 0
16 7 113
17 1 0
17 2 122
17 3 0
17 4 99
17 5 41
17 6 0
17 7 67
18 1 0
18 2 75
18 3 0
18 4 56
18 5 27
18 6 0
18 7 44
19 1 0
19 2 85
19 3 0
19 4 78
19 5 35
19 6 0
19 7 59
20 1 0
20 2 172
20 3 0
20 4 131
20 5 60
20 6 0
20 7 87

# Precedence Relations
1 5
1 6
2 5
3 4
4 14
5 7
5 8
5 9
7 10
7 11
8 12
8 13
10 14
11 14
12 14
13 15
14 16
14 17
14 18
14 19
14 20

# Parameters
R_e = 0.0500
T = 1000.0
C_s = 4.0
C_w = 36.0
C_c = 5.0
