# Tasks
1 2 3 4 5 6 7 8 9 10 11 12 13 14 15 16 17 18 19 20

# Workstations
1 2 3 4 5 6 7 8 9 10 11 12 13 14 15 16 17 18 19 20

# Modes
1 2 3 4 5 6 7

# Processing Times
1 1 464
1 2 575
1 3 450
1 4 558
1 5 173
1 6 643
1 7 797
2 1 154
2 2 191
2 3 150
2 4 186
2 5 58
2 6 214
2 7 265
3 1 506
3 2 627
3 3 491
3 4 608
3 5 189
3 6 701
3 7 869
4 1 476
4 2 590
4 3 462
4 4 573
4 5 177
4 6 660
4 7 818
5 1 77
5 2 96
5 3 75
5 4 94
5 5 29
5 6 107
5 7 133
6 1 155
6 2 193
6 3 151
6 4 188
6 5 58
6 6 215
6 7 268
7 1 340
7 2 422
7 3 330
7 4 410
7 5 127
7 6 471
7 7 585
8 1 467
8 2 579
8 3 453
8 4 562
8 5 174
8 6 647
8 7 802
9 1 94
9 2 117
9 3 92
9 4 114
9 5 35
9 6 131
9 7 163
10 1 65
10 2 81
10 3 64
10 4 79
10 5 25
10 6 91
10 7 113
11 1 192
11 2 238
11 3 187
11 4 231
11 5 72
11 6 266
11 7 330
12 1 127
12 2 158
12 3 124
12 4 154
12 5 48
12 6 176
12 7 219
13 1 204
13 2 253
13 3 198
13 4 246
13 5 76
13 6 283
13 7 351
14 1 108
14 2 134
14 3 105
14 4 130
14 5 41
14 6 150
14 7 186
15 1 481
15 2 596
15 3 467
15 4 578
15 5 179
15 6 667
15 7 826
16 1 213
16 2 264
16 3 207
16 4 256
16 5 80
16 6 295
16 7 366
17 1 116
17 2 144
17 3 113
17 4 140
17 5 44
17 6 161
17 7 200
18 1 74
18 2 92
18 3 72
18 4 90
18 5 28
18 6 103
18 7 128
19 1 220
19 2 273
19 3 214
19 4 265
19 5 82
19 6 305
19 7 379
20 1 117
20 2 145
20 3 114
20 4 141
20 5 44
20 6 163
20 7 201

# Energy Consumption
1 1 0
1 2 131
1 3 0
1 4 112
1 5 25
1 6 0
1 7 112
2 1 0
2 2 43
2 3 0
2 4 38
2 5 9
2 6 0
2 7 35
3 1 0
3 2 182
3 3 0
3 4 114
3 5 30
3 6 0
3 7 105
4 1 0
4 2 139
4 3 0
4 4 122
4 5 26
4 6 0
4 7 113
5 1 0
5 2 26
5 3 0
5 4 18
5 5 5
5 6 0
5 7 19
6 1 0
6 2 53
6 3 0
6 4 40
6 5 9
6 6 0
6 7 36
7 1 0
7 2 115
7 3 0
7 4 89
7 5 20
7 6 0
7 7 78
8 1 0
8 2 159
8 3 0
8 4 122
8 5 27
8 6 0
8 7 100
9 1 0
9 2 29
9 3 0
9 4 22
9 5 5
9 6 0
9 7 21
10 1 0
10 2 21
10 3 0
10 4 16
10 5 4
10 6 0
10 7 16
11 1 0
11 2 69
11 3 0
11 4 43
11 5 11
11 6 0
11 7 46
12 1 0
12 2 40
12 3 0
12 4 33
12 5 8
12 6 0
12 7 27
13 1 0
13 2 64
13 3 0
13 4 52
13 5 13
13 6 0
13 7 48
14 1 0
14 2 32
14 3 0
14 4 25
14 5 7
14 6 0
14 7 28
15 1 0
15 2 162
15 3 0
15 4 112
15 5 26
15 6 0
15 7 119
16 1 0
16 2 60
16 3 0
16 4 50
16 5 13
16 6 0
16 7 45
17 1 0
17 2 43
17 3 0
17 4 27
17 5 7
17 6 0
17 7 29
18 1 0
18 2 22
18 3 0
18 4 20
18 5 5
18 6 0
18 7 17
19 1 0
19 2 78
19 3 0
19 4 52
19 5 12
19 6 0
19 7 55
20 1 0
20 2 44
20 3 0
20 4 29
20 5 8
20 6 0
20 7 25

# Precedence Relations
1 9
2 9
3 9
4 9
5 11
5 12
8 10
9 13
9 14
9 15
9 16
14 17
15 18
17 20
18 19

# Parameters
R_e = 0.0500
T = 1000.0
C_s = 4.0
C_w = 36.0
C_c = 5.0
