# Tasks
1 2 3 4 5 6 7 8 9 10 11 12 13 14 15 16 17 18 19 20

# Workstations
1 2 3 4 5 6 7 8 9 10 11 12 13 14 15 16 17 18 19 20

# Modes
1 2 3 4 5 6 7

# Processing Times
1 1 209
1 2 423
1 3 223
1 4 452
1 5 67
1 6 237
1 7 479
2 1 57
2 2 120
2 3 61
2 4 128
2 5 25
2 6 69
2 7 144
3 1 204
3 2 382
3 3 224
3 4 419
3 5 90
3 6 233
3 7 435
4 1 119
4 2 266
4 3 127
4 4 283
4 5 48
4 6 138
4 7 308
5 1 180
5 2 380
5 3 198
5 4 417
5 5 76
5 6 218
5 7 461
6 1 82
6 2 201
6 3 89
6 4 217
6 5 26
6 6 94
6 7 230
7 1 174
7 2 433
7 3 186
7 4 463
7 5 62
7 6 209
7 7 519
8 1 64
8 2 149
8 3 69
8 4 160
8 5 29
8 6 72
8 7 167
9 1 116
9 2 282
9 3 126
9 4 306
9 5 44
9 6 135
9 7 328
10 1 206
10 2 476
10 3 217
10 4 500
10 5 82
10 6 258
10 7 595
11 1 83
11 2 155
11 3 90
11 4 168
11 5 31
11 6 104
11 7 194
12 1 73
12 2 168
12 3 80
12 4 183
12 5 26
12 6 90
12 7 205
13 1 162
13 2 313
13 3 176
13 4 340
13 5 59
13 6 191
13 7 369
14 1 58
14 2 114
14 3 63
14 4 123
14 5 18
14 6 70
14 7 138
15 1 161
15 2 353
15 3 173
15 4 379
15 5 67
15 6 195
15 7 428
16 1 319
16 2 649
16 3 350
16 4 711
16 5 123
16 6 391
16 7 796
17 1 87
17 2 172
17 3 95
17 4 188
17 5 31
17 6 106
17 7 209
18 1 148
18 2 327
18 3 159
18 4 350
18 5 63
18 6 179
18 7 396
19 1 56
19 2 128
19 3 60
19 4 136
19 5 20
19 6 70
19 7 158
20 1 169
20 2 358
20 3 182
20 4 385
20 5 58
20 6 194
20 7 410

# Energy Consumption
1 1 0
1 2 105
1 3 0
1 4 99
1 5 10
1 6 0
1 7 70
2 1 0
2 2 30
2 3 0
2 4 28
2 5 4
2 6 0
2 7 20
3 1 0
3 2 87
3 3 0
3 4 81
3 5 14
3 6 0
3 7 54
4 1 0
4 2 76
4 3 0
4 4 62
4 5 8
4 6 0
4 7 40
5 1 0
5 2 98
5 3 0
5 4 88
5 5 12
5 6 0
5 7 62
6 1 0
6 2 46
6 3 0
6 4 41
6 5 4
6 6 0
6 7 32
7 1 0
7 2 126
7 3 0
7 4 93
7 5 9
7 6 0
7 7 73
8 1 0
8 2 39
8 3 0
8 4 32
8 5 5
8 6 0
8 7 24
9 1 0
9 2 78
9 3 0
9 4 66
9 5 7
9 6 0
9 7 49
10 1 0
10 2 123
10 3 0
10 4 102
10 5 12
10 6 0
10 7 79
11 1 0
11 2 36
11 3 0
11 4 31
11 5 5
11 6 0
11 7 30
12 1 0
12 2 40
12 3 0
12 4 35
12 5 5
12 6 0
12 7 29
13 1 0
13 2 81
13 3 0
13 4 69
13 5 9
13 6 0
13 7 48
14 1 0
14 2 34
14 3 0
14 4 25
14 5 3
14 6 0
14 7 20
15 1 0
15 2 104
15 3 0
15 4 80
15 5 11
15 6 0
15 7 53
16 1 0
16 2 157
16 3 0
16 4 151
16 5 18
16 6 0
16 7 99
17 1 0
17 2 48
17 3 0
17 4 38
17 5 5
17 6 0
17 7 29
18 1 0
18 2 81
18 3 0
18 4 69
18 5 10
18 6 0
18 7 57
19 1 0
19 2 33
19 3 0
19 4 28
19 5 4
19 6 0
19 7 22
20 1 0
20 2 101
20 3 0
20 4 75
20 5 9
20 6 0
20 7 58

# Precedence Relations
1 7
2 7
3 4
3 5
3 6
4 7
5 7
6 8
6 9
6 10
6 16
6 18
7 11
7 12
7 13
7 14
8 15
8 19
9 17
10 17
11 17
12 16
12 18
14 19
16 20
17 19
17 20
18 19

# Parameters
R_e = 0.0500
T = 1000.0
C_s = 4.0
C_w = 36.0
C_c = 5.0
