# Tasks
1 2 3 4 5 6 7 8 9 10 11 12 13 14 15 16 17 18 19 20 21 22 23 24 25 26 27 28 29

# Workstations
1 2 3 4 5 6 7 8 9 10 11 12 13 14 15 16 17 18 19 20 21 22 23 24 25 26 27 28 29

# Modes
1 2 3 4 5 6 7

# Processing Times
1 1 7
1 2 18
1 3 7
1 4 17
1 5 5
1 6 10
1 7 26
2 1 19
2 2 46
2 3 18
2 4 42
2 5 12
2 6 25
2 7 59
3 1 15
3 2 35
3 3 15
3 4 34
3 5 10
3 6 22
3 7 51
4 1 5
4 2 12
4 3 5
4 4 12
4 5 4
4 6 7
4 7 16
5 1 12
5 2 24
5 3 11
5 4 22
5 5 9
5 6 18
5 7 35
6 1 10
6 2 22
6 3 10
6 4 21
6 5 7
6 6 14
6 7 30
7 1 8
7 2 18
7 3 8
7 4 17
7 5 5
7 6 11
7 7 24
8 1 16
8 2 31
8 3 15
8 4 29
8 5 10
8 6 23
8 7 44
9 1 2
9 2 4
9 3 2
9 4 4
9 5 2
9 6 3
9 7 6
10 1 6
10 2 12
10 3 6
10 4 11
10 5 4
10 6 8
10 7 16
11 1 21
11 2 45
11 3 19
11 4 39
11 5 14
11 6 28
11 7 58
12 1 10
12 2 19
12 3 10
12 4 18
12 5 6
12 6 14
12 7 26
13 1 9
13 2 19
13 3 9
13 4 18
13 5 5
13 6 12
13 7 25
14 1 4
14 2 9
14 3 4
14 4 9
14 5 3
14 6 6
14 7 12
15 1 14
15 2 35
15 3 13
15 4 31
15 5 10
15 6 18
15 7 45
16 1 7
16 2 14
16 3 7
16 4 13
16 5 5
16 6 10
16 7 20
17 1 14
17 2 26
17 3 13
17 4 23
17 5 9
17 6 20
17 7 37
18 1 17
18 2 42
18 3 15
18 4 36
18 5 11
18 6 25
18 7 61
19 1 10
19 2 19
19 3 10
19 4 19
19 5 7
19 6 13
19 7 25
20 1 16
20 2 36
20 3 15
20 4 32
20 5 12
20 6 21
20 7 46
21 1 1
21 2 3
21 3 1
21 4 3
21 5 1
21 6 2
21 7 5
22 1 9
22 2 22
22 3 9
22 4 21
22 5 7
22 6 14
22 7 32
23 1 25
23 2 55
23 3 22
23 4 49
23 5 18
23 6 36
23 7 78
24 1 14
24 2 35
24 3 14
24 4 34
24 5 9
24 6 18
24 7 45
25 1 14
25 2 26
25 3 13
25 4 23
25 5 8
25 6 20
25 7 37
26 1 2
26 2 5
26 3 2
26 4 5
26 5 2
26 6 3
26 7 8
27 1 10
27 2 23
27 3 9
27 4 21
27 5 7
27 6 15
27 7 34
28 1 7
28 2 16
28 3 7
28 4 15
28 5 5
28 6 10
28 7 23
29 1 20
29 2 44
29 3 19
29 4 42
29 5 13
29 6 28
29 7 60

# Energy Consumption
1 1 0
1 2 6
1 3 0
1 4 4
1 5 1
1 6 0
1 7 4
2 1 0
2 2 11
2 3 0
2 4 8
2 5 2
2 6 0
2 7 9
3 1 0
3 2 9
3 3 0
3 4 7
3 5 2
3 6 0
3 7 7
4 1 0
4 2 3
4 3 0
4 4 3
4 5 1
4 6 0
4 7 3
5 1 0
5 2 6
5 3 0
5 4 5
5 5 2
5 6 0
5 7 5
6 1 0
6 2 6
6 3 0
6 4 5
6 5 2
6 6 0
6 7 4
7 1 0
7 2 5
7 3 0
7 4 4
7 5 1
7 6 0
7 7 4
8 1 0
8 2 9
8 3 0
8 4 7
8 5 2
8 6 0
8 7 7
9 1 0
9 2 1
9 3 0
9 4 1
9 5 1
9 6 0
9 7 1
10 1 0
10 2 4
10 3 0
10 4 3
10 5 1
10 6 0
10 7 2
11 1 0
11 2 11
11 3 0
11 4 8
11 5 2
11 6 0
11 7 8
12 1 0
12 2 5
12 3 0
12 4 4
12 5 1
12 6 0
12 7 4
13 1 0
13 2 6
13 3 0
13 4 4
13 5 1
13 6 0
13 7 4
14 1 0
14 2 3
14 3 0
14 4 2
14 5 1
14 6 0
14 7 2
15 1 0
15 2 9
15 3 0
15 4 6
15 5 2
15 6 0
15 7 6
16 1 0
16 2 4
16 3 0
16 4 3
16 5 1
16 6 0
16 7 3
17 1 0
17 2 7
17 3 0
17 4 5
17 5 2
17 6 0
17 7 5
18 1 0
18 2 11
18 3 0
18 4 7
18 5 2
18 6 0
18 7 9
19 1 0
19 2 5
19 3 0
19 4 4
19 5 2
19 6 0
19 7 4
20 1 0
20 2 10
20 3 0
20 4 6
20 5 2
20 6 0
20 7 7
21 1 0
21 2 1
21 3 0
21 4 1
21 5 1
21 6 0
21 7 1
22 1 0
22 2 7
22 3 0
22 4 5
22 5 1
22 6 0
22 7 5
23 1 0
23 2 16
23 3 0
23 4 11
23 5 3
23 6 0
23 7 10
24 1 0
24 2 9
24 3 0
24 4 7
24 5 2
24 6 0
24 7 7
25 1 0
25 2 8
25 3 0
25 4 5
25 5 2
25 6 0
25 7 6
26 1 0
26 2 2
26 3 0
26 4 1
26 5 1
26 6 0
26 7 2
27 1 0
27 2 6
27 3 0
27 4 4
27 5 2
27 6 0
27 7 5
28 1 0
28 2 4
28 3 0
28 4 3
28 5 1
28 6 0
28 7 4
29 1 0
29 2 13
29 3 0
29 4 9
29 5 2
29 6 0
29 7 8

# Precedence Relations
1 3
1 25
2 6
2 26
3 4
4 5
5 8
5 13
6 8
7 9
7 12
7 25
8 11
8 16
9 10
10 14
10 15
11 17
12 15
13 17
14 16
15 19
16 18
17 20
18 22
19 21
20 23
21 22
22 23
23 24
23 28
24 29
25 29
26 27
27 29
28 29

# Parameters
R_e = 0.0500
T = 81.9
C_s = 4.0
C_w = 36.0
C_c = 5.0
