# Tasks
1 2 3 4 5 6 7 8 9 10 11 12 13 14 15 16 17 18 19 20 21 22 23 24 25 26 27 28 29 30 31 32

# Workstations
1 2 3 4 5 6 7 8 9 10 11 12 13 14 15 16 17 18 19 20 21 22 23 24 25 26 27 28 29 30 31 32

# Modes
1 2 3 4 5 6 7

# Processing Times
1 1 458
1 2 697
1 3 478
1 4 727
1 5 155
1 6 580
1 7 883
2 1 276
2 2 360
2 3 274
2 4 357
2 5 113
2 6 355
2 7 463
3 1 520
3 2 794
3 3 528
3 4 805
3 5 161
3 6 654
3 7 998
4 1 1400
4 2 1958
4 3 1437
4 4 2009
4 5 477
4 6 2012
4 7 2814
5 1 352
5 2 515
5 3 362
5 4 529
5 5 132
5 6 494
5 7 723
6 1 196
6 2 245
6 3 201
6 4 251
6 5 79
6 6 273
6 7 342
7 1 214
7 2 265
7 3 214
7 4 265
7 5 72
7 6 308
7 7 381
8 1 456
8 2 608
8 3 469
8 4 625
8 5 169
8 6 571
8 7 761
9 1 646
9 2 1009
9 3 627
9 4 978
9 5 253
9 6 833
9 7 1300
10 1 512
10 2 681
10 3 524
10 4 697
10 5 213
10 6 657
10 7 874
11 1 408
11 2 594
11 3 419
11 4 610
11 5 150
11 6 586
11 7 853
12 1 262
12 2 378
12 3 261
12 4 377
12 5 94
12 6 349
12 7 504
13 1 544
13 2 804
13 3 558
13 4 824
13 5 202
13 6 715
13 7 1056
14 1 202
14 2 320
14 3 202
14 4 319
14 5 64
14 6 277
14 7 438
15 1 458
15 2 688
15 3 457
15 4 687
15 5 161
15 6 624
15 7 937
16 1 694
16 2 1050
16 3 711
16 4 1075
16 5 263
16 6 921
16 7 1393
17 1 616
17 2 967
17 3 589
17 4 924
17 5 199
17 6 881
17 7 1383
18 1 678
18 2 927
18 3 696
18 4 951
18 5 258
18 6 852
18 7 1165
19 1 328
19 2 498
19 3 324
19 4 491
19 5 130
19 6 470
19 7 713
20 1 324
20 2 460
20 3 328
20 4 465
20 5 139
20 6 429
20 7 608
21 1 100
21 2 157
21 3 96
21 4 151
21 5 41
21 6 135
21 7 212
22 1 352
22 2 506
22 3 359
22 4 516
22 5 133
22 6 486
22 7 698
23 1 544
23 2 735
23 3 559
23 4 755
23 5 239
23 6 755
23 7 1020
24 1 500
24 2 775
24 3 503
24 4 780
24 5 188
24 6 676
24 7 1048
25 1 382
25 2 507
25 3 378
25 4 502
25 5 149
25 6 530
25 7 703
26 1 858
26 2 1058
26 3 869
26 4 1071
26 5 347
26 6 1133
26 7 1397
27 1 388
27 2 488
27 3 386
27 4 485
27 5 138
27 6 494
27 7 621
28 1 352
28 2 546
28 3 362
28 4 560
28 5 125
28 6 441
28 7 684
29 1 428
29 2 663
29 3 413
29 4 639
29 5 158
29 6 563
29 7 872
30 1 238
30 2 335
30 3 227
30 4 319
30 5 73
30 6 302
30 7 424
31 1 258
31 2 384
31 3 263
31 4 391
31 5 100
31 6 348
31 7 517
32 1 196
32 2 253
32 3 196
32 4 253
32 5 82
32 6 272
32 7 350

# Energy Consumption
1 1 0
1 2 159
1 3 0
1 4 145
1 5 23
1 6 0
1 7 124
2 1 0
2 2 81
2 3 0
2 4 73
2 5 17
2 6 0
2 7 60
3 1 0
3 2 230
3 3 0
3 4 150
3 5 26
3 6 0
3 7 121
4 1 0
4 2 459
4 3 0
4 4 428
4 5 69
4 6 0
4 7 386
5 1 0
5 2 140
5 3 0
5 4 100
5 5 21
5 6 0
5 7 99
6 1 0
6 2 67
6 3 0
6 4 53
6 5 12
6 6 0
6 7 46
7 1 0
7 2 72
7 3 0
7 4 58
7 5 12
7 6 0
7 7 51
8 1 0
8 2 167
8 3 0
8 4 136
8 5 26
8 6 0
8 7 95
9 1 0
9 2 246
9 3 0
9 4 182
9 5 36
9 6 0
9 7 166
10 1 0
10 2 171
10 3 0
10 4 135
10 5 32
10 6 0
10 7 123
11 1 0
11 2 170
11 3 0
11 4 112
11 5 22
11 6 0
11 7 118
12 1 0
12 2 95
12 3 0
12 4 79
12 5 14
12 6 0
12 7 62
13 1 0
13 2 202
13 3 0
13 4 172
13 5 33
13 6 0
13 7 144
14 1 0
14 2 76
14 3 0
14 4 61
14 5 10
14 6 0
14 7 66
15 1 0
15 2 187
15 3 0
15 4 134
15 5 24
15 6 0
15 7 135
16 1 0
16 2 237
16 3 0
16 4 206
16 5 41
16 6 0
16 7 169
17 1 0
17 2 286
17 3 0
17 4 176
17 5 29
17 6 0
17 7 201
18 1 0
18 2 222
18 3 0
18 4 209
18 5 41
18 6 0
18 7 146
19 1 0
19 2 141
19 3 0
19 4 96
19 5 20
19 6 0
19 7 103
20 1 0
20 2 138
20 3 0
20 4 95
20 5 23
20 6 0
20 7 74
21 1 0
21 2 40
21 3 0
21 4 30
21 5 7
21 6 0
21 7 28
22 1 0
22 2 116
22 3 0
22 4 96
22 5 19
22 6 0
22 7 102
23 1 0
23 2 177
23 3 0
23 4 142
23 5 34
23 6 0
23 7 130
24 1 0
24 2 188
24 3 0
24 4 141
24 5 29
24 6 0
24 7 130
25 1 0
25 2 126
25 3 0
25 4 93
25 5 24
25 6 0
25 7 96
26 1 0
26 2 240
26 3 0
26 4 233
26 5 52
26 6 0
26 7 171
27 1 0
27 2 138
27 3 0
27 4 90
27 5 21
27 6 0
27 7 87
28 1 0
28 2 148
28 3 0
28 4 102
28 5 19
28 6 0
28 7 83
29 1 0
29 2 186
29 3 0
29 4 121
29 5 23
29 6 0
29 7 120
30 1 0
30 2 98
30 3 0
30 4 66
30 5 11
30 6 0
30 7 59
31 1 0
31 2 99
31 3 0
31 4 75
31 5 16
31 6 0
31 7 64
32 1 0
32 2 69
32 3 0
32 4 49
32 5 13
32 6 0
32 7 45

# Precedence Relations
1 5
2 6
3 9
4 15
5 6
6 7
6 8
6 9
7 21
8 21
9 10
9 11
10 16
11 12
12 13
13 14
13 15
14 16
14 17
15 17
16 18
17 19
18 21
19 20
20 21
21 22
21 23
21 24
22 25
23 32
24 32
25 26
26 27
27 28
28 29
29 30
30 31
31 32

# Parameters
R_e = 0.0500
T = 1894.0
C_s = 4.0
C_w = 36.0
C_c = 5.0
