# Tasks
1 2 3 4 5 6 7 8 9 10 11 12 13 14 15 16 17 18 19 20

# Workstations
1 2 3 4 5 6 7 8 9 10 11 12 13 14 15 16 17 18 19 20

# Modes
1 2 3 4 5 6 7

# Processing Times
1 1 210
1 2 425
1 3 225
1 4 454
1 5 67
1 6 238
1 7 481
2 1 169
2 2 354
2 3 180
2 4 377
2 5 73
2 6 203
2 7 424
3 1 191
3 2 358
3 3 210
3 4 392
3 5 84
3 6 218
3 7 408
4 1 141
4 2 315
4 3 150
4 4 335
4 5 57
4 6 163
4 7 364
5 1 66
5 2 140
5 3 73
5 4 154
5 5 28
5 6 80
5 7 170
6 1 117
6 2 287
6 3 126
6 4 309
6 5 37
6 6 134
6 7 328
7 1 232
7 2 578
7 3 248
7 4 618
7 5 83
7 6 278
7 7 692
8 1 39
8 2 91
8 3 42
8 4 98
8 5 18
8 6 44
8 7 102
9 1 164
9 2 399
9 3 178
9 4 432
9 5 62
9 6 191
9 7 464
10 1 167
10 2 386
10 3 176
10 4 406
10 5 66
10 6 209
10 7 482
11 1 120
11 2 224
11 3 130
11 4 242
11 5 45
11 6 150
11 7 280
12 1 33
12 2 76
12 3 36
12 4 83
12 5 12
12 6 41
12 7 93
13 1 35
13 2 68
13 3 39
13 4 74
13 5 13
13 6 42
13 7 81
14 1 255
14 2 500
14 3 275
14 4 539
14 5 79
14 6 308
14 7 604
15 1 134
15 2 294
15 3 144
15 4 316
15 5 56
15 6 163
15 7 357
16 1 275
16 2 560
16 3 302
16 4 614
16 5 106
16 6 337
16 7 687
17 1 22
17 2 44
17 3 25
17 4 49
17 5 8
17 6 27
17 7 54
18 1 110
18 2 243
18 3 118
18 4 260
18 5 47
18 6 133
18 7 294
19 1 218
19 2 496
19 3 231
19 4 526
19 5 77
19 6 269
19 7 612
20 1 94
20 2 199
20 3 101
20 4 214
20 5 32
20 6 108
20 7 228

# Energy Consumption
1 1 0
1 2 106
1 3 0
1 4 100
1 5 10
1 6 0
1 7 70
2 1 0
2 2 89
2 3 0
2 4 82
2 5 12
2 6 0
2 7 59
3 1 0
3 2 81
3 3 0
3 4 76
3 5 13
3 6 0
3 7 50
4 1 0
4 2 90
4 3 0
4 4 73
4 5 9
4 6 0
4 7 48
5 1 0
5 2 36
5 3 0
5 4 33
5 5 5
5 6 0
5 7 23
6 1 0
6 2 66
6 3 0
6 4 58
6 5 6
6 6 0
6 7 46
7 1 0
7 2 168
7 3 0
7 4 124
7 5 12
7 6 0
7 7 97
8 1 0
8 2 24
8 3 0
8 4 20
8 5 3
8 6 0
8 7 15
9 1 0
9 2 110
9 3 0
9 4 93
9 5 9
9 6 0
9 7 69
10 1 0
10 2 100
10 3 0
10 4 83
10 5 10
10 6 0
10 7 64
11 1 0
11 2 52
11 3 0
11 4 44
11 5 7
11 6 0
11 7 42
12 1 0
12 2 19
12 3 0
12 4 16
12 5 2
12 6 0
12 7 13
13 1 0
13 2 18
13 3 0
13 4 15
13 5 2
13 6 0
13 7 11
14 1 0
14 2 149
14 3 0
14 4 108
14 5 12
14 6 0
14 7 88
15 1 0
15 2 86
15 3 0
15 4 66
15 5 9
15 6 0
15 7 45
16 1 0
16 2 136
16 3 0
16 4 130
16 5 16
16 6 0
16 7 86
17 1 0
17 2 13
17 3 0
17 4 10
17 5 2
17 6 0
17 7 8
18 1 0
18 2 60
18 3 0
18 4 51
18 5 8
18 6 0
18 7 42
19 1 0
19 2 127
19 3 0
19 4 108
19 5 12
19 6 0
19 7 85
20 1 0
20 2 56
20 3 0
20 4 42
20 5 5
20 6 0
20 7 33

# Precedence Relations
1 9
2 3
2 4
2 5
3 9
4 7
4 8
5 6
6 9
7 9
8 10
8 11
8 12
9 13
9 14
9 15
9 16
9 17
13 20
14 18
15 19
16 18
16 19
17 19

# Parameters
R_e = 0.0500
T = 1000.0
C_s = 4.0
C_w = 36.0
C_c = 5.0
