# Tasks
1 2 3 4 5 6 7 8 9 10 11 12 13 14 15 16 17 18 19 20

# Workstations
1 2 3 4 5 6 7 8 9 10 11 12 13 14 15 16 17 18 19 20

# Modes
1 2 3 4 5 6 7

# Processing Times
1 1 141
1 2 175
1 3 137
1 4 170
1 5 53
1 6 196
1 7 243
2 1 118
2 2 147
2 3 115
2 4 143
2 5 44
2 6 164
2 7 204
3 1 136
3 2 169
3 3 132
3 4 164
3 5 51
3 6 189
3 7 235
4 1 117
4 2 145
4 3 114
4 4 141
4 5 44
4 6 163
4 7 201
5 1 140
5 2 174
5 3 136
5 4 169
5 5 53
5 6 194
5 7 241
6 1 194
6 2 241
6 3 189
6 4 234
6 5 73
6 6 269
6 7 334
7 1 110
7 2 137
7 3 107
7 4 133
7 5 41
7 6 153
7 7 190
8 1 69
8 2 86
8 3 67
8 4 84
8 5 26
8 6 96
8 7 120
9 1 80
9 2 100
9 3 78
9 4 97
9 5 30
9 6 111
9 7 139
10 1 219
10 2 272
10 3 213
10 4 264
10 5 82
10 6 304
10 7 377
11 1 155
11 2 193
11 3 151
11 4 188
11 5 58
11 6 215
11 7 268
12 1 168
12 2 209
12 3 163
12 4 203
12 5 63
12 6 233
12 7 290
13 1 60
13 2 75
13 3 59
13 4 73
13 5 23
13 6 84
13 7 104
14 1 185
14 2 230
14 3 180
14 4 223
14 5 69
14 6 257
14 7 319
15 1 218
15 2 271
15 3 212
15 4 263
15 5 82
15 6 302
15 7 376
16 1 192
16 2 238
16 3 187
16 4 231
16 5 72
16 6 266
16 7 330
17 1 148
17 2 184
17 3 144
17 4 179
17 5 56
17 6 205
17 7 255
18 1 102
18 2 127
18 3 99
18 4 124
18 5 38
18 6 142
18 7 176
19 1 214
19 2 266
19 3 208
19 4 258
19 5 80
19 6 297
19 7 369
20 1 140
20 2 174
20 3 136
20 4 169
20 5 53
20 6 194
20 7 241

# Energy Consumption
1 1 0
1 2 40
1 3 0
1 4 34
1 5 8
1 6 0
1 7 35
2 1 0
2 2 33
2 3 0
2 4 29
2 5 7
2 6 0
2 7 27
3 1 0
3 2 49
3 3 0
3 4 31
3 5 9
3 6 0
3 7 29
4 1 0
4 2 34
4 3 0
4 4 31
4 5 7
4 6 0
4 7 28
5 1 0
5 2 48
5 3 0
5 4 32
5 5 9
5 6 0
5 7 33
6 1 0
6 2 66
6 3 0
6 4 50
6 5 11
6 6 0
6 7 45
7 1 0
7 2 38
7 3 0
7 4 29
7 5 7
7 6 0
7 7 26
8 1 0
8 2 24
8 3 0
8 4 19
8 5 4
8 6 0
8 7 15
9 1 0
9 2 25
9 3 0
9 4 19
9 5 5
9 6 0
9 7 18
10 1 0
10 2 69
10 3 0
10 4 51
10 5 13
10 6 0
10 7 54
11 1 0
11 2 56
11 3 0
11 4 35
11 5 9
11 6 0
11 7 38
12 1 0
12 2 53
12 3 0
12 4 43
12 5 10
12 6 0
12 7 36
13 1 0
13 2 19
13 3 0
13 4 16
13 5 4
13 6 0
13 7 15
14 1 0
14 2 55
14 3 0
14 4 43
14 5 11
14 6 0
14 7 48
15 1 0
15 2 74
15 3 0
15 4 51
15 5 12
15 6 0
15 7 55
16 1 0
16 2 54
16 3 0
16 4 45
16 5 12
16 6 0
16 7 40
17 1 0
17 2 55
17 3 0
17 4 34
17 5 9
17 6 0
17 7 37
18 1 0
18 2 31
18 3 0
18 4 28
18 5 6
18 6 0
18 7 23
19 1 0
19 2 76
19 3 0
19 4 51
19 5 12
19 6 0
19 7 53
20 1 0
20 2 52
20 3 0
20 4 35
20 5 9
20 6 0
20 7 30

# Precedence Relations
1 5
2 7
3 6
3 10
4 8
4 9
4 10
5 13
6 11
7 12
8 18
9 15
10 13
11 15
12 15
13 14
13 15
14 16
15 17
15 18
15 19
16 20
17 20
18 20
19 20

# Parameters
R_e = 0.0500
T = 1000.0
C_s = 4.0
C_w = 36.0
C_c = 5.0
