# Tasks
1 2 3 4 5 6 7 8 9 10 11 12 13 14 15 16 17 18 19 20 21 22 23 24 25 26 27 28 29 30 31 32 33 34 35

# Workstations
1 2 3 4 5 6 7 8 9 10 11 12 13 14 15 16 17 18 19 20 21 22 23 24 25 26 27 28 29 30 31 32 33 34 35

# Modes
1 2 3 4 5 6 7

# Processing Times
1 1 29
1 2 25
1 3 32
1 4 28
1 5 28
1 6 41
1 7 36
2 1 3
2 2 3
2 3 4
2 4 4
2 5 3
2 6 5
2 7 5
3 1 5
3 2 5
3 3 6
3 4 6
3 5 5
3 6 8
3 7 8
4 1 22
4 2 19
4 3 25
4 4 21
4 5 21
4 6 31
4 7 27
5 1 6
5 2 6
5 3 7
5 4 7
5 5 6
5 6 9
5 7 9
6 1 14
6 2 12
6 3 16
6 4 14
6 5 14
6 6 20
6 7 17
7 1 2
7 2 2
7 3 3
7 4 3
7 5 2
7 6 3
7 7 3
8 1 5
8 2 5
8 3 6
8 4 6
8 5 5
8 6 8
8 7 8
9 1 22
9 2 19
9 3 25
9 4 21
9 5 21
9 6 31
9 7 27
10 1 30
10 2 26
10 3 33
10 4 29
10 5 29
10 6 43
10 7 37
11 1 23
11 2 20
11 3 26
11 4 22
11 5 22
11 6 33
11 7 29
12 1 30
12 2 26
12 3 33
12 4 29
12 5 29
12 6 43
12 7 37
13 1 23
13 2 20
13 3 26
13 4 22
13 5 22
13 6 33
13 7 29
14 1 2
14 2 2
14 3 3
14 4 3
14 5 2
14 6 3
14 7 3
15 1 19
15 2 17
15 3 21
15 4 19
15 5 18
15 6 27
15 7 24
16 1 29
16 2 25
16 3 32
16 4 28
16 5 28
16 6 41
16 7 36
17 1 2
17 2 2
17 3 3
17 4 3
17 5 2
17 6 3
17 7 3
18 1 2
18 2 2
18 3 3
18 4 3
18 5 2
18 6 3
18 7 3
19 1 19
19 2 17
19 3 21
19 4 19
19 5 18
19 6 27
19 7 24
20 1 29
20 2 25
20 3 32
20 4 28
20 5 28
20 6 41
20 7 36
21 1 6
21 2 6
21 3 7
21 4 7
21 5 6
21 6 9
21 7 9
22 1 10
22 2 9
22 3 11
22 4 10
22 5 10
22 6 15
22 7 13
23 1 16
23 2 14
23 3 18
23 4 16
23 5 15
23 6 23
23 7 20
24 1 23
24 2 20
24 3 26
24 4 22
24 5 22
24 6 33
24 7 29
25 1 5
25 2 5
25 3 6
25 4 6
25 5 5
25 6 8
25 7 8
26 1 5
26 2 5
26 3 6
26 4 6
26 5 5
26 6 8
26 7 8
27 1 5
27 2 5
27 3 6
27 4 6
27 5 5
27 6 8
27 7 8
28 1 40
28 2 35
28 3 44
28 4 39
28 5 38
28 6 57
28 7 50
29 1 2
29 2 2
29 3 3
29 4 3
29 5 2
29 6 3
29 7 3
30 1 5
30 2 5
30 3 6
30 4 6
30 5 5
30 6 8
30 7 8
31 1 5
31 2 5
31 3 6
31 4 6
31 5 5
31 6 8
31 7 8
32 1 1
32 2 1
32 3 2
32 4 2
32 5 1
32 6 2
32 7 2
33 1 40
33 2 35
33 3 44
33 4 39
33 5 38
33 6 57
33 7 50
34 1 2
34 2 2
34 3 3
34 4 3
34 5 2
34 6 3
34 7 3
35 1 2
35 2 2
35 3 3
35 4 3
35 5 2
35 6 3
35 7 3

# Energy Consumption
1 1 0
1 2 6
1 3 0
1 4 7
1 5 5
1 6 0
1 7 6
2 1 0
2 2 1
2 3 0
2 4 1
2 5 1
2 6 0
2 7 1
3 1 0
3 2 2
3 3 0
3 4 2
3 5 1
3 6 0
3 7 1
4 1 0
4 2 6
4 3 0
4 4 5
4 5 4
4 6 0
4 7 4
5 1 0
5 2 2
5 3 0
5 4 2
5 5 1
5 6 0
5 7 2
6 1 0
6 2 3
6 3 0
6 4 3
6 5 3
6 6 0
6 7 3
7 1 0
7 2 1
7 3 0
7 4 1
7 5 1
7 6 0
7 7 1
8 1 0
8 2 2
8 3 0
8 4 2
8 5 1
8 6 0
8 7 2
9 1 0
9 2 6
9 3 0
9 4 5
9 5 4
9 6 0
9 7 4
10 1 0
10 2 7
10 3 0
10 4 7
10 5 5
10 6 0
10 7 5
11 1 0
11 2 6
11 3 0
11 4 5
11 5 4
11 6 0
11 7 5
12 1 0
12 2 6
12 3 0
12 4 7
12 5 5
12 6 0
12 7 5
13 1 0
13 2 6
13 3 0
13 4 5
13 5 4
13 6 0
13 7 5
14 1 0
14 2 1
14 3 0
14 4 1
14 5 1
14 6 0
14 7 1
15 1 0
15 2 5
15 3 0
15 4 5
15 5 3
15 6 0
15 7 4
16 1 0
16 2 8
16 3 0
16 4 6
16 5 5
16 6 0
16 7 6
17 1 0
17 2 1
17 3 0
17 4 1
17 5 1
17 6 0
17 7 1
18 1 0
18 2 1
18 3 0
18 4 1
18 5 1
18 6 0
18 7 1
19 1 0
19 2 4
19 3 0
19 4 4
19 5 3
19 6 0
19 7 3
20 1 0
20 2 7
20 3 0
20 4 6
20 5 5
20 6 0
20 7 5
21 1 0
21 2 2
21 3 0
21 4 2
21 5 1
21 6 0
21 7 2
22 1 0
22 2 3
22 3 0
22 4 3
22 5 2
22 6 0
22 7 2
23 1 0
23 2 4
23 3 0
23 4 4
23 5 3
23 6 0
23 7 3
24 1 0
24 2 6
24 3 0
24 4 5
24 5 4
24 6 0
24 7 4
25 1 0
25 2 2
25 3 0
25 4 2
25 5 1
25 6 0
25 7 2
26 1 0
26 2 2
26 3 0
26 4 2
26 5 1
26 6 0
26 7 2
27 1 0
27 2 2
27 3 0
27 4 2
27 5 1
27 6 0
27 7 2
28 1 0
28 2 9
28 3 0
28 4 9
28 5 6
28 6 0
28 7 7
29 1 0
29 2 1
29 3 0
29 4 1
29 5 1
29 6 0
29 7 1
30 1 0
30 2 2
30 3 0
30 4 2
30 5 1
30 6 0
30 7 1
31 1 0
31 2 2
31 3 0
31 4 2
31 5 1
31 6 0
31 7 2
32 1 0
32 2 1
32 3 0
32 4 1
32 5 1
32 6 0
32 7 1
33 1 0
33 2 11
33 3 0
33 4 8
33 5 6
33 6 0
33 7 7
34 1 0
34 2 1
34 3 0
34 4 1
34 5 1
34 6 0
34 7 1
35 1 0
35 2 1
35 3 0
35 4 1
35 5 1
35 6 0
35 7 1

# Precedence Relations
1 2
1 5
1 7
1 10
1 12
2 3
3 4
4 11
5 6
6 7
6 8
7 14
7 18
8 9
9 13
10 14
11 28
11 33
12 18
13 28
13 33
14 15
15 16
16 21
17 20
18 19
19 20
20 21
21 22
21 25
21 30
21 32
22 23
23 24
24 27
25 26
26 27
27 28
27 33
27 34
28 29
30 31
31 32
32 33
33 35

# Parameters
R_e = 0.0500
T = 60.0
C_s = 4.0
C_w = 36.0
C_c = 5.0
