# Tasks
1 2 3 4 5 6 7 8

# Workstations
1 2 3 4 5 6 7 8

# Modes
1 2 3 4 5 6 7

# Processing Times
1 1 11
1 2 17
1 3 12
1 4 18
1 5 5
1 6 15
1 7 23
2 1 17
2 2 23
2 3 17
2 4 23
2 5 6
2 6 22
2 7 30
3 1 9
3 2 14
3 3 10
3 4 15
3 5 4
3 6 12
3 7 18
4 1 5
4 2 7
4 3 6
4 4 8
4 5 2
4 6 8
4 7 10
5 1 8
5 2 12
5 3 9
5 4 13
5 5 4
5 6 12
5 7 18
6 1 12
6 2 15
6 3 13
6 4 16
6 5 6
6 6 17
6 7 21
7 1 10
7 2 13
7 3 10
7 4 13
7 5 5
7 6 14
7 7 19
8 1 3
8 2 4
8 3 4
8 4 5
8 5 2
8 6 4
8 7 6

# Energy Consumption
1 1 0
1 2 4
1 3 0
1 4 4
1 5 1
1 6 0
1 7 4
2 1 0
2 2 6
2 3 0
2 4 5
2 5 1
2 6 0
2 7 4
3 1 0
3 2 5
3 3 0
3 4 3
3 5 1
3 6 0
3 7 3
4 1 0
4 2 2
4 3 0
4 4 2
4 5 1
4 6 0
4 7 2
5 1 0
5 2 4
5 3 0
5 4 3
5 5 1
5 6 0
5 7 3
6 1 0
6 2 5
6 3 0
6 4 4
6 5 1
6 6 0
6 7 3
7 1 0
7 2 4
7 3 0
7 4 3
7 5 1
7 6 0
7 7 3
8 1 0
8 2 2
8 3 0
8 4 2
8 5 1
8 6 0
8 7 1

# Precedence Relations
1 2
2 3
2 4
3 5
3 6
4 6
5 7
6 8

# Parameters
R_e = 0.0500
T = 20.0
C_s = 4.0
C_w = 36.0
C_c = 5.0
