# Tasks
1 2 3 4 5 6 7 8 9 10 11 12 13 14 15 16 17 18 19 20

# Workstations
1 2 3 4 5 6 7 8 9 10 11 12 13 14 15 16 17 18 19 20

# Modes
1 2 3 4 5 6 7

# Processing Times
1 1 88
1 2 91
1 3 86
1 4 89
1 5 57
1 6 108
1 7 112
2 1 95
2 2 96
2 3 99
2 4 100
2 5 58
2 6 110
2 7 111
3 1 105
3 2 108
3 3 103
3 4 105
3 5 66
3 6 117
3 7 120
4 1 140
4 2 121
4 3 143
4 4 124
4 5 79
4 6 168
4 7 145
5 1 114
5 2 99
5 3 112
5 4 97
5 5 77
5 6 133
5 7 115
6 1 123
6 2 134
6 3 125
6 4 136
6 5 75
6 6 147
6 7 160
7 1 250
7 2 228
7 3 260
7 4 238
7 5 159
7 6 312
7 7 284
8 1 90
8 2 88
8 3 90
8 4 88
8 5 56
8 6 101
8 7 98
9 1 61
9 2 55
9 3 62
9 4 56
9 5 40
9 6 68
9 7 61
10 1 107
10 2 104
10 3 103
10 4 100
10 5 71
10 6 132
10 7 129
11 1 68
11 2 59
11 3 66
11 4 57
11 5 47
11 6 85
11 7 74
12 1 155
12 2 171
12 3 161
12 4 177
12 5 102
12 6 180
12 7 199
13 1 142
13 2 147
13 3 147
13 4 152
13 5 82
13 6 157
13 7 163
14 1 21
14 2 22
14 3 22
14 4 23
14 5 15
14 6 24
14 7 26
15 1 106
15 2 100
15 3 110
15 4 104
15 5 72
15 6 123
15 7 116
16 1 67
16 2 69
16 3 65
16 4 67
16 5 39
16 6 83
16 7 86
17 1 52
17 2 51
17 3 55
17 4 54
17 5 36
17 6 64
17 7 63
18 1 55
18 2 59
18 3 53
18 4 57
18 5 31
18 6 68
18 7 73
19 1 51
19 2 45
19 3 54
19 4 48
19 5 36
19 6 62
19 7 55
20 1 82
20 2 83
20 3 86
20 4 87
20 5 57
20 6 97
20 7 98

# Energy Consumption
1 1 0
1 2 24
1 3 0
1 4 18
1 5 9
1 6 0
1 7 14
2 1 0
2 2 24
2 3 0
2 4 22
2 5 9
2 6 0
2 7 14
3 1 0
3 2 28
3 3 0
3 4 22
3 5 10
3 6 0
3 7 18
4 1 0
4 2 36
4 3 0
4 4 24
4 5 12
4 6 0
4 7 21
5 1 0
5 2 24
5 3 0
5 4 20
5 5 12
5 6 0
5 7 15
6 1 0
6 2 33
6 3 0
6 4 28
6 5 12
6 6 0
6 7 20
7 1 0
7 2 51
7 3 0
7 4 45
7 5 24
7 6 0
7 7 36
8 1 0
8 2 26
8 3 0
8 4 19
8 5 9
8 6 0
8 7 15
9 1 0
9 2 15
9 3 0
9 4 13
9 5 7
9 6 0
9 7 9
10 1 0
10 2 29
10 3 0
10 4 21
10 5 11
10 6 0
10 7 17
11 1 0
11 2 16
11 3 0
11 4 11
11 5 7
11 6 0
11 7 11
12 1 0
12 2 45
12 3 0
12 4 37
12 5 17
12 6 0
12 7 26
13 1 0
13 2 42
13 3 0
13 4 33
13 5 12
13 6 0
13 7 22
14 1 0
14 2 7
14 3 0
14 4 5
14 5 3
14 6 0
14 7 4
15 1 0
15 2 30
15 3 0
15 4 20
15 5 11
15 6 0
15 7 17
16 1 0
16 2 18
16 3 0
16 4 15
16 5 6
16 6 0
16 7 13
17 1 0
17 2 14
17 3 0
17 4 12
17 5 6
17 6 0
17 7 9
18 1 0
18 2 16
18 3 0
18 4 12
18 5 5
18 6 0
18 7 11
19 1 0
19 2 11
19 3 0
19 4 10
19 5 6
19 6 0
19 7 8
20 1 0
20 2 23
20 3 0
20 4 18
20 5 9
20 6 0
20 7 13

# Precedence Relations
1 4
2 6
3 5
3 6
4 7
5 7
5 8
6 7
7 9
7 11
7 12
8 10
8 11
8 20
9 13
10 16
12 14
12 15
12 19
13 17
14 20
15 18
16 19

# Parameters
R_e = 0.0500
T = 1000.0
C_s = 4.0
C_w = 36.0
C_c = 5.0
