# Tasks
1 2 3 4 5 6 7 8 9 10 11 12 13 14 15 16 17 18 19 20

# Workstations
1 2 3 4 5 6 7 8 9 10 11 12 13 14 15 16 17 18 19 20

# Modes
1 2 3 4 5 6 7

# Processing Times
1 1 27
1 2 57
1 3 27
1 4 57
1 5 25
1 6 30
1 7 63
2 1 123
2 2 258
2 3 123
2 4 257
2 5 110
2 6 135
2 7 282
3 1 188
3 2 395
3 3 187
3 4 393
3 5 168
3 6 206
3 7 432
4 1 152
4 2 319
4 3 152
4 4 317
4 5 136
4 6 167
4 7 349
5 1 210
5 2 441
5 3 209
5 4 439
5 5 188
5 6 230
5 7 482
6 1 206
6 2 432
6 3 205
6 4 430
6 5 184
6 6 226
6 7 473
7 1 234
7 2 491
7 3 233
7 4 488
7 5 209
7 6 256
7 7 537
8 1 178
8 2 374
8 3 177
8 4 372
8 5 159
8 6 195
8 7 409
9 1 82
9 2 172
9 3 82
9 4 171
9 5 74
9 6 90
9 7 188
10 1 126
10 2 265
10 3 126
10 4 264
10 5 113
10 6 138
10 7 290
11 1 93
11 2 195
11 3 93
11 4 194
11 5 84
11 6 102
11 7 214
12 1 135
12 2 283
12 3 135
12 4 282
12 5 121
12 6 148
12 7 310
13 1 159
13 2 334
13 3 158
13 4 332
13 5 142
13 6 174
13 7 365
14 1 177
14 2 372
14 3 176
14 4 370
14 5 158
14 6 194
14 7 407
15 1 196
15 2 411
15 3 195
15 4 409
15 5 175
15 6 215
15 7 450
16 1 165
16 2 346
16 3 164
16 4 344
16 5 148
16 6 181
16 7 379
17 1 104
17 2 218
17 3 104
17 4 217
17 5 93
17 6 114
17 7 239
18 1 157
18 2 330
18 3 156
18 4 328
18 5 141
18 6 172
18 7 361
19 1 87
19 2 183
19 3 87
19 4 182
19 5 78
19 6 96
19 7 200
20 1 140
20 2 294
20 3 140
20 4 293
20 5 125
20 6 153
20 7 322

# Energy Consumption
1 1 0
1 2 15
1 3 0
1 4 12
1 5 4
1 6 0
1 7 10
2 1 0
2 2 65
2 3 0
2 4 56
2 5 18
2 6 0
2 7 40
3 1 0
3 2 102
3 3 0
3 4 82
3 5 27
3 6 0
3 7 55
4 1 0
4 2 86
4 3 0
4 4 64
4 5 21
4 6 0
4 7 44
5 1 0
5 2 107
5 3 0
5 4 80
5 5 31
5 6 0
5 7 59
6 1 0
6 2 117
6 3 0
6 4 81
6 5 28
6 6 0
6 7 61
7 1 0
7 2 122
7 3 0
7 4 90
7 5 32
7 6 0
7 7 81
8 1 0
8 2 110
8 3 0
8 4 78
8 5 25
8 6 0
8 7 59
9 1 0
9 2 49
9 3 0
9 4 33
9 5 11
9 6 0
9 7 26
10 1 0
10 2 77
10 3 0
10 4 57
10 5 18
10 6 0
10 7 41
11 1 0
11 2 43
11 3 0
11 4 41
11 5 14
11 6 0
11 7 26
12 1 0
12 2 67
12 3 0
12 4 63
12 5 20
12 6 0
12 7 43
13 1 0
13 2 96
13 3 0
13 4 62
13 5 23
13 6 0
13 7 54
14 1 0
14 2 96
14 3 0
14 4 69
14 5 25
14 6 0
14 7 50
15 1 0
15 2 107
15 3 0
15 4 80
15 5 27
15 6 0
15 7 57
16 1 0
16 2 89
16 3 0
16 4 67
16 5 22
16 6 0
16 7 49
17 1 0
17 2 58
17 3 0
17 4 42
17 5 15
17 6 0
17 7 29
18 1 0
18 2 96
18 3 0
18 4 67
18 5 22
18 6 0
18 7 52
19 1 0
19 2 54
19 3 0
19 4 33
19 5 12
19 6 0
19 7 30
20 1 0
20 2 71
20 3 0
20 4 59
20 5 18
20 6 0
20 7 48

# Precedence Relations
1 9
2 9
3 9
4 7
5 6
5 8
6 9
7 9
8 10
8 11
9 12
9 13
9 14
9 15
10 17
12 17
13 16
16 19
16 20
17 18

# Parameters
R_e = 0.0500
T = 1000.0
C_s = 4.0
C_w = 36.0
C_c = 5.0
