# Tasks
1 2 3 4 5 6 7 8 9 10 11 12 13 14 15 16 17 18 19 20 21 22 23 24 25 26 27 28 29 30 31 32 33 34 35 36 37 38 39 40 41 42 43 44 45 46 47 48 49 50 51 52 53 54 55 56 57 58 59 60 61 62 63 64 65 66 67 68 69 70 71 72 73 74 75 76 77 78 79 80 81 82 83 84 85 86 87 88 89 90 91 92 93 94

# Workstations
1 2 3 4 5 6 7 8 9 10 11 12 13 14 15 16 17 18 19 20 21 22 23 24 25 26 27 28 29 30 31 32 33 34 35 36 37 38 39 40 41 42 43 44 45 46 47 48 49 50 51 52 53 54 55 56 57 58 59 60 61 62 63 64 65 66 67 68 69 70 71 72 73 74 75 76 77 78 79 80 81 82 83 84 85 86 87 88 89 90 91 92 93 94

# Modes
1 2 3 4 5 6 7

# Processing Times
1 1 158
1 2 374
1 3 149
1 4 353
1 5 95
1 6 200
1 7 473
2 1 42
2 2 100
2 3 40
2 4 95
2 5 26
2 6 54
2 7 127
3 1 17
3 2 41
3 3 17
3 4 39
3 5 11
3 6 22
3 7 52
4 1 24
4 2 57
4 3 23
4 4 54
4 5 15
4 6 31
4 7 72
5 1 71
5 2 168
5 3 67
5 4 159
5 5 43
5 6 90
5 7 213
6 1 66
6 2 156
6 3 63
6 4 148
6 5 40
6 6 84
6 7 197
7 1 50
7 2 119
7 3 48
7 4 113
7 5 30
7 6 64
7 7 151
8 1 55
8 2 130
8 3 52
8 4 123
8 5 33
8 6 70
8 7 165
9 1 30
9 2 71
9 3 29
9 4 67
9 5 18
9 6 38
9 7 90
10 1 28
10 2 67
10 3 27
10 4 64
10 5 17
10 6 36
10 7 85
11 1 113
11 2 267
11 3 107
11 4 252
11 5 68
11 6 143
11 7 338
12 1 114
12 2 270
12 3 108
12 4 255
12 5 69
12 6 144
12 7 341
13 1 57
13 2 135
13 3 54
13 4 128
13 5 35
13 6 72
13 7 171
14 1 65
14 2 154
14 3 62
14 4 146
14 5 39
14 6 83
14 7 195
15 1 15
15 2 36
15 3 15
15 4 34
15 5 9
15 6 19
15 7 46
16 1 11
16 2 26
16 3 11
16 4 25
16 5 7
16 6 14
16 7 33
17 1 10
17 2 24
17 3 10
17 4 23
17 5 6
17 6 13
17 7 31
18 1 19
18 2 45
18 3 18
18 4 43
18 5 12
18 6 24
18 7 57
19 1 8
19 2 19
19 3 8
19 4 18
19 5 5
19 6 11
19 7 24
20 1 17
20 2 41
20 3 17
20 4 39
20 5 11
20 6 22
20 7 52
21 1 57
21 2 135
21 3 54
21 4 128
21 5 35
21 6 72
21 7 171
22 1 40
22 2 95
22 3 38
22 4 90
22 5 24
22 6 51
22 7 120
23 1 17
23 2 41
23 3 17
23 4 39
23 5 11
23 6 22
23 7 52
24 1 11
24 2 26
24 3 11
24 4 25
24 5 7
24 6 14
24 7 33
25 1 17
25 2 41
25 3 17
25 4 39
25 5 11
25 6 22
25 7 52
26 1 27
26 2 64
26 3 26
26 4 61
26 5 17
26 6 35
26 7 81
27 1 17
27 2 41
27 3 17
27 4 39
27 5 11
27 6 22
27 7 52
28 1 18
28 2 43
28 3 17
28 4 41
28 5 11
28 6 23
28 7 55
29 1 16
29 2 38
29 3 16
29 4 36
29 5 10
29 6 21
29 7 48
30 1 18
30 2 43
30 3 17
30 4 41
30 5 11
30 6 23
30 7 55
31 1 50
31 2 119
31 3 48
31 4 113
31 5 30
31 6 64
31 7 151
32 1 18
32 2 43
32 3 17
32 4 41
32 5 11
32 6 23
32 7 55
33 1 13
33 2 31
33 3 13
33 4 30
33 5 8
33 6 17
33 7 40
34 1 21
34 2 50
34 3 20
34 4 48
34 5 13
34 6 27
34 7 64
35 1 63
35 2 149
35 3 60
35 4 141
35 5 38
35 6 80
35 7 189
36 1 8
36 2 19
36 3 8
36 4 18
36 5 5
36 6 11
36 7 24
37 1 63
37 2 149
37 3 60
37 4 141
37 5 38
37 6 80
37 7 189
38 1 9
38 2 22
38 3 9
38 4 21
38 5 6
38 6 12
38 7 28
39 1 20
39 2 48
39 3 19
39 4 46
39 5 12
39 6 26
39 7 61
40 1 72
40 2 171
40 3 68
40 4 162
40 5 44
40 6 91
40 7 216
41 1 30
41 2 71
41 3 29
41 4 67
41 5 18
41 6 38
41 7 90
42 1 69
42 2 163
42 3 66
42 4 154
42 5 42
42 6 88
42 7 206
43 1 27
43 2 64
43 3 26
43 4 61
43 5 17
43 6 35
43 7 81
44 1 9
44 2 22
44 3 9
44 4 21
44 5 6
44 6 12
44 7 28
45 1 41
45 2 97
45 3 39
45 4 92
45 5 25
45 6 52
45 7 123
46 1 38
46 2 90
46 3 36
46 4 85
46 5 23
46 6 48
46 7 114
47 1 76
47 2 180
47 3 72
47 4 170
47 5 46
47 6 96
47 7 228
48 1 31
48 2 74
48 3 30
48 4 70
48 5 19
48 6 40
48 7 94
49 1 11
49 2 26
49 3 11
49 4 25
49 5 7
49 6 14
49 7 33
50 1 29
50 2 69
50 3 28
50 4 66
50 5 18
50 6 37
50 7 88
51 1 48
51 2 114
51 3 46
51 4 108
51 5 29
51 6 61
51 7 144
52 1 8
52 2 19
52 3 8
52 4 18
52 5 5
52 6 11
52 7 24
53 1 171
53 2 404
53 3 162
53 4 381
53 5 103
53 6 216
53 7 511
54 1 48
54 2 114
54 3 46
54 4 108
54 5 29
54 6 61
54 7 144
55 1 43
55 2 102
55 3 41
55 4 97
55 5 26
55 6 55
55 7 129
56 1 18
56 2 43
56 3 17
56 4 41
56 5 11
56 6 23
56 7 55
57 1 94
57 2 222
57 3 89
57 4 210
57 5 57
57 6 119
57 7 281
58 1 9
58 2 22
58 3 9
58 4 21
58 5 6
58 6 12
58 7 28
59 1 19
59 2 45
59 3 18
59 4 43
59 5 12
59 6 24
59 7 57
60 1 24
60 2 57
60 3 23
60 4 54
60 5 15
60 6 31
60 7 72
61 1 8
61 2 19
61 3 8
61 4 18
61 5 5
61 6 11
61 7 24
62 1 34
62 2 81
62 3 33
62 4 77
62 5 21
62 6 43
62 7 103
63 1 62
63 2 147
63 3 59
63 4 139
63 5 38
63 6 79
63 7 186
64 1 12
64 2 29
64 3 12
64 4 28
64 5 8
64 6 16
64 7 37
65 1 8
65 2 19
65 3 8
65 4 18
65 5 5
65 6 11
65 7 24
66 1 47
66 2 111
66 3 45
66 4 105
66 5 29
66 6 60
66 7 141
67 1 27
67 2 64
67 3 26
67 4 61
67 5 17
67 6 35
67 7 81
68 1 18
68 2 43
68 3 17
68 4 41
68 5 11
68 6 23
68 7 55
69 1 52
69 2 123
69 3 50
69 4 116
69 5 32
69 6 66
69 7 156
70 1 65
70 2 154
70 3 62
70 4 146
70 5 39
70 6 83
70 7 195
71 1 72
71 2 171
71 3 68
71 4 162
71 5 44
71 6 91
71 7 216
72 1 51
72 2 121
72 3 49
72 4 115
72 5 31
72 6 65
72 7 153
73 1 58
73 2 137
73 3 55
73 4 130
73 5 35
73 6 74
73 7 173
74 1 53
74 2 126
74 3 50
74 4 119
74 5 32
74 6 67
74 7 160
75 1 76
75 2 180
75 3 72
75 4 170
75 5 46
75 6 96
75 7 228
76 1 93
76 2 220
76 3 88
76 4 208
76 5 56
76 6 118
76 7 278
77 1 86
77 2 204
77 3 82
77 4 193
77 5 52
77 6 109
77 7 258
78 1 76
78 2 180
78 3 72
78 4 170
78 5 46
78 6 96
78 7 228
79 1 9
79 2 22
79 3 9
79 4 21
79 5 6
79 6 12
79 7 28
80 1 14
80 2 34
80 3 14
80 4 33
80 5 9
80 6 18
80 7 43
81 1 55
81 2 130
81 3 52
81 4 123
81 5 33
81 6 70
81 7 165
82 1 32
82 2 76
82 3 31
82 4 72
82 5 20
82 6 41
82 7 96
83 1 22
83 2 52
83 3 21
83 4 50
83 5 14
83 6 28
83 7 66
84 1 35
84 2 83
84 3 33
84 4 79
84 5 21
84 6 45
84 7 105
85 1 63
85 2 149
85 3 60
85 4 141
85 5 38
85 6 80
85 7 189
86 1 59
86 2 140
86 3 56
86 4 132
86 5 36
86 6 75
86 7 177
87 1 149
87 2 352
87 3 141
87 4 332
87 5 89
87 6 189
87 7 445
88 1 40
88 2 95
88 3 38
88 4 90
88 5 24
88 6 51
88 7 120
89 1 24
89 2 57
89 3 23
89 4 54
89 5 15
89 6 31
89 7 72
90 1 123
90 2 291
90 3 116
90 4 275
90 5 74
90 6 156
90 7 368
91 1 25
91 2 60
91 3 24
91 4 57
91 5 15
91 6 32
91 7 76
92 1 115
92 2 272
92 3 109
92 4 257
92 5 69
92 6 146
92 7 344
93 1 103
93 2 244
93 3 98
93 4 230
93 5 62
93 6 131
93 7 309
94 1 54
94 2 128
94 3 51
94 4 121
94 5 33
94 6 69
94 7 162

# Energy Consumption
1 1 0
1 2 107
1 3 0
1 4 68
1 5 16
1 6 0
1 7 58
2 1 0
2 2 24
2 3 0
2 4 18
2 5 4
2 6 0
2 7 19
3 1 0
3 2 11
3 3 0
3 4 8
3 5 2
3 6 0
3 7 8
4 1 0
4 2 14
4 3 0
4 4 12
4 5 3
4 6 0
4 7 10
5 1 0
5 2 41
5 3 0
5 4 34
5 5 7
5 6 0
5 7 27
6 1 0
6 2 38
6 3 0
6 4 33
6 5 6
6 6 0
6 7 26
7 1 0
7 2 31
7 3 0
7 4 24
7 5 5
7 6 0
7 7 21
8 1 0
8 2 34
8 3 0
8 4 27
8 5 5
8 6 0
8 7 24
9 1 0
9 2 16
9 3 0
9 4 13
9 5 3
9 6 0
9 7 11
10 1 0
10 2 18
10 3 0
10 4 14
10 5 3
10 6 0
10 7 11
11 1 0
11 2 64
11 3 0
11 4 48
11 5 10
11 6 0
11 7 42
12 1 0
12 2 68
12 3 0
12 4 50
12 5 11
12 6 0
12 7 42
13 1 0
13 2 40
13 3 0
13 4 25
13 5 6
13 6 0
13 7 24
14 1 0
14 2 45
14 3 0
14 4 28
14 5 7
14 6 0
14 7 28
15 1 0
15 2 9
15 3 0
15 4 7
15 5 2
15 6 0
15 7 6
16 1 0
16 2 7
16 3 0
16 4 6
16 5 2
16 6 0
16 7 4
17 1 0
17 2 7
17 3 0
17 4 5
17 5 1
17 6 0
17 7 4
18 1 0
18 2 12
18 3 0
18 4 9
18 5 2
18 6 0
18 7 9
19 1 0
19 2 5
19 3 0
19 4 4
19 5 1
19 6 0
19 7 4
20 1 0
20 2 11
20 3 0
20 4 8
20 5 2
20 6 0
20 7 8
21 1 0
21 2 35
21 3 0
21 4 28
21 5 6
21 6 0
21 7 24
22 1 0
22 2 28
22 3 0
22 4 18
22 5 4
22 6 0
22 7 16
23 1 0
23 2 12
23 3 0
23 4 9
23 5 2
23 6 0
23 7 7
24 1 0
24 2 7
24 3 0
24 4 5
24 5 2
24 6 0
24 7 5
25 1 0
25 2 12
25 3 0
25 4 8
25 5 2
25 6 0
25 7 8
26 1 0
26 2 17
26 3 0
26 4 12
26 5 3
26 6 0
26 7 12
27 1 0
27 2 10
27 3 0
27 4 8
27 5 2
27 6 0
27 7 8
28 1 0
28 2 11
28 3 0
28 4 9
28 5 2
28 6 0
28 7 9
29 1 0
29 2 11
29 3 0
29 4 8
29 5 2
29 6 0
29 7 6
30 1 0
30 2 10
30 3 0
30 4 8
30 5 2
30 6 0
30 7 8
31 1 0
31 2 35
31 3 0
31 4 23
31 5 5
31 6 0
31 7 22
32 1 0
32 2 12
32 3 0
32 4 8
32 5 2
32 6 0
32 7 8
33 1 0
33 2 9
33 3 0
33 4 7
33 5 2
33 6 0
33 7 6
34 1 0
34 2 14
34 3 0
34 4 11
34 5 2
34 6 0
34 7 9
35 1 0
35 2 44
35 3 0
35 4 26
35 5 7
35 6 0
35 7 25
36 1 0
36 2 6
36 3 0
36 4 4
36 5 1
36 6 0
36 7 3
37 1 0
37 2 36
37 3 0
37 4 27
37 5 6
37 6 0
37 7 28
38 1 0
38 2 7
38 3 0
38 4 5
38 5 1
38 6 0
38 7 5
39 1 0
39 2 15
39 3 0
39 4 10
39 5 2
39 6 0
39 7 8
40 1 0
40 2 43
40 3 0
40 4 34
40 5 7
40 6 0
40 7 32
41 1 0
41 2 20
41 3 0
41 4 15
41 5 3
41 6 0
41 7 13
42 1 0
42 2 46
42 3 0
42 4 31
42 5 7
42 6 0
42 7 29
43 1 0
43 2 18
43 3 0
43 4 13
43 5 3
43 6 0
43 7 12
44 1 0
44 2 7
44 3 0
44 4 5
44 5 1
44 6 0
44 7 4
45 1 0
45 2 22
45 3 0
45 4 18
45 5 4
45 6 0
45 7 18
46 1 0
46 2 25
46 3 0
46 4 18
46 5 4
46 6 0
46 7 17
47 1 0
47 2 42
47 3 0
47 4 35
47 5 8
47 6 0
47 7 34
48 1 0
48 2 19
48 3 0
48 4 16
48 5 3
48 6 0
48 7 14
49 1 0
49 2 8
49 3 0
49 4 5
49 5 2
49 6 0
49 7 5
50 1 0
50 2 21
50 3 0
50 4 13
50 5 3
50 6 0
50 7 12
51 1 0
51 2 33
51 3 0
51 4 24
51 5 5
51 6 0
51 7 19
52 1 0
52 2 5
52 3 0
52 4 4
52 5 1
52 6 0
52 7 3
53 1 0
53 2 98
53 3 0
53 4 78
53 5 17
53 6 0
53 7 77
54 1 0
54 2 27
54 3 0
54 4 23
54 5 5
54 6 0
54 7 21
55 1 0
55 2 25
55 3 0
55 4 19
55 5 4
55 6 0
55 7 20
56 1 0
56 2 11
56 3 0
56 4 9
56 5 2
56 6 0
56 7 7
57 1 0
57 2 54
57 3 0
57 4 46
57 5 9
57 6 0
57 7 39
58 1 0
58 2 6
58 3 0
58 4 5
58 5 1
58 6 0
58 7 4
59 1 0
59 2 12
59 3 0
59 4 8
59 5 2
59 6 0
59 7 8
60 1 0
60 2 17
60 3 0
60 4 10
60 5 3
60 6 0
60 7 9
61 1 0
61 2 5
61 3 0
61 4 4
61 5 1
61 6 0
61 7 4
62 1 0
62 2 19
62 3 0
62 4 16
62 5 4
62 6 0
62 7 15
63 1 0
63 2 40
63 3 0
63 4 30
63 5 6
63 6 0
63 7 26
64 1 0
64 2 8
64 3 0
64 4 6
64 5 2
64 6 0
64 7 6
65 1 0
65 2 5
65 3 0
65 4 4
65 5 1
65 6 0
65 7 4
66 1 0
66 2 27
66 3 0
66 4 21
66 5 5
66 6 0
66 7 20
67 1 0
67 2 17
67 3 0
67 4 14
67 5 3
67 6 0
67 7 12
68 1 0
68 2 13
68 3 0
68 4 9
68 5 2
68 6 0
68 7 8
69 1 0
69 2 29
69 3 0
69 4 24
69 5 6
69 6 0
69 7 23
70 1 0
70 2 43
70 3 0
70 4 29
70 5 7
70 6 0
70 7 24
71 1 0
71 2 46
71 3 0
71 4 30
71 5 7
71 6 0
71 7 27
72 1 0
72 2 35
72 3 0
72 4 23
72 5 5
72 6 0
72 7 23
73 1 0
73 2 33
73 3 0
73 4 28
73 5 6
73 6 0
73 7 23
74 1 0
74 2 37
74 3 0
74 4 26
74 5 5
74 6 0
74 7 23
75 1 0
75 2 42
75 3 0
75 4 37
75 5 7
75 6 0
75 7 31
76 1 0
76 2 66
76 3 0
76 4 39
76 5 9
76 6 0
76 7 41
77 1 0
77 2 51
77 3 0
77 4 39
77 5 9
77 6 0
77 7 35
78 1 0
78 2 47
78 3 0
78 4 32
78 5 7
78 6 0
78 7 29
79 1 0
79 2 6
79 3 0
79 4 5
79 5 1
79 6 0
79 7 4
80 1 0
80 2 10
80 3 0
80 4 7
80 5 2
80 6 0
80 7 6
81 1 0
81 2 39
81 3 0
81 4 27
81 5 5
81 6 0
81 7 25
82 1 0
82 2 21
82 3 0
82 4 14
82 5 3
82 6 0
82 7 14
83 1 0
83 2 13
83 3 0
83 4 10
83 5 3
83 6 0
83 7 9
84 1 0
84 2 25
84 3 0
84 4 16
84 5 4
84 6 0
84 7 14
85 1 0
85 2 34
85 3 0
85 4 28
85 5 6
85 6 0
85 7 26
86 1 0
86 2 39
86 3 0
86 4 27
86 5 6
86 6 0
86 7 22
87 1 0
87 2 89
87 3 0
87 4 67
87 5 14
87 6 0
87 7 64
88 1 0
88 2 24
88 3 0
88 4 18
88 5 4
88 6 0
88 7 15
89 1 0
89 2 15
89 3 0
89 4 12
89 5 3
89 6 0
89 7 10
90 1 0
90 2 70
90 3 0
90 4 58
90 5 12
90 6 0
90 7 47
91 1 0
91 2 15
91 3 0
91 4 13
91 5 3
91 6 0
91 7 10
92 1 0
92 2 64
92 3 0
92 4 53
92 5 10
92 6 0
92 7 48
93 1 0
93 2 67
93 3 0
93 4 43
93 5 10
93 6 0
93 7 43
94 1 0
94 2 34
94 3 0
94 4 23
94 5 6
94 6 0
94 7 23

# Precedence Relations
1 2
1 3
1 4
1 5
1 6
1 7
1 8
1 9
1 10
2 11
2 17
3 12
4 11
4 16
5 11
5 13
5 18
5 16
6 11
6 15
6 13
6 19
7 42
8 29
9 11
10 19
10 37
10 48
10 50
11 14
12 20
12 61
12 52
13 82
14 25
14 23
14 30
14 31
14 24
14 32
14 22
14 21
14 26
14 28
14 27
14 29
15 81
16 75
17 82
18 75
19 75
20 78
21 71
21 60
21 53
21 39
21 40
21 41
22 38
22 72
22 49
22 58
23 34
23 35
24 37
24 44
25 57
25 63
25 33
25 73
25 60
25 65
25 56
26 41
26 43
27 62
27 58
27 54
27 55
27 56
28 33
28 35
28 40
28 43
28 49
28 51
28 52
28 54
29 75
30 59
30 42
30 36
31 74
32 36
32 47
32 44
32 60
32 45
32 69
32 46
32 48
32 50
33 78
34 78
35 78
36 82
37 61
37 73
37 64
37 66
37 67
37 68
37 69
37 70
37 71
37 72
37 62
38 82
39 82
40 78
41 78
42 74
43 78
44 75
45 75
46 75
46 76
47 75
48 75
49 78
50 75
51 78
52 78
53 76
53 77
54 78
55 77
56 77
57 76
57 77
58 77
59 82
60 77
61 77
62 77
63 77
64 74
65 74
66 75
66 76
67 74
68 82
69 77
69 75
70 77
70 76
71 76
72 76
73 77
74 82
75 82
76 82
77 78
78 79
78 80
79 81
80 81
81 82
82 83
83 84
83 85
84 86
85 86
86 87
87 88
88 89
88 90
89 92
90 91
90 93
92 94

# Parameters
R_e = 0.0500
T = 600.0
C_s = 4.0
C_w = 36.0
C_c = 5.0
