# Tasks
1 2 3 4 5 6 7 8 9

# Workstations
1 2 3 4 5 6 7 8 9

# Modes
1 2 3 4 5 6 7

# Processing Times
1 1 5
1 2 12
1 3 6
1 4 14
1 5 3
1 6 6
1 7 14
2 1 3
2 2 7
2 3 4
2 4 8
2 5 2
2 6 4
2 7 9
3 1 4
3 2 10
3 3 5
3 4 11
3 5 3
3 6 5
3 7 12
4 1 5
4 2 12
4 3 6
4 4 14
4 5 3
4 6 6
4 7 14
5 1 4
5 2 10
5 3 5
5 4 11
5 5 3
5 6 5
5 7 12
6 1 5
6 2 12
6 3 6
6 4 14
6 5 3
6 6 6
6 7 14
7 1 1
7 2 3
7 3 2
7 4 4
7 5 1
7 6 2
7 7 4
8 1 4
8 2 10
8 3 5
8 4 11
8 5 3
8 6 5
8 7 12
9 1 6
9 2 14
9 3 7
9 4 16
9 5 4
9 6 7
9 7 17

# Energy Consumption
1 1 0
1 2 4
1 3 0
1 4 3
1 5 1
1 6 0
1 7 2
2 1 0
2 2 2
2 3 0
2 4 2
2 5 1
2 6 0
2 7 2
3 1 0
3 2 3
3 3 0
3 4 3
3 5 1
3 6 0
3 7 2
4 1 0
4 2 4
4 3 0
4 4 4
4 5 1
4 6 0
4 7 2
5 1 0
5 2 3
5 3 0
5 4 3
5 5 1
5 6 0
5 7 2
6 1 0
6 2 4
6 3 0
6 4 3
6 5 1
6 6 0
6 7 2
7 1 0
7 2 1
7 3 0
7 4 1
7 5 1
7 6 0
7 7 1
8 1 0
8 2 3
8 3 0
8 4 3
8 5 1
8 6 0
8 7 2
9 1 0
9 2 4
9 3 0
9 4 3
9 5 1
9 6 0
9 7 3

# Precedence Relations
1 2
1 3
2 4
3 4
4 5
4 6
4 7
5 8
6 9
7 9
8 9

# Parameters
R_e = 0.0500
T = 30.0
C_s = 4.0
C_w = 36.0
C_c = 5.0
