# Tasks
1 2 3 4 5 6 7 8 9 10 11 12 13 14 15 16 17 18 19 20 21 22 23 24 25 26 27 28 29 30 31 32 33 34 35 36 37 38 39 40 41 42 43 44 45

# Workstations
1 2 3 4 5 6 7 8 9 10 11 12 13 14 15 16 17 18 19 20 21 22 23 24 25 26 27 28 29 30 31 32 33 34 35 36 37 38 39 40 41 42 43 44 45

# Modes
1 2 3 4 5 6 7

# Processing Times
1 1 9
1 2 19
1 3 9
1 4 19
1 5 9
1 6 10
1 7 21
2 1 9
2 2 19
2 3 9
2 4 19
2 5 9
2 6 10
2 7 21
3 1 10
3 2 21
3 3 10
3 4 21
3 5 9
3 6 11
3 7 23
4 1 10
4 2 21
4 3 10
4 4 21
4 5 9
4 6 11
4 7 23
5 1 17
5 2 36
5 3 17
5 4 36
5 5 16
5 6 19
5 7 40
6 1 17
6 2 36
6 3 17
6 4 36
6 5 16
6 6 19
6 7 40
7 1 13
7 2 28
7 3 13
7 4 28
7 5 12
7 6 15
7 7 31
8 1 13
8 2 28
8 3 13
8 4 28
8 5 12
8 6 15
8 7 31
9 1 20
9 2 42
9 3 20
9 4 42
9 5 18
9 6 22
9 7 46
10 1 20
10 2 42
10 3 20
10 4 42
10 5 18
10 6 22
10 7 46
11 1 10
11 2 21
11 3 10
11 4 21
11 5 9
11 6 11
11 7 23
12 1 11
12 2 24
12 3 11
12 4 24
12 5 10
12 6 13
12 7 27
13 1 6
13 2 13
13 3 6
13 4 13
13 5 6
13 6 7
13 7 15
14 1 22
14 2 47
14 3 22
14 4 47
14 5 20
14 6 25
14 7 52
15 1 11
15 2 24
15 3 11
15 4 24
15 5 10
15 6 13
15 7 27
16 1 19
16 2 40
16 3 19
16 4 40
16 5 17
16 6 21
16 7 44
17 1 12
17 2 26
17 3 12
17 4 26
17 5 11
17 6 14
17 7 29
18 1 3
18 2 7
18 3 3
18 4 7
18 5 3
18 6 4
18 7 8
19 1 7
19 2 15
19 3 7
19 4 15
19 5 7
19 6 8
19 7 17
20 1 4
20 2 9
20 3 4
20 4 9
20 5 4
20 6 5
20 7 10
21 1 55
21 2 116
21 3 55
21 4 116
21 5 50
21 6 61
21 7 127
22 1 14
22 2 30
22 3 14
22 4 30
22 5 13
22 6 16
22 7 33
23 1 27
23 2 57
23 3 27
23 4 57
23 5 25
23 6 30
23 7 63
24 1 29
24 2 61
24 3 29
24 4 61
24 5 26
24 6 32
24 7 67
25 1 26
25 2 55
25 3 26
25 4 55
25 5 24
25 6 29
25 7 61
26 1 6
26 2 13
26 3 6
26 4 13
26 5 6
26 6 7
26 7 15
27 1 5
27 2 11
27 3 5
27 4 11
27 5 5
27 6 6
27 7 13
28 1 24
28 2 51
28 3 24
28 4 51
28 5 22
28 6 27
28 7 56
29 1 4
29 2 9
29 3 4
29 4 9
29 5 4
29 6 5
29 7 10
30 1 5
30 2 11
30 3 5
30 4 11
30 5 5
30 6 6
30 7 13
31 1 7
31 2 15
31 3 7
31 4 15
31 5 7
31 6 8
31 7 17
32 1 4
32 2 9
32 3 4
32 4 9
32 5 4
32 6 5
32 7 10
33 1 15
33 2 32
33 3 15
33 4 32
33 5 14
33 6 17
33 7 35
34 1 3
34 2 7
34 3 3
34 4 7
34 5 3
34 6 4
34 7 8
35 1 7
35 2 15
35 3 7
35 4 15
35 5 7
35 6 8
35 7 17
36 1 9
36 2 19
36 3 9
36 4 19
36 5 9
36 6 10
36 7 21
37 1 4
37 2 9
37 3 4
37 4 9
37 5 4
37 6 5
37 7 10
38 1 7
38 2 15
38 3 7
38 4 15
38 5 7
38 6 8
38 7 17
39 1 5
39 2 11
39 3 5
39 4 11
39 5 5
39 6 6
39 7 13
40 1 4
40 2 9
40 3 4
40 4 9
40 5 4
40 6 5
40 7 10
41 1 21
41 2 45
41 3 21
41 4 45
41 5 19
41 6 23
41 7 50
42 1 12
42 2 26
42 3 12
42 4 26
42 5 11
42 6 14
42 7 29
43 1 6
43 2 13
43 3 6
43 4 13
43 5 6
43 6 7
43 7 15
44 1 5
44 2 11
44 3 5
44 4 11
44 5 5
44 6 6
44 7 13
45 1 5
45 2 11
45 3 5
45 4 11
45 5 5
45 6 6
45 7 13

# Energy Consumption
1 1 0
1 2 5
1 3 0
1 4 4
1 5 2
1 6 0
1 7 4
2 1 0
2 2 5
2 3 0
2 4 5
2 5 2
2 6 0
2 7 3
3 1 0
3 2 6
3 3 0
3 4 5
3 5 2
3 6 0
3 7 3
4 1 0
4 2 6
4 3 0
4 4 5
4 5 2
4 6 0
4 7 3
5 1 0
5 2 9
5 3 0
5 4 7
5 5 3
5 6 0
5 7 5
6 1 0
6 2 10
6 3 0
6 4 7
6 5 3
6 6 0
6 7 6
7 1 0
7 2 7
7 3 0
7 4 6
7 5 2
7 6 0
7 7 5
8 1 0
8 2 9
8 3 0
8 4 6
8 5 2
8 6 0
8 7 5
9 1 0
9 2 12
9 3 0
9 4 8
9 5 3
9 6 0
9 7 7
10 1 0
10 2 13
10 3 0
10 4 9
10 5 3
10 6 0
10 7 7
11 1 0
11 2 5
11 3 0
11 4 5
11 5 2
11 6 0
11 7 3
12 1 0
12 2 6
12 3 0
12 4 6
12 5 2
12 6 0
12 7 4
13 1 0
13 2 4
13 3 0
13 4 3
13 5 1
13 6 0
13 7 3
14 1 0
14 2 13
14 3 0
14 4 9
14 5 4
14 6 0
14 7 7
15 1 0
15 2 7
15 3 0
15 4 5
15 5 2
15 6 0
15 7 4
16 1 0
16 2 11
16 3 0
16 4 8
16 5 3
16 6 0
16 7 6
17 1 0
17 2 7
17 3 0
17 4 5
17 5 2
17 6 0
17 7 4
18 1 0
18 2 3
18 3 0
18 4 2
18 5 1
18 6 0
18 7 2
19 1 0
19 2 5
19 3 0
19 4 3
19 5 2
19 6 0
19 7 3
20 1 0
20 2 3
20 3 0
20 4 2
20 5 1
20 6 0
20 7 2
21 1 0
21 2 32
21 3 0
21 4 24
21 5 8
21 6 0
21 7 19
22 1 0
22 2 7
22 3 0
22 4 7
22 5 2
22 6 0
22 7 5
23 1 0
23 2 17
23 3 0
23 4 12
23 5 4
23 6 0
23 7 10
24 1 0
24 2 18
24 3 0
24 4 13
24 5 4
24 6 0
24 7 10
25 1 0
25 2 16
25 3 0
25 4 11
25 5 4
25 6 0
25 7 8
26 1 0
26 2 3
26 3 0
26 4 3
26 5 1
26 6 0
26 7 2
27 1 0
27 2 4
27 3 0
27 4 3
27 5 1
27 6 0
27 7 2
28 1 0
28 2 15
28 3 0
28 4 11
28 5 4
28 6 0
28 7 8
29 1 0
29 2 3
29 3 0
29 4 2
29 5 1
29 6 0
29 7 2
30 1 0
30 2 3
30 3 0
30 4 3
30 5 1
30 6 0
30 7 2
31 1 0
31 2 4
31 3 0
31 4 3
31 5 2
31 6 0
31 7 3
32 1 0
32 2 3
32 3 0
32 4 2
32 5 1
32 6 0
32 7 2
33 1 0
33 2 9
33 3 0
33 4 7
33 5 3
33 6 0
33 7 5
34 1 0
34 2 2
34 3 0
34 4 2
34 5 1
34 6 0
34 7 2
35 1 0
35 2 4
35 3 0
35 4 3
35 5 1
35 6 0
35 7 3
36 1 0
36 2 5
36 3 0
36 4 4
36 5 2
36 6 0
36 7 4
37 1 0
37 2 3
37 3 0
37 4 2
37 5 1
37 6 0
37 7 2
38 1 0
38 2 4
38 3 0
38 4 3
38 5 2
38 6 0
38 7 3
39 1 0
39 2 3
39 3 0
39 4 3
39 5 1
39 6 0
39 7 2
40 1 0
40 2 3
40 3 0
40 4 2
40 5 1
40 6 0
40 7 2
41 1 0
41 2 11
41 3 0
41 4 10
41 5 4
41 6 0
41 7 7
42 1 0
42 2 7
42 3 0
42 4 6
42 5 2
42 6 0
42 7 4
43 1 0
43 2 4
43 3 0
43 4 3
43 5 1
43 6 0
43 7 3
44 1 0
44 2 3
44 3 0
44 4 2
44 5 1
44 6 0
44 7 2
45 1 0
45 2 4
45 3 0
45 4 3
45 5 1
45 6 0
45 7 2

# Precedence Relations
1 3
1 7
2 4
2 8
3 5
4 6
5 9
6 10
7 9
7 14
8 10
8 14
9 41
10 41
11 13
12 13
12 37
13 14
13 15
14 17
14 25
14 29
14 30
14 31
14 32
15 16
15 18
15 23
15 24
16 19
17 26
17 27
18 19
19 20
19 33
20 21
21 22
22 28
23 33
24 33
25 26
26 38
27 28
27 33
28 38
29 41
30 41
31 41
32 41
33 34
33 35
33 36
34 38
35 40
36 38
37 43
38 40
39 41
40 41
41 42
42 44
42 45

# Parameters
R_e = 0.0500
T = 600.0
C_s = 4.0
C_w = 36.0
C_c = 5.0
