# Tasks
1 2 3 4 5 6 7 8 9 10 11 12 13 14 15 16 17 18 19 20

# Workstations
1 2 3 4 5 6 7 8 9 10 11 12 13 14 15 16 17 18 19 20

# Modes
1 2 3 4 5 6 7

# Processing Times
1 1 46
1 2 71
1 3 41
1 4 64
1 5 37
1 6 54
1 7 83
2 1 135
2 2 184
2 3 122
2 4 166
2 5 109
2 6 150
2 7 204
3 1 114
3 2 147
3 3 105
3 4 135
3 5 96
3 6 129
3 7 166
4 1 140
4 2 215
4 3 128
4 4 197
4 5 120
4 6 167
4 7 256
5 1 58
5 2 72
5 3 56
5 4 69
5 5 49
5 6 73
5 7 90
6 1 244
6 2 326
6 3 225
6 4 300
6 5 198
6 6 270
6 7 361
7 1 158
7 2 196
7 3 145
7 4 179
7 5 146
7 6 176
7 7 218
8 1 27
8 2 40
8 3 25
8 4 36
8 5 23
8 6 33
8 7 48
9 1 142
9 2 182
9 3 135
9 4 173
9 5 129
9 6 170
9 7 218
10 1 190
10 2 300
10 3 173
10 4 273
10 5 158
10 6 234
10 7 369
11 1 31
11 2 41
11 3 29
11 4 39
11 5 29
11 6 39
11 7 51
12 1 120
12 2 180
12 3 106
12 4 159
12 5 99
12 6 142
12 7 213
13 1 186
13 2 283
13 3 172
13 4 262
13 5 157
13 6 211
13 7 322
14 1 67
14 2 97
14 3 64
14 4 92
14 5 58
14 6 76
14 7 109
15 1 300
15 2 443
15 3 267
15 4 395
15 5 284
15 6 373
15 7 551
16 1 147
16 2 209
16 3 127
16 4 180
16 5 122
16 6 163
16 7 232
17 1 276
17 2 334
17 3 253
17 4 306
17 5 261
17 6 320
17 7 387
18 1 146
18 2 226
18 3 129
18 4 200
18 5 123
18 6 182
18 7 282
19 1 52
19 2 75
19 3 47
19 4 67
19 5 47
19 6 59
19 7 85
20 1 93
20 2 128
20 3 80
20 4 110
20 5 78
20 6 109
20 7 150

# Energy Consumption
1 1 0
1 2 17
1 3 0
1 4 14
1 5 6
1 6 0
1 7 12
2 1 0
2 2 46
2 3 0
2 4 35
2 5 17
2 6 0
2 7 30
3 1 0
3 2 42
3 3 0
3 4 25
3 5 14
3 6 0
3 7 23
4 1 0
4 2 61
4 3 0
4 4 42
4 5 19
4 6 0
4 7 36
5 1 0
5 2 19
5 3 0
5 4 14
5 5 8
5 6 0
5 7 14
6 1 0
6 2 79
6 3 0
6 4 62
6 5 32
6 6 0
6 7 53
7 1 0
7 2 50
7 3 0
7 4 36
7 5 23
7 6 0
7 7 32
8 1 0
8 2 10
8 3 0
8 4 8
8 5 4
8 6 0
8 7 8
9 1 0
9 2 50
9 3 0
9 4 38
9 5 19
9 6 0
9 7 32
10 1 0
10 2 78
10 3 0
10 4 60
10 5 24
10 6 0
10 7 55
11 1 0
11 2 12
11 3 0
11 4 8
11 5 5
11 6 0
11 7 7
12 1 0
12 2 46
12 3 0
12 4 34
12 5 15
12 6 0
12 7 31
13 1 0
13 2 77
13 3 0
13 4 57
13 5 23
13 6 0
13 7 44
14 1 0
14 2 22
14 3 0
14 4 20
14 5 9
14 6 0
14 7 14
15 1 0
15 2 106
15 3 0
15 4 83
15 5 43
15 6 0
15 7 80
16 1 0
16 2 47
16 3 0
16 4 40
16 5 19
16 6 0
16 7 29
17 1 0
17 2 96
17 3 0
17 4 56
17 5 40
17 6 0
17 7 53
18 1 0
18 2 66
18 3 0
18 4 38
18 5 19
18 6 0
18 7 41
19 1 0
19 2 18
19 3 0
19 4 13
19 5 7
19 6 0
19 7 11
20 1 0
20 2 31
20 3 0
20 4 23
20 5 12
20 6 0
20 7 23

# Precedence Relations
1 5
2 6
3 7
5 11
6 8
6 9
6 10
6 12
8 15
9 13
10 14
11 16
12 17
13 18
14 19
15 20

# Parameters
R_e = 0.0500
T = 1000.0
C_s = 4.0
C_w = 36.0
C_c = 5.0
