# Tasks
1 2 3 4 5 6 7 8

# Workstations
1 2 3 4 5 6 7 8

# Modes
1 2 3 4 5 6 7

# Processing Times
1 1 11
1 2 11
1 3 12
1 4 12
1 5 11
1 6 16
1 7 16
2 1 17
2 2 16
2 3 19
2 4 17
2 5 15
2 6 24
2 7 23
3 1 9
3 2 10
3 3 10
3 4 11
3 5 9
3 6 12
3 7 13
4 1 5
4 2 5
4 3 6
4 4 6
4 5 5
4 6 7
4 7 7
5 1 8
5 2 9
5 3 9
5 4 10
5 5 7
5 6 11
5 7 12
6 1 12
6 2 11
6 3 13
6 4 12
6 5 11
6 6 16
6 7 15
7 1 10
7 2 10
7 3 11
7 4 11
7 5 9
7 6 15
7 7 15
8 1 3
8 2 4
8 3 4
8 4 5
8 5 3
8 6 5
8 7 6

# Energy Consumption
1 1 0
1 2 3
1 3 0
1 4 3
1 5 2
1 6 0
1 7 3
2 1 0
2 2 5
2 3 0
2 4 4
2 5 3
2 6 0
2 7 4
3 1 0
3 2 3
3 3 0
3 4 3
3 5 2
3 6 0
3 7 2
4 1 0
4 2 2
4 3 0
4 4 2
4 5 1
4 6 0
4 7 1
5 1 0
5 2 3
5 3 0
5 4 3
5 5 2
5 6 0
5 7 2
6 1 0
6 2 3
6 3 0
6 4 3
6 5 2
6 6 0
6 7 3
7 1 0
7 2 3
7 3 0
7 4 3
7 5 2
7 6 0
7 7 3
8 1 0
8 2 2
8 3 0
8 4 2
8 5 1
8 6 0
8 7 1

# Precedence Relations
1 2
2 3
2 4
3 5
3 6
4 6
5 7
6 8

# Parameters
R_e = 0.0500
T = 20.0
C_s = 4.0
C_w = 36.0
C_c = 5.0
