# Tasks
1 2 3 4 5 6 7 8 9 10 11 12 13 14 15 16 17 18 19 20 21 22 23 24 25 26 27 28 29 30 31 32 33 34 35 36 37 38 39 40 41 42 43 44 45 46 47 48 49 50 51 52 53 54 55 56 57 58 59 60 61 62 63 64 65 66 67 68 69 70 71 72 73 74 75

# Workstations
1 2 3 4 5 6 7 8 9 10 11 12 13 14 15 16 17 18 19 20 21 22 23 24 25 26 27 28 29 30 31 32 33 34 35 36 37 38 39 40 41 42 43 44 45 46 47 48 49 50 51 52 53 54 55 56 57 58 59 60 61 62 63 64 65 66 67 68 69 70 71 72 73 74 75

# Modes
1 2 3 4 5 6 7

# Processing Times
1 1 23
1 2 47
1 3 25
1 4 51
1 5 11
1 6 29
1 7 58
2 1 24
2 2 49
2 3 26
2 4 53
2 5 11
2 6 30
2 7 60
3 1 25
3 2 52
3 3 27
3 4 56
3 5 12
3 6 31
3 7 64
4 1 26
4 2 54
4 3 28
4 4 58
4 5 12
4 6 32
4 7 67
5 1 23
5 2 47
5 3 25
5 4 51
5 5 11
5 6 29
5 7 58
6 1 22
6 2 45
6 3 24
6 4 49
6 5 10
6 6 27
6 7 56
7 1 6
7 2 13
7 3 7
7 4 14
7 5 3
7 6 8
7 7 16
8 1 22
8 2 45
8 3 24
8 4 49
8 5 10
8 6 27
8 7 56
9 1 23
9 2 47
9 3 25
9 4 51
9 5 11
9 6 29
9 7 58
10 1 21
10 2 43
10 3 23
10 4 46
10 5 10
10 6 26
10 7 53
11 1 22
11 2 45
11 3 24
11 4 49
11 5 10
11 6 27
11 7 56
12 1 15
12 2 31
12 3 17
12 4 34
12 5 7
12 6 19
12 7 38
13 1 5
13 2 11
13 3 6
13 4 12
13 5 3
13 6 7
13 7 14
14 1 23
14 2 47
14 3 25
14 4 51
14 5 11
14 6 29
14 7 58
15 1 4
15 2 9
15 3 5
15 4 10
15 5 2
15 6 5
15 7 12
16 1 26
16 2 54
16 3 28
16 4 58
16 5 12
16 6 32
16 7 67
17 1 21
17 2 43
17 3 23
17 4 46
17 5 10
17 6 26
17 7 53
18 1 5
18 2 11
18 3 6
18 4 12
18 5 3
18 6 7
18 7 14
19 1 24
19 2 49
19 3 26
19 4 53
19 5 11
19 6 30
19 7 60
20 1 25
20 2 52
20 3 27
20 4 56
20 5 12
20 6 31
20 7 64
21 1 26
21 2 54
21 3 28
21 4 58
21 5 12
21 6 32
21 7 67
22 1 26
22 2 54
22 3 28
22 4 58
22 5 12
22 6 32
22 7 67
23 1 24
23 2 49
23 3 26
23 4 53
23 5 11
23 6 30
23 7 60
24 1 27
24 2 56
24 3 29
24 4 60
24 5 12
24 6 34
24 7 69
25 1 20
25 2 41
25 3 22
25 4 44
25 5 9
25 6 25
25 7 51
26 1 23
26 2 47
26 3 25
26 4 51
26 5 11
26 6 29
26 7 58
27 1 25
27 2 52
27 3 27
27 4 56
27 5 12
27 6 31
27 7 64
28 1 13
28 2 27
28 3 14
28 4 29
28 5 6
28 6 16
28 7 34
29 1 3
29 2 7
29 3 4
29 4 8
29 5 2
29 6 4
29 7 9
30 1 11
30 2 23
30 3 12
30 4 25
30 5 5
30 6 14
30 7 29
31 1 21
31 2 43
31 3 23
31 4 46
31 5 10
31 6 26
31 7 53
32 1 22
32 2 45
32 3 24
32 4 49
32 5 10
32 6 27
32 7 56
33 1 21
33 2 43
33 3 23
33 4 46
33 5 10
33 6 26
33 7 53
34 1 22
34 2 45
34 3 24
34 4 49
34 5 10
34 6 27
34 7 56
35 1 25
35 2 52
35 3 27
35 4 56
35 5 12
35 6 31
35 7 64
36 1 8
36 2 17
36 3 9
36 4 19
36 5 4
36 6 10
36 7 21
37 1 22
37 2 45
37 3 24
37 4 49
37 5 10
37 6 27
37 7 56
38 1 24
38 2 49
38 3 26
38 4 53
38 5 11
38 6 30
38 7 60
39 1 22
39 2 45
39 3 24
39 4 49
39 5 10
39 6 27
39 7 56
40 1 21
40 2 43
40 3 23
40 4 46
40 5 10
40 6 26
40 7 53
41 1 6
41 2 13
41 3 7
41 4 14
41 5 3
41 6 8
41 7 16
42 1 26
42 2 54
42 3 28
42 4 58
42 5 12
42 6 32
42 7 67
43 1 22
43 2 45
43 3 24
43 4 49
43 5 10
43 6 27
43 7 56
44 1 6
44 2 13
44 3 7
44 4 14
44 5 3
44 6 8
44 7 16
45 1 21
45 2 43
45 3 23
45 4 46
45 5 10
45 6 26
45 7 53
46 1 25
46 2 52
46 3 27
46 4 56
46 5 12
46 6 31
46 7 64
47 1 11
47 2 23
47 3 12
47 4 25
47 5 5
47 6 14
47 7 29
48 1 22
48 2 45
48 3 24
48 4 49
48 5 10
48 6 27
48 7 56
49 1 21
49 2 43
49 3 23
49 4 46
49 5 10
49 6 26
49 7 53
50 1 25
50 2 52
50 3 27
50 4 56
50 5 12
50 6 31
50 7 64
51 1 22
51 2 45
51 3 24
51 4 49
51 5 10
51 6 27
51 7 56
52 1 22
52 2 45
52 3 24
52 4 49
52 5 10
52 6 27
52 7 56
53 1 23
53 2 47
53 3 25
53 4 51
53 5 11
53 6 29
53 7 58
54 1 22
54 2 45
54 3 24
54 4 49
54 5 10
54 6 27
54 7 56
55 1 22
55 2 45
55 3 24
55 4 49
55 5 10
55 6 27
55 7 56
56 1 25
56 2 52
56 3 27
56 4 56
56 5 12
56 6 31
56 7 64
57 1 23
57 2 47
57 3 25
57 4 51
57 5 11
57 6 29
57 7 58
58 1 21
58 2 43
58 3 23
58 4 46
58 5 10
58 6 26
58 7 53
59 1 22
59 2 45
59 3 24
59 4 49
59 5 10
59 6 27
59 7 56
60 1 22
60 2 45
60 3 24
60 4 49
60 5 10
60 6 27
60 7 56
61 1 22
61 2 45
61 3 24
61 4 49
61 5 10
61 6 27
61 7 56
62 1 22
62 2 45
62 3 24
62 4 49
62 5 10
62 6 27
62 7 56
63 1 21
63 2 43
63 3 23
63 4 46
63 5 10
63 6 26
63 7 53
64 1 27
64 2 56
64 3 29
64 4 60
64 5 12
64 6 34
64 7 69
65 1 23
65 2 47
65 3 25
65 4 51
65 5 11
65 6 29
65 7 58
66 1 2
66 2 5
66 3 3
66 4 6
66 5 1
66 6 3
66 7 7
67 1 26
67 2 54
67 3 28
67 4 58
67 5 12
67 6 32
67 7 67
68 1 25
68 2 52
68 3 27
68 4 56
68 5 12
68 6 31
68 7 64
69 1 24
69 2 49
69 3 26
69 4 53
69 5 11
69 6 30
69 7 60
70 1 22
70 2 45
70 3 24
70 4 49
70 5 10
70 6 27
70 7 56
71 1 24
71 2 49
71 3 26
71 4 53
71 5 11
71 6 30
71 7 60
72 1 4
72 2 9
72 3 5
72 4 10
72 5 2
72 6 5
72 7 12
73 1 22
73 2 45
73 3 24
73 4 49
73 5 10
73 6 27
73 7 56
74 1 10
74 2 21
74 3 11
74 4 23
74 5 5
74 6 13
74 7 26
75 1 25
75 2 52
75 3 27
75 4 56
75 5 12
75 6 31
75 7 64

# Energy Consumption
1 1 0
1 2 12
1 3 0
1 4 12
1 5 2
1 6 0
1 7 9
2 1 0
2 2 13
2 3 0
2 4 12
2 5 2
2 6 0
2 7 9
3 1 0
3 2 12
3 3 0
3 4 11
3 5 2
3 6 0
3 7 8
4 1 0
4 2 16
4 3 0
4 4 13
4 5 2
4 6 0
4 7 9
5 1 0
5 2 13
5 3 0
5 4 11
5 5 2
5 6 0
5 7 8
6 1 0
6 2 11
6 3 0
6 4 10
6 5 2
6 6 0
6 7 8
7 1 0
7 2 4
7 3 0
7 4 3
7 5 1
7 6 0
7 7 3
8 1 0
8 2 12
8 3 0
8 4 10
8 5 2
8 6 0
8 7 8
9 1 0
9 2 13
9 3 0
9 4 11
9 5 2
9 6 0
9 7 9
10 1 0
10 2 12
10 3 0
10 4 10
10 5 2
10 6 0
10 7 7
11 1 0
11 2 11
11 3 0
11 4 9
11 5 2
11 6 0
11 7 9
12 1 0
12 2 8
12 3 0
12 4 7
12 5 2
12 6 0
12 7 6
13 1 0
13 2 3
13 3 0
13 4 3
13 5 1
13 6 0
13 7 2
14 1 0
14 2 14
14 3 0
14 4 11
14 5 2
14 6 0
14 7 9
15 1 0
15 2 3
15 3 0
15 4 3
15 5 1
15 6 0
15 7 2
16 1 0
16 2 14
16 3 0
16 4 13
16 5 2
16 6 0
16 7 9
17 1 0
17 2 12
17 3 0
17 4 10
17 5 2
17 6 0
17 7 8
18 1 0
18 2 3
18 3 0
18 4 3
18 5 1
18 6 0
18 7 2
19 1 0
19 2 13
19 3 0
19 4 11
19 5 2
19 6 0
19 7 9
20 1 0
20 2 15
20 3 0
20 4 11
20 5 2
20 6 0
20 7 10
21 1 0
21 2 15
21 3 0
21 4 13
21 5 2
21 6 0
21 7 9
22 1 0
22 2 15
22 3 0
22 4 11
22 5 2
22 6 0
22 7 10
23 1 0
23 2 13
23 3 0
23 4 10
23 5 2
23 6 0
23 7 9
24 1 0
24 2 14
24 3 0
24 4 13
24 5 2
24 6 0
24 7 9
25 1 0
25 2 12
25 3 0
25 4 9
25 5 2
25 6 0
25 7 7
26 1 0
26 2 12
26 3 0
26 4 10
26 5 2
26 6 0
26 7 8
27 1 0
27 2 16
27 3 0
27 4 12
27 5 2
27 6 0
27 7 9
28 1 0
28 2 8
28 3 0
28 4 7
28 5 1
28 6 0
28 7 5
29 1 0
29 2 2
29 3 0
29 4 2
29 5 1
29 6 0
29 7 2
30 1 0
30 2 7
30 3 0
30 4 6
30 5 1
30 6 0
30 7 5
31 1 0
31 2 10
31 3 0
31 4 9
31 5 2
31 6 0
31 7 8
32 1 0
32 2 11
32 3 0
32 4 10
32 5 2
32 6 0
32 7 7
33 1 0
33 2 11
33 3 0
33 4 10
33 5 2
33 6 0
33 7 7
34 1 0
34 2 11
34 3 0
34 4 10
34 5 2
34 6 0
34 7 9
35 1 0
35 2 14
35 3 0
35 4 13
35 5 2
35 6 0
35 7 8
36 1 0
36 2 5
36 3 0
36 4 4
36 5 1
36 6 0
36 7 3
37 1 0
37 2 11
37 3 0
37 4 10
37 5 2
37 6 0
37 7 8
38 1 0
38 2 15
38 3 0
38 4 10
38 5 2
38 6 0
38 7 9
39 1 0
39 2 12
39 3 0
39 4 10
39 5 2
39 6 0
39 7 8
40 1 0
40 2 13
40 3 0
40 4 10
40 5 2
40 6 0
40 7 7
41 1 0
41 2 4
41 3 0
41 4 3
41 5 1
41 6 0
41 7 3
42 1 0
42 2 16
42 3 0
42 4 12
42 5 2
42 6 0
42 7 10
43 1 0
43 2 11
43 3 0
43 4 11
43 5 2
43 6 0
43 7 8
44 1 0
44 2 4
44 3 0
44 4 3
44 5 1
44 6 0
44 7 3
45 1 0
45 2 13
45 3 0
45 4 9
45 5 2
45 6 0
45 7 7
46 1 0
46 2 15
46 3 0
46 4 13
46 5 2
46 6 0
46 7 8
47 1 0
47 2 6
47 3 0
47 4 5
47 5 1
47 6 0
47 7 5
48 1 0
48 2 13
48 3 0
48 4 10
48 5 2
48 6 0
48 7 8
49 1 0
49 2 13
49 3 0
49 4 9
49 5 2
49 6 0
49 7 7
50 1 0
50 2 13
50 3 0
50 4 12
50 5 2
50 6 0
50 7 8
51 1 0
51 2 11
51 3 0
51 4 10
51 5 2
51 6 0
51 7 9
52 1 0
52 2 12
52 3 0
52 4 10
52 5 2
52 6 0
52 7 8
53 1 0
53 2 12
53 3 0
53 4 11
53 5 2
53 6 0
53 7 8
54 1 0
54 2 14
54 3 0
54 4 11
54 5 2
54 6 0
54 7 8
55 1 0
55 2 13
55 3 0
55 4 11
55 5 2
55 6 0
55 7 8
56 1 0
56 2 15
56 3 0
56 4 11
56 5 2
56 6 0
56 7 8
57 1 0
57 2 12
57 3 0
57 4 10
57 5 2
57 6 0
57 7 9
58 1 0
58 2 11
58 3 0
58 4 10
58 5 2
58 6 0
58 7 8
59 1 0
59 2 12
59 3 0
59 4 10
59 5 2
59 6 0
59 7 8
60 1 0
60 2 14
60 3 0
60 4 10
60 5 2
60 6 0
60 7 8
61 1 0
61 2 13
61 3 0
61 4 11
61 5 2
61 6 0
61 7 8
62 1 0
62 2 12
62 3 0
62 4 9
62 5 2
62 6 0
62 7 8
63 1 0
63 2 10
63 3 0
63 4 9
63 5 2
63 6 0
63 7 8
64 1 0
64 2 16
64 3 0
64 4 13
64 5 2
64 6 0
64 7 9
65 1 0
65 2 13
65 3 0
65 4 10
65 5 2
65 6 0
65 7 9
66 1 0
66 2 2
66 3 0
66 4 2
66 5 1
66 6 0
66 7 1
67 1 0
67 2 15
67 3 0
67 4 12
67 5 2
67 6 0
67 7 9
68 1 0
68 2 15
68 3 0
68 4 13
68 5 2
68 6 0
68 7 8
69 1 0
69 2 15
69 3 0
69 4 12
69 5 2
69 6 0
69 7 9
70 1 0
70 2 13
70 3 0
70 4 11
70 5 2
70 6 0
70 7 8
71 1 0
71 2 15
71 3 0
71 4 12
71 5 2
71 6 0
71 7 8
72 1 0
72 2 3
72 3 0
72 4 3
72 5 1
72 6 0
72 7 2
73 1 0
73 2 11
73 3 0
73 4 11
73 5 2
73 6 0
73 7 8
74 1 0
74 2 7
74 3 0
74 4 6
74 5 1
74 6 0
74 7 4
75 1 0
75 2 15
75 3 0
75 4 11
75 5 2
75 6 0
75 7 9

# Precedence Relations
1 2
1 3
1 4
1 5
1 6
1 7
2 15
3 13
3 24
4 8
4 14
4 16
5 12
5 15
6 9
6 10
6 11
6 13
9 20
9 24
10 18
12 19
13 22
15 17
15 20
15 23
16 21
16 26
17 30
18 26
18 30
20 27
21 33
24 25
25 28
25 30
25 33
25 34
26 31
26 32
26 41
27 29
27 35
27 36
31 37
31 39
32 44
32 45
33 41
35 38
35 42
36 40
36 43
39 51
40 46
42 47
43 48
43 50
46 51
46 48
47 49
47 50
47 52
47 53
49 59
49 61
49 62
50 54
50 55
50 60
50 62
52 56
52 57
53 58
55 63
58 65
59 64
59 66
62 67
66 68
68 69
68 70
68 71
68 72
68 73
68 74
68 75

# Parameters
R_e = 0.0500
T = 600.0
C_s = 4.0
C_w = 36.0
C_c = 5.0
