# Tasks
1 2 3 4 5 6 7 8 9 10 11 12 13 14 15 16 17 18 19 20

# Workstations
1 2 3 4 5 6 7 8 9 10 11 12 13 14 15 16 17 18 19 20

# Modes
1 2 3 4 5 6 7

# Processing Times
1 1 374
1 2 393
1 3 324
1 4 341
1 5 139
1 6 377
1 7 397
2 1 318
2 2 345
2 3 295
2 4 320
2 5 125
2 6 346
2 7 376
3 1 153
3 2 159
3 3 133
3 4 139
3 5 50
3 6 157
3 7 163
4 1 182
4 2 182
4 3 162
4 4 162
4 5 55
4 6 191
4 7 191
5 1 168
5 2 183
5 3 158
5 4 172
5 5 68
5 6 180
5 7 196
6 1 313
6 2 278
6 3 284
6 4 253
6 5 126
6 6 324
6 7 288
7 1 159
7 2 142
7 3 150
7 4 134
7 5 49
7 6 171
7 7 152
8 1 166
8 2 166
8 3 154
8 4 154
8 5 67
8 6 176
8 7 176
9 1 55
9 2 56
9 3 52
9 4 53
9 5 22
9 6 58
9 7 59
10 1 242
10 2 208
10 3 225
10 4 194
10 5 86
10 6 247
10 7 213
11 1 76
11 2 70
11 3 71
11 4 65
11 5 28
11 6 79
11 7 73
12 1 177
12 2 190
12 3 167
12 4 179
12 5 70
12 6 186
12 7 200
13 1 166
13 2 163
13 3 148
13 4 146
13 5 68
13 6 167
13 7 164
14 1 119
14 2 115
14 3 107
14 4 103
14 5 52
14 6 125
14 7 121
15 1 150
15 2 145
15 3 132
15 4 127
15 5 60
15 6 154
15 7 149
16 1 303
16 2 272
16 3 263
16 4 236
16 5 123
16 6 308
16 7 277
17 1 138
17 2 127
17 3 120
17 4 111
17 5 52
17 6 145
17 7 133
18 1 52
18 2 56
18 3 45
18 4 48
18 5 18
18 6 57
18 7 61
19 1 48
19 2 52
19 3 42
19 4 45
19 5 17
19 6 51
19 7 55
20 1 146
20 2 148
20 3 125
20 4 127
20 5 64
20 6 151
20 7 153

# Energy Consumption
1 1 0
1 2 98
1 3 0
1 4 67
1 5 22
1 6 0
1 7 57
2 1 0
2 2 81
2 3 0
2 4 66
2 5 19
2 6 0
2 7 52
3 1 0
3 2 39
3 3 0
3 4 26
3 5 8
3 6 0
3 7 24
4 1 0
4 2 54
4 3 0
4 4 30
4 5 9
4 6 0
4 7 28
5 1 0
5 2 55
5 3 0
5 4 35
5 5 10
5 6 0
5 7 28
6 1 0
6 2 81
6 3 0
6 4 48
6 5 19
6 6 0
6 7 40
7 1 0
7 2 33
7 3 0
7 4 29
7 5 8
7 6 0
7 7 22
8 1 0
8 2 49
8 3 0
8 4 32
8 5 10
8 6 0
8 7 24
9 1 0
9 2 14
9 3 0
9 4 11
9 5 4
9 6 0
9 7 9
10 1 0
10 2 53
10 3 0
10 4 41
10 5 13
10 6 0
10 7 29
11 1 0
11 2 17
11 3 0
11 4 14
11 5 5
11 6 0
11 7 11
12 1 0
12 2 47
12 3 0
12 4 38
12 5 11
12 6 0
12 7 29
13 1 0
13 2 40
13 3 0
13 4 29
13 5 11
13 6 0
13 7 22
14 1 0
14 2 28
14 3 0
14 4 20
14 5 8
14 6 0
14 7 15
15 1 0
15 2 43
15 3 0
15 4 28
15 5 10
15 6 0
15 7 19
16 1 0
16 2 62
16 3 0
16 4 45
16 5 18
16 6 0
16 7 37
17 1 0
17 2 36
17 3 0
17 4 23
17 5 8
17 6 0
17 7 20
18 1 0
18 2 13
18 3 0
18 4 11
18 5 3
18 6 0
18 7 9
19 1 0
19 2 12
19 3 0
19 4 10
19 5 3
19 6 0
19 7 8
20 1 0
20 2 39
20 3 0
20 4 25
20 5 10
20 6 0
20 7 23

# Precedence Relations
1 11
2 4
2 5
2 6
3 4
3 6
3 7
4 11
5 8
5 9
5 10
6 20
7 12
7 13
7 18
8 11
9 11
10 12
10 13
11 14
11 15
11 16
11 17
11 18
13 19
15 19
15 20
17 19
17 20
18 19

# Parameters
R_e = 0.0500
T = 1000.0
C_s = 4.0
C_w = 36.0
C_c = 5.0
