# Tasks
1 2 3 4 5 6 7 8 9 10 11 12 13 14 15 16 17 18 19 20

# Workstations
1 2 3 4 5 6 7 8 9 10 11 12 13 14 15 16 17 18 19 20

# Modes
1 2 3 4 5 6 7

# Processing Times
1 1 165
1 2 255
1 3 147
1 4 228
1 5 133
1 6 192
1 7 296
2 1 79
2 2 108
2 3 71
2 4 98
2 5 64
2 6 88
2 7 120
3 1 84
3 2 109
3 3 77
3 4 100
3 5 71
3 6 95
3 7 123
4 1 234
4 2 359
4 3 214
4 4 328
4 5 200
4 6 278
4 7 427
5 1 79
5 2 98
5 3 75
5 4 94
5 5 66
5 6 99
5 7 123
6 1 241
6 2 322
6 3 222
6 4 297
6 5 196
6 6 267
6 7 356
7 1 74
7 2 92
7 3 68
7 4 84
7 5 68
7 6 83
7 7 103
8 1 96
8 2 140
8 3 86
8 4 125
8 5 80
8 6 115
8 7 168
9 1 44
9 2 57
9 3 42
9 4 55
9 5 40
9 6 53
9 7 69
10 1 225
10 2 355
10 3 205
10 4 323
10 5 187
10 6 277
10 7 437
11 1 77
11 2 100
11 3 72
11 4 94
11 5 72
11 6 95
11 7 123
12 1 124
12 2 186
12 3 110
12 4 164
12 5 103
12 6 147
12 7 220
13 1 119
13 2 181
13 3 110
13 4 168
13 5 101
13 6 135
13 7 206
14 1 160
14 2 230
14 3 151
14 4 217
14 5 139
14 6 180
14 7 258
15 1 41
15 2 61
15 3 37
15 4 55
15 5 39
15 6 51
15 7 76
16 1 204
16 2 290
16 3 176
16 4 250
16 5 169
16 6 226
16 7 321
17 1 319
17 2 386
17 3 292
17 4 353
17 5 301
17 6 369
17 7 447
18 1 248
18 2 384
18 3 220
18 4 340
18 5 209
18 6 309
18 7 478
19 1 127
19 2 181
19 3 114
19 4 162
19 5 115
19 6 144
19 7 204
20 1 84
20 2 116
20 3 72
20 4 99
20 5 71
20 6 99
20 7 136

# Energy Consumption
1 1 0
1 2 60
1 3 0
1 4 50
1 5 21
1 6 0
1 7 41
2 1 0
2 2 27
2 3 0
2 4 21
2 5 10
2 6 0
2 7 18
3 1 0
3 2 31
3 3 0
3 4 19
3 5 11
3 6 0
3 7 17
4 1 0
4 2 101
4 3 0
4 4 69
4 5 31
4 6 0
4 7 60
5 1 0
5 2 25
5 3 0
5 4 18
5 5 10
5 6 0
5 7 19
6 1 0
6 2 78
6 3 0
6 4 61
6 5 31
6 6 0
6 7 53
7 1 0
7 2 24
7 3 0
7 4 17
7 5 11
7 6 0
7 7 15
8 1 0
8 2 33
8 3 0
8 4 26
8 5 12
8 6 0
8 7 25
9 1 0
9 2 16
9 3 0
9 4 12
9 5 6
9 6 0
9 7 10
10 1 0
10 2 92
10 3 0
10 4 71
10 5 28
10 6 0
10 7 65
11 1 0
11 2 30
11 3 0
11 4 19
11 5 12
11 6 0
11 7 16
12 1 0
12 2 47
12 3 0
12 4 35
12 5 16
12 6 0
12 7 32
13 1 0
13 2 49
13 3 0
13 4 36
13 5 15
13 6 0
13 7 28
14 1 0
14 2 52
14 3 0
14 4 47
14 5 21
14 6 0
14 7 34
15 1 0
15 2 15
15 3 0
15 4 12
15 5 6
15 6 0
15 7 11
16 1 0
16 2 64
16 3 0
16 4 55
16 5 27
16 6 0
16 7 40
17 1 0
17 2 111
17 3 0
17 4 65
17 5 46
17 6 0
17 7 62
18 1 0
18 2 112
18 3 0
18 4 65
18 5 32
18 6 0
18 7 70
19 1 0
19 2 43
19 3 0
19 4 30
19 5 17
19 6 0
19 7 27
20 1 0
20 2 28
20 3 0
20 4 21
20 5 11
20 6 0
20 7 21

# Precedence Relations
1 11
2 7
3 6
3 7
4 5
4 6
5 11
7 8
7 9
7 10
8 11
9 11
10 12
10 13
11 14
11 15
11 16
11 17
15 19
15 20
16 18
17 19

# Parameters
R_e = 0.0500
T = 1000.0
C_s = 4.0
C_w = 36.0
C_c = 5.0
