# Tasks
1 2 3 4 5 6 7 8 9 10 11 12 13 14 15 16 17 18 19 20

# Workstations
1 2 3 4 5 6 7 8 9 10 11 12 13 14 15 16 17 18 19 20

# Modes
1 2 3 4 5 6 7

# Processing Times
1 1 570
1 2 707
1 3 553
1 4 686
1 5 212
1 6 790
1 7 980
2 1 504
2 2 625
2 3 489
2 4 606
2 5 188
2 6 698
2 7 866
3 1 232
3 2 288
3 3 225
3 4 280
3 5 87
3 6 322
3 7 399
4 1 336
4 2 417
4 3 326
4 4 405
4 5 125
4 6 466
4 7 578
5 1 724
5 2 898
5 3 702
5 4 871
5 5 270
5 6 1003
5 7 1244
6 1 463
6 2 574
6 3 449
6 4 557
6 5 173
6 6 642
6 7 795
7 1 537
7 2 666
7 3 521
7 4 646
7 5 200
7 6 744
7 7 923
8 1 553
8 2 686
8 3 537
8 4 666
8 5 206
8 6 766
8 7 950
9 1 669
9 2 829
9 3 649
9 4 804
9 5 249
9 6 927
9 7 1148
10 1 350
10 2 434
10 3 340
10 4 421
10 5 131
10 6 485
10 7 602
11 1 463
11 2 574
11 3 449
11 4 557
11 5 173
11 6 642
11 7 795
12 1 365
12 2 453
12 3 354
12 4 440
12 5 136
12 6 506
12 7 628
13 1 422
13 2 523
13 3 410
13 4 508
13 5 157
13 6 585
13 7 725
14 1 544
14 2 675
14 3 528
14 4 655
14 5 203
14 6 754
14 7 935
15 1 483
15 2 599
15 3 469
15 4 581
15 5 180
15 6 669
15 7 830
16 1 380
16 2 471
16 3 369
16 4 457
16 5 142
16 6 527
16 7 653
17 1 535
17 2 663
17 3 519
17 4 643
17 5 199
17 6 741
17 7 919
18 1 628
18 2 779
18 3 609
18 4 756
18 5 234
18 6 870
18 7 1079
19 1 437
19 2 542
19 3 424
19 4 526
19 5 163
19 6 606
19 7 751
20 1 283
20 2 351
20 3 275
20 4 341
20 5 106
20 6 392
20 7 487

# Energy Consumption
1 1 0
1 2 162
1 3 0
1 4 137
1 5 31
1 6 0
1 7 138
2 1 0
2 2 140
2 3 0
2 4 123
2 5 28
2 6 0
2 7 112
3 1 0
3 2 84
3 3 0
3 4 53
3 5 14
3 6 0
3 7 49
4 1 0
4 2 98
4 3 0
4 4 87
4 5 18
4 6 0
4 7 80
5 1 0
5 2 243
5 3 0
5 4 165
5 5 42
5 6 0
5 7 171
6 1 0
6 2 157
6 3 0
6 4 118
6 5 26
6 6 0
6 7 106
7 1 0
7 2 181
7 3 0
7 4 140
7 5 32
7 6 0
7 7 123
8 1 0
8 2 188
8 3 0
8 4 144
8 5 32
8 6 0
8 7 118
9 1 0
9 2 202
9 3 0
9 4 150
9 5 36
9 6 0
9 7 147
10 1 0
10 2 109
10 3 0
10 4 82
10 5 20
10 6 0
10 7 85
11 1 0
11 2 165
11 3 0
11 4 102
11 5 25
11 6 0
11 7 110
12 1 0
12 2 114
12 3 0
12 4 92
12 5 20
12 6 0
12 7 77
13 1 0
13 2 132
13 3 0
13 4 106
13 5 26
13 6 0
13 7 99
14 1 0
14 2 161
14 3 0
14 4 125
14 5 31
14 6 0
14 7 139
15 1 0
15 2 163
15 3 0
15 4 113
15 5 26
15 6 0
15 7 120
16 1 0
16 2 107
16 3 0
16 4 88
16 5 23
16 6 0
16 7 80
17 1 0
17 2 196
17 3 0
17 4 122
17 5 29
17 6 0
17 7 134
18 1 0
18 2 186
18 3 0
18 4 166
18 5 37
18 6 0
18 7 135
19 1 0
19 2 154
19 3 0
19 4 103
19 5 24
19 6 0
19 7 108
20 1 0
20 2 105
20 3 0
20 4 70
20 5 17
20 6 0
20 7 60

# Precedence Relations
1 10
2 10
3 10
4 6
4 8
4 12
5 7
5 9
5 10
5 11
6 10
7 18
8 11
9 12
9 17
9 18
10 13
10 14
10 15
10 16
11 17
11 18
13 20
14 17
15 17
16 18
17 19
17 20
18 19

# Parameters
R_e = 0.0500
T = 1306.2
C_s = 4.0
C_w = 36.0
C_c = 5.0
