# Tasks
1 2 3 4 5 6 7 8 9 10 11 12 13 14 15 16 17 18 19 20 21 22 23 24 25 26 27 28 29 30 31 32 33 34 35 36 37 38 39 40 41 42 43 44 45 46 47 48 49 50 51 52 53 54 55 56 57 58 59 60 61 62 63 64 65 66 67 68 69 70 71 72 73 74 75 76 77 78 79 80 81 82 83 84 85 86 87 88 89 90 91 92 93 94

# Workstations
1 2 3 4 5 6 7 8 9 10 11 12 13 14 15 16 17 18 19 20 21 22 23 24 25 26 27 28 29 30 31 32 33 34 35 36 37 38 39 40 41 42 43 44 45 46 47 48 49 50 51 52 53 54 55 56 57 58 59 60 61 62 63 64 65 66 67 68 69 70 71 72 73 74 75 76 77 78 79 80 81 82 83 84 85 86 87 88 89 90 91 92 93 94

# Modes
1 2 3 4 5 6 7

# Processing Times
1 1 158
1 2 244
1 3 135
1 4 208
1 5 150
1 6 189
1 7 292
2 1 42
2 2 58
2 3 37
2 4 50
2 5 37
2 6 52
2 7 71
3 1 17
3 2 22
3 3 15
3 4 20
3 5 14
3 6 20
3 7 26
4 1 24
4 2 37
4 3 21
4 4 33
4 5 22
4 6 27
4 7 42
5 1 71
5 2 88
5 3 64
5 4 79
5 5 65
5 6 89
5 7 110
6 1 66
6 2 88
6 3 62
6 4 82
6 5 58
6 6 78
6 7 104
7 1 50
7 2 62
7 3 43
7 4 53
7 5 48
7 6 58
7 7 72
8 1 55
8 2 81
8 3 51
8 4 75
8 5 52
8 6 67
8 7 98
9 1 30
9 2 39
9 3 27
9 4 34
9 5 28
9 6 34
9 7 44
10 1 28
10 2 45
10 3 27
10 4 42
10 5 26
10 6 33
10 7 52
11 1 113
11 2 147
11 3 98
11 4 127
11 5 104
11 6 127
11 7 165
12 1 114
12 2 171
12 3 99
12 4 148
12 5 99
12 6 142
12 7 212
13 1 57
13 2 87
13 3 53
13 4 81
13 5 54
13 6 63
13 7 96
14 1 65
14 2 94
14 3 60
14 4 86
14 5 60
14 6 75
14 7 108
15 1 15
15 2 23
15 3 13
15 4 20
15 5 13
15 6 19
15 7 29
16 1 11
16 2 16
16 3 10
16 4 15
16 5 10
16 6 14
16 7 20
17 1 10
17 2 13
17 3 10
17 4 13
17 5 10
17 6 12
17 7 16
18 1 19
18 2 30
18 3 18
18 4 28
18 5 17
18 6 22
18 7 34
19 1 8
19 2 12
19 3 8
19 4 11
19 5 8
19 6 9
19 7 14
20 1 17
20 2 24
20 3 16
20 4 23
20 5 15
20 6 20
20 7 28
21 1 57
21 2 69
21 3 49
21 4 59
21 5 48
21 6 70
21 7 84
22 1 40
22 2 49
22 3 37
22 4 45
22 5 37
22 6 48
22 7 59
23 1 17
23 2 22
23 3 16
23 4 20
23 5 16
23 6 21
23 7 27
24 1 11
24 2 15
24 3 10
24 4 13
24 5 11
24 6 13
24 7 17
25 1 17
25 2 22
25 3 16
25 4 20
25 5 16
25 6 20
25 7 26
26 1 27
26 2 34
26 3 24
26 4 30
26 5 22
26 6 32
26 7 40
27 1 17
27 2 26
27 3 16
27 4 25
27 5 15
27 6 21
27 7 33
28 1 18
28 2 23
28 3 17
28 4 22
28 5 17
28 6 22
28 7 28
29 1 16
29 2 24
29 3 14
29 4 21
29 5 14
29 6 20
29 7 30
30 1 18
30 2 24
30 3 17
30 4 23
30 5 17
30 6 22
30 7 29
31 1 50
31 2 78
31 3 47
31 4 73
31 5 45
31 6 61
31 7 95
32 1 18
32 2 23
32 3 18
32 4 22
32 5 16
32 6 22
32 7 28
33 1 13
33 2 18
33 3 12
33 4 16
33 5 12
33 6 17
33 7 23
34 1 21
34 2 29
34 3 19
34 4 26
34 5 18
34 6 24
34 7 33
35 1 63
35 2 101
35 3 56
35 4 89
35 5 60
35 6 74
35 7 118
36 1 8
36 2 11
36 3 8
36 4 10
36 5 7
36 6 10
36 7 13
37 1 63
37 2 100
37 3 59
37 4 94
37 5 51
37 6 76
37 7 121
38 1 9
38 2 12
38 3 9
38 4 12
38 5 8
38 6 11
38 7 14
39 1 20
39 2 30
39 3 19
39 4 29
39 5 19
39 6 24
39 7 36
40 1 72
40 2 94
40 3 69
40 4 90
40 5 67
40 6 87
40 7 114
41 1 30
41 2 41
41 3 26
41 4 35
41 5 26
41 6 35
41 7 48
42 1 69
42 2 97
42 3 61
42 4 85
42 5 57
42 6 86
42 7 121
43 1 27
43 2 40
43 3 25
43 4 37
43 5 26
43 6 34
43 7 50
44 1 9
44 2 14
44 3 9
44 4 13
44 5 9
44 6 11
44 7 17
45 1 41
45 2 66
45 3 37
45 4 59
45 5 36
45 6 51
45 7 82
46 1 38
46 2 57
46 3 36
46 4 53
46 5 36
46 6 47
46 7 71
47 1 76
47 2 110
47 3 72
47 4 104
47 5 70
47 6 90
47 7 130
48 1 31
48 2 43
48 3 27
48 4 37
48 5 28
48 6 38
48 7 53
49 1 11
49 2 18
49 3 10
49 4 16
49 5 11
49 6 14
49 7 23
50 1 29
50 2 42
50 3 26
50 4 37
50 5 25
50 6 34
50 7 50
51 1 48
51 2 74
51 3 44
51 4 68
51 5 45
51 6 60
51 7 92
52 1 8
52 2 11
52 3 7
52 4 10
52 5 7
52 6 10
52 7 13
53 1 171
53 2 256
53 3 147
53 4 220
53 5 159
53 6 200
53 7 299
54 1 48
54 2 76
54 3 46
54 4 72
54 5 45
54 6 59
54 7 93
55 1 43
55 2 59
55 3 40
55 4 55
55 5 38
55 6 54
55 7 74
56 1 18
56 2 23
56 3 17
56 4 21
56 5 16
56 6 22
56 7 28
57 1 94
57 2 138
57 3 86
57 4 127
57 5 76
57 6 113
57 7 166
58 1 9
58 2 13
58 3 9
58 4 12
58 5 9
58 6 11
58 7 15
59 1 19
59 2 26
59 3 17
59 4 23
59 5 16
59 6 22
59 7 30
60 1 24
60 2 30
60 3 22
60 4 28
60 5 21
60 6 30
60 7 37
61 1 8
61 2 11
61 3 7
61 4 10
61 5 7
61 6 10
61 7 13
62 1 34
62 2 42
62 3 32
62 4 40
62 5 28
62 6 39
62 7 48
63 1 62
63 2 79
63 3 57
63 4 73
63 5 57
63 6 75
63 7 96
64 1 12
64 2 18
64 3 12
64 4 17
64 5 11
64 6 14
64 7 20
65 1 8
65 2 13
65 3 7
65 4 12
65 5 7
65 6 9
65 7 15
66 1 47
66 2 57
66 3 44
66 4 54
66 5 41
66 6 58
66 7 70
67 1 27
67 2 34
67 3 26
67 4 32
67 5 25
67 6 34
67 7 43
68 1 18
68 2 27
68 3 17
68 4 25
68 5 15
68 6 23
68 7 34
69 1 52
69 2 76
69 3 49
69 4 72
69 5 44
69 6 61
69 7 89
70 1 65
70 2 101
70 3 61
70 4 94
70 5 60
70 6 77
70 7 119
71 1 72
71 2 112
71 3 68
71 4 106
71 5 64
71 6 90
71 7 140
72 1 51
72 2 73
72 3 48
72 4 68
72 5 42
72 6 58
72 7 83
73 1 58
73 2 75
73 3 55
73 4 71
73 5 47
73 6 67
73 7 87
74 1 53
74 2 67
74 3 48
74 4 60
74 5 49
74 6 66
74 7 84
75 1 76
75 2 120
75 3 67
75 4 106
75 5 66
75 6 84
75 7 133
76 1 93
76 2 113
76 3 82
76 4 99
76 5 87
76 6 115
76 7 139
77 1 86
77 2 117
77 3 78
77 4 107
77 5 71
77 6 102
77 7 139
78 1 76
78 2 121
78 3 65
78 4 104
78 5 72
78 6 86
78 7 136
79 1 9
79 2 12
79 3 8
79 4 11
79 5 8
79 6 12
79 7 15
80 1 14
80 2 20
80 3 14
80 4 19
80 5 14
80 6 18
80 7 25
81 1 55
81 2 68
81 3 50
81 4 61
81 5 52
81 6 61
81 7 76
82 1 32
82 2 49
82 3 30
82 4 45
82 5 31
82 6 37
82 7 56
83 1 22
83 2 30
83 3 20
83 4 27
83 5 19
83 6 28
83 7 38
84 1 35
84 2 43
84 3 33
84 4 40
84 5 31
84 6 41
84 7 51
85 1 63
85 2 84
85 3 57
85 4 76
85 5 54
85 6 78
85 7 103
86 1 59
86 2 75
86 3 54
86 4 69
86 5 54
86 6 71
86 7 90
87 1 149
87 2 220
87 3 131
87 4 193
87 5 140
87 6 184
87 7 272
88 1 40
88 2 64
88 3 36
88 4 58
88 5 36
88 6 49
88 7 79
89 1 24
89 2 39
89 3 23
89 4 37
89 5 20
89 6 30
89 7 48
90 1 123
90 2 152
90 3 106
90 4 131
90 5 111
90 6 137
90 7 169
91 1 25
91 2 38
91 3 22
91 4 33
91 5 23
91 6 29
91 7 44
92 1 115
92 2 165
92 3 108
92 4 154
92 5 96
92 6 140
92 7 200
93 1 103
93 2 139
93 3 93
93 4 126
93 5 94
93 6 118
93 7 159
94 1 54
94 2 83
94 3 48
94 4 73
94 5 52
94 6 62
94 7 95

# Energy Consumption
1 1 0
1 2 58
1 3 0
1 4 45
1 5 23
1 6 0
1 7 41
2 1 0
2 2 15
2 3 0
2 4 11
2 5 6
2 6 0
2 7 11
3 1 0
3 2 7
3 3 0
3 4 4
3 5 2
3 6 0
3 7 4
4 1 0
4 2 11
4 3 0
4 4 7
4 5 4
4 6 0
4 7 6
5 1 0
5 2 23
5 3 0
5 4 15
5 5 10
5 6 0
5 7 17
6 1 0
6 2 22
6 3 0
6 4 17
6 5 10
6 6 0
6 7 16
7 1 0
7 2 16
7 3 0
7 4 11
7 5 8
7 6 0
7 7 11
8 1 0
8 2 20
8 3 0
8 4 16
8 5 8
8 6 0
8 7 15
9 1 0
9 2 11
9 3 0
9 4 8
9 5 5
9 6 0
9 7 7
10 1 0
10 2 12
10 3 0
10 4 10
10 5 4
10 6 0
10 7 8
11 1 0
11 2 43
11 3 0
11 4 26
11 5 17
11 6 0
11 7 21
12 1 0
12 2 43
12 3 0
12 4 32
12 5 15
12 6 0
12 7 31
13 1 0
13 2 24
13 3 0
13 4 18
13 5 8
13 6 0
13 7 13
14 1 0
14 2 22
14 3 0
14 4 19
14 5 9
14 6 0
14 7 14
15 1 0
15 2 6
15 3 0
15 4 5
15 5 2
15 6 0
15 7 5
16 1 0
16 2 4
16 3 0
16 4 4
16 5 2
16 6 0
16 7 3
17 1 0
17 2 4
17 3 0
17 4 3
17 5 2
17 6 0
17 7 3
18 1 0
18 2 9
18 3 0
18 4 6
18 5 3
18 6 0
18 7 5
19 1 0
19 2 3
19 3 0
19 4 2
19 5 2
19 6 0
19 7 2
20 1 0
20 2 6
20 3 0
20 4 5
20 5 3
20 6 0
20 7 5
21 1 0
21 2 18
21 3 0
21 4 11
21 5 8
21 6 0
21 7 11
22 1 0
22 2 14
22 3 0
22 4 10
22 5 6
22 6 0
22 7 9
23 1 0
23 2 7
23 3 0
23 4 4
23 5 3
23 6 0
23 7 4
24 1 0
24 2 5
24 3 0
24 4 3
24 5 2
24 6 0
24 7 3
25 1 0
25 2 5
25 3 0
25 4 4
25 5 3
25 6 0
25 7 4
26 1 0
26 2 9
26 3 0
26 4 7
26 5 4
26 6 0
26 7 6
27 1 0
27 2 8
27 3 0
27 4 6
27 5 3
27 6 0
27 7 5
28 1 0
28 2 7
28 3 0
28 4 5
28 5 3
28 6 0
28 7 5
29 1 0
29 2 7
29 3 0
29 4 5
29 5 3
29 6 0
29 7 5
30 1 0
30 2 6
30 3 0
30 4 5
30 5 3
30 6 0
30 7 5
31 1 0
31 2 23
31 3 0
31 4 15
31 5 8
31 6 0
31 7 14
32 1 0
32 2 6
32 3 0
32 4 5
32 5 3
32 6 0
32 7 4
33 1 0
33 2 5
33 3 0
33 4 4
33 5 2
33 6 0
33 7 3
34 1 0
34 2 9
34 3 0
34 4 6
34 5 3
34 6 0
34 7 5
35 1 0
35 2 27
35 3 0
35 4 18
35 5 10
35 6 0
35 7 15
36 1 0
36 2 3
36 3 0
36 4 2
36 5 2
36 6 0
36 7 2
37 1 0
37 2 26
37 3 0
37 4 21
37 5 8
37 6 0
37 7 18
38 1 0
38 2 4
38 3 0
38 4 3
38 5 2
38 6 0
38 7 2
39 1 0
39 2 8
39 3 0
39 4 6
39 5 3
39 6 0
39 7 5
40 1 0
40 2 27
40 3 0
40 4 18
40 5 11
40 6 0
40 7 17
41 1 0
41 2 11
41 3 0
41 4 8
41 5 4
41 6 0
41 7 8
42 1 0
42 2 23
42 3 0
42 4 16
42 5 10
42 6 0
42 7 19
43 1 0
43 2 12
43 3 0
43 4 7
43 5 4
43 6 0
43 7 8
44 1 0
44 2 4
44 3 0
44 4 3
44 5 2
44 6 0
44 7 3
45 1 0
45 2 16
45 3 0
45 4 12
45 5 6
45 6 0
45 7 11
46 1 0
46 2 14
46 3 0
46 4 12
46 5 6
46 6 0
46 7 11
47 1 0
47 2 27
47 3 0
47 4 23
47 5 11
47 6 0
47 7 17
48 1 0
48 2 13
48 3 0
48 4 8
48 5 5
48 6 0
48 7 7
49 1 0
49 2 6
49 3 0
49 4 4
49 5 2
49 6 0
49 7 4
50 1 0
50 2 11
50 3 0
50 4 8
50 5 4
50 6 0
50 7 7
51 1 0
51 2 22
51 3 0
51 4 15
51 5 8
51 6 0
51 7 12
52 1 0
52 2 4
52 3 0
52 4 3
52 5 2
52 6 0
52 7 2
53 1 0
53 2 60
53 3 0
53 4 41
53 5 23
53 6 0
53 7 40
54 1 0
54 2 23
54 3 0
54 4 16
54 5 8
54 6 0
54 7 12
55 1 0
55 2 15
55 3 0
55 4 12
55 5 6
55 6 0
55 7 11
56 1 0
56 2 7
56 3 0
56 4 4
56 5 3
56 6 0
56 7 5
57 1 0
57 2 31
57 3 0
57 4 28
57 5 12
57 6 0
57 7 25
58 1 0
58 2 4
58 3 0
58 4 3
58 5 2
58 6 0
58 7 2
59 1 0
59 2 7
59 3 0
59 4 5
59 5 3
59 6 0
59 7 4
60 1 0
60 2 8
60 3 0
60 4 6
60 5 4
60 6 0
60 7 5
61 1 0
61 2 4
61 3 0
61 4 2
61 5 2
61 6 0
61 7 2
62 1 0
62 2 12
62 3 0
62 4 9
62 5 5
62 6 0
62 7 7
63 1 0
63 2 19
63 3 0
63 4 16
63 5 9
63 6 0
63 7 13
64 1 0
64 2 6
64 3 0
64 4 4
64 5 2
64 6 0
64 7 3
65 1 0
65 2 4
65 3 0
65 4 3
65 5 2
65 6 0
65 7 2
66 1 0
66 2 15
66 3 0
66 4 11
66 5 6
66 6 0
66 7 11
67 1 0
67 2 9
67 3 0
67 4 8
67 5 4
67 6 0
67 7 6
68 1 0
68 2 7
68 3 0
68 4 5
68 5 3
68 6 0
68 7 5
69 1 0
69 2 21
69 3 0
69 4 15
69 5 8
69 6 0
69 7 11
70 1 0
70 2 25
70 3 0
70 4 21
70 5 9
70 6 0
70 7 15
71 1 0
71 2 28
71 3 0
71 4 22
71 5 10
71 6 0
71 7 17
72 1 0
72 2 22
72 3 0
72 4 15
72 5 7
72 6 0
72 7 11
73 1 0
73 2 19
73 3 0
73 4 15
73 5 8
73 6 0
73 7 13
74 1 0
74 2 15
74 3 0
74 4 12
74 5 8
74 6 0
74 7 11
75 1 0
75 2 31
75 3 0
75 4 24
75 5 10
75 6 0
75 7 19
76 1 0
76 2 32
76 3 0
76 4 20
76 5 14
76 6 0
76 7 20
77 1 0
77 2 35
77 3 0
77 4 22
77 5 12
77 6 0
77 7 18
78 1 0
78 2 33
78 3 0
78 4 22
78 5 11
78 6 0
78 7 20
79 1 0
79 2 4
79 3 0
79 4 3
79 5 2
79 6 0
79 7 3
80 1 0
80 2 6
80 3 0
80 4 4
80 5 3
80 6 0
80 7 4
81 1 0
81 2 21
81 3 0
81 4 12
81 5 8
81 6 0
81 7 11
82 1 0
82 2 14
82 3 0
82 4 9
82 5 5
82 6 0
82 7 8
83 1 0
83 2 7
83 3 0
83 4 6
83 5 3
83 6 0
83 7 6
84 1 0
84 2 13
84 3 0
84 4 8
84 5 5
84 6 0
84 7 7
85 1 0
85 2 25
85 3 0
85 4 16
85 5 9
85 6 0
85 7 14
86 1 0
86 2 18
86 3 0
86 4 14
86 5 8
86 6 0
86 7 13
87 1 0
87 2 55
87 3 0
87 4 36
87 5 21
87 6 0
87 7 35
88 1 0
88 2 18
88 3 0
88 4 12
88 5 6
88 6 0
88 7 12
89 1 0
89 2 9
89 3 0
89 4 8
89 5 3
89 6 0
89 7 7
90 1 0
90 2 41
90 3 0
90 4 28
90 5 18
90 6 0
90 7 22
91 1 0
91 2 9
91 3 0
91 4 8
91 5 4
91 6 0
91 7 6
92 1 0
92 2 44
92 3 0
92 4 34
92 5 15
92 6 0
92 7 30
93 1 0
93 2 41
93 3 0
93 4 27
93 5 15
93 6 0
93 7 20
94 1 0
94 2 20
94 3 0
94 4 15
94 5 8
94 6 0
94 7 12

# Precedence Relations
1 2
1 3
1 4
1 5
1 6
1 7
1 8
1 9
1 10
2 11
2 17
3 12
4 11
4 16
5 11
5 13
5 18
5 16
6 11
6 15
6 13
6 19
7 42
8 29
9 11
10 19
10 37
10 48
10 50
11 14
12 20
12 61
12 52
13 82
14 25
14 23
14 30
14 31
14 24
14 32
14 22
14 21
14 26
14 28
14 27
14 29
15 81
16 75
17 82
18 75
19 75
20 78
21 71
21 60
21 53
21 39
21 40
21 41
22 38
22 72
22 49
22 58
23 34
23 35
24 37
24 44
25 57
25 63
25 33
25 73
25 60
25 65
25 56
26 41
26 43
27 62
27 58
27 54
27 55
27 56
28 33
28 35
28 40
28 43
28 49
28 51
28 52
28 54
29 75
30 59
30 42
30 36
31 74
32 36
32 47
32 44
32 60
32 45
32 69
32 46
32 48
32 50
33 78
34 78
35 78
36 82
37 61
37 73
37 64
37 66
37 67
37 68
37 69
37 70
37 71
37 72
37 62
38 82
39 82
40 78
41 78
42 74
43 78
44 75
45 75
46 75
46 76
47 75
48 75
49 78
50 75
51 78
52 78
53 76
53 77
54 78
55 77
56 77
57 76
57 77
58 77
59 82
60 77
61 77
62 77
63 77
64 74
65 74
66 75
66 76
67 74
68 82
69 77
69 75
70 77
70 76
71 76
72 76
73 77
74 82
75 82
76 82
77 78
78 79
78 80
79 81
80 81
81 82
82 83
83 84
83 85
84 86
85 86
86 87
87 88
88 89
88 90
89 92
90 91
90 93
92 94

# Parameters
R_e = 0.0500
T = 234.0
C_s = 4.0
C_w = 36.0
C_c = 5.0
