# Tasks
1 2 3 4 5 6 7 8 9 10 11 12 13 14 15 16 17 18 19 20

# Workstations
1 2 3 4 5 6 7 8 9 10 11 12 13 14 15 16 17 18 19 20

# Modes
1 2 3 4 5 6 7

# Processing Times
1 1 27
1 2 34
1 3 27
1 4 33
1 5 11
1 6 38
1 7 48
2 1 123
2 2 153
2 3 120
2 4 149
2 5 46
2 6 171
2 7 212
3 1 188
3 2 233
3 3 183
3 4 226
3 5 70
3 6 261
3 7 323
4 1 152
4 2 189
4 3 148
4 4 184
4 5 57
4 6 211
4 7 262
5 1 210
5 2 261
5 3 204
5 4 254
5 5 79
5 6 291
5 7 362
6 1 206
6 2 256
6 3 200
6 4 249
6 5 77
6 6 286
6 7 355
7 1 234
7 2 290
7 3 227
7 4 282
7 5 88
7 6 325
7 7 402
8 1 178
8 2 221
8 3 173
8 4 215
8 5 67
8 6 247
8 7 307
9 1 82
9 2 102
9 3 80
9 4 99
9 5 31
9 6 114
9 7 142
10 1 126
10 2 157
10 3 123
10 4 153
10 5 47
10 6 175
10 7 218
11 1 93
11 2 116
11 3 91
11 4 113
11 5 35
11 6 129
11 7 161
12 1 135
12 2 168
12 3 131
12 4 163
12 5 51
12 6 187
12 7 233
13 1 159
13 2 198
13 3 155
13 4 192
13 5 60
13 6 221
13 7 275
14 1 177
14 2 220
14 3 172
14 4 214
14 5 66
14 6 246
14 7 305
15 1 196
15 2 243
15 3 191
15 4 236
15 5 73
15 6 272
15 7 337
16 1 165
16 2 205
16 3 160
16 4 199
16 5 62
16 6 229
16 7 284
17 1 104
17 2 129
17 3 101
17 4 126
17 5 39
17 6 145
17 7 179
18 1 157
18 2 195
18 3 153
18 4 190
18 5 59
18 6 218
18 7 271
19 1 87
19 2 108
19 3 85
19 4 105
19 5 33
19 6 121
19 7 150
20 1 140
20 2 174
20 3 136
20 4 169
20 5 53
20 6 194
20 7 241

# Energy Consumption
1 1 0
1 2 8
1 3 0
1 4 7
1 5 2
1 6 0
1 7 7
2 1 0
2 2 35
2 3 0
2 4 31
2 5 7
2 6 0
2 7 28
3 1 0
3 2 68
3 3 0
3 4 43
3 5 12
3 6 0
3 7 39
4 1 0
4 2 45
4 3 0
4 4 40
4 5 9
4 6 0
4 7 36
5 1 0
5 2 71
5 3 0
5 4 48
5 5 13
5 6 0
5 7 50
6 1 0
6 2 70
6 3 0
6 4 53
6 5 12
6 6 0
6 7 48
7 1 0
7 2 79
7 3 0
7 4 61
7 5 14
7 6 0
7 7 54
8 1 0
8 2 61
8 3 0
8 4 47
8 5 11
8 6 0
8 7 39
9 1 0
9 2 25
9 3 0
9 4 19
9 5 5
9 6 0
9 7 19
10 1 0
10 2 40
10 3 0
10 4 30
10 5 8
10 6 0
10 7 31
11 1 0
11 2 34
11 3 0
11 4 21
11 5 5
11 6 0
11 7 23
12 1 0
12 2 43
12 3 0
12 4 35
12 5 8
12 6 0
12 7 29
13 1 0
13 2 50
13 3 0
13 4 40
13 5 10
13 6 0
13 7 38
14 1 0
14 2 53
14 3 0
14 4 41
14 5 10
14 6 0
14 7 46
15 1 0
15 2 66
15 3 0
15 4 46
15 5 11
15 6 0
15 7 49
16 1 0
16 2 47
16 3 0
16 4 39
16 5 10
16 6 0
16 7 35
17 1 0
17 2 39
17 3 0
17 4 24
17 5 6
17 6 0
17 7 26
18 1 0
18 2 47
18 3 0
18 4 42
18 5 10
18 6 0
18 7 34
19 1 0
19 2 31
19 3 0
19 4 21
19 5 5
19 6 0
19 7 22
20 1 0
20 2 52
20 3 0
20 4 35
20 5 9
20 6 0
20 7 30

# Precedence Relations
1 9
2 9
3 9
4 7
5 6
5 8
6 9
7 9
8 10
8 11
9 12
9 13
9 14
9 15
10 17
12 17
13 16
16 19
16 20
17 18

# Parameters
R_e = 0.0500
T = 1000.0
C_s = 4.0
C_w = 36.0
C_c = 5.0
