# Tasks
1 2 3 4 5 6 7 8 9 10 11 12 13 14 15 16 17 18 19 20 21 22 23 24 25 26 27 28 29 30 31 32

# Workstations
1 2 3 4 5 6 7 8 9 10 11 12 13 14 15 16 17 18 19 20 21 22 23 24 25 26 27 28 29 30 31 32

# Modes
1 2 3 4 5 6 7

# Processing Times
1 1 458
1 2 473
1 3 454
1 4 469
1 5 263
1 6 533
1 7 551
2 1 276
2 2 278
2 3 280
2 4 282
2 5 185
2 6 312
2 7 314
3 1 520
3 2 532
3 3 545
3 4 557
3 5 353
3 6 642
3 7 657
4 1 1400
4 2 1203
4 3 1343
4 4 1154
4 5 799
4 6 1647
4 7 1416
5 1 352
5 2 303
5 3 336
5 4 290
5 5 243
5 6 440
5 7 379
6 1 196
6 2 213
6 3 204
6 4 222
6 5 110
6 6 231
6 7 251
7 1 214
7 2 195
7 3 224
7 4 204
7 5 149
7 6 253
7 7 230
8 1 456
8 2 442
8 3 452
8 4 438
8 5 317
8 6 554
8 7 537
9 1 646
9 2 578
9 3 616
9 4 551
9 5 374
9 6 793
9 7 710
10 1 512
10 2 494
10 3 501
10 4 483
10 5 351
10 6 602
10 7 581
11 1 408
11 2 353
11 3 402
11 4 348
11 5 238
11 6 491
11 7 425
12 1 262
12 2 288
12 3 273
12 4 300
12 5 173
12 6 326
12 7 358
13 1 544
13 2 560
13 3 565
13 4 581
13 5 323
13 6 671
13 7 690
14 1 202
14 2 209
14 3 210
14 4 217
14 5 130
14 6 235
14 7 243
15 1 458
15 2 431
15 3 468
15 4 441
15 5 314
15 6 536
15 7 505
16 1 694
16 2 709
16 3 693
16 4 708
16 5 430
16 6 793
16 7 810
17 1 616
17 2 596
17 3 591
17 4 572
17 5 394
17 6 734
17 7 710
18 1 678
18 2 722
18 3 673
18 4 717
18 5 385
18 6 825
18 7 878
19 1 328
19 2 287
19 3 322
19 4 282
19 5 187
19 6 362
19 7 317
20 1 324
20 2 326
20 3 317
20 4 319
20 5 220
20 6 368
20 7 371
21 1 100
21 2 101
21 3 100
21 4 101
21 5 68
21 6 122
21 7 123
22 1 352
22 2 334
22 3 349
22 4 331
22 5 231
22 6 415
22 7 394
23 1 544
23 2 534
23 3 521
23 4 511
23 5 366
23 6 626
23 7 614
24 1 500
24 2 433
24 3 522
24 4 452
24 5 287
24 6 565
24 7 489
25 1 382
25 2 402
25 3 385
25 4 405
25 5 265
25 6 424
25 7 446
26 1 858
26 2 811
26 3 851
26 4 805
26 5 481
26 6 945
26 7 893
27 1 388
27 2 384
27 3 392
27 4 388
27 5 270
27 6 443
27 7 439
28 1 352
28 2 339
28 3 360
28 4 347
28 5 241
28 6 413
28 7 398
29 1 428
29 2 428
29 3 439
29 4 439
29 5 289
29 6 497
29 7 497
30 1 238
30 2 247
30 3 237
30 4 246
30 5 144
30 6 275
30 7 286
31 1 258
31 2 275
31 3 269
31 4 286
31 5 145
31 6 303
31 7 323
32 1 196
32 2 201
32 3 204
32 4 209
32 5 127
32 6 245
32 7 251

# Energy Consumption
1 1 0
1 2 125
1 3 0
1 4 90
1 5 41
1 6 0
1 7 68
2 1 0
2 2 67
2 3 0
2 4 62
2 5 28
2 6 0
2 7 39
3 1 0
3 2 138
3 3 0
3 4 116
3 5 53
3 6 0
3 7 97
4 1 0
4 2 355
4 3 0
4 4 221
4 5 120
4 6 0
4 7 197
5 1 0
5 2 71
5 3 0
5 4 57
5 5 37
5 6 0
5 7 49
6 1 0
6 2 52
6 3 0
6 4 45
6 5 17
6 6 0
6 7 32
7 1 0
7 2 44
7 3 0
7 4 39
7 5 22
7 6 0
7 7 29
8 1 0
8 2 131
8 3 0
8 4 91
8 5 51
8 6 0
8 7 79
9 1 0
9 2 156
9 3 0
9 4 121
9 5 60
9 6 0
9 7 95
10 1 0
10 2 138
10 3 0
10 4 99
10 5 53
10 6 0
10 7 75
11 1 0
11 2 92
11 3 0
11 4 66
11 5 35
11 6 0
11 7 60
12 1 0
12 2 76
12 3 0
12 4 62
12 5 28
12 6 0
12 7 47
13 1 0
13 2 160
13 3 0
13 4 124
13 5 48
13 6 0
13 7 92
14 1 0
14 2 62
14 3 0
14 4 43
14 5 20
14 6 0
14 7 37
15 1 0
15 2 128
15 3 0
15 4 84
15 5 47
15 6 0
15 7 73
16 1 0
16 2 180
16 3 0
16 4 151
16 5 65
16 6 0
16 7 115
17 1 0
17 2 156
17 3 0
17 4 119
17 5 57
17 6 0
17 7 92
18 1 0
18 2 194
18 3 0
18 4 140
18 5 62
18 6 0
18 7 126
19 1 0
19 2 65
19 3 0
19 4 57
19 5 29
19 6 0
19 7 45
20 1 0
20 2 90
20 3 0
20 4 65
20 5 35
20 6 0
20 7 47
21 1 0
21 2 29
21 3 0
21 4 19
21 5 11
21 6 0
21 7 18
22 1 0
22 2 91
22 3 0
22 4 66
22 5 36
22 6 0
22 7 57
23 1 0
23 2 140
23 3 0
23 4 97
23 5 58
23 6 0
23 7 81
24 1 0
24 2 115
24 3 0
24 4 98
24 5 44
24 6 0
24 7 66
25 1 0
25 2 106
25 3 0
25 4 76
25 5 39
25 6 0
25 7 56
26 1 0
26 2 242
26 3 0
26 4 155
26 5 71
26 6 0
26 7 123
27 1 0
27 2 97
27 3 0
27 4 73
27 5 40
27 6 0
27 7 55
28 1 0
28 2 98
28 3 0
28 4 71
28 5 38
28 6 0
28 7 59
29 1 0
29 2 112
29 3 0
29 4 94
29 5 46
29 6 0
29 7 68
30 1 0
30 2 71
30 3 0
30 4 48
30 5 23
30 6 0
30 7 40
31 1 0
31 2 65
31 3 0
31 4 58
31 5 22
31 6 0
31 7 48
32 1 0
32 2 52
32 3 0
32 4 40
32 5 20
32 6 0
32 7 33

# Precedence Relations
1 5
2 6
3 9
4 15
5 6
6 7
6 8
6 9
7 21
8 21
9 10
9 11
10 16
11 12
12 13
13 14
13 15
14 16
14 17
15 17
16 18
17 19
18 21
19 20
20 21
21 22
21 23
21 24
22 25
23 32
24 32
25 26
26 27
27 28
28 29
29 30
30 31
31 32

# Parameters
R_e = 0.0500
T = 1894.0
C_s = 4.0
C_w = 36.0
C_c = 5.0
