# Tasks
1 2 3 4 5 6 7 8 9 10 11 12 13 14 15 16 17 18 19 20 21 22 23 24 25 26 27 28 29

# Workstations
1 2 3 4 5 6 7 8 9 10 11 12 13 14 15 16 17 18 19 20 21 22 23 24 25 26 27 28 29

# Modes
1 2 3 4 5 6 7

# Processing Times
1 1 7
1 2 15
1 3 8
1 4 17
1 5 4
1 6 9
1 7 19
2 1 19
2 2 39
2 3 21
2 4 42
2 5 9
2 6 24
2 7 48
3 1 15
3 2 31
3 3 17
3 4 34
3 5 7
3 6 19
3 7 38
4 1 5
4 2 11
4 3 6
4 4 12
4 5 3
4 6 7
4 7 14
5 1 12
5 2 25
5 3 13
5 4 27
5 5 6
5 6 15
5 7 31
6 1 10
6 2 21
6 3 11
6 4 23
6 5 5
6 6 13
6 7 26
7 1 8
7 2 17
7 3 9
7 4 19
7 5 4
7 6 10
7 7 21
8 1 16
8 2 33
8 3 18
8 4 36
8 5 8
8 6 20
8 7 41
9 1 2
9 2 5
9 3 3
9 4 6
9 5 1
9 6 3
9 7 7
10 1 6
10 2 13
10 3 7
10 4 14
10 5 3
10 6 8
10 7 16
11 1 21
11 2 43
11 3 23
11 4 46
11 5 10
11 6 26
11 7 53
12 1 10
12 2 21
12 3 11
12 4 23
12 5 5
12 6 13
12 7 26
13 1 9
13 2 19
13 3 10
13 4 21
13 5 4
13 6 12
13 7 24
14 1 4
14 2 9
14 3 5
14 4 10
14 5 2
14 6 5
14 7 12
15 1 14
15 2 29
15 3 15
15 4 31
15 5 7
15 6 18
15 7 36
16 1 7
16 2 15
16 3 8
16 4 17
16 5 4
16 6 9
16 7 19
17 1 14
17 2 29
17 3 15
17 4 31
17 5 7
17 6 18
17 7 36
18 1 17
18 2 35
18 3 19
18 4 38
18 5 8
18 6 21
18 7 43
19 1 10
19 2 21
19 3 11
19 4 23
19 5 5
19 6 13
19 7 26
20 1 16
20 2 33
20 3 18
20 4 36
20 5 8
20 6 20
20 7 41
21 1 1
21 2 3
21 3 2
21 4 4
21 5 1
21 6 2
21 7 4
22 1 9
22 2 19
22 3 10
22 4 21
22 5 4
22 6 12
22 7 24
23 1 25
23 2 52
23 3 27
23 4 56
23 5 12
23 6 31
23 7 64
24 1 14
24 2 29
24 3 15
24 4 31
24 5 7
24 6 18
24 7 36
25 1 14
25 2 29
25 3 15
25 4 31
25 5 7
25 6 18
25 7 36
26 1 2
26 2 5
26 3 3
26 4 6
26 5 1
26 6 3
26 7 7
27 1 10
27 2 21
27 3 11
27 4 23
27 5 5
27 6 13
27 7 26
28 1 7
28 2 15
28 3 8
28 4 17
28 5 4
28 6 9
28 7 19
29 1 20
29 2 41
29 3 22
29 4 44
29 5 9
29 6 25
29 7 51

# Energy Consumption
1 1 0
1 2 4
1 3 0
1 4 4
1 5 1
1 6 0
1 7 3
2 1 0
2 2 10
2 3 0
2 4 10
2 5 2
2 6 0
2 7 7
3 1 0
3 2 7
3 3 0
3 4 7
3 5 2
3 6 0
3 7 5
4 1 0
4 2 4
4 3 0
4 4 3
4 5 1
4 6 0
4 7 2
5 1 0
5 2 7
5 3 0
5 4 6
5 5 1
5 6 0
5 7 5
6 1 0
6 2 5
6 3 0
6 4 5
6 5 1
6 6 0
6 7 4
7 1 0
7 2 5
7 3 0
7 4 4
7 5 1
7 6 0
7 7 3
8 1 0
8 2 9
8 3 0
8 4 8
8 5 2
8 6 0
8 7 6
9 1 0
9 2 2
9 3 0
9 4 2
9 5 1
9 6 0
9 7 2
10 1 0
10 2 4
10 3 0
10 4 3
10 5 1
10 6 0
10 7 3
11 1 0
11 2 10
11 3 0
11 4 9
11 5 2
11 6 0
11 7 8
12 1 0
12 2 5
12 3 0
12 4 5
12 5 1
12 6 0
12 7 4
13 1 0
13 2 5
13 3 0
13 4 5
13 5 1
13 6 0
13 7 4
14 1 0
14 2 3
14 3 0
14 4 2
14 5 1
14 6 0
14 7 2
15 1 0
15 2 9
15 3 0
15 4 7
15 5 2
15 6 0
15 7 5
16 1 0
16 2 4
16 3 0
16 4 4
16 5 1
16 6 0
16 7 3
17 1 0
17 2 9
17 3 0
17 4 7
17 5 2
17 6 0
17 7 5
18 1 0
18 2 9
18 3 0
18 4 8
18 5 2
18 6 0
18 7 7
19 1 0
19 2 6
19 3 0
19 4 5
19 5 1
19 6 0
19 7 4
20 1 0
20 2 10
20 3 0
20 4 7
20 5 2
20 6 0
20 7 6
21 1 0
21 2 1
21 3 0
21 4 1
21 5 1
21 6 0
21 7 1
22 1 0
22 2 6
22 3 0
22 4 4
22 5 1
22 6 0
22 7 4
23 1 0
23 2 14
23 3 0
23 4 11
23 5 2
23 6 0
23 7 10
24 1 0
24 2 8
24 3 0
24 4 7
24 5 2
24 6 0
24 7 5
25 1 0
25 2 8
25 3 0
25 4 7
25 5 1
25 6 0
25 7 5
26 1 0
26 2 2
26 3 0
26 4 2
26 5 1
26 6 0
26 7 1
27 1 0
27 2 7
27 3 0
27 4 5
27 5 1
27 6 0
27 7 4
28 1 0
28 2 5
28 3 0
28 4 4
28 5 1
28 6 0
28 7 3
29 1 0
29 2 12
29 3 0
29 4 10
29 5 2
29 6 0
29 7 7

# Precedence Relations
1 3
1 25
2 6
2 26
3 4
4 5
5 8
5 13
6 8
7 9
7 12
7 25
8 11
8 16
9 10
10 14
10 15
11 17
12 15
13 17
14 16
15 19
16 18
17 20
18 22
19 21
20 23
21 22
22 23
23 24
23 28
24 29
25 29
26 27
27 29
28 29

# Parameters
R_e = 0.0500
T = 67.2
C_s = 4.0
C_w = 36.0
C_c = 5.0
