# Tasks
1 2 3 4 5 6 7 8 9 10 11 12 13 14 15 16 17 18 19 20

# Workstations
1 2 3 4 5 6 7 8 9 10 11 12 13 14 15 16 17 18 19 20

# Modes
1 2 3 4 5 6 7

# Processing Times
1 1 136
1 2 188
1 3 145
1 4 200
1 5 86
1 6 144
1 7 199
2 1 106
2 2 160
2 3 112
2 4 169
2 5 64
2 6 113
2 7 171
3 1 251
3 2 308
3 3 273
3 4 335
3 5 168
3 6 264
3 7 324
4 1 272
4 2 388
4 3 291
4 4 415
4 5 181
4 6 297
4 7 423
5 1 38
5 2 53
5 3 41
5 4 57
5 5 22
5 6 40
5 7 55
6 1 132
6 2 201
6 3 144
6 4 218
6 5 83
6 6 140
6 7 213
7 1 207
7 2 315
7 3 227
7 4 345
7 5 123
7 6 222
7 7 338
8 1 105
8 2 162
8 3 114
8 4 176
8 5 73
8 6 114
8 7 176
9 1 175
9 2 231
9 3 193
9 4 254
9 5 101
9 6 177
9 7 233
10 1 207
10 2 309
10 3 223
10 4 332
10 5 131
10 6 210
10 7 313
11 1 89
11 2 137
11 3 98
11 4 150
11 5 54
11 6 96
11 7 148
12 1 133
12 2 194
12 3 141
12 4 206
12 5 84
12 6 138
12 7 201
13 1 168
13 2 248
13 3 182
13 4 268
13 5 105
13 6 183
13 7 269
14 1 43
14 2 58
14 3 46
14 4 62
14 5 28
14 6 45
14 7 60
15 1 221
15 2 288
15 3 242
15 4 316
15 5 130
15 6 223
15 7 290
16 1 121
16 2 150
16 3 132
16 4 163
16 5 81
16 6 128
16 7 159
17 1 61
17 2 87
17 3 65
17 4 92
17 5 43
17 6 62
17 7 88
18 1 30
18 2 44
18 3 32
18 4 47
18 5 18
18 6 33
18 7 49
19 1 262
19 2 367
19 3 285
19 4 399
19 5 162
19 6 279
19 7 391
20 1 153
20 2 199
20 3 164
20 4 213
20 5 90
20 6 164
20 7 214

# Energy Consumption
1 1 0
1 2 46
1 3 0
1 4 42
1 5 14
1 6 0
1 7 29
2 1 0
2 2 41
2 3 0
2 4 34
2 5 10
2 6 0
2 7 25
3 1 0
3 2 86
3 3 0
3 4 66
3 5 27
3 6 0
3 7 45
4 1 0
4 2 97
4 3 0
4 4 92
4 5 26
4 6 0
4 7 61
5 1 0
5 2 13
5 3 0
5 4 12
5 5 4
5 6 0
5 7 8
6 1 0
6 2 45
6 3 0
6 4 47
6 5 13
6 6 0
6 7 30
7 1 0
7 2 71
7 3 0
7 4 75
7 5 18
7 6 0
7 7 48
8 1 0
8 2 42
8 3 0
8 4 37
8 5 11
8 6 0
8 7 25
9 1 0
9 2 62
9 3 0
9 4 55
9 5 16
9 6 0
9 7 35
10 1 0
10 2 89
10 3 0
10 4 69
10 5 20
10 6 0
10 7 45
11 1 0
11 2 31
11 3 0
11 4 28
11 5 9
11 6 0
11 7 22
12 1 0
12 2 50
12 3 0
12 4 45
12 5 12
12 6 0
12 7 28
13 1 0
13 2 60
13 3 0
13 4 54
13 5 16
13 6 0
13 7 37
14 1 0
14 2 18
14 3 0
14 4 13
14 5 5
14 6 0
14 7 8
15 1 0
15 2 74
15 3 0
15 4 59
15 5 20
15 6 0
15 7 36
16 1 0
16 2 43
16 3 0
16 4 35
16 5 13
16 6 0
16 7 21
17 1 0
17 2 24
17 3 0
17 4 21
17 5 7
17 6 0
17 7 12
18 1 0
18 2 11
18 3 0
18 4 10
18 5 3
18 6 0
18 7 7
19 1 0
19 2 102
19 3 0
19 4 82
19 5 26
19 6 0
19 7 59
20 1 0
20 2 51
20 3 0
20 4 47
20 5 14
20 6 0
20 7 27

# Precedence Relations
1 7
2 6
2 15
3 11
4 8
5 8
6 10
7 9
8 11
9 12
10 13
11 14
11 15
12 17
13 17
14 16
15 17
16 18
17 18
17 19
17 20

# Parameters
R_e = 0.0500
T = 1000.0
C_s = 4.0
C_w = 36.0
C_c = 5.0
