# Tasks
1 2 3 4 5 6 7 8 9 10 11 12 13 14 15 16 17 18 19 20

# Workstations
1 2 3 4 5 6 7 8 9 10 11 12 13 14 15 16 17 18 19 20

# Modes
1 2 3 4 5 6 7

# Processing Times
1 1 136
1 2 210
1 3 122
1 4 188
1 5 110
1 6 158
1 7 244
2 1 106
2 2 145
2 3 96
2 4 131
2 5 85
2 6 118
2 7 161
3 1 251
3 2 324
3 3 230
3 4 297
3 5 210
3 6 283
3 7 365
4 1 272
4 2 418
4 3 249
4 4 382
4 5 233
4 6 324
4 7 497
5 1 38
5 2 47
5 3 37
5 4 45
5 5 32
5 6 48
5 7 59
6 1 132
6 2 176
6 3 122
6 4 162
6 5 107
6 6 146
6 7 195
7 1 207
7 2 256
7 3 189
7 4 234
7 5 191
7 6 230
7 7 284
8 1 105
8 2 154
8 3 94
8 4 138
8 5 87
8 6 126
8 7 185
9 1 175
9 2 224
9 3 166
9 4 213
9 5 159
9 6 209
9 7 268
10 1 207
10 2 327
10 3 188
10 4 297
10 5 172
10 6 255
10 7 402
11 1 89
11 2 116
11 3 84
11 4 109
11 5 83
11 6 110
11 7 143
12 1 133
12 2 199
12 3 118
12 4 176
12 5 110
12 6 157
12 7 235
13 1 168
13 2 256
13 3 156
13 4 237
13 5 142
13 6 191
13 7 291
14 1 43
14 2 62
14 3 41
14 4 59
14 5 38
14 6 49
14 7 70
15 1 221
15 2 327
15 3 197
15 4 291
15 5 210
15 6 275
15 7 407
16 1 121
16 2 173
16 3 105
16 4 149
16 5 101
16 6 134
16 7 192
17 1 61
17 2 74
17 3 56
17 4 68
17 5 58
17 6 71
17 7 86
18 1 30
18 2 47
18 3 27
18 4 42
18 5 26
18 6 38
18 7 59
19 1 262
19 2 374
19 3 234
19 4 334
19 5 237
19 6 296
19 7 422
20 1 153
20 2 211
20 3 131
20 4 181
20 5 128
20 6 179
20 7 247

# Energy Consumption
1 1 0
1 2 50
1 3 0
1 4 41
1 5 17
1 6 0
1 7 34
2 1 0
2 2 36
2 3 0
2 4 28
2 5 13
2 6 0
2 7 24
3 1 0
3 2 92
3 3 0
3 4 55
3 5 30
3 6 0
3 7 50
4 1 0
4 2 118
4 3 0
4 4 81
4 5 36
4 6 0
4 7 69
5 1 0
5 2 12
5 3 0
5 4 9
5 5 5
5 6 0
5 7 9
6 1 0
6 2 43
6 3 0
6 4 34
6 5 17
6 6 0
6 7 29
7 1 0
7 2 65
7 3 0
7 4 47
7 5 31
7 6 0
7 7 42
8 1 0
8 2 37
8 3 0
8 4 29
8 5 13
8 6 0
8 7 28
9 1 0
9 2 62
9 3 0
9 4 46
9 5 24
9 6 0
9 7 39
10 1 0
10 2 85
10 3 0
10 4 65
10 5 26
10 6 0
10 7 60
11 1 0
11 2 34
11 3 0
11 4 22
11 5 13
11 6 0
11 7 18
12 1 0
12 2 50
12 3 0
12 4 38
12 5 17
12 6 0
12 7 35
13 1 0
13 2 70
13 3 0
13 4 51
13 5 21
13 6 0
13 7 40
14 1 0
14 2 15
14 3 0
14 4 13
14 5 6
14 6 0
14 7 9
15 1 0
15 2 78
15 3 0
15 4 61
15 5 32
15 6 0
15 7 59
16 1 0
16 2 39
16 3 0
16 4 33
16 5 16
16 6 0
16 7 24
17 1 0
17 2 22
17 3 0
17 4 13
17 5 9
17 6 0
17 7 12
18 1 0
18 2 14
18 3 0
18 4 8
18 5 4
18 6 0
18 7 9
19 1 0
19 2 88
19 3 0
19 4 61
19 5 34
19 6 0
19 7 54
20 1 0
20 2 50
20 3 0
20 4 37
20 5 20
20 6 0
20 7 37

# Precedence Relations
1 7
2 6
2 15
3 11
4 8
5 8
6 10
7 9
8 11
9 12
10 13
11 14
11 15
12 17
13 17
14 16
15 17
16 18
17 18
17 19
17 20

# Parameters
R_e = 0.0500
T = 1000.0
C_s = 4.0
C_w = 36.0
C_c = 5.0
