# Tasks
1 2 3 4 5 6 7 8 9 10 11 12 13 14 15 16 17 18 19 20

# Workstations
1 2 3 4 5 6 7 8 9 10 11 12 13 14 15 16 17 18 19 20

# Modes
1 2 3 4 5 6 7

# Processing Times
1 1 88
1 2 93
1 3 77
1 4 81
1 5 33
1 6 89
1 7 94
2 1 95
2 2 103
2 3 88
2 4 96
2 5 38
2 6 104
2 7 113
3 1 105
3 2 110
3 3 92
3 4 96
3 5 34
3 6 108
3 7 113
4 1 140
4 2 140
4 3 125
4 4 125
4 5 43
4 6 147
4 7 147
5 1 114
5 2 124
5 3 107
5 4 117
5 5 46
5 6 122
5 7 133
6 1 123
6 2 110
6 3 112
6 4 100
6 5 50
6 6 128
6 7 114
7 1 250
7 2 223
7 3 235
7 4 210
7 5 76
7 6 268
7 7 239
8 1 90
8 2 90
8 3 84
8 4 84
8 5 36
8 6 96
8 7 96
9 1 61
9 2 62
9 3 57
9 4 58
9 5 24
9 6 64
9 7 65
10 1 107
10 2 92
10 3 100
10 4 86
10 5 38
10 6 110
10 7 94
11 1 68
11 2 63
11 3 63
11 4 59
11 5 25
11 6 71
11 7 66
12 1 155
12 2 166
12 3 146
12 4 157
12 5 61
12 6 163
12 7 174
13 1 142
13 2 140
13 3 127
13 4 125
13 5 58
13 6 143
13 7 141
14 1 21
14 2 21
14 3 19
14 4 19
14 5 10
14 6 23
14 7 23
15 1 106
15 2 102
15 3 93
15 4 90
15 5 42
15 6 109
15 7 105
16 1 67
16 2 60
16 3 59
16 4 52
16 5 28
16 6 69
16 7 61
17 1 52
17 2 48
17 3 46
17 4 42
17 5 20
17 6 55
17 7 51
18 1 55
18 2 60
18 3 47
18 4 52
18 5 19
18 6 60
18 7 65
19 1 51
19 2 55
19 3 45
19 4 48
19 5 18
19 6 54
19 7 58
20 1 82
20 2 83
20 3 71
20 4 71
20 5 36
20 6 85
20 7 86

# Energy Consumption
1 1 0
1 2 24
1 3 0
1 4 16
1 5 6
1 6 0
1 7 14
2 1 0
2 2 25
2 3 0
2 4 20
2 5 6
2 6 0
2 7 16
3 1 0
3 2 27
3 3 0
3 4 18
3 5 5
3 6 0
3 7 17
4 1 0
4 2 41
4 3 0
4 4 23
4 5 7
4 6 0
4 7 22
5 1 0
5 2 37
5 3 0
5 4 24
5 5 7
5 6 0
5 7 19
6 1 0
6 2 32
6 3 0
6 4 19
6 5 8
6 6 0
6 7 16
7 1 0
7 2 51
7 3 0
7 4 45
7 5 12
7 6 0
7 7 35
8 1 0
8 2 27
8 3 0
8 4 18
8 5 6
8 6 0
8 7 13
9 1 0
9 2 16
9 3 0
9 4 13
9 5 4
9 6 0
9 7 10
10 1 0
10 2 24
10 3 0
10 4 19
10 5 6
10 6 0
10 7 13
11 1 0
11 2 15
11 3 0
11 4 13
11 5 4
11 6 0
11 7 10
12 1 0
12 2 41
12 3 0
12 4 33
12 5 10
12 6 0
12 7 26
13 1 0
13 2 34
13 3 0
13 4 25
13 5 10
13 6 0
13 7 19
14 1 0
14 2 6
14 3 0
14 4 4
14 5 2
14 6 0
14 7 3
15 1 0
15 2 31
15 3 0
15 4 20
15 5 7
15 6 0
15 7 14
16 1 0
16 2 14
16 3 0
16 4 10
16 5 4
16 6 0
16 7 9
17 1 0
17 2 14
17 3 0
17 4 9
17 5 3
17 6 0
17 7 8
18 1 0
18 2 14
18 3 0
18 4 11
18 5 3
18 6 0
18 7 9
19 1 0
19 2 13
19 3 0
19 4 11
19 5 3
19 6 0
19 7 9
20 1 0
20 2 22
20 3 0
20 4 14
20 5 6
20 6 0
20 7 13

# Precedence Relations
1 4
2 6
3 5
3 6
4 7
5 7
5 8
6 7
7 9
7 11
7 12
8 10
8 11
8 20
9 13
10 16
12 14
12 15
12 19
13 17
14 20
15 18
16 19

# Parameters
R_e = 0.0500
T = 1000.0
C_s = 4.0
C_w = 36.0
C_c = 5.0
