# Tasks
1 2 3 4 5 6 7 8

# Workstations
1 2 3 4 5 6 7 8

# Modes
1 2 3 4 5 6 7

# Processing Times
1 1 11
1 2 12
1 3 11
1 4 12
1 5 7
1 6 14
1 7 15
2 1 17
2 2 18
2 3 18
2 4 19
2 5 11
2 6 20
2 7 21
3 1 9
3 2 10
3 3 9
3 4 10
3 5 6
3 6 11
3 7 12
4 1 5
4 2 5
4 3 6
4 4 6
4 5 4
4 6 6
4 7 6
5 1 8
5 2 7
5 3 9
5 4 8
5 5 6
5 6 10
5 7 9
6 1 12
6 2 14
6 3 12
6 4 14
6 5 8
6 6 15
6 7 17
7 1 10
7 2 10
7 3 11
7 4 11
7 5 7
7 6 13
7 7 13
8 1 3
8 2 3
8 3 3
8 4 3
8 5 2
8 6 4
8 7 4

# Energy Consumption
1 1 0
1 2 4
1 3 0
1 4 3
1 5 2
1 6 0
1 7 2
2 1 0
2 2 5
2 3 0
2 4 5
2 5 2
2 6 0
2 7 3
3 1 0
3 2 3
3 3 0
3 4 3
3 5 1
3 6 0
3 7 2
4 1 0
4 2 2
4 3 0
4 4 2
4 5 1
4 6 0
4 7 1
5 1 0
5 2 2
5 3 0
5 4 2
5 5 1
5 6 0
5 7 2
6 1 0
6 2 4
6 3 0
6 4 3
6 5 2
6 6 0
6 7 3
7 1 0
7 2 3
7 3 0
7 4 3
7 5 2
7 6 0
7 7 2
8 1 0
8 2 1
8 3 0
8 4 1
8 5 1
8 6 0
8 7 1

# Precedence Relations
1 2
2 3
2 4
3 5
3 6
4 6
5 7
6 8

# Parameters
R_e = 0.0500
T = 20.0
C_s = 4.0
C_w = 36.0
C_c = 5.0
