# Tasks
1 2 3 4 5 6 7 8 9 10 11 12 13 14 15 16 17 18 19 20

# Workstations
1 2 3 4 5 6 7 8 9 10 11 12 13 14 15 16 17 18 19 20

# Modes
1 2 3 4 5 6 7

# Processing Times
1 1 27
1 2 56
1 3 29
1 4 60
1 5 12
1 6 34
1 7 69
2 1 123
2 2 252
2 3 132
2 4 270
2 5 55
2 6 151
2 7 309
3 1 188
3 2 384
3 3 201
3 4 411
3 5 84
3 6 230
3 7 470
4 1 152
4 2 311
4 3 163
4 4 333
4 5 68
4 6 186
4 7 381
5 1 210
5 2 429
5 3 225
5 4 459
5 5 94
5 6 257
5 7 525
6 1 206
6 2 421
6 3 221
6 4 450
6 5 92
6 6 252
6 7 515
7 1 234
7 2 478
7 3 250
7 4 511
7 5 104
7 6 287
7 7 585
8 1 178
8 2 364
8 3 191
8 4 389
8 5 79
8 6 218
8 7 446
9 1 82
9 2 168
9 3 88
9 4 180
9 5 37
9 6 101
9 7 206
10 1 126
10 2 258
10 3 135
10 4 276
10 5 56
10 6 155
10 7 316
11 1 93
11 2 190
11 3 100
11 4 203
11 5 42
11 6 114
11 7 233
12 1 135
12 2 276
12 3 145
12 4 295
12 5 60
12 6 166
12 7 338
13 1 159
13 2 325
13 3 170
13 4 348
13 5 71
13 6 195
13 7 398
14 1 177
14 2 362
14 3 190
14 4 387
14 5 79
14 6 217
14 7 443
15 1 196
15 2 401
15 3 210
15 4 429
15 5 87
15 6 240
15 7 491
16 1 165
16 2 337
16 3 177
16 4 361
16 5 74
16 6 202
16 7 413
17 1 104
17 2 213
17 3 112
17 4 228
17 5 47
17 6 128
17 7 261
18 1 157
18 2 321
18 3 168
18 4 343
18 5 70
18 6 192
18 7 393
19 1 87
19 2 178
19 3 93
19 4 191
19 5 39
19 6 107
19 7 218
20 1 140
20 2 286
20 3 150
20 4 306
20 5 63
20 6 172
20 7 350

# Energy Consumption
1 1 0
1 2 14
1 3 0
1 4 14
1 5 2
1 6 0
1 7 10
2 1 0
2 2 63
2 3 0
2 4 59
2 5 9
2 6 0
2 7 43
3 1 0
3 2 87
3 3 0
3 4 80
3 5 13
3 6 0
3 7 58
4 1 0
4 2 89
4 3 0
4 4 72
4 5 11
4 6 0
4 7 50
5 1 0
5 2 110
5 3 0
5 4 97
5 5 15
5 6 0
5 7 70
6 1 0
6 2 96
6 3 0
6 4 84
6 5 14
6 6 0
6 7 72
7 1 0
7 2 139
7 3 0
7 4 103
7 5 15
7 6 0
7 7 82
8 1 0
8 2 95
8 3 0
8 4 77
8 5 12
8 6 0
8 7 63
9 1 0
9 2 46
9 3 0
9 4 39
9 5 6
9 6 0
9 7 31
10 1 0
10 2 67
10 3 0
10 4 57
10 5 9
10 6 0
10 7 42
11 1 0
11 2 44
11 3 0
11 4 37
11 5 7
11 6 0
11 7 35
12 1 0
12 2 66
12 3 0
12 4 56
12 5 10
12 6 0
12 7 47
13 1 0
13 2 84
13 3 0
13 4 70
13 5 11
13 6 0
13 7 52
14 1 0
14 2 108
14 3 0
14 4 78
14 5 12
14 6 0
14 7 65
15 1 0
15 2 118
15 3 0
15 4 90
15 5 14
15 6 0
15 7 61
16 1 0
16 2 82
16 3 0
16 4 77
16 5 11
16 6 0
16 7 52
17 1 0
17 2 59
17 3 0
17 4 46
17 5 7
17 6 0
17 7 37
18 1 0
18 2 79
18 3 0
18 4 67
18 5 11
18 6 0
18 7 56
19 1 0
19 2 46
19 3 0
19 4 39
19 5 7
19 6 0
19 7 30
20 1 0
20 2 81
20 3 0
20 4 60
20 5 10
20 6 0
20 7 50

# Precedence Relations
1 9
2 9
3 9
4 7
5 6
5 8
6 9
7 9
8 10
8 11
9 12
9 13
9 14
9 15
10 17
12 17
13 16
16 19
16 20
17 18

# Parameters
R_e = 0.0500
T = 1000.0
C_s = 4.0
C_w = 36.0
C_c = 5.0
