# Tasks
1 2 3 4 5 6 7 8 9 10 11

# Workstations
1 2 3 4 5 6 7 8 9 10 11

# Modes
1 2 3 4 5 6 7

# Processing Times
1 1 4
1 2 8
1 3 5
1 4 9
1 5 3
1 6 5
1 7 10
2 1 38
2 2 74
2 3 41
2 4 79
2 5 24
2 6 46
2 7 90
3 1 45
3 2 88
3 3 48
3 4 93
3 5 28
3 6 55
3 7 107
4 1 12
4 2 24
4 3 13
4 4 26
4 5 8
4 6 15
4 7 29
5 1 10
5 2 20
5 3 11
5 4 22
5 5 7
5 6 13
5 7 25
6 1 8
6 2 16
6 3 9
6 4 17
6 5 5
6 6 10
6 7 20
7 1 12
7 2 24
7 3 13
7 4 26
7 5 8
7 6 15
7 7 29
8 1 10
8 2 20
8 3 11
8 4 22
8 5 7
8 6 13
8 7 25
9 1 2
9 2 4
9 3 3
9 4 5
9 5 2
9 6 3
9 7 5
10 1 10
10 2 20
10 3 11
10 4 22
10 5 7
10 6 13
10 7 25
11 1 34
11 2 67
11 3 36
11 4 71
11 5 21
11 6 42
11 7 81

# Energy Consumption
1 1 0
1 2 2
1 3 0
1 4 2
1 5 1
1 6 0
1 7 2
2 1 0
2 2 18
2 3 0
2 4 16
2 5 4
2 6 0
2 7 12
3 1 0
3 2 24
3 3 0
3 4 18
3 5 5
3 6 0
3 7 14
4 1 0
4 2 7
4 3 0
4 4 6
4 5 2
4 6 0
4 7 5
5 1 0
5 2 6
5 3 0
5 4 5
5 5 2
5 6 0
5 7 4
6 1 0
6 2 5
6 3 0
6 4 4
6 5 1
6 6 0
6 7 3
7 1 0
7 2 7
7 3 0
7 4 5
7 5 2
7 6 0
7 7 4
8 1 0
8 2 5
8 3 0
8 4 5
8 5 2
8 6 0
8 7 4
9 1 0
9 2 2
9 3 0
9 4 1
9 5 1
9 6 0
9 7 1
10 1 0
10 2 5
10 3 0
10 4 5
10 5 2
10 6 0
10 7 4
11 1 0
11 2 19
11 3 0
11 4 14
11 5 4
11 6 0
11 7 12

# Precedence Relations
1 4
2 4
2 5
3 11
4 6
5 7
6 8
7 9
8 10
9 10
10 11

# Parameters
R_e = 0.0500
T = 600.0
C_s = 4.0
C_w = 36.0
C_c = 5.0
