# Tasks
1 2 3 4 5 6 7 8 9 10 11 12 13 14 15 16 17 18 19 20

# Workstations
1 2 3 4 5 6 7 8 9 10 11 12 13 14 15 16 17 18 19 20

# Modes
1 2 3 4 5 6 7

# Processing Times
1 1 374
1 2 577
1 3 334
1 4 515
1 5 300
1 6 434
1 7 670
2 1 318
2 2 433
2 3 286
2 4 389
2 5 255
2 6 352
2 7 479
3 1 153
3 2 198
3 3 141
3 4 182
3 5 128
3 6 173
3 7 223
4 1 182
4 2 280
4 3 167
4 4 256
4 5 156
4 6 217
4 7 333
5 1 168
5 2 208
5 3 160
5 4 198
5 5 141
5 6 210
5 7 260
6 1 313
6 2 418
6 3 288
6 4 385
6 5 254
6 6 346
6 7 462
7 1 159
7 2 197
7 3 145
7 4 180
7 5 147
7 6 177
7 7 219
8 1 166
8 2 242
8 3 149
8 4 216
8 5 138
8 6 199
8 7 290
9 1 55
9 2 71
9 3 53
9 4 68
9 5 50
9 6 66
9 7 85
10 1 242
10 2 382
10 3 220
10 4 347
10 5 201
10 6 298
10 7 470
11 1 76
11 2 99
11 3 71
11 4 93
11 5 71
11 6 94
11 7 122
12 1 177
12 2 265
12 3 157
12 4 234
12 5 146
12 6 209
12 7 313
13 1 166
13 2 253
13 3 154
13 4 234
13 5 141
13 6 189
13 7 287
14 1 119
14 2 171
14 3 113
14 4 161
14 5 103
14 6 134
14 7 192
15 1 150
15 2 222
15 3 134
15 4 198
15 5 142
15 6 187
15 7 276
16 1 303
16 2 431
16 3 261
16 4 372
16 5 251
16 6 335
16 7 477
17 1 138
17 2 167
17 3 127
17 4 153
17 5 131
17 6 160
17 7 194
18 1 52
18 2 81
18 3 46
18 4 72
18 5 44
18 6 65
18 7 101
19 1 48
19 2 69
19 3 43
19 4 62
19 5 44
19 6 55
19 7 78
20 1 146
20 2 201
20 3 125
20 4 172
20 5 123
20 6 171
20 7 235

# Energy Consumption
1 1 0
1 2 135
1 3 0
1 4 111
1 5 46
1 6 0
1 7 93
2 1 0
2 2 107
2 3 0
2 4 81
2 5 38
2 6 0
2 7 69
3 1 0
3 2 56
3 3 0
3 4 34
3 5 19
3 6 0
3 7 31
4 1 0
4 2 79
4 3 0
4 4 54
4 5 24
4 6 0
4 7 47
5 1 0
5 2 53
5 3 0
5 4 38
5 5 21
5 6 0
5 7 39
6 1 0
6 2 101
6 3 0
6 4 79
6 5 40
6 6 0
6 7 68
7 1 0
7 2 50
7 3 0
7 4 37
7 5 24
7 6 0
7 7 32
8 1 0
8 2 57
8 3 0
8 4 45
8 5 20
8 6 0
8 7 44
9 1 0
9 2 20
9 3 0
9 4 15
9 5 8
9 6 0
9 7 13
10 1 0
10 2 99
10 3 0
10 4 76
10 5 30
10 6 0
10 7 70
11 1 0
11 2 29
11 3 0
11 4 19
11 5 12
11 6 0
11 7 16
12 1 0
12 2 67
12 3 0
12 4 50
12 5 22
12 6 0
12 7 46
13 1 0
13 2 69
13 3 0
13 4 51
13 5 21
13 6 0
13 7 39
14 1 0
14 2 39
14 3 0
14 4 35
14 5 15
14 6 0
14 7 25
15 1 0
15 2 53
15 3 0
15 4 42
15 5 22
15 6 0
15 7 40
16 1 0
16 2 96
16 3 0
16 4 82
16 5 39
16 6 0
16 7 59
17 1 0
17 2 48
17 3 0
17 4 28
17 5 20
17 6 0
17 7 27
18 1 0
18 2 24
18 3 0
18 4 14
18 5 7
18 6 0
18 7 15
19 1 0
19 2 17
19 3 0
19 4 12
19 5 7
19 6 0
19 7 10
20 1 0
20 2 48
20 3 0
20 4 36
20 5 19
20 6 0
20 7 35

# Precedence Relations
1 11
2 4
2 5
2 6
3 4
3 6
3 7
4 11
5 8
5 9
5 10
6 20
7 12
7 13
7 18
8 11
9 11
10 12
10 13
11 14
11 15
11 16
11 17
11 18
13 19
15 19
15 20
17 19
17 20
18 19

# Parameters
R_e = 0.0500
T = 1000.0
C_s = 4.0
C_w = 36.0
C_c = 5.0
