# Tasks
1 2 3 4 5 6 7 8 9 10 11 12 13 14 15 16 17 18 19 20

# Workstations
1 2 3 4 5 6 7 8 9 10 11 12 13 14 15 16 17 18 19 20

# Modes
1 2 3 4 5 6 7

# Processing Times
1 1 730
1 2 718
1 3 752
1 4 740
1 5 434
1 6 810
1 7 796
2 1 589
2 2 580
2 3 607
2 4 597
2 5 350
2 6 653
2 7 643
3 1 474
3 2 467
3 3 488
3 4 481
3 5 282
3 6 526
3 7 518
4 1 390
4 2 384
4 3 402
4 4 396
4 5 232
4 6 433
4 7 426
5 1 462
5 2 455
5 3 476
5 4 469
5 5 275
5 6 513
5 7 505
6 1 496
6 2 488
6 3 511
6 4 503
6 5 295
6 6 550
6 7 541
7 1 480
7 2 473
7 3 495
7 4 487
7 5 286
7 6 532
7 7 525
8 1 425
8 2 418
8 3 438
8 4 431
8 5 253
8 6 472
8 7 464
9 1 545
9 2 536
9 3 561
9 4 552
9 5 324
9 6 605
9 7 595
10 1 562
10 2 553
10 3 579
10 4 570
10 5 334
10 6 623
10 7 613
11 1 438
11 2 431
11 3 451
11 4 444
11 5 261
11 6 486
11 7 478
12 1 702
12 2 691
12 3 723
12 4 712
12 5 417
12 6 779
12 7 766
13 1 439
13 2 432
13 3 452
13 4 445
13 5 261
13 6 487
13 7 479
14 1 285
14 2 281
14 3 294
14 4 290
14 5 170
14 6 316
14 7 312
15 1 511
15 2 503
15 3 526
15 4 518
15 5 304
15 6 567
15 7 558
16 1 483
16 2 475
16 3 498
16 4 489
16 5 287
16 6 536
16 7 527
17 1 468
17 2 461
17 3 482
17 4 475
17 5 278
17 6 519
17 7 511
18 1 654
18 2 644
18 3 674
18 4 663
18 5 389
18 6 725
18 7 714
19 1 534
19 2 526
19 3 550
19 4 542
19 5 318
19 6 592
19 7 583
20 1 552
20 2 543
20 3 569
20 4 559
20 5 328
20 6 612
20 7 602

# Energy Consumption
1 1 0
1 2 189
1 3 0
1 4 142
1 5 68
1 6 0
1 7 97
2 1 0
2 2 140
2 3 0
2 4 130
2 5 52
2 6 0
2 7 80
3 1 0
3 2 122
3 3 0
3 4 101
3 5 43
3 6 0
3 7 77
4 1 0
4 2 114
4 3 0
4 4 76
4 5 35
4 6 0
4 7 60
5 1 0
5 2 106
5 3 0
5 4 93
5 5 42
5 6 0
5 7 65
6 1 0
6 2 118
6 3 0
6 4 101
6 5 46
6 6 0
6 7 68
7 1 0
7 2 106
7 3 0
7 4 91
7 5 42
7 6 0
7 7 66
8 1 0
8 2 124
8 3 0
8 4 89
8 5 41
8 6 0
8 7 68
9 1 0
9 2 145
9 3 0
9 4 121
9 5 52
9 6 0
9 7 80
10 1 0
10 2 154
10 3 0
10 4 117
10 5 51
10 6 0
10 7 79
11 1 0
11 2 113
11 3 0
11 4 84
11 5 39
11 6 0
11 7 67
12 1 0
12 2 182
12 3 0
12 4 147
12 5 67
12 6 0
12 7 100
13 1 0
13 2 124
13 3 0
13 4 95
13 5 39
13 6 0
13 7 64
14 1 0
14 2 83
14 3 0
14 4 58
14 5 26
14 6 0
14 7 47
15 1 0
15 2 150
15 3 0
15 4 99
15 5 45
15 6 0
15 7 81
16 1 0
16 2 121
16 3 0
16 4 105
16 5 44
16 6 0
16 7 75
17 1 0
17 2 121
17 3 0
17 4 99
17 5 41
17 6 0
17 7 66
18 1 0
18 2 173
18 3 0
18 4 129
18 5 62
18 6 0
18 7 103
19 1 0
19 2 119
19 3 0
19 4 109
19 5 48
19 6 0
19 7 82
20 1 0
20 2 149
20 3 0
20 4 113
20 5 52
20 6 0
20 7 75

# Precedence Relations
1 13
2 3
2 4
2 5
2 6
3 13
4 13
5 7
5 8
6 9
6 14
7 13
8 9
8 10
8 11
8 12
9 13
10 20
11 13
11 14
11 15
12 13
13 16
13 17
13 18
13 19
14 20

# Parameters
R_e = 0.0500
T = 1000.0
C_s = 4.0
C_w = 36.0
C_c = 5.0
