# Tasks
1 2 3 4 5 6 7 8 9 10 11 12 13 14 15 16 17 18 19 20 21 22 23 24 25 26 27 28 29 30 31 32 33 34 35 36 37 38 39 40 41 42 43 44 45 46 47 48 49 50 51 52 53 54 55 56 57 58 59 60 61 62 63 64 65 66 67 68 69 70 71 72 73 74 75 76 77 78 79 80 81 82 83 84 85 86 87 88 89 90 91 92 93 94 95 96 97 98 99 100

# Workstations
1 2 3 4 5 6 7 8 9 10 11 12 13 14 15 16 17 18 19 20 21 22 23 24 25 26 27 28 29 30 31 32 33 34 35 36 37 38 39 40 41 42 43 44 45 46 47 48 49 50 51 52 53 54 55 56 57 58 59 60 61 62 63 64 65 66 67 68 69 70 71 72 73 74 75 76 77 78 79 80 81 82 83 84 85 86 87 88 89 90 91 92 93 94 95 96 97 98 99 100

# Modes
1 2 3 4 5 6 7

# Processing Times
1 1 124
1 2 122
1 3 134
1 4 132
1 5 104
1 6 159
1 7 157
2 1 461
2 2 431
2 3 494
2 4 462
2 5 413
2 6 630
2 7 589
3 1 193
3 2 200
3 3 208
3 4 215
3 5 183
3 6 269
3 7 278
4 1 190
4 2 186
4 3 207
4 4 203
4 5 154
4 6 250
4 7 245
5 1 113
5 2 122
5 3 124
5 4 134
5 5 108
5 6 157
5 7 170
6 1 201
6 2 181
6 3 219
6 4 197
6 5 162
6 6 264
6 7 237
7 1 368
7 2 364
7 3 396
7 4 391
7 5 342
7 6 497
7 7 491
8 1 160
8 2 161
8 3 171
8 4 172
8 5 143
8 6 204
8 7 205
9 1 430
9 2 455
9 3 467
9 4 494
9 5 357
9 6 616
9 7 651
10 1 56
10 2 56
10 3 62
10 4 62
10 5 51
10 6 80
10 7 80
11 1 580
11 2 598
11 3 611
11 4 630
11 5 513
11 6 748
11 7 771
12 1 367
12 2 315
12 3 389
12 4 334
12 5 339
12 6 482
12 7 414
13 1 263
13 2 249
13 3 290
13 4 274
13 5 221
13 6 356
13 7 337
14 1 37
14 2 36
14 3 40
14 4 39
14 5 33
14 6 52
14 7 51
15 1 47
15 2 46
15 3 52
15 4 51
15 5 39
15 6 62
15 7 61
16 1 263
16 2 286
16 3 290
16 4 315
16 5 245
16 6 375
16 7 408
17 1 492
17 2 454
17 3 527
17 4 486
17 5 413
17 6 705
17 7 651
18 1 143
18 2 130
18 3 156
18 4 142
18 5 129
18 6 193
18 7 175
19 1 221
19 2 241
19 3 238
19 4 260
19 5 207
19 6 299
19 7 326
20 1 140
20 2 121
20 3 153
20 4 132
20 5 117
20 6 180
20 7 155
21 1 530
21 2 502
21 3 566
21 4 536
21 5 479
21 6 697
21 7 660
22 1 129
22 2 119
22 3 136
22 4 126
22 5 117
22 6 162
22 7 149
23 1 66
23 2 70
23 3 70
23 4 74
23 5 55
23 6 92
23 7 98
24 1 85
24 2 77
24 3 92
24 4 83
24 5 69
24 6 111
24 7 101
25 1 206
25 2 208
25 3 220
25 4 222
25 5 170
25 6 271
25 7 274
26 1 171
26 2 180
26 3 184
26 4 194
26 5 146
26 6 217
26 7 228
27 1 109
27 2 100
27 3 117
27 4 107
27 5 103
27 6 155
27 7 142
28 1 481
28 2 412
28 3 510
28 4 437
28 5 399
28 6 682
28 7 585
29 1 34
29 2 30
29 3 36
29 4 32
29 5 30
29 6 44
29 7 39
30 1 527
30 2 466
30 3 559
30 4 494
30 5 423
30 6 715
30 7 632
31 1 179
31 2 187
31 3 191
31 4 200
31 5 153
31 6 242
31 7 253
32 1 83
32 2 81
32 3 88
32 4 86
32 5 76
32 6 109
32 7 106
33 1 91
33 2 86
33 3 96
33 4 91
33 5 87
33 6 116
33 7 109
34 1 318
34 2 302
34 3 341
34 4 324
34 5 274
34 6 435
34 7 413
35 1 267
35 2 263
35 3 285
35 4 280
35 5 230
35 6 348
35 7 342
36 1 26
36 2 26
36 3 29
36 4 29
36 5 25
36 6 37
36 7 37
37 1 425
37 2 435
37 3 447
37 4 458
37 5 343
37 6 538
37 7 551
38 1 214
38 2 204
38 3 233
38 4 222
38 5 173
38 6 293
38 7 279
39 1 72
39 2 75
39 3 79
39 4 83
39 5 68
39 6 95
39 7 99
40 1 441
40 2 411
40 3 479
40 4 447
40 5 404
40 6 639
40 7 596
41 1 619
41 2 649
41 3 675
41 4 708
41 5 584
41 6 811
41 7 851
42 1 196
42 2 205
42 3 212
42 4 222
42 5 163
42 6 281
42 7 293
43 1 256
43 2 249
43 3 282
43 4 274
43 5 219
43 6 370
43 7 360
44 1 219
44 2 230
44 3 241
44 4 253
44 5 199
44 6 287
44 7 301
45 1 487
45 2 423
45 3 513
45 4 446
45 5 440
45 6 658
45 7 572
46 1 216
46 2 228
46 3 233
46 4 246
46 5 179
46 6 311
46 7 329
47 1 160
47 2 147
47 3 172
47 4 158
47 5 137
47 6 224
47 7 206
48 1 165
48 2 161
48 3 180
48 4 176
48 5 135
48 6 207
48 7 202
49 1 79
49 2 76
49 3 84
49 4 80
49 5 73
49 6 112
49 7 107
50 1 145
50 2 134
50 3 158
50 4 146
50 5 128
50 6 190
50 7 176
51 1 124
51 2 112
51 3 135
51 4 122
51 5 116
51 6 156
51 7 141
52 1 96
52 2 90
52 3 103
52 4 97
52 5 90
52 6 122
52 7 114
53 1 238
53 2 252
53 3 258
53 4 273
53 5 207
53 6 324
53 7 343
54 1 356
54 2 316
54 3 376
54 4 334
54 5 326
54 6 451
54 7 400
55 1 422
55 2 446
55 3 448
55 4 474
55 5 396
55 6 595
55 7 628
56 1 145
56 2 138
56 3 156
56 4 149
56 5 118
56 6 186
56 7 177
57 1 99
57 2 94
57 3 109
57 4 104
57 5 82
57 6 128
57 7 122
58 1 73
58 2 67
58 3 78
58 4 72
58 5 68
58 6 94
58 7 86
59 1 199
59 2 185
59 3 218
59 4 203
59 5 179
59 6 284
59 7 264
60 1 56
60 2 51
60 3 61
60 4 56
60 5 48
60 6 72
60 7 66
61 1 83
61 2 89
61 3 88
61 4 95
61 5 73
61 6 113
61 7 121
62 1 85
62 2 87
62 3 90
62 4 92
62 5 81
62 6 116
62 7 118
63 1 122
63 2 121
63 3 133
63 4 132
63 5 106
63 6 173
63 7 172
64 1 276
64 2 260
64 3 304
64 4 286
64 5 240
64 6 394
64 7 371
65 1 224
65 2 211
65 3 244
65 4 230
65 5 186
65 6 281
65 7 265
66 1 79
66 2 87
66 3 85
66 4 93
66 5 69
66 6 100
66 7 111
67 1 208
67 2 193
67 3 221
67 4 206
67 5 194
67 6 273
67 7 253
68 1 97
68 2 92
68 3 104
68 4 99
68 5 92
68 6 139
68 7 132
69 1 195
69 2 195
69 3 207
69 4 207
69 5 181
69 6 267
69 7 267
70 1 273
70 2 257
70 3 296
70 4 279
70 5 254
70 6 384
70 7 362
71 1 188
71 2 188
71 3 207
71 4 207
71 5 167
71 6 241
71 7 241
72 1 240
72 2 221
72 3 258
72 4 238
72 5 197
72 6 307
72 7 283
73 1 340
73 2 329
73 3 369
73 4 357
73 5 315
73 6 429
73 7 415
74 1 384
74 2 409
74 3 422
74 4 449
74 5 336
74 6 531
74 7 566
75 1 564
75 2 559
75 3 606
75 4 600
75 5 510
75 6 779
75 7 772
76 1 139
76 2 126
76 3 152
76 4 137
76 5 117
76 6 195
76 7 176
77 1 90
77 2 94
77 3 96
77 4 100
77 5 75
77 6 118
77 7 123
78 1 123
78 2 120
78 3 136
78 4 132
78 5 108
78 6 175
78 7 171
79 1 183
79 2 200
79 3 197
79 4 215
79 5 174
79 6 235
79 7 257
80 1 530
80 2 491
80 3 576
80 4 534
80 5 452
80 6 721
80 7 668
81 1 153
81 2 164
81 3 167
81 4 179
81 5 126
81 6 197
81 7 211
82 1 77
82 2 68
82 3 82
82 4 72
82 5 65
82 6 111
82 7 98
83 1 254
83 2 224
83 3 272
83 4 240
83 5 209
83 6 359
83 7 317
84 1 250
84 2 216
84 3 275
84 4 238
84 5 227
84 6 318
84 7 275
85 1 491
85 2 421
85 3 522
85 4 448
85 5 438
85 6 696
85 7 596
86 1 103
86 2 113
86 3 111
86 4 122
86 5 88
86 6 131
86 7 143
87 1 104
87 2 105
87 3 110
87 4 112
87 5 96
87 6 135
87 7 137
88 1 125
88 2 119
88 3 138
88 4 131
88 5 102
88 6 158
88 7 150
89 1 124
89 2 119
89 3 136
89 4 131
89 5 117
89 6 169
89 7 162
90 1 51
90 2 49
90 3 56
90 4 53
90 5 46
90 6 65
90 7 62
91 1 91
91 2 99
91 3 98
91 4 107
91 5 83
91 6 120
91 7 130
92 1 256
92 2 274
92 3 276
92 4 295
92 5 211
92 6 338
92 7 362
93 1 604
93 2 544
93 3 637
93 4 574
93 5 501
93 6 835
93 7 752
94 1 517
94 2 451
94 3 551
94 4 481
94 5 462
94 6 701
94 7 612
95 1 159
95 2 149
95 3 174
95 4 163
95 5 136
95 6 226
95 7 211
96 1 92
96 2 87
96 3 99
96 4 93
96 5 84
96 6 121
96 7 115
97 1 210
97 2 208
97 3 228
97 4 226
97 5 189
97 6 279
97 7 276
98 1 231
98 2 202
98 3 250
98 4 218
98 5 197
98 6 302
98 7 264
99 1 249
99 2 251
99 3 274
99 4 276
99 5 216
99 6 339
99 7 341
100 1 123
100 2 125
100 3 135
100 4 137
100 5 116
100 6 163
100 7 165

# Energy Consumption
1 1 0
1 2 27
1 3 0
1 4 29
1 5 17
1 6 0
1 7 23
2 1 0
2 2 116
2 3 0
2 4 101
2 5 64
2 6 0
2 7 83
3 1 0
3 2 45
3 3 0
3 4 43
3 5 27
3 6 0
3 7 35
4 1 0
4 2 56
4 3 0
4 4 39
4 5 23
4 6 0
4 7 32
5 1 0
5 2 31
5 3 0
5 4 28
5 5 18
5 6 0
5 7 23
6 1 0
6 2 44
6 3 0
6 4 37
6 5 26
6 6 0
6 7 33
7 1 0
7 2 105
7 3 0
7 4 78
7 5 53
7 6 0
7 7 74
8 1 0
8 2 42
8 3 0
8 4 36
8 5 23
8 6 0
8 7 27
9 1 0
9 2 123
9 3 0
9 4 106
9 5 56
9 6 0
9 7 80
10 1 0
10 2 14
10 3 0
10 4 14
10 5 8
10 6 0
10 7 11
11 1 0
11 2 152
11 3 0
11 4 116
11 5 72
11 6 0
11 7 108
12 1 0
12 2 71
12 3 0
12 4 74
12 5 53
12 6 0
12 7 54
13 1 0
13 2 67
13 3 0
13 4 52
13 5 34
13 6 0
13 7 47
14 1 0
14 2 10
14 3 0
14 4 8
14 5 6
14 6 0
14 7 7
15 1 0
15 2 13
15 3 0
15 4 11
15 5 6
15 6 0
15 7 8
16 1 0
16 2 81
16 3 0
16 4 60
16 5 39
16 6 0
16 7 58
17 1 0
17 2 112
17 3 0
17 4 100
17 5 65
17 6 0
17 7 97
18 1 0
18 2 35
18 3 0
18 4 29
18 5 20
18 6 0
18 7 22
19 1 0
19 2 55
19 3 0
19 4 52
19 5 31
19 6 0
19 7 40
20 1 0
20 2 30
20 3 0
20 4 28
20 5 17
20 6 0
20 7 22
21 1 0
21 2 137
21 3 0
21 4 109
21 5 73
21 6 0
21 7 96
22 1 0
22 2 31
22 3 0
22 4 27
22 5 18
22 6 0
22 7 23
23 1 0
23 2 20
23 3 0
23 4 16
23 5 9
23 6 0
23 7 14
24 1 0
24 2 20
24 3 0
24 4 16
24 5 11
24 6 0
24 7 14
25 1 0
25 2 56
25 3 0
25 4 47
25 5 24
25 6 0
25 7 35
26 1 0
26 2 52
26 3 0
26 4 43
26 5 23
26 6 0
26 7 30
27 1 0
27 2 26
27 3 0
27 4 21
27 5 17
27 6 0
27 7 21
28 1 0
28 2 103
28 3 0
28 4 93
28 5 61
28 6 0
28 7 74
29 1 0
29 2 8
29 3 0
29 4 7
29 5 5
29 6 0
29 7 6
30 1 0
30 2 126
30 3 0
30 4 102
30 5 65
30 6 0
30 7 78
31 1 0
31 2 51
31 3 0
31 4 37
31 5 23
31 6 0
31 7 38
32 1 0
32 2 23
32 3 0
32 4 16
32 5 12
32 6 0
32 7 14
33 1 0
33 2 26
33 3 0
33 4 18
33 5 14
33 6 0
33 7 16
34 1 0
34 2 88
34 3 0
34 4 68
34 5 41
34 6 0
34 7 51
35 1 0
35 2 72
35 3 0
35 4 58
35 5 35
35 6 0
35 7 43
36 1 0
36 2 7
36 3 0
36 4 6
36 5 4
36 6 0
36 7 6
37 1 0
37 2 119
37 3 0
37 4 101
37 5 52
37 6 0
37 7 73
38 1 0
38 2 46
38 3 0
38 4 46
38 5 27
38 6 0
38 7 35
39 1 0
39 2 22
39 3 0
39 4 18
39 5 10
39 6 0
39 7 13
40 1 0
40 2 113
40 3 0
40 4 81
40 5 63
40 6 0
40 7 80
41 1 0
41 2 159
41 3 0
41 4 142
41 5 84
41 6 0
41 7 113
42 1 0
42 2 48
42 3 0
42 4 44
42 5 24
42 6 0
42 7 38
43 1 0
43 2 55
43 3 0
43 4 60
43 5 32
43 6 0
43 7 51
44 1 0
44 2 57
44 3 0
44 4 56
44 5 29
44 6 0
44 7 44
45 1 0
45 2 118
45 3 0
45 4 81
45 5 66
45 6 0
45 7 86
46 1 0
46 2 69
46 3 0
46 4 52
46 5 26
46 6 0
46 7 47
47 1 0
47 2 36
47 3 0
47 4 33
47 5 22
47 6 0
47 7 28
48 1 0
48 2 49
48 3 0
48 4 35
48 5 21
48 6 0
48 7 26
49 1 0
49 2 20
49 3 0
49 4 18
49 5 12
49 6 0
49 7 15
50 1 0
50 2 39
50 3 0
50 4 30
50 5 20
50 6 0
50 7 25
51 1 0
51 2 31
51 3 0
51 4 26
51 5 17
51 6 0
51 7 21
52 1 0
52 2 25
52 3 0
52 4 20
52 5 14
52 6 0
52 7 16
53 1 0
53 2 72
53 3 0
53 4 57
53 5 32
53 6 0
53 7 48
54 1 0
54 2 76
54 3 0
54 4 70
54 5 53
54 6 0
54 7 54
55 1 0
55 2 128
55 3 0
55 4 92
55 5 62
55 6 0
55 7 88
56 1 0
56 2 39
56 3 0
56 4 33
56 5 18
56 6 0
56 7 26
57 1 0
57 2 23
57 3 0
57 4 22
57 5 13
57 6 0
57 7 17
58 1 0
58 2 19
58 3 0
58 4 15
58 5 11
58 6 0
58 7 13
59 1 0
59 2 51
59 3 0
59 4 39
59 5 27
59 6 0
59 7 35
60 1 0
60 2 14
60 3 0
60 4 12
60 5 8
60 6 0
60 7 10
61 1 0
61 2 22
61 3 0
61 4 21
61 5 11
61 6 0
61 7 17
62 1 0
62 2 21
62 3 0
62 4 17
62 5 12
62 6 0
62 7 15
63 1 0
63 2 28
63 3 0
63 4 27
63 5 15
63 6 0
63 7 25
64 1 0
64 2 66
64 3 0
64 4 59
64 5 39
64 6 0
64 7 55
65 1 0
65 2 50
65 3 0
65 4 45
65 5 27
65 6 0
65 7 34
66 1 0
66 2 20
66 3 0
66 4 17
66 5 11
66 6 0
66 7 15
67 1 0
67 2 51
67 3 0
67 4 43
67 5 29
67 6 0
67 7 33
68 1 0
68 2 23
68 3 0
68 4 20
68 5 14
68 6 0
68 7 20
69 1 0
69 2 49
69 3 0
69 4 40
69 5 28
69 6 0
69 7 33
70 1 0
70 2 72
70 3 0
70 4 55
70 5 38
70 6 0
70 7 50
71 1 0
71 2 43
71 3 0
71 4 42
71 5 25
71 6 0
71 7 36
72 1 0
72 2 62
72 3 0
72 4 45
72 5 32
72 6 0
72 7 41
73 1 0
73 2 81
73 3 0
73 4 75
73 5 48
73 6 0
73 7 59
74 1 0
74 2 92
74 3 0
74 4 85
74 5 50
74 6 0
74 7 81
75 1 0
75 2 127
75 3 0
75 4 117
75 5 76
75 6 0
75 7 113
76 1 0
76 2 32
76 3 0
76 4 27
76 5 19
76 6 0
76 7 25
77 1 0
77 2 27
77 3 0
77 4 22
77 5 11
77 6 0
77 7 19
78 1 0
78 2 35
78 3 0
78 4 27
78 5 16
78 6 0
78 7 25
79 1 0
79 2 56
79 3 0
79 4 39
79 5 27
79 6 0
79 7 35
80 1 0
80 2 115
80 3 0
80 4 109
80 5 64
80 6 0
80 7 82
81 1 0
81 2 41
81 3 0
81 4 39
81 5 20
81 6 0
81 7 30
82 1 0
82 2 17
82 3 0
82 4 14
82 5 11
82 6 0
82 7 13
83 1 0
83 2 66
83 3 0
83 4 53
83 5 32
83 6 0
83 7 45
84 1 0
84 2 52
84 3 0
84 4 50
84 5 34
84 6 0
84 7 34
85 1 0
85 2 123
85 3 0
85 4 84
85 5 69
85 6 0
85 7 79
86 1 0
86 2 29
86 3 0
86 4 23
86 5 14
86 6 0
86 7 20
87 1 0
87 2 32
87 3 0
87 4 22
87 5 14
87 6 0
87 7 18
88 1 0
88 2 27
88 3 0
88 4 29
88 5 15
88 6 0
88 7 20
89 1 0
89 2 31
89 3 0
89 4 28
89 5 19
89 6 0
89 7 20
90 1 0
90 2 15
90 3 0
90 4 11
90 5 7
90 6 0
90 7 10
91 1 0
91 2 30
91 3 0
91 4 23
91 5 14
91 6 0
91 7 19
92 1 0
92 2 66
92 3 0
92 4 65
92 5 30
92 6 0
92 7 53
93 1 0
93 2 137
93 3 0
93 4 118
93 5 73
93 6 0
93 7 105
94 1 0
94 2 103
94 3 0
94 4 104
94 5 73
94 6 0
94 7 79
95 1 0
95 2 42
95 3 0
95 4 33
95 5 20
95 6 0
95 7 32
96 1 0
96 2 22
96 3 0
96 4 17
96 5 14
96 6 0
96 7 15
97 1 0
97 2 56
97 3 0
97 4 49
97 5 29
97 6 0
97 7 39
98 1 0
98 2 53
98 3 0
98 4 44
98 5 32
98 6 0
98 7 40
99 1 0
99 2 68
99 3 0
99 4 59
99 5 31
99 6 0
99 7 44
100 1 0
100 2 31
100 3 0
100 4 31
100 5 17
100 6 0
100 7 21

# Precedence Relations
1 7
2 8
3 10
4 9
4 11
4 12
4 13
4 15
4 31
5 24
6 14
7 19
8 16
9 18
10 19
11 17
11 20
11 23
11 89
11 90
13 91
13 92
14 21
14 24
15 22
16 25
17 27
18 29
19 31
20 26
21 28
21 32
21 44
22 30
22 33
22 34
24 33
24 34
24 91
25 42
26 35
27 37
28 38
29 39
30 40
31 36
31 44
31 72
33 41
34 43
35 49
36 47
37 49
38 50
39 52
40 48
41 45
41 69
42 53
43 46
43 51
43 98
44 60
45 54
46 55
47 56
48 58
49 59
51 57
52 60
52 61
54 65
55 63
56 64
57 62
58 67
58 68
60 69
61 66
62 73
63 70
64 71
66 72
66 75
67 98
69 74
69 80
70 76
71 77
72 78
72 81
73 79
73 80
73 87
76 82
77 83
78 85
79 84
79 89
80 86
80 90
80 92
81 87
81 88
81 91
82 94
83 95
84 93
85 94
86 96
87 97
88 98
90 99
90 100

# Parameters
R_e = 0.0500
T = 1000.0
C_s = 4.0
C_w = 36.0
C_c = 5.0
