# Tasks
1 2 3 4 5 6 7 8 9 10 11 12 13 14 15 16 17 18 19 20

# Workstations
1 2 3 4 5 6 7 8 9 10 11 12 13 14 15 16 17 18 19 20

# Modes
1 2 3 4 5 6 7

# Processing Times
1 1 165
1 2 410
1 3 142
1 4 353
1 5 107
1 6 238
1 7 591
2 1 79
2 2 191
2 3 68
2 4 163
2 5 54
2 6 114
2 7 274
3 1 84
3 2 196
3 3 77
3 4 178
3 5 54
3 6 110
3 7 256
4 1 234
4 2 523
4 3 219
4 4 490
4 5 164
4 6 337
4 7 753
5 1 79
5 2 157
5 3 72
5 4 142
5 5 44
5 6 109
5 7 216
6 1 241
6 2 528
6 3 219
6 4 480
6 5 153
6 6 341
6 7 747
7 1 74
7 2 166
7 3 67
7 4 150
7 5 48
7 6 96
7 7 214
8 1 96
8 2 184
8 3 92
8 4 175
8 5 61
8 6 128
8 7 245
9 1 44
9 2 82
9 3 42
9 4 78
9 5 28
9 6 57
9 7 105
10 1 225
10 2 450
10 3 204
10 4 407
10 5 142
10 6 312
10 7 624
11 1 77
11 2 163
11 3 73
11 4 154
11 5 46
11 6 109
11 7 231
12 1 124
12 2 230
12 3 118
12 4 218
12 5 76
12 6 179
12 7 332
13 1 119
13 2 240
13 3 108
13 4 216
13 5 74
13 6 157
13 7 316
14 1 160
14 2 332
14 3 137
14 4 283
14 5 110
14 6 222
14 7 459
15 1 41
15 2 103
15 3 37
15 4 93
15 5 27
15 6 55
15 7 136
16 1 204
16 2 389
16 3 193
16 4 367
16 5 125
16 6 256
16 7 488
17 1 319
17 2 577
17 3 280
17 4 505
17 5 199
17 6 462
17 7 835
18 1 248
18 2 612
18 3 220
18 4 542
18 5 172
18 6 327
18 7 805
19 1 127
19 2 230
19 3 118
19 4 212
19 5 83
19 6 175
19 7 317
20 1 84
20 2 188
20 3 76
20 4 170
20 5 54
20 6 115
20 7 258

# Energy Consumption
1 1 0
1 2 117
1 3 0
1 4 68
1 5 17
1 6 0
1 7 73
2 1 0
2 2 45
2 3 0
2 4 31
2 5 8
2 6 0
2 7 40
3 1 0
3 2 50
3 3 0
3 4 36
3 5 8
3 6 0
3 7 35
4 1 0
4 2 129
4 3 0
4 4 100
4 5 25
4 6 0
4 7 96
5 1 0
5 2 38
5 3 0
5 4 30
5 5 7
5 6 0
5 7 28
6 1 0
6 2 129
6 3 0
6 4 106
6 5 23
6 6 0
6 7 97
7 1 0
7 2 42
7 3 0
7 4 31
7 5 8
7 6 0
7 7 30
8 1 0
8 2 49
8 3 0
8 4 38
8 5 9
8 6 0
8 7 36
9 1 0
9 2 19
9 3 0
9 4 15
9 5 5
9 6 0
9 7 13
10 1 0
10 2 116
10 3 0
10 4 86
10 5 22
10 6 0
10 7 77
11 1 0
11 2 40
11 3 0
11 4 30
11 5 7
11 6 0
11 7 29
12 1 0
12 2 58
12 3 0
12 4 43
12 5 12
12 6 0
12 7 40
13 1 0
13 2 71
13 3 0
13 4 41
13 5 12
13 6 0
13 7 45
14 1 0
14 2 96
14 3 0
14 4 54
14 5 18
14 6 0
14 7 66
15 1 0
15 2 24
15 3 0
15 4 18
15 5 5
15 6 0
15 7 18
16 1 0
16 2 93
16 3 0
16 4 79
16 5 18
16 6 0
16 7 59
17 1 0
17 2 152
17 3 0
17 4 98
17 5 30
17 6 0
17 7 101
18 1 0
18 2 157
18 3 0
18 4 102
18 5 27
18 6 0
18 7 114
19 1 0
19 2 61
19 3 0
19 4 39
19 5 14
19 6 0
19 7 45
20 1 0
20 2 49
20 3 0
20 4 32
20 5 8
20 6 0
20 7 37

# Precedence Relations
1 11
2 7
3 6
3 7
4 5
4 6
5 11
7 8
7 9
7 10
8 11
9 11
10 12
10 13
11 14
11 15
11 16
11 17
15 19
15 20
16 18
17 19

# Parameters
R_e = 0.0500
T = 1000.0
C_s = 4.0
C_w = 36.0
C_c = 5.0
