# Tasks
1 2 3 4 5 6 7 8 9 10 11

# Workstations
1 2 3 4 5 6 7 8 9 10 11

# Modes
1 2 3 4 5 6 7

# Processing Times
1 1 4
1 2 5
1 3 4
1 4 5
1 5 2
1 6 6
1 7 7
2 1 38
2 2 48
2 3 37
2 4 47
2 5 15
2 6 53
2 7 67
3 1 45
3 2 56
3 3 44
3 4 55
3 5 17
3 6 63
3 7 78
4 1 12
4 2 15
4 3 12
4 4 15
4 5 5
4 6 17
4 7 21
5 1 10
5 2 13
5 3 10
5 4 13
5 5 4
5 6 14
5 7 19
6 1 8
6 2 10
6 3 8
6 4 10
6 5 3
6 6 12
6 7 14
7 1 12
7 2 15
7 3 12
7 4 15
7 5 5
7 6 17
7 7 21
8 1 10
8 2 13
8 3 10
8 4 13
8 5 4
8 6 14
8 7 19
9 1 2
9 2 3
9 3 2
9 4 3
9 5 1
9 6 3
9 7 5
10 1 10
10 2 13
10 3 10
10 4 13
10 5 4
10 6 14
10 7 19
11 1 34
11 2 43
11 3 33
11 4 42
11 5 13
11 6 48
11 7 60

# Energy Consumption
1 1 0
1 2 2
1 3 0
1 4 1
1 5 1
1 6 0
1 7 1
2 1 0
2 2 11
2 3 0
2 4 10
2 5 3
2 6 0
2 7 9
3 1 0
3 2 17
3 3 0
3 4 11
3 5 3
3 6 0
3 7 10
4 1 0
4 2 4
4 3 0
4 4 4
4 5 1
4 6 0
4 7 3
5 1 0
5 2 4
5 3 0
5 4 3
5 5 1
5 6 0
5 7 3
6 1 0
6 2 3
6 3 0
6 4 3
6 5 1
6 6 0
6 7 2
7 1 0
7 2 5
7 3 0
7 4 4
7 5 1
7 6 0
7 7 3
8 1 0
8 2 4
8 3 0
8 4 3
8 5 1
8 6 0
8 7 3
9 1 0
9 2 1
9 3 0
9 4 1
9 5 1
9 6 0
9 7 1
10 1 0
10 2 4
10 3 0
10 4 3
10 5 1
10 6 0
10 7 3
11 1 0
11 2 13
11 3 0
11 4 8
11 5 2
11 6 0
11 7 9

# Precedence Relations
1 4
2 4
2 5
3 11
4 6
5 7
6 8
7 9
8 10
9 10
10 11

# Parameters
R_e = 0.0500
T = 600.0
C_s = 4.0
C_w = 36.0
C_c = 5.0
