# Tasks
1 2 3 4 5 6 7 8 9 10 11 12 13 14 15 16 17 18 19 20

# Workstations
1 2 3 4 5 6 7 8 9 10 11 12 13 14 15 16 17 18 19 20

# Modes
1 2 3 4 5 6 7

# Processing Times
1 1 209
1 2 179
1 3 230
1 4 197
1 5 196
1 6 294
1 7 252
2 1 57
2 2 49
2 3 63
2 4 54
2 5 54
2 6 81
2 7 69
3 1 204
3 2 174
3 3 225
3 4 192
3 5 192
3 6 287
3 7 245
4 1 119
4 2 102
4 3 131
4 4 113
4 5 112
4 6 168
4 7 144
5 1 180
5 2 154
5 3 198
5 4 170
5 5 169
5 6 253
5 7 217
6 1 82
6 2 70
6 3 91
6 4 77
6 5 77
6 6 116
6 7 99
7 1 174
7 2 149
7 3 192
7 4 164
7 5 164
7 6 245
7 7 210
8 1 64
8 2 55
8 3 71
8 4 61
8 5 60
8 6 90
8 7 78
9 1 116
9 2 99
9 3 128
9 4 109
9 5 109
9 6 163
9 7 140
10 1 206
10 2 176
10 3 227
10 4 194
10 5 194
10 6 290
10 7 248
11 1 83
11 2 71
11 3 92
11 4 79
11 5 78
11 6 117
11 7 100
12 1 73
12 2 63
12 3 81
12 4 70
12 5 69
12 6 103
12 7 89
13 1 162
13 2 139
13 3 179
13 4 153
13 5 152
13 6 228
13 7 196
14 1 58
14 2 50
14 3 64
14 4 55
14 5 55
14 6 82
14 7 71
15 1 161
15 2 138
15 3 177
15 4 152
15 5 151
15 6 227
15 7 194
16 1 319
16 2 273
16 3 351
16 4 300
16 5 299
16 6 448
16 7 384
17 1 87
17 2 75
17 3 96
17 4 83
17 5 82
17 6 123
17 7 106
18 1 148
18 2 127
18 3 163
18 4 140
18 5 139
18 6 208
18 7 179
19 1 56
19 2 48
19 3 62
19 4 53
19 5 53
19 6 79
19 7 68
20 1 169
20 2 145
20 3 186
20 4 160
20 5 159
20 6 238
20 7 204

# Energy Consumption
1 1 0
1 2 40
1 3 0
1 4 43
1 5 32
1 6 0
1 7 37
2 1 0
2 2 14
2 3 0
2 4 12
2 5 9
2 6 0
2 7 10
3 1 0
3 2 39
3 3 0
3 4 38
3 5 28
3 6 0
3 7 31
4 1 0
4 2 31
4 3 0
4 4 22
4 5 17
4 6 0
4 7 19
5 1 0
5 2 39
5 3 0
5 4 35
5 5 27
5 6 0
5 7 29
6 1 0
6 2 17
6 3 0
6 4 15
6 5 13
6 6 0
6 7 14
7 1 0
7 2 43
7 3 0
7 4 33
7 5 26
7 6 0
7 7 32
8 1 0
8 2 15
8 3 0
8 4 13
8 5 10
8 6 0
8 7 10
9 1 0
9 2 27
9 3 0
9 4 24
9 5 17
9 6 0
9 7 18
10 1 0
10 2 44
10 3 0
10 4 43
10 5 30
10 6 0
10 7 32
11 1 0
11 2 19
11 3 0
11 4 15
11 5 11
11 6 0
11 7 14
12 1 0
12 2 15
12 3 0
12 4 16
12 5 11
12 6 0
12 7 12
13 1 0
13 2 37
13 3 0
13 4 29
13 5 24
13 6 0
13 7 28
14 1 0
14 2 14
14 3 0
14 4 11
14 5 9
14 6 0
14 7 10
15 1 0
15 2 38
15 3 0
15 4 33
15 5 24
15 6 0
15 7 26
16 1 0
16 2 78
16 3 0
16 4 58
16 5 48
16 6 0
16 7 55
17 1 0
17 2 19
17 3 0
17 4 18
17 5 13
17 6 0
17 7 16
18 1 0
18 2 34
18 3 0
18 4 29
18 5 22
18 6 0
18 7 22
19 1 0
19 2 11
19 3 0
19 4 11
19 5 8
19 6 0
19 7 9
20 1 0
20 2 36
20 3 0
20 4 34
20 5 23
20 6 0
20 7 28

# Precedence Relations
1 7
2 7
3 4
3 5
3 6
4 7
5 7
6 8
6 9
6 10
6 16
6 18
7 11
7 12
7 13
7 14
8 15
8 19
9 17
10 17
11 17
12 16
12 18
14 19
16 20
17 19
17 20
18 19

# Parameters
R_e = 0.0500
T = 1000.0
C_s = 4.0
C_w = 36.0
C_c = 5.0
