# Tasks
1 2 3 4 5 6 7 8 9 10 11 12 13 14 15 16 17 18 19 20 21 22 23 24 25 26 27 28 29 30 31 32 33 34 35 36 37 38 39 40 41 42 43 44 45 46 47 48 49 50 51 52 53 54 55 56 57 58 59 60 61 62 63 64 65 66 67 68 69 70 71 72 73 74 75

# Workstations
1 2 3 4 5 6 7 8 9 10 11 12 13 14 15 16 17 18 19 20 21 22 23 24 25 26 27 28 29 30 31 32 33 34 35 36 37 38 39 40 41 42 43 44 45 46 47 48 49 50 51 52 53 54 55 56 57 58 59 60 61 62 63 64 65 66 67 68 69 70 71 72 73 74 75

# Modes
1 2 3 4 5 6 7

# Processing Times
1 1 23
1 2 45
1 3 23
1 4 45
1 5 20
1 6 25
1 7 48
2 1 24
2 2 48
2 3 25
2 4 50
2 5 22
2 6 27
2 7 53
3 1 25
3 2 52
3 3 27
3 4 55
3 5 21
3 6 27
3 7 56
4 1 26
4 2 59
4 3 26
4 4 59
4 5 22
4 6 27
4 7 62
5 1 23
5 2 43
5 3 24
5 4 44
5 5 22
5 6 26
5 7 48
6 1 22
6 2 49
6 3 22
6 4 49
6 5 18
6 6 24
6 7 53
7 1 6
7 2 13
7 3 7
7 4 14
7 5 5
7 6 7
7 7 14
8 1 22
8 2 47
8 3 23
8 4 49
8 5 20
8 6 24
8 7 51
9 1 23
9 2 48
9 3 23
9 4 48
9 5 19
9 6 24
9 7 50
10 1 21
10 2 46
10 3 21
10 4 45
10 5 18
10 6 22
10 7 47
11 1 22
11 2 50
11 3 22
11 4 50
11 5 21
11 6 23
11 7 52
12 1 15
12 2 34
12 3 16
12 4 35
12 5 15
12 6 16
12 7 35
13 1 5
13 2 12
13 3 5
13 4 12
13 5 5
13 6 6
13 7 13
14 1 23
14 2 43
14 3 24
14 4 45
14 5 20
14 6 26
14 7 48
15 1 4
15 2 10
15 3 5
15 4 11
15 5 4
15 6 5
15 7 11
16 1 26
16 2 65
16 3 26
16 4 65
16 5 23
16 6 28
16 7 69
17 1 21
17 2 39
17 3 21
17 4 39
17 5 18
17 6 22
17 7 40
18 1 5
18 2 13
18 3 6
18 4 14
18 5 5
18 6 6
18 7 15
19 1 24
19 2 49
19 3 25
19 4 51
19 5 21
19 6 26
19 7 53
20 1 25
20 2 55
20 3 24
20 4 53
20 5 22
20 6 27
20 7 59
21 1 26
21 2 63
21 3 27
21 4 66
21 5 23
21 6 29
21 7 69
22 1 26
22 2 65
22 3 26
22 4 64
22 5 22
22 6 28
22 7 69
23 1 24
23 2 60
23 3 25
23 4 62
23 5 23
23 6 26
23 7 65
24 1 27
24 2 57
24 3 29
24 4 60
24 5 24
24 6 30
24 7 63
25 1 20
25 2 41
25 3 21
25 4 42
25 5 16
25 6 21
25 7 42
26 1 23
26 2 53
26 3 24
26 4 54
26 5 19
26 6 24
26 7 55
27 1 25
27 2 61
27 3 25
27 4 61
27 5 23
27 6 27
27 7 66
28 1 13
28 2 26
28 3 14
28 4 27
28 5 11
28 6 14
28 7 27
29 1 3
29 2 6
29 3 3
29 4 6
29 5 3
29 6 4
29 7 7
30 1 11
30 2 21
30 3 12
30 4 22
30 5 10
30 6 12
30 7 23
31 1 21
31 2 46
31 3 22
31 4 47
31 5 19
31 6 23
31 7 50
32 1 22
32 2 49
32 3 23
32 4 50
32 5 18
32 6 24
32 7 53
33 1 21
33 2 48
33 3 21
33 4 48
33 5 17
33 6 23
33 7 51
34 1 22
34 2 47
34 3 22
34 4 47
34 5 19
34 6 24
34 7 51
35 1 25
35 2 61
35 3 25
35 4 60
35 5 23
35 6 27
35 7 64
36 1 8
36 2 20
36 3 9
36 4 21
36 5 8
36 6 9
36 7 21
37 1 22
37 2 44
37 3 23
37 4 46
37 5 19
37 6 24
37 7 47
38 1 24
38 2 55
38 3 23
38 4 53
38 5 23
38 6 27
38 7 61
39 1 22
39 2 50
39 3 23
39 4 51
39 5 21
39 6 24
39 7 55
40 1 21
40 2 52
40 3 21
40 4 51
40 5 20
40 6 22
40 7 53
41 1 6
41 2 13
41 3 6
41 4 13
41 5 6
41 6 7
41 7 14
42 1 26
42 2 63
42 3 28
42 4 66
42 5 25
42 6 27
42 7 64
43 1 22
43 2 43
43 3 22
43 4 43
43 5 19
43 6 23
43 7 45
44 1 6
44 2 14
44 3 7
44 4 15
44 5 6
44 6 7
44 7 15
45 1 21
45 2 48
45 3 21
45 4 47
45 5 19
45 6 23
45 7 52
46 1 25
46 2 49
46 3 26
46 4 50
46 5 22
46 6 26
46 7 50
47 1 11
47 2 22
47 3 11
47 4 22
47 5 10
47 6 12
47 7 24
48 1 22
48 2 50
48 3 22
48 4 49
48 5 21
48 6 24
48 7 54
49 1 21
49 2 44
49 3 22
49 4 45
49 5 19
49 6 22
49 7 45
50 1 25
50 2 60
50 3 26
50 4 61
50 5 23
50 6 27
50 7 64
51 1 22
51 2 50
51 3 23
51 4 53
51 5 21
51 6 24
51 7 53
52 1 22
52 2 46
52 3 23
52 4 47
52 5 19
52 6 23
52 7 48
53 1 23
53 2 53
53 3 24
53 4 55
53 5 20
53 6 24
53 7 54
54 1 22
54 2 41
54 3 22
54 4 40
54 5 19
54 6 23
54 7 43
55 1 22
55 2 54
55 3 22
55 4 53
55 5 21
55 6 23
55 7 57
56 1 25
56 2 61
56 3 25
56 4 60
56 5 24
56 6 27
56 7 66
57 1 23
57 2 52
57 3 24
57 4 53
57 5 22
57 6 24
57 7 54
58 1 21
58 2 46
58 3 22
58 4 47
58 5 20
58 6 23
58 7 49
59 1 22
59 2 49
59 3 22
59 4 48
59 5 21
59 6 24
59 7 52
60 1 22
60 2 44
60 3 22
60 4 44
60 5 19
60 6 24
60 7 48
61 1 22
61 2 48
61 3 23
61 4 49
61 5 21
61 6 23
61 7 49
62 1 22
62 2 47
62 3 22
62 4 46
62 5 20
62 6 25
62 7 52
63 1 21
63 2 50
63 3 21
63 4 50
63 5 18
63 6 22
63 7 53
64 1 27
64 2 51
64 3 27
64 4 51
64 5 26
64 6 28
64 7 52
65 1 23
65 2 57
65 3 23
65 4 57
65 5 20
65 6 26
65 7 63
66 1 2
66 2 5
66 3 3
66 4 6
66 5 2
66 6 3
66 7 6
67 1 26
67 2 51
67 3 28
67 4 54
67 5 24
67 6 29
67 7 56
68 1 25
68 2 53
68 3 24
68 4 51
68 5 23
68 6 27
68 7 57
69 1 24
69 2 53
69 3 25
69 4 54
69 5 21
69 6 26
69 7 58
70 1 22
70 2 46
70 3 23
70 4 47
70 5 19
70 6 24
70 7 50
71 1 24
71 2 53
71 3 26
71 4 56
71 5 20
71 6 26
71 7 56
72 1 4
72 2 8
72 3 4
72 4 8
72 5 4
72 6 5
72 7 9
73 1 22
73 2 54
73 3 23
73 4 55
73 5 19
73 6 23
73 7 55
74 1 10
74 2 23
74 3 10
74 4 23
74 5 9
74 6 11
74 7 24
75 1 25
75 2 52
75 3 24
75 4 50
75 5 22
75 6 28
75 7 57

# Energy Consumption
1 1 0
1 2 12
1 3 0
1 4 10
1 5 3
1 6 0
1 7 8
2 1 0
2 2 13
2 3 0
2 4 11
2 5 4
2 6 0
2 7 8
3 1 0
3 2 14
3 3 0
3 4 12
3 5 4
3 6 0
3 7 8
4 1 0
4 2 16
4 3 0
4 4 12
4 5 4
4 6 0
4 7 8
5 1 0
5 2 11
5 3 0
5 4 8
5 5 4
5 6 0
5 7 6
6 1 0
6 2 14
6 3 0
6 4 10
6 5 3
6 6 0
6 7 7
7 1 0
7 2 4
7 3 0
7 4 3
7 5 1
7 6 0
7 7 3
8 1 0
8 2 14
8 3 0
8 4 11
8 5 4
8 6 0
8 7 8
9 1 0
9 2 14
9 3 0
9 4 9
9 5 3
9 6 0
9 7 7
10 1 0
10 2 14
10 3 0
10 4 10
10 5 3
10 6 0
10 7 7
11 1 0
11 2 12
11 3 0
11 4 11
11 5 4
11 6 0
11 7 7
12 1 0
12 2 8
12 3 0
12 4 8
12 5 3
12 6 0
12 7 5
13 1 0
13 2 4
13 3 0
13 4 3
13 5 1
13 6 0
13 7 2
14 1 0
14 2 12
14 3 0
14 4 9
14 5 4
14 6 0
14 7 6
15 1 0
15 2 3
15 3 0
15 4 3
15 5 1
15 6 0
15 7 2
16 1 0
16 2 17
16 3 0
16 4 13
16 5 4
16 6 0
16 7 9
17 1 0
17 2 11
17 3 0
17 4 8
17 5 3
17 6 0
17 7 5
18 1 0
18 2 4
18 3 0
18 4 3
18 5 1
18 6 0
18 7 3
19 1 0
19 2 15
19 3 0
19 4 10
19 5 4
19 6 0
19 7 8
20 1 0
20 2 14
20 3 0
20 4 11
20 5 4
20 6 0
20 7 9
21 1 0
21 2 17
21 3 0
21 4 14
21 5 4
21 6 0
21 7 11
22 1 0
22 2 16
22 3 0
22 4 14
22 5 4
22 6 0
22 7 11
23 1 0
23 2 18
23 3 0
23 4 13
23 5 4
23 6 0
23 7 10
24 1 0
24 2 17
24 3 0
24 4 13
24 5 4
24 6 0
24 7 9
25 1 0
25 2 12
25 3 0
25 4 9
25 5 3
25 6 0
25 7 6
26 1 0
26 2 13
26 3 0
26 4 11
26 5 3
26 6 0
26 7 7
27 1 0
27 2 17
27 3 0
27 4 13
27 5 4
27 6 0
27 7 10
28 1 0
28 2 8
28 3 0
28 4 6
28 5 2
28 6 0
28 7 4
29 1 0
29 2 2
29 3 0
29 4 2
29 5 1
29 6 0
29 7 1
30 1 0
30 2 5
30 3 0
30 4 5
30 5 2
30 6 0
30 7 3
31 1 0
31 2 11
31 3 0
31 4 9
31 5 3
31 6 0
31 7 7
32 1 0
32 2 15
32 3 0
32 4 10
32 5 3
32 6 0
32 7 7
33 1 0
33 2 13
33 3 0
33 4 10
33 5 3
33 6 0
33 7 8
34 1 0
34 2 11
34 3 0
34 4 10
34 5 3
34 6 0
34 7 7
35 1 0
35 2 14
35 3 0
35 4 12
35 5 4
35 6 0
35 7 8
36 1 0
36 2 5
36 3 0
36 4 5
36 5 2
36 6 0
36 7 4
37 1 0
37 2 11
37 3 0
37 4 10
37 5 3
37 6 0
37 7 6
38 1 0
38 2 14
38 3 0
38 4 11
38 5 4
38 6 0
38 7 9
39 1 0
39 2 13
39 3 0
39 4 11
39 5 4
39 6 0
39 7 8
40 1 0
40 2 13
40 3 0
40 4 10
40 5 3
40 6 0
40 7 8
41 1 0
41 2 3
41 3 0
41 4 3
41 5 1
41 6 0
41 7 2
42 1 0
42 2 15
42 3 0
42 4 14
42 5 4
42 6 0
42 7 9
43 1 0
43 2 11
43 3 0
43 4 8
43 5 3
43 6 0
43 7 7
44 1 0
44 2 4
44 3 0
44 4 3
44 5 1
44 6 0
44 7 3
45 1 0
45 2 14
45 3 0
45 4 9
45 5 3
45 6 0
45 7 7
46 1 0
46 2 13
46 3 0
46 4 11
46 5 4
46 6 0
46 7 8
47 1 0
47 2 7
47 3 0
47 4 5
47 5 2
47 6 0
47 7 4
48 1 0
48 2 14
48 3 0
48 4 10
48 5 4
48 6 0
48 7 8
49 1 0
49 2 11
49 3 0
49 4 10
49 5 3
49 6 0
49 7 6
50 1 0
50 2 18
50 3 0
50 4 12
50 5 4
50 6 0
50 7 9
51 1 0
51 2 15
51 3 0
51 4 10
51 5 4
51 6 0
51 7 7
52 1 0
52 2 14
52 3 0
52 4 10
52 5 3
52 6 0
52 7 8
53 1 0
53 2 12
53 3 0
53 4 10
53 5 4
53 6 0
53 7 8
54 1 0
54 2 13
54 3 0
54 4 9
54 5 4
54 6 0
54 7 7
55 1 0
55 2 12
55 3 0
55 4 12
55 5 4
55 6 0
55 7 8
56 1 0
56 2 19
56 3 0
56 4 13
56 5 4
56 6 0
56 7 9
57 1 0
57 2 14
57 3 0
57 4 10
57 5 4
57 6 0
57 7 8
58 1 0
58 2 14
58 3 0
58 4 9
58 5 4
58 6 0
58 7 8
59 1 0
59 2 15
59 3 0
59 4 11
59 5 4
59 6 0
59 7 7
60 1 0
60 2 11
60 3 0
60 4 10
60 5 3
60 6 0
60 7 7
61 1 0
61 2 12
61 3 0
61 4 11
61 5 4
61 6 0
61 7 6
62 1 0
62 2 12
62 3 0
62 4 10
62 5 3
62 6 0
62 7 7
63 1 0
63 2 15
63 3 0
63 4 10
63 5 3
63 6 0
63 7 8
64 1 0
64 2 14
64 3 0
64 4 11
64 5 4
64 6 0
64 7 7
65 1 0
65 2 14
65 3 0
65 4 12
65 5 4
65 6 0
65 7 9
66 1 0
66 2 2
66 3 0
66 4 2
66 5 1
66 6 0
66 7 1
67 1 0
67 2 15
67 3 0
67 4 10
67 5 4
67 6 0
67 7 8
68 1 0
68 2 16
68 3 0
68 4 10
68 5 4
68 6 0
68 7 7
69 1 0
69 2 14
69 3 0
69 4 11
69 5 4
69 6 0
69 7 8
70 1 0
70 2 13
70 3 0
70 4 9
70 5 3
70 6 0
70 7 7
71 1 0
71 2 13
71 3 0
71 4 13
71 5 3
71 6 0
71 7 9
72 1 0
72 2 3
72 3 0
72 4 2
72 5 1
72 6 0
72 7 2
73 1 0
73 2 13
73 3 0
73 4 10
73 5 3
73 6 0
73 7 7
74 1 0
74 2 6
74 3 0
74 4 5
74 5 2
74 6 0
74 7 4
75 1 0
75 2 13
75 3 0
75 4 10
75 5 4
75 6 0
75 7 9

# Precedence Relations
1 2
1 3
1 4
1 5
1 6
1 7
2 15
3 13
3 24
4 8
4 14
4 16
5 12
5 15
6 9
6 10
6 11
6 13
9 20
9 24
10 18
12 19
13 22
15 17
15 20
15 23
16 21
16 26
17 30
18 26
18 30
20 27
21 33
24 25
25 28
25 30
25 33
25 34
26 31
26 32
26 41
27 29
27 35
27 36
31 37
31 39
32 44
32 45
33 41
35 38
35 42
36 40
36 43
39 51
40 46
42 47
43 48
43 50
46 51
46 48
47 49
47 50
47 52
47 53
49 59
49 61
49 62
50 54
50 55
50 60
50 62
52 56
52 57
53 58
55 63
58 65
59 64
59 66
62 67
66 68
68 69
68 70
68 71
68 72
68 73
68 74
68 75

# Parameters
R_e = 0.0500
T = 39.0
C_s = 4.0
C_w = 36.0
C_c = 5.0
