# Tasks
1 2 3 4 5 6 7 8 9 10 11 12 13 14 15 16 17 18 19 20 21 22 23 24 25 26 27 28 29 30 31 32 33 34 35 36 37 38 39 40 41 42 43 44 45 46 47 48 49 50 51 52 53 54 55 56 57 58 59 60 61 62 63 64 65 66 67 68 69 70 71 72 73 74 75 76 77 78 79 80 81 82 83 84 85 86 87 88 89 90 91 92 93 94 95 96 97 98 99 100

# Workstations
1 2 3 4 5 6 7 8 9 10 11 12 13 14 15 16 17 18 19 20 21 22 23 24 25 26 27 28 29 30 31 32 33 34 35 36 37 38 39 40 41 42 43 44 45 46 47 48 49 50 51 52 53 54 55 56 57 58 59 60 61 62 63 64 65 66 67 68 69 70 71 72 73 74 75 76 77 78 79 80 81 82 83 84 85 86 87 88 89 90 91 92 93 94 95 96 97 98 99 100

# Modes
1 2 3 4 5 6 7

# Processing Times
1 1 113
1 2 119
1 3 107
1 4 113
1 5 34
1 6 123
1 7 129
2 1 98
2 2 107
2 3 87
2 4 95
2 5 39
2 6 107
2 7 116
3 1 238
3 2 248
3 3 205
3 4 214
3 5 79
3 6 242
3 7 252
4 1 175
4 2 175
4 3 162
4 4 162
4 5 74
4 6 191
4 7 191
5 1 99
5 2 108
5 3 87
5 4 94
5 5 31
5 6 109
5 7 119
6 1 188
6 2 167
6 3 175
6 4 155
6 5 60
6 6 204
6 7 181
7 1 207
7 2 185
7 3 177
7 4 158
7 5 78
7 6 215
7 7 192
8 1 125
8 2 125
8 3 118
8 4 118
8 5 49
8 6 128
8 7 128
9 1 126
9 2 127
9 3 110
9 4 111
9 5 48
9 6 137
9 7 138
10 1 106
10 2 92
10 3 101
10 4 87
10 5 42
10 6 113
10 7 98
11 1 43
11 2 40
11 3 41
11 4 38
11 5 17
11 6 44
11 7 41
12 1 175
12 2 188
12 3 155
12 4 166
12 5 79
12 6 192
12 7 207
13 1 53
13 2 52
13 3 49
13 4 48
13 5 20
13 6 55
13 7 54
14 1 29
14 2 28
14 3 26
14 4 25
14 5 12
14 6 32
14 7 31
15 1 181
15 2 174
15 3 165
15 4 159
15 5 68
15 6 190
15 7 183
16 1 164
16 2 147
16 3 144
16 4 129
16 5 64
16 6 171
16 7 154
17 1 230
17 2 211
17 3 205
17 4 188
17 5 91
17 6 239
17 7 219
18 1 134
18 2 144
18 3 124
18 4 133
18 5 52
18 6 143
18 7 153
19 1 186
19 2 199
19 3 176
19 4 189
19 5 60
19 6 187
19 7 200
20 1 150
20 2 152
20 3 128
20 4 130
20 5 50
20 6 159
20 7 161
21 1 86
21 2 84
21 3 77
21 4 75
21 5 31
21 6 89
21 7 87
22 1 182
22 2 183
22 3 163
22 4 164
22 5 57
22 6 184
22 7 185
23 1 184
23 2 164
23 3 165
23 4 147
23 5 70
23 6 199
23 7 178
24 1 131
24 2 112
24 3 115
24 4 98
24 5 52
24 6 136
24 7 117
25 1 197
25 2 201
25 3 182
25 4 186
25 5 69
25 6 207
25 7 211
26 1 115
26 2 118
26 3 104
26 4 106
26 5 41
26 6 116
26 7 119
27 1 198
27 2 170
27 3 175
27 4 150
27 5 77
27 6 208
27 7 178
28 1 125
28 2 127
28 3 119
28 4 121
28 5 50
28 6 128
28 7 130
29 1 31
29 2 31
29 3 29
29 4 29
29 5 12
29 6 34
29 7 34
30 1 80
30 2 76
30 3 76
30 4 73
30 5 33
30 6 86
30 7 82
31 1 79
31 2 76
31 3 71
31 4 68
31 5 32
31 6 84
31 7 81
32 1 240
32 2 240
32 3 219
32 4 219
32 5 76
32 6 259
32 7 259
33 1 80
33 2 82
33 3 76
33 4 78
33 5 31
33 6 87
33 7 89
34 1 235
34 2 252
34 3 209
34 4 224
34 5 78
34 6 239
34 7 257
35 1 43
35 2 44
35 3 40
35 4 41
35 5 18
35 6 48
35 7 49
36 1 348
36 2 358
36 3 303
36 4 311
36 5 115
36 6 380
36 7 391
37 1 113
37 2 110
37 3 103
37 4 100
37 5 40
37 6 114
37 7 111
38 1 64
38 2 59
38 3 55
38 4 51
38 5 21
38 6 69
38 7 63
39 1 94
39 2 87
39 3 86
39 4 79
39 5 39
39 6 102
39 7 94
40 1 126
40 2 136
40 3 117
40 4 126
40 5 55
40 6 135
40 7 146
41 1 218
41 2 194
41 3 194
41 4 173
41 5 93
41 6 222
41 7 198
42 1 98
42 2 102
42 3 89
42 4 93
42 5 39
42 6 107
42 7 111
43 1 34
43 2 31
43 3 31
43 4 28
43 5 14
43 6 36
43 7 33
44 1 117
44 2 112
44 3 107
44 4 102
44 5 43
44 6 129
44 7 124
45 1 172
45 2 183
45 3 147
45 4 156
45 5 76
45 6 179
45 7 190
46 1 144
46 2 143
46 3 131
46 4 130
46 5 57
46 6 152
46 7 151
47 1 198
47 2 213
47 3 187
47 4 201
47 5 83
47 6 209
47 7 225
48 1 29
48 2 30
48 3 28
48 4 28
48 5 12
48 6 32
48 7 33
49 1 76
49 2 81
49 3 69
49 4 73
49 5 29
49 6 82
49 7 87
50 1 68
50 2 72
50 3 59
50 4 62
50 5 24
50 6 74
50 7 78
51 1 41
51 2 43
51 3 36
51 4 38
51 5 18
51 6 42
51 7 44
52 1 224
52 2 242
52 3 204
52 4 221
52 5 77
52 6 232
52 7 250
53 1 119
53 2 114
53 3 104
53 4 99
53 5 36
53 6 128
53 7 123
54 1 263
54 2 252
54 3 245
54 4 235
54 5 108
54 6 265
54 7 254
55 1 90
55 2 82
55 3 85
55 4 77
55 5 34
55 6 91
55 7 83
56 1 26
56 2 24
56 3 24
56 4 22
56 5 9
56 6 28
56 7 26
57 1 202
57 2 181
57 3 187
57 4 168
57 5 80
57 6 213
57 7 191
58 1 90
58 2 78
58 3 86
58 4 74
58 5 39
58 6 98
58 7 85
59 1 59
59 2 53
59 3 56
59 4 51
59 5 19
59 6 64
59 7 57
60 1 257
60 2 222
60 3 230
60 4 199
60 5 106
60 6 278
60 7 240
61 1 229
61 2 200
61 3 217
61 4 190
61 5 83
61 6 240
61 7 210
62 1 21
62 2 23
62 3 20
62 4 22
62 5 10
62 6 23
62 7 25
63 1 162
63 2 146
63 3 145
63 4 131
63 5 51
63 6 170
63 7 154
64 1 79
64 2 77
64 3 69
64 4 67
64 5 28
64 6 84
64 7 82
65 1 257
65 2 261
65 3 241
65 4 245
65 5 80
65 6 272
65 7 276
66 1 195
66 2 182
66 3 181
66 4 169
66 5 78
66 6 210
66 7 196
67 1 316
67 2 324
67 3 290
67 4 297
67 5 103
67 6 323
67 7 331
68 1 67
68 2 67
68 3 63
68 4 63
68 5 23
68 6 70
68 7 70
69 1 104
69 2 99
69 3 97
69 4 93
69 5 33
69 6 111
69 7 106
70 1 157
70 2 142
70 3 138
70 4 125
70 5 52
70 6 164
70 7 149
71 1 69
71 2 65
71 3 60
71 4 56
71 5 28
71 6 75
71 7 70
72 1 190
72 2 185
72 3 163
72 4 158
72 5 59
72 6 191
72 7 186
73 1 75
73 2 65
73 3 66
73 4 57
73 5 30
73 6 77
73 7 67
74 1 281
74 2 274
74 3 262
74 4 256
74 5 121
74 6 288
74 7 280
75 1 60
75 2 55
75 3 54
75 4 49
75 5 24
75 6 66
75 7 61
76 1 67
76 2 60
76 3 60
76 4 54
76 5 28
76 6 69
76 7 62
77 1 265
77 2 256
77 3 247
77 4 239
77 5 90
77 6 278
77 7 268
78 1 195
78 2 206
78 3 171
78 4 181
78 5 63
78 6 211
78 7 223
79 1 231
79 2 225
79 3 208
79 4 203
79 5 74
79 6 251
79 7 244
80 1 152
80 2 141
80 3 138
80 4 128
80 5 55
80 6 155
80 7 144
81 1 417
81 2 456
81 3 361
81 4 394
81 5 178
81 6 449
81 7 491
82 1 104
82 2 92
82 3 93
82 4 82
82 5 37
82 6 113
82 7 100
83 1 118
83 2 103
83 3 107
83 4 93
83 5 48
83 6 126
83 7 110
84 1 154
84 2 168
84 3 133
84 4 145
84 5 53
84 6 158
84 7 173
85 1 202
85 2 210
85 3 187
85 4 194
85 5 69
85 6 207
85 7 215
86 1 164
86 2 178
86 3 140
86 4 152
86 5 59
86 6 169
86 7 184
87 1 153
87 2 146
87 3 131
87 4 125
87 5 66
87 6 162
87 7 154
88 1 194
88 2 208
88 3 169
88 4 181
88 5 70
88 6 195
88 7 209
89 1 196
89 2 209
89 3 169
89 4 180
89 5 66
89 6 200
89 7 214
90 1 144
90 2 152
90 3 136
90 4 144
90 5 49
90 6 146
90 7 154
91 1 47
91 2 49
91 3 43
91 4 44
91 5 21
91 6 50
91 7 52
92 1 217
92 2 211
92 3 201
92 4 196
92 5 70
92 6 230
92 7 223
93 1 41
93 2 39
93 3 36
93 4 35
93 5 15
93 6 43
93 7 41
94 1 200
94 2 213
94 3 172
94 4 183
94 5 86
94 6 220
94 7 234
95 1 144
95 2 140
95 3 137
95 4 133
95 5 64
95 6 146
95 7 142
96 1 114
96 2 100
96 3 98
96 4 86
96 5 42
96 6 124
96 7 109
97 1 165
97 2 150
97 3 155
97 4 141
97 5 60
97 6 176
97 7 160
98 1 29
98 2 32
98 3 26
98 4 28
98 5 11
98 6 30
98 7 34
99 1 36
99 2 36
99 3 33
99 4 33
99 5 13
99 6 38
99 7 38
100 1 77
100 2 81
100 3 69
100 4 72
100 5 27
100 6 79
100 7 83

# Energy Consumption
1 1 0
1 2 30
1 3 0
1 4 23
1 5 6
1 6 0
1 7 19
2 1 0
2 2 26
2 3 0
2 4 20
2 5 6
2 6 0
2 7 17
3 1 0
3 2 60
3 3 0
3 4 39
3 5 12
3 6 0
3 7 37
4 1 0
4 2 52
4 3 0
4 4 30
4 5 11
4 6 0
4 7 28
5 1 0
5 2 33
5 3 0
5 4 20
5 5 5
5 6 0
5 7 17
6 1 0
6 2 49
6 3 0
6 4 29
6 5 9
6 6 0
6 7 25
7 1 0
7 2 43
7 3 0
7 4 34
7 5 12
7 6 0
7 7 28
8 1 0
8 2 37
8 3 0
8 4 25
8 5 8
8 6 0
8 7 18
9 1 0
9 2 32
9 3 0
9 4 24
9 5 8
9 6 0
9 7 21
10 1 0
10 2 24
10 3 0
10 4 19
10 5 7
10 6 0
10 7 14
11 1 0
11 2 10
11 3 0
11 4 9
11 5 3
11 6 0
11 7 6
12 1 0
12 2 47
12 3 0
12 4 35
12 5 13
12 6 0
12 7 30
13 1 0
13 2 13
13 3 0
13 4 10
13 5 4
13 6 0
13 7 7
14 1 0
14 2 7
14 3 0
14 4 5
14 5 2
14 6 0
14 7 4
15 1 0
15 2 52
15 3 0
15 4 35
15 5 11
15 6 0
15 7 24
16 1 0
16 2 34
16 3 0
16 4 25
16 5 9
16 6 0
16 7 21
17 1 0
17 2 60
17 3 0
17 4 39
17 5 13
17 6 0
17 7 33
18 1 0
18 2 33
18 3 0
18 4 28
18 5 8
18 6 0
18 7 21
19 1 0
19 2 45
19 3 0
19 4 41
19 5 10
19 6 0
19 7 29
20 1 0
20 2 40
20 3 0
20 4 26
20 5 8
20 6 0
20 7 24
21 1 0
21 2 21
21 3 0
21 4 14
21 5 5
21 6 0
21 7 11
22 1 0
22 2 43
22 3 0
22 4 36
22 5 9
22 6 0
22 7 26
23 1 0
23 2 48
23 3 0
23 4 31
23 5 11
23 6 0
23 7 27
24 1 0
24 2 30
24 3 0
24 4 20
24 5 8
24 6 0
24 7 16
25 1 0
25 2 49
25 3 0
25 4 36
25 5 11
25 6 0
25 7 29
26 1 0
26 2 30
26 3 0
26 4 22
26 5 6
26 6 0
26 7 16
27 1 0
27 2 49
27 3 0
27 4 33
27 5 12
27 6 0
27 7 25
28 1 0
28 2 37
28 3 0
28 4 27
28 5 8
28 6 0
28 7 16
29 1 0
29 2 8
29 3 0
29 4 7
29 5 2
29 6 0
29 7 5
30 1 0
30 2 21
30 3 0
30 4 16
30 5 6
30 6 0
30 7 12
31 1 0
31 2 20
31 3 0
31 4 13
31 5 5
31 6 0
31 7 12
32 1 0
32 2 66
32 3 0
32 4 47
32 5 13
32 6 0
32 7 32
33 1 0
33 2 20
33 3 0
33 4 17
33 5 5
33 6 0
33 7 12
34 1 0
34 2 70
34 3 0
34 4 45
34 5 12
34 6 0
34 7 34
35 1 0
35 2 13
35 3 0
35 4 9
35 5 3
35 6 0
35 7 7
36 1 0
36 2 85
36 3 0
36 4 66
36 5 17
36 6 0
36 7 54
37 1 0
37 2 32
37 3 0
37 4 22
37 5 6
37 6 0
37 7 17
38 1 0
38 2 14
38 3 0
38 4 11
38 5 4
38 6 0
38 7 9
39 1 0
39 2 24
39 3 0
39 4 15
39 5 6
39 6 0
39 7 14
40 1 0
40 2 34
40 3 0
40 4 28
40 5 8
40 6 0
40 7 18
41 1 0
41 2 45
41 3 0
41 4 35
41 5 14
41 6 0
41 7 29
42 1 0
42 2 26
42 3 0
42 4 20
42 5 7
42 6 0
42 7 15
43 1 0
43 2 8
43 3 0
43 4 6
43 5 3
43 6 0
43 7 5
44 1 0
44 2 32
44 3 0
44 4 20
44 5 7
44 6 0
44 7 17
45 1 0
45 2 55
45 3 0
45 4 32
45 5 11
45 6 0
45 7 26
46 1 0
46 2 38
46 3 0
46 4 25
46 5 9
46 6 0
46 7 21
47 1 0
47 2 58
47 3 0
47 4 38
47 5 14
47 6 0
47 7 31
48 1 0
48 2 7
48 3 0
48 4 6
48 5 2
48 6 0
48 7 5
49 1 0
49 2 24
49 3 0
49 4 16
49 5 5
49 6 0
49 7 13
50 1 0
50 2 20
50 3 0
50 4 12
50 5 4
50 6 0
50 7 12
51 1 0
51 2 10
51 3 0
51 4 7
51 5 3
51 6 0
51 7 7
52 1 0
52 2 58
52 3 0
52 4 40
52 5 13
52 6 0
52 7 35
53 1 0
53 2 29
53 3 0
53 4 19
53 5 6
53 6 0
53 7 18
54 1 0
54 2 76
54 3 0
54 4 46
54 5 18
54 6 0
54 7 34
55 1 0
55 2 19
55 3 0
55 4 15
55 5 5
55 6 0
55 7 11
56 1 0
56 2 7
56 3 0
56 4 5
56 5 2
56 6 0
56 7 4
57 1 0
57 2 41
57 3 0
57 4 36
57 5 12
57 6 0
57 7 24
58 1 0
58 2 21
58 3 0
58 4 16
58 5 6
58 6 0
58 7 11
59 1 0
59 2 13
59 3 0
59 4 10
59 5 3
59 6 0
59 7 7
60 1 0
60 2 60
60 3 0
60 4 37
60 5 17
60 6 0
60 7 32
61 1 0
61 2 47
61 3 0
61 4 38
61 5 13
61 6 0
61 7 28
62 1 0
62 2 7
62 3 0
62 4 5
62 5 2
62 6 0
62 7 4
63 1 0
63 2 43
63 3 0
63 4 27
63 5 8
63 6 0
63 7 22
64 1 0
64 2 18
64 3 0
64 4 14
64 5 5
64 6 0
64 7 12
65 1 0
65 2 72
65 3 0
65 4 51
65 5 12
65 6 0
65 7 38
66 1 0
66 2 52
66 3 0
66 4 36
66 5 13
66 6 0
66 7 29
67 1 0
67 2 74
67 3 0
67 4 62
67 5 16
67 6 0
67 7 43
68 1 0
68 2 17
68 3 0
68 4 14
68 5 4
68 6 0
68 7 10
69 1 0
69 2 23
69 3 0
69 4 19
69 5 5
69 6 0
69 7 15
70 1 0
70 2 34
70 3 0
70 4 28
70 5 8
70 6 0
70 7 22
71 1 0
71 2 20
71 3 0
71 4 12
71 5 5
71 6 0
71 7 11
72 1 0
72 2 49
72 3 0
72 4 30
72 5 9
72 6 0
72 7 24
73 1 0
73 2 15
73 3 0
73 4 12
73 5 5
73 6 0
73 7 10
74 1 0
74 2 76
74 3 0
74 4 50
74 5 19
74 6 0
74 7 36
75 1 0
75 2 13
75 3 0
75 4 10
75 5 4
75 6 0
75 7 8
76 1 0
76 2 16
76 3 0
76 4 11
76 5 4
76 6 0
76 7 9
77 1 0
77 2 60
77 3 0
77 4 46
77 5 13
77 6 0
77 7 34
78 1 0
78 2 51
78 3 0
78 4 39
78 5 10
78 6 0
78 7 33
79 1 0
79 2 58
79 3 0
79 4 42
79 5 11
79 6 0
79 7 36
80 1 0
80 2 39
80 3 0
80 4 25
80 5 9
80 6 0
80 7 21
81 1 0
81 2 107
81 3 0
81 4 73
81 5 27
81 6 0
81 7 60
82 1 0
82 2 23
82 3 0
82 4 18
82 5 6
82 6 0
82 7 14
83 1 0
83 2 26
83 3 0
83 4 20
83 5 8
83 6 0
83 7 15
84 1 0
84 2 39
84 3 0
84 4 29
84 5 9
84 6 0
84 7 22
85 1 0
85 2 59
85 3 0
85 4 43
85 5 11
85 6 0
85 7 32
86 1 0
86 2 51
86 3 0
86 4 30
86 5 9
86 6 0
86 7 24
87 1 0
87 2 36
87 3 0
87 4 27
87 5 11
87 6 0
87 7 23
88 1 0
88 2 60
88 3 0
88 4 38
88 5 11
88 6 0
88 7 26
89 1 0
89 2 62
89 3 0
89 4 37
89 5 10
89 6 0
89 7 29
90 1 0
90 2 46
90 3 0
90 4 31
90 5 8
90 6 0
90 7 22
91 1 0
91 2 15
91 3 0
91 4 9
91 5 4
91 6 0
91 7 8
92 1 0
92 2 63
92 3 0
92 4 40
92 5 11
92 6 0
92 7 27
93 1 0
93 2 11
93 3 0
93 4 7
93 5 3
93 6 0
93 7 6
94 1 0
94 2 58
94 3 0
94 4 36
94 5 14
94 6 0
94 7 32
95 1 0
95 2 40
95 3 0
95 4 25
95 5 10
95 6 0
95 7 18
96 1 0
96 2 29
96 3 0
96 4 19
96 5 7
96 6 0
96 7 15
97 1 0
97 2 43
97 3 0
97 4 30
97 5 9
97 6 0
97 7 24
98 1 0
98 2 9
98 3 0
98 4 6
98 5 2
98 6 0
98 7 5
99 1 0
99 2 10
99 3 0
99 4 7
99 5 3
99 6 0
99 7 6
100 1 0
100 2 24
100 3 0
100 4 15
100 5 5
100 6 0
100 7 12

# Precedence Relations
1 41
2 41
3 34
4 10
4 14
5 15
6 16
6 17
6 18
7 13
8 11
8 12
9 19
10 41
11 34
12 34
13 34
14 29
15 22
15 27
16 23
16 26
16 28
16 31
17 24
18 20
18 21
18 25
18 30
20 41
21 41
22 41
23 34
24 34
25 34
26 34
27 35
28 36
29 37
30 32
30 33
30 38
31 39
31 40
32 41
33 41
34 42
34 43
34 44
34 45
35 47
36 46
37 48
41 49
41 50
41 51
41 52
44 56
46 53
48 54
48 55
48 57
49 58
49 59
49 60
50 62
53 61
57 63
58 64
59 65
60 66
61 67
62 68
62 69
62 70
64 73
65 75
66 71
67 72
69 78
70 74
70 76
70 77
70 79
71 82
72 81
74 80
74 84
74 85
79 83
80 87
81 86
82 90
83 88
83 89
83 91
83 92
84 93
86 94
87 96
88 95
90 98
90 100
91 97
92 99

# Parameters
R_e = 0.0500
T = 1000.0
C_s = 4.0
C_w = 36.0
C_c = 5.0
