# Tasks
1 2 3 4 5 6 7 8 9 10 11 12 13 14 15 16 17 18 19 20 21 22 23 24 25 26 27 28 29 30 31 32 33 34 35 36 37 38 39 40 41 42 43 44 45 46 47 48 49 50 51 52 53 54 55 56 57 58 59 60 61 62 63 64 65 66 67 68 69 70 71 72 73 74 75 76 77 78 79 80 81 82 83 84 85 86 87 88 89 90 91 92 93 94 95 96 97 98 99 100

# Workstations
1 2 3 4 5 6 7 8 9 10 11 12 13 14 15 16 17 18 19 20 21 22 23 24 25 26 27 28 29 30 31 32 33 34 35 36 37 38 39 40 41 42 43 44 45 46 47 48 49 50 51 52 53 54 55 56 57 58 59 60 61 62 63 64 65 66 67 68 69 70 71 72 73 74 75 76 77 78 79 80 81 82 83 84 85 86 87 88 89 90 91 92 93 94 95 96 97 98 99 100

# Modes
1 2 3 4 5 6 7

# Processing Times
1 1 124
1 2 242
1 3 130
1 4 253
1 5 102
1 6 127
1 7 248
2 1 461
2 2 911
2 3 472
2 4 931
2 5 423
2 6 502
2 7 991
3 1 193
3 2 395
3 3 197
3 4 403
3 5 162
3 6 199
3 7 406
4 1 190
4 2 424
4 3 186
4 4 414
4 5 160
4 6 203
4 7 452
5 1 113
5 2 210
5 3 110
5 4 205
5 5 95
5 6 123
5 7 228
6 1 201
6 2 442
6 3 197
6 4 433
6 5 174
6 6 206
6 7 452
7 1 368
7 2 767
7 3 374
7 4 779
7 5 300
7 6 397
7 7 827
8 1 160
8 2 342
8 3 161
8 4 344
8 5 129
8 6 170
8 7 362
9 1 430
9 2 884
9 3 418
9 4 858
9 5 358
9 6 434
9 7 891
10 1 56
10 2 122
10 3 56
10 4 122
10 5 50
10 6 62
10 7 134
11 1 580
11 2 1318
11 3 591
11 4 1343
11 5 536
11 6 596
11 7 1354
12 1 367
12 2 809
12 3 352
12 4 775
12 5 316
12 6 381
12 7 840
13 1 263
13 2 611
13 3 263
13 4 611
13 5 244
13 6 265
13 7 615
14 1 37
14 2 68
14 3 37
14 4 68
14 5 35
14 6 38
14 7 70
15 1 47
15 2 111
15 3 47
15 4 111
15 5 43
15 6 49
15 7 115
16 1 263
16 2 653
16 3 265
16 4 657
16 5 225
16 6 280
16 7 695
17 1 492
17 2 897
17 3 516
17 4 941
17 5 456
17 6 516
17 7 941
18 1 143
18 2 348
18 3 137
18 4 333
18 5 121
18 6 147
18 7 358
19 1 221
19 2 447
19 3 223
19 4 451
19 5 191
19 6 228
19 7 460
20 1 140
20 2 307
20 3 141
20 4 310
20 5 126
20 6 153
20 7 335
21 1 530
21 2 1282
21 3 557
21 4 1346
21 5 450
21 6 531
21 7 1283
22 1 129
22 2 319
22 3 126
22 4 312
22 5 114
22 6 136
22 7 335
23 1 66
23 2 164
23 3 67
23 4 165
23 5 61
23 6 72
23 7 178
24 1 85
24 2 178
24 3 85
24 4 178
24 5 74
24 6 93
24 7 194
25 1 206
25 2 413
25 3 198
25 4 397
25 5 184
25 6 215
25 7 431
26 1 171
26 2 388
26 3 171
26 4 386
26 5 157
26 6 188
26 7 426
27 1 109
27 2 265
27 3 115
27 4 279
27 5 92
27 6 113
27 7 273
28 1 481
28 2 937
28 3 490
28 4 955
28 5 410
28 6 494
28 7 961
29 1 34
29 2 62
29 3 34
29 4 62
29 5 29
29 6 36
29 7 64
30 1 527
30 2 990
30 3 552
30 4 1037
30 5 486
30 6 555
30 7 1043
31 1 179
31 2 390
31 3 183
31 4 398
31 5 169
31 6 195
31 7 425
32 1 83
32 2 182
32 3 81
32 4 176
32 5 76
32 6 91
32 7 200
33 1 91
33 2 207
33 3 94
33 4 214
33 5 83
33 6 94
33 7 212
34 1 318
34 2 678
34 3 316
34 4 672
34 5 292
34 6 341
34 7 725
35 1 267
35 2 650
35 3 260
35 4 632
35 5 222
35 6 279
35 7 679
36 1 26
36 2 63
36 3 26
36 4 62
36 5 24
36 6 28
36 7 67
37 1 425
37 2 841
37 3 413
37 4 816
37 5 375
37 6 430
37 7 851
38 1 214
38 2 489
38 3 212
38 4 484
38 5 175
38 6 226
38 7 517
39 1 72
39 2 162
39 3 76
39 4 170
39 5 69
39 6 74
39 7 166
40 1 441
40 2 1086
40 3 452
40 4 1112
40 5 383
40 6 467
40 7 1148
41 1 619
41 2 1281
41 3 619
41 4 1281
41 5 520
41 6 643
41 7 1331
42 1 196
42 2 472
42 3 187
42 4 451
42 5 174
42 6 210
42 7 506
43 1 256
43 2 491
43 3 267
43 4 511
43 5 232
43 6 268
43 7 514
44 1 219
44 2 500
44 3 225
44 4 514
44 5 191
44 6 224
44 7 510
45 1 487
45 2 1101
45 3 498
45 4 1125
45 5 414
45 6 491
45 7 1110
46 1 216
46 2 417
46 3 223
46 4 430
46 5 180
46 6 230
46 7 444
47 1 160
47 2 312
47 3 162
47 4 315
47 5 152
47 6 176
47 7 342
48 1 165
48 2 375
48 3 169
48 4 384
48 5 137
48 6 168
48 7 382
49 1 79
49 2 163
49 3 83
49 4 170
49 5 66
49 6 82
49 7 169
50 1 145
50 2 348
50 3 142
50 4 339
50 5 123
50 6 157
50 7 376
51 1 124
51 2 278
51 3 122
51 4 272
51 5 109
51 6 133
51 7 298
52 1 96
52 2 198
52 3 99
52 4 203
52 5 88
52 6 97
52 7 200
53 1 238
53 2 546
53 3 234
53 4 537
53 5 224
53 6 259
53 7 593
54 1 356
54 2 653
54 3 361
54 4 662
54 5 305
54 6 391
54 7 717
55 1 422
55 2 1031
55 3 435
55 4 1063
55 5 381
55 6 429
55 7 1048
56 1 145
56 2 350
56 3 150
56 4 361
56 5 124
56 6 150
56 7 362
57 1 99
57 2 223
57 3 101
57 4 228
57 5 93
57 6 101
57 7 227
58 1 73
58 2 159
58 3 74
58 4 160
58 5 67
58 6 77
58 7 167
59 1 199
59 2 441
59 3 206
59 4 456
59 5 173
59 6 215
59 7 475
60 1 56
60 2 111
60 3 56
60 4 111
60 5 46
60 6 59
60 7 116
61 1 83
61 2 181
61 3 79
61 4 173
61 5 73
61 6 89
61 7 194
62 1 85
62 2 178
62 3 85
62 4 178
62 5 76
62 6 90
62 7 187
63 1 122
63 2 288
63 3 128
63 4 301
63 5 106
63 6 134
63 7 316
64 1 276
64 2 516
64 3 286
64 4 535
64 5 257
64 6 278
64 7 519
65 1 224
65 2 548
65 3 217
65 4 531
65 5 205
65 6 241
65 7 590
66 1 79
66 2 165
66 3 80
66 4 167
66 5 69
66 6 87
66 7 180
67 1 208
67 2 401
67 3 198
67 4 382
67 5 179
67 6 223
67 7 429
68 1 97
68 2 203
68 3 97
68 4 202
68 5 89
68 6 98
68 7 205
69 1 195
69 2 429
69 3 186
69 4 408
69 5 180
69 6 206
69 7 453
70 1 273
70 2 568
70 3 278
70 4 578
70 5 222
70 6 294
70 7 611
71 1 188
71 2 414
71 3 183
71 4 401
71 5 175
71 6 195
71 7 430
72 1 240
72 2 434
72 3 242
72 4 438
72 5 204
72 6 260
72 7 470
73 1 340
73 2 827
73 3 347
73 4 844
73 5 309
73 6 370
73 7 900
74 1 384
74 2 849
74 3 369
74 4 816
74 5 365
74 6 408
74 7 901
75 1 564
75 2 1158
75 3 565
75 4 1160
75 5 498
75 6 587
75 7 1205
76 1 139
76 2 277
76 3 140
76 4 278
76 5 124
76 6 142
76 7 283
77 1 90
77 2 203
77 3 89
77 4 201
77 5 78
77 6 98
77 7 221
78 1 123
78 2 229
78 3 118
78 4 219
78 5 109
78 6 126
78 7 235
79 1 183
79 2 355
79 3 182
79 4 353
79 5 147
79 6 186
79 7 360
80 1 530
80 2 1276
80 3 527
80 4 1268
80 5 483
80 6 548
80 7 1318
81 1 153
81 2 285
81 3 156
81 4 290
81 5 135
81 6 168
81 7 313
82 1 77
82 2 146
82 3 76
82 4 144
82 5 70
82 6 81
82 7 153
83 1 254
83 2 586
83 3 256
83 4 590
83 5 220
83 6 267
83 7 616
84 1 250
84 2 458
84 3 251
84 4 459
84 5 214
84 6 262
84 7 480
85 1 491
85 2 914
85 3 507
85 4 943
85 5 415
85 6 524
85 7 976
86 1 103
86 2 254
86 3 99
86 4 243
86 5 98
86 6 113
86 7 279
87 1 104
87 2 254
87 3 109
87 4 266
87 5 95
87 6 113
87 7 275
88 1 125
88 2 302
88 3 124
88 4 300
88 5 101
88 6 137
88 7 330
89 1 124
89 2 241
89 3 120
89 4 232
89 5 111
89 6 128
89 7 248
90 1 51
90 2 114
90 3 54
90 4 119
90 5 43
90 6 55
90 7 123
91 1 91
91 2 193
91 3 89
91 4 188
91 5 76
91 6 99
91 7 209
92 1 256
92 2 515
92 3 265
92 4 533
92 5 242
92 6 280
92 7 563
93 1 604
93 2 1489
93 3 613
93 4 1510
93 5 512
93 6 641
93 7 1580
94 1 517
94 2 1061
94 3 535
94 4 1096
94 5 474
94 6 558
94 7 1144
95 1 159
95 2 324
95 3 163
95 4 331
95 5 133
95 6 162
95 7 329
96 1 92
96 2 187
96 3 93
96 4 188
96 5 81
96 6 93
96 7 188
97 1 210
97 2 399
97 3 219
97 4 415
97 5 170
97 6 222
97 7 422
98 1 231
98 2 571
98 3 223
98 4 550
98 5 189
98 6 244
98 7 603
99 1 249
99 2 540
99 3 240
99 4 520
99 5 226
99 6 257
99 7 556
100 1 123
100 2 222
100 3 129
100 4 232
100 5 111
100 6 129
100 7 232

# Energy Consumption
1 1 0
1 2 62
1 3 0
1 4 52
1 5 16
1 6 0
1 7 37
2 1 0
2 2 229
2 3 0
2 4 200
2 5 68
2 6 0
2 7 140
3 1 0
3 2 102
3 3 0
3 4 84
3 5 26
3 6 0
3 7 52
4 1 0
4 2 114
4 3 0
4 4 84
4 5 25
4 6 0
4 7 56
5 1 0
5 2 51
5 3 0
5 4 37
5 5 16
5 6 0
5 7 28
6 1 0
6 2 120
6 3 0
6 4 82
6 5 26
6 6 0
6 7 59
7 1 0
7 2 190
7 3 0
7 4 143
7 5 46
7 6 0
7 7 124
8 1 0
8 2 100
8 3 0
8 4 72
8 5 20
8 6 0
8 7 52
9 1 0
9 2 252
9 3 0
9 4 161
9 5 52
9 6 0
9 7 119
10 1 0
10 2 36
10 3 0
10 4 26
10 5 8
10 6 0
10 7 19
11 1 0
11 2 291
11 3 0
11 4 282
11 5 86
11 6 0
11 7 164
12 1 0
12 2 189
12 3 0
12 4 171
12 5 51
12 6 0
12 7 115
13 1 0
13 2 175
13 3 0
13 4 113
13 5 38
13 6 0
13 7 91
14 1 0
14 2 18
14 3 0
14 4 13
14 5 6
14 6 0
14 7 9
15 1 0
15 2 29
15 3 0
15 4 22
15 5 7
15 6 0
15 7 15
16 1 0
16 2 167
16 3 0
16 4 128
16 5 33
16 6 0
16 7 89
17 1 0
17 2 237
17 3 0
17 4 180
17 5 73
17 6 0
17 7 114
18 1 0
18 2 102
18 3 0
18 4 68
18 5 19
18 6 0
18 7 51
19 1 0
19 2 131
19 3 0
19 4 82
19 5 29
19 6 0
19 7 69
20 1 0
20 2 74
20 3 0
20 4 62
20 5 18
20 6 0
20 7 50
21 1 0
21 2 345
21 3 0
21 4 268
21 5 70
21 6 0
21 7 187
22 1 0
22 2 74
22 3 0
22 4 65
22 5 16
22 6 0
22 7 50
23 1 0
23 2 49
23 3 0
23 4 34
23 5 10
23 6 0
23 7 26
24 1 0
24 2 51
24 3 0
24 4 37
24 5 11
24 6 0
24 7 27
25 1 0
25 2 120
25 3 0
25 4 80
25 5 29
25 6 0
25 7 54
26 1 0
26 2 90
26 3 0
26 4 77
26 5 24
26 6 0
26 7 53
27 1 0
27 2 73
27 3 0
27 4 60
27 5 15
27 6 0
27 7 39
28 1 0
28 2 271
28 3 0
28 4 199
28 5 63
28 6 0
28 7 126
29 1 0
29 2 17
29 3 0
29 4 12
29 5 5
29 6 0
29 7 9
30 1 0
30 2 224
30 3 0
30 4 197
30 5 74
30 6 0
30 7 134
31 1 0
31 2 89
31 3 0
31 4 74
31 5 25
31 6 0
31 7 54
32 1 0
32 2 55
32 3 0
32 4 33
32 5 12
32 6 0
32 7 25
33 1 0
33 2 53
33 3 0
33 4 44
33 5 12
33 6 0
33 7 31
34 1 0
34 2 154
34 3 0
34 4 131
34 5 43
34 6 0
34 7 92
35 1 0
35 2 149
35 3 0
35 4 118
35 5 32
35 6 0
35 7 84
36 1 0
36 2 15
36 3 0
36 4 13
36 5 4
36 6 0
36 7 10
37 1 0
37 2 192
37 3 0
37 4 169
37 5 54
37 6 0
37 7 107
38 1 0
38 2 118
38 3 0
38 4 95
38 5 28
38 6 0
38 7 70
39 1 0
39 2 42
39 3 0
39 4 35
39 5 11
39 6 0
39 7 23
40 1 0
40 2 253
40 3 0
40 4 209
40 5 55
40 6 0
40 7 160
41 1 0
41 2 293
41 3 0
41 4 278
41 5 83
41 6 0
41 7 162
42 1 0
42 2 110
42 3 0
42 4 95
42 5 28
42 6 0
42 7 68
43 1 0
43 2 115
43 3 0
43 4 94
43 5 37
43 6 0
43 7 71
44 1 0
44 2 112
44 3 0
44 4 93
44 5 29
44 6 0
44 7 69
45 1 0
45 2 304
45 3 0
45 4 212
45 5 59
45 6 0
45 7 149
46 1 0
46 2 109
46 3 0
46 4 89
46 5 27
46 6 0
46 7 67
47 1 0
47 2 91
47 3 0
47 4 59
47 5 22
47 6 0
47 7 48
48 1 0
48 2 99
48 3 0
48 4 72
48 5 21
48 6 0
48 7 54
49 1 0
49 2 40
49 3 0
49 4 35
49 5 10
49 6 0
49 7 21
50 1 0
50 2 100
50 3 0
50 4 66
50 5 19
50 6 0
50 7 51
51 1 0
51 2 82
51 3 0
51 4 52
51 5 16
51 6 0
51 7 38
52 1 0
52 2 60
52 3 0
52 4 42
52 5 14
52 6 0
52 7 30
53 1 0
53 2 122
53 3 0
53 4 97
53 5 36
53 6 0
53 7 78
54 1 0
54 2 195
54 3 0
54 4 146
54 5 49
54 6 0
54 7 108
55 1 0
55 2 228
55 3 0
55 4 231
55 5 60
55 6 0
55 7 137
56 1 0
56 2 105
56 3 0
56 4 76
56 5 20
56 6 0
56 7 49
57 1 0
57 2 57
57 3 0
57 4 42
57 5 14
57 6 0
57 7 34
58 1 0
58 2 47
58 3 0
58 4 31
58 5 11
58 6 0
58 7 25
59 1 0
59 2 128
59 3 0
59 4 99
59 5 28
59 6 0
59 7 58
60 1 0
60 2 26
60 3 0
60 4 24
60 5 7
60 6 0
60 7 15
61 1 0
61 2 45
61 3 0
61 4 38
61 5 12
61 6 0
61 7 24
62 1 0
62 2 43
62 3 0
62 4 36
62 5 12
62 6 0
62 7 26
63 1 0
63 2 87
63 3 0
63 4 58
63 5 17
63 6 0
63 7 43
64 1 0
64 2 134
64 3 0
64 4 109
64 5 37
64 6 0
64 7 63
65 1 0
65 2 128
65 3 0
65 4 109
65 5 32
65 6 0
65 7 82
66 1 0
66 2 39
66 3 0
66 4 32
66 5 10
66 6 0
66 7 23
67 1 0
67 2 117
67 3 0
67 4 71
67 5 28
67 6 0
67 7 57
68 1 0
68 2 60
68 3 0
68 4 38
68 5 14
68 6 0
68 7 26
69 1 0
69 2 114
69 3 0
69 4 80
69 5 27
69 6 0
69 7 57
70 1 0
70 2 150
70 3 0
70 4 110
70 5 35
70 6 0
70 7 74
71 1 0
71 2 97
71 3 0
71 4 88
71 5 25
71 6 0
71 7 62
72 1 0
72 2 119
72 3 0
72 4 81
72 5 33
72 6 0
72 7 59
73 1 0
73 2 185
73 3 0
73 4 154
73 5 44
73 6 0
73 7 113
74 1 0
74 2 210
74 3 0
74 4 168
74 5 53
74 6 0
74 7 124
75 1 0
75 2 278
75 3 0
75 4 231
75 5 77
75 6 0
75 7 180
76 1 0
76 2 65
76 3 0
76 4 54
76 5 20
76 6 0
76 7 35
77 1 0
77 2 48
77 3 0
77 4 39
77 5 13
77 6 0
77 7 28
78 1 0
78 2 58
78 3 0
78 4 42
78 5 18
78 6 0
78 7 34
79 1 0
79 2 83
79 3 0
79 4 66
79 5 21
79 6 0
79 7 53
80 1 0
80 2 308
80 3 0
80 4 277
80 5 70
80 6 0
80 7 173
81 1 0
81 2 77
81 3 0
81 4 57
81 5 21
81 6 0
81 7 44
82 1 0
82 2 39
82 3 0
82 4 27
82 5 11
82 6 0
82 7 21
83 1 0
83 2 135
83 3 0
83 4 120
83 5 35
83 6 0
83 7 88
84 1 0
84 2 124
84 3 0
84 4 91
84 5 33
84 6 0
84 7 59
85 1 0
85 2 228
85 3 0
85 4 198
85 5 61
85 6 0
85 7 125
86 1 0
86 2 62
86 3 0
86 4 50
86 5 14
86 6 0
86 7 39
87 1 0
87 2 72
87 3 0
87 4 53
87 5 14
87 6 0
87 7 38
88 1 0
88 2 79
88 3 0
88 4 61
88 5 15
88 6 0
88 7 41
89 1 0
89 2 68
89 3 0
89 4 44
89 5 17
89 6 0
89 7 30
90 1 0
90 2 29
90 3 0
90 4 25
90 5 7
90 6 0
90 7 17
91 1 0
91 2 55
91 3 0
91 4 41
91 5 12
91 6 0
91 7 28
92 1 0
92 2 115
92 3 0
92 4 109
92 5 39
92 6 0
92 7 84
93 1 0
93 2 375
93 3 0
93 4 305
93 5 76
93 6 0
93 7 196
94 1 0
94 2 290
94 3 0
94 4 198
94 5 70
94 6 0
94 7 165
95 1 0
95 2 97
95 3 0
95 4 68
95 5 21
95 6 0
95 7 47
96 1 0
96 2 45
96 3 0
96 4 38
96 5 13
96 6 0
96 7 28
97 1 0
97 2 109
97 3 0
97 4 85
97 5 27
97 6 0
97 7 52
98 1 0
98 2 168
98 3 0
98 4 111
98 5 30
98 6 0
98 7 88
99 1 0
99 2 161
99 3 0
99 4 95
99 5 35
99 6 0
99 7 83
100 1 0
100 2 58
100 3 0
100 4 49
100 5 18
100 6 0
100 7 34

# Precedence Relations
1 7
2 8
3 10
4 9
4 11
4 12
4 13
4 15
4 31
5 24
6 14
7 19
8 16
9 18
10 19
11 17
11 20
11 23
11 89
11 90
13 91
13 92
14 21
14 24
15 22
16 25
17 27
18 29
19 31
20 26
21 28
21 32
21 44
22 30
22 33
22 34
24 33
24 34
24 91
25 42
26 35
27 37
28 38
29 39
30 40
31 36
31 44
31 72
33 41
34 43
35 49
36 47
37 49
38 50
39 52
40 48
41 45
41 69
42 53
43 46
43 51
43 98
44 60
45 54
46 55
47 56
48 58
49 59
51 57
52 60
52 61
54 65
55 63
56 64
57 62
58 67
58 68
60 69
61 66
62 73
63 70
64 71
66 72
66 75
67 98
69 74
69 80
70 76
71 77
72 78
72 81
73 79
73 80
73 87
76 82
77 83
78 85
79 84
79 89
80 86
80 90
80 92
81 87
81 88
81 91
82 94
83 95
84 93
85 94
86 96
87 97
88 98
90 99
90 100

# Parameters
R_e = 0.0500
T = 1000.0
C_s = 4.0
C_w = 36.0
C_c = 5.0
