# Tasks
1 2 3 4 5 6 7 8 9 10 11 12 13 14 15 16 17 18 19 20

# Workstations
1 2 3 4 5 6 7 8 9 10 11 12 13 14 15 16 17 18 19 20

# Modes
1 2 3 4 5 6 7

# Processing Times
1 1 374
1 2 517
1 3 398
1 4 550
1 5 234
1 6 395
1 7 546
2 1 318
2 2 480
2 3 335
2 4 505
2 5 190
2 6 339
2 7 512
3 1 153
3 2 188
3 3 166
3 4 204
3 5 103
3 6 161
3 7 198
4 1 182
4 2 260
4 3 195
4 4 278
4 5 121
4 6 199
4 7 283
5 1 168
5 2 234
5 3 180
5 4 251
5 5 97
5 6 174
5 7 242
6 1 313
6 2 475
6 3 340
6 4 516
6 5 197
6 6 331
6 7 503
7 1 159
7 2 242
7 3 175
7 4 265
7 5 94
7 6 171
7 7 259
8 1 166
8 2 256
8 3 181
8 4 278
8 5 115
8 6 180
8 7 278
9 1 55
9 2 73
9 3 61
9 4 81
9 5 32
9 6 56
9 7 74
10 1 242
10 2 361
10 3 260
10 4 388
10 5 153
10 6 245
10 7 366
11 1 76
11 2 117
11 3 84
11 4 128
11 5 46
11 6 82
11 7 126
12 1 177
12 2 258
12 3 188
12 4 274
12 5 111
12 6 183
12 7 267
13 1 166
13 2 245
13 3 180
13 4 265
13 5 104
13 6 180
13 7 266
14 1 119
14 2 158
14 3 127
14 4 169
14 5 78
14 6 124
14 7 164
15 1 150
15 2 195
15 3 165
15 4 214
15 5 88
15 6 151
15 7 197
16 1 303
16 2 375
16 3 329
16 4 407
16 5 202
16 6 321
16 7 397
17 1 138
17 2 196
17 3 145
17 4 206
17 5 97
17 6 140
17 7 199
18 1 52
18 2 75
18 3 56
18 4 80
18 5 30
18 6 58
18 7 83
19 1 48
19 2 68
19 3 53
19 4 74
19 5 30
19 6 52
19 7 73
20 1 146
20 2 190
20 3 156
20 4 203
20 5 86
20 6 157
20 7 204

# Energy Consumption
1 1 0
1 2 124
1 3 0
1 4 114
1 5 37
1 6 0
1 7 79
2 1 0
2 2 121
2 3 0
2 4 101
2 5 29
2 6 0
2 7 73
3 1 0
3 2 53
3 3 0
3 4 40
3 5 17
3 6 0
3 7 27
4 1 0
4 2 65
4 3 0
4 4 62
4 5 17
4 6 0
4 7 41
5 1 0
5 2 57
5 3 0
5 4 53
5 5 16
5 6 0
5 7 34
6 1 0
6 2 105
6 3 0
6 4 110
6 5 30
6 6 0
6 7 70
7 1 0
7 2 55
7 3 0
7 4 58
7 5 14
7 6 0
7 7 37
8 1 0
8 2 66
8 3 0
8 4 59
8 5 17
8 6 0
8 7 39
9 1 0
9 2 20
9 3 0
9 4 18
9 5 6
9 6 0
9 7 12
10 1 0
10 2 104
10 3 0
10 4 81
10 5 23
10 6 0
10 7 52
11 1 0
11 2 26
11 3 0
11 4 24
11 5 7
11 6 0
11 7 19
12 1 0
12 2 66
12 3 0
12 4 60
12 5 16
12 6 0
12 7 37
13 1 0
13 2 59
13 3 0
13 4 53
13 5 16
13 6 0
13 7 37
14 1 0
14 2 47
14 3 0
14 4 35
14 5 13
14 6 0
14 7 22
15 1 0
15 2 50
15 3 0
15 4 40
15 5 14
15 6 0
15 7 25
16 1 0
16 2 106
16 3 0
16 4 87
16 5 31
16 6 0
16 7 51
17 1 0
17 2 53
17 3 0
17 4 46
17 5 15
17 6 0
17 7 26
18 1 0
18 2 19
18 3 0
18 4 16
18 5 5
18 6 0
18 7 11
19 1 0
19 2 19
19 3 0
19 4 16
19 5 5
19 6 0
19 7 11
20 1 0
20 2 49
20 3 0
20 4 45
20 5 14
20 6 0
20 7 26

# Precedence Relations
1 11
2 4
2 5
2 6
3 4
3 6
3 7
4 11
5 8
5 9
5 10
6 20
7 12
7 13
7 18
8 11
9 11
10 12
10 13
11 14
11 15
11 16
11 17
11 18
13 19
15 19
15 20
17 19
17 20
18 19

# Parameters
R_e = 0.0500
T = 1000.0
C_s = 4.0
C_w = 36.0
C_c = 5.0
