# Tasks
1 2 3 4 5 6 7 8 9 10 11 12 13 14 15 16 17 18 19 20 21 22 23 24 25 26 27 28 29

# Workstations
1 2 3 4 5 6 7 8 9 10 11 12 13 14 15 16 17 18 19 20 21 22 23 24 25 26 27 28 29

# Modes
1 2 3 4 5 6 7

# Processing Times
1 1 7
1 2 9
1 3 7
1 4 9
1 5 7
1 6 9
1 7 11
2 1 19
2 2 25
2 3 18
2 4 23
2 5 18
2 6 23
2 7 30
3 1 15
3 2 20
3 3 14
3 4 19
3 5 14
3 6 18
3 7 24
4 1 5
4 2 7
4 3 5
4 4 7
4 5 5
4 6 6
4 7 9
5 1 12
5 2 16
5 3 11
5 4 15
5 5 12
5 6 15
5 7 20
6 1 10
6 2 13
6 3 10
6 4 12
6 5 10
6 6 12
6 7 16
7 1 8
7 2 11
7 3 8
7 4 10
7 5 8
7 6 10
7 7 14
8 1 16
8 2 21
8 3 15
8 4 20
8 5 15
8 6 20
8 7 25
9 1 2
9 2 3
9 3 2
9 4 3
9 5 2
9 6 3
9 7 4
10 1 6
10 2 8
10 3 6
10 4 8
10 5 6
10 6 8
10 7 10
11 1 21
11 2 27
11 3 20
11 4 25
11 5 20
11 6 25
11 7 33
12 1 10
12 2 13
12 3 10
12 4 12
12 5 10
12 6 12
12 7 16
13 1 9
13 2 12
13 3 9
13 4 11
13 5 9
13 6 11
13 7 15
14 1 4
14 2 6
14 3 4
14 4 6
14 5 4
14 6 5
14 7 8
15 1 14
15 2 18
15 3 13
15 4 17
15 5 14
15 6 17
15 7 22
16 1 7
16 2 9
16 3 7
16 4 9
16 5 7
16 6 9
16 7 11
17 1 14
17 2 18
17 3 13
17 4 17
17 5 14
17 6 17
17 7 22
18 1 17
18 2 22
18 3 16
18 4 20
18 5 16
18 6 21
18 7 27
19 1 10
19 2 13
19 3 10
19 4 12
19 5 10
19 6 12
19 7 16
20 1 16
20 2 21
20 3 15
20 4 20
20 5 15
20 6 20
20 7 25
21 1 1
21 2 2
21 3 1
21 4 2
21 5 1
21 6 2
21 7 3
22 1 9
22 2 12
22 3 9
22 4 11
22 5 9
22 6 11
22 7 15
23 1 25
23 2 32
23 3 23
23 4 30
23 5 24
23 6 30
23 7 39
24 1 14
24 2 18
24 3 13
24 4 17
24 5 14
24 6 17
24 7 22
25 1 14
25 2 18
25 3 13
25 4 17
25 5 14
25 6 17
25 7 22
26 1 2
26 2 3
26 3 2
26 4 3
26 5 2
26 6 3
26 7 4
27 1 10
27 2 13
27 3 10
27 4 12
27 5 10
27 6 12
27 7 16
28 1 7
28 2 9
28 3 7
28 4 9
28 5 7
28 6 9
28 7 11
29 1 20
29 2 26
29 3 19
29 4 24
29 5 19
29 6 24
29 7 31

# Energy Consumption
1 1 0
1 2 3
1 3 0
1 4 2
1 5 2
1 6 0
1 7 2
2 1 0
2 2 7
2 3 0
2 4 5
2 5 3
2 6 0
2 7 5
3 1 0
3 2 6
3 3 0
3 4 4
3 5 2
3 6 0
3 7 4
4 1 0
4 2 2
4 3 0
4 4 2
4 5 1
4 6 0
4 7 2
5 1 0
5 2 5
5 3 0
5 4 3
5 5 2
5 6 0
5 7 3
6 1 0
6 2 4
6 3 0
6 4 3
6 5 2
6 6 0
6 7 3
7 1 0
7 2 3
7 3 0
7 4 3
7 5 2
7 6 0
7 7 3
8 1 0
8 2 5
8 3 0
8 4 5
8 5 3
8 6 0
8 7 4
9 1 0
9 2 1
9 3 0
9 4 1
9 5 1
9 6 0
9 7 1
10 1 0
10 2 3
10 3 0
10 4 2
10 5 1
10 6 0
10 7 2
11 1 0
11 2 8
11 3 0
11 4 5
11 5 4
11 6 0
11 7 5
12 1 0
12 2 4
12 3 0
12 4 3
12 5 2
12 6 0
12 7 3
13 1 0
13 2 4
13 3 0
13 4 3
13 5 2
13 6 0
13 7 3
14 1 0
14 2 2
14 3 0
14 4 2
14 5 1
14 6 0
14 7 2
15 1 0
15 2 5
15 3 0
15 4 4
15 5 3
15 6 0
15 7 4
16 1 0
16 2 2
16 3 0
16 4 2
16 5 2
16 6 0
16 7 2
17 1 0
17 2 6
17 3 0
17 4 4
17 5 3
17 6 0
17 7 4
18 1 0
18 2 7
18 3 0
18 4 4
18 5 3
18 6 0
18 7 4
19 1 0
19 2 4
19 3 0
19 4 3
19 5 2
19 6 0
19 7 3
20 1 0
20 2 5
20 3 0
20 4 5
20 5 3
20 6 0
20 7 4
21 1 0
21 2 1
21 3 0
21 4 1
21 5 1
21 6 0
21 7 1
22 1 0
22 2 4
22 3 0
22 4 3
22 5 2
22 6 0
22 7 3
23 1 0
23 2 10
23 3 0
23 4 6
23 5 4
23 6 0
23 7 6
24 1 0
24 2 5
24 3 0
24 4 4
24 5 3
24 6 0
24 7 4
25 1 0
25 2 5
25 3 0
25 4 4
25 5 3
25 6 0
25 7 3
26 1 0
26 2 1
26 3 0
26 4 1
26 5 1
26 6 0
26 7 1
27 1 0
27 2 4
27 3 0
27 4 3
27 5 2
27 6 0
27 7 3
28 1 0
28 2 3
28 3 0
28 4 2
28 5 2
28 6 0
28 7 2
29 1 0
29 2 8
29 3 0
29 4 6
29 5 3
29 6 0
29 7 5

# Precedence Relations
1 3
1 25
2 6
2 26
3 4
4 5
5 8
5 13
6 8
7 9
7 12
7 25
8 11
8 16
9 10
10 14
10 15
11 17
12 15
13 17
14 16
15 19
16 18
17 20
18 22
19 21
20 23
21 22
22 23
23 24
23 28
24 29
25 29
26 27
27 29
28 29

# Parameters
R_e = 0.0500
T = 60.0
C_s = 4.0
C_w = 36.0
C_c = 5.0
