# Tasks
1 2 3 4 5 6 7 8 9 10 11 12 13 14 15 16 17 18 19 20 21 22 23 24 25 26 27 28 29 30 31 32 33 34 35 36 37 38 39 40 41 42 43 44 45

# Workstations
1 2 3 4 5 6 7 8 9 10 11 12 13 14 15 16 17 18 19 20 21 22 23 24 25 26 27 28 29 30 31 32 33 34 35 36 37 38 39 40 41 42 43 44 45

# Modes
1 2 3 4 5 6 7

# Processing Times
1 1 9
1 2 9
1 3 10
1 4 10
1 5 6
1 6 10
1 7 10
2 1 9
2 2 9
2 3 10
2 4 10
2 5 6
2 6 10
2 7 10
3 1 10
3 2 10
3 3 11
3 4 11
3 5 6
3 6 12
3 7 12
4 1 10
4 2 10
4 3 11
4 4 11
4 5 6
4 6 12
4 7 12
5 1 17
5 2 17
5 3 18
5 4 18
5 5 11
5 6 19
5 7 19
6 1 17
6 2 17
6 3 18
6 4 18
6 5 11
6 6 19
6 7 19
7 1 13
7 2 13
7 3 14
7 4 14
7 5 8
7 6 15
7 7 15
8 1 13
8 2 13
8 3 14
8 4 14
8 5 8
8 6 15
8 7 15
9 1 20
9 2 20
9 3 21
9 4 21
9 5 12
9 6 23
9 7 23
10 1 20
10 2 20
10 3 21
10 4 21
10 5 12
10 6 23
10 7 23
11 1 10
11 2 10
11 3 11
11 4 11
11 5 6
11 6 12
11 7 12
12 1 11
12 2 11
12 3 12
12 4 12
12 5 7
12 6 13
12 7 13
13 1 6
13 2 6
13 3 7
13 4 7
13 5 4
13 6 7
13 7 7
14 1 22
14 2 22
14 3 23
14 4 23
14 5 14
14 6 25
14 7 25
15 1 11
15 2 11
15 3 12
15 4 12
15 5 7
15 6 13
15 7 13
16 1 19
16 2 19
16 3 20
16 4 20
16 5 12
16 6 22
16 7 22
17 1 12
17 2 12
17 3 13
17 4 13
17 5 8
17 6 14
17 7 14
18 1 3
18 2 3
18 3 4
18 4 4
18 5 2
18 6 4
18 7 4
19 1 7
19 2 7
19 3 8
19 4 8
19 5 5
19 6 8
19 7 8
20 1 4
20 2 4
20 3 5
20 4 5
20 5 3
20 6 5
20 7 5
21 1 55
21 2 55
21 3 57
21 4 57
21 5 33
21 6 61
21 7 61
22 1 14
22 2 14
22 3 15
22 4 15
22 5 9
22 6 16
22 7 16
23 1 27
23 2 27
23 3 28
23 4 28
23 5 17
23 6 30
23 7 30
24 1 29
24 2 29
24 3 30
24 4 30
24 5 18
24 6 33
24 7 33
25 1 26
25 2 26
25 3 27
25 4 27
25 5 16
25 6 29
25 7 29
26 1 6
26 2 6
26 3 7
26 4 7
26 5 4
26 6 7
26 7 7
27 1 5
27 2 5
27 3 6
27 4 6
27 5 3
27 6 6
27 7 6
28 1 24
28 2 24
28 3 25
28 4 25
28 5 15
28 6 27
28 7 27
29 1 4
29 2 4
29 3 5
29 4 5
29 5 3
29 6 5
29 7 5
30 1 5
30 2 5
30 3 6
30 4 6
30 5 3
30 6 6
30 7 6
31 1 7
31 2 7
31 3 8
31 4 8
31 5 5
31 6 8
31 7 8
32 1 4
32 2 4
32 3 5
32 4 5
32 5 3
32 6 5
32 7 5
33 1 15
33 2 15
33 3 16
33 4 16
33 5 9
33 6 17
33 7 17
34 1 3
34 2 3
34 3 4
34 4 4
34 5 2
34 6 4
34 7 4
35 1 7
35 2 7
35 3 8
35 4 8
35 5 5
35 6 8
35 7 8
36 1 9
36 2 9
36 3 10
36 4 10
36 5 6
36 6 10
36 7 10
37 1 4
37 2 4
37 3 5
37 4 5
37 5 3
37 6 5
37 7 5
38 1 7
38 2 7
38 3 8
38 4 8
38 5 5
38 6 8
38 7 8
39 1 5
39 2 5
39 3 6
39 4 6
39 5 3
39 6 6
39 7 6
40 1 4
40 2 4
40 3 5
40 4 5
40 5 3
40 6 5
40 7 5
41 1 21
41 2 21
41 3 22
41 4 22
41 5 13
41 6 24
41 7 24
42 1 12
42 2 12
42 3 13
42 4 13
42 5 8
42 6 14
42 7 14
43 1 6
43 2 6
43 3 7
43 4 7
43 5 4
43 6 7
43 7 7
44 1 5
44 2 5
44 3 6
44 4 6
44 5 3
44 6 6
44 7 6
45 1 5
45 2 5
45 3 6
45 4 6
45 5 3
45 6 6
45 7 6

# Energy Consumption
1 1 0
1 2 3
1 3 0
1 4 2
1 5 1
1 6 0
1 7 2
2 1 0
2 2 3
2 3 0
2 4 3
2 5 1
2 6 0
2 7 2
3 1 0
3 2 3
3 3 0
3 4 3
3 5 1
3 6 0
3 7 2
4 1 0
4 2 3
4 3 0
4 4 3
4 5 1
4 6 0
4 7 2
5 1 0
5 2 4
5 3 0
5 4 4
5 5 2
5 6 0
5 7 3
6 1 0
6 2 5
6 3 0
6 4 4
6 5 2
6 6 0
6 7 3
7 1 0
7 2 3
7 3 0
7 4 3
7 5 2
7 6 0
7 7 2
8 1 0
8 2 4
8 3 0
8 4 3
8 5 2
8 6 0
8 7 3
9 1 0
9 2 6
9 3 0
9 4 5
9 5 2
9 6 0
9 7 4
10 1 0
10 2 6
10 3 0
10 4 5
10 5 2
10 6 0
10 7 3
11 1 0
11 2 3
11 3 0
11 4 3
11 5 1
11 6 0
11 7 2
12 1 0
12 2 3
12 3 0
12 4 3
12 5 2
12 6 0
12 7 2
13 1 0
13 2 2
13 3 0
13 4 2
13 5 1
13 6 0
13 7 1
14 1 0
14 2 7
14 3 0
14 4 5
14 5 3
14 6 0
14 7 4
15 1 0
15 2 4
15 3 0
15 4 3
15 5 2
15 6 0
15 7 2
16 1 0
16 2 5
16 3 0
16 4 5
16 5 2
16 6 0
16 7 4
17 1 0
17 2 4
17 3 0
17 4 3
17 5 2
17 6 0
17 7 2
18 1 0
18 2 1
18 3 0
18 4 1
18 5 1
18 6 0
18 7 1
19 1 0
19 2 2
19 3 0
19 4 2
19 5 1
19 6 0
19 7 2
20 1 0
20 2 2
20 3 0
20 4 2
20 5 1
20 6 0
20 7 1
21 1 0
21 2 16
21 3 0
21 4 11
21 5 5
21 6 0
21 7 9
22 1 0
22 2 4
22 3 0
22 4 3
22 5 2
22 6 0
22 7 3
23 1 0
23 2 8
23 3 0
23 4 6
23 5 3
23 6 0
23 7 4
24 1 0
24 2 8
24 3 0
24 4 7
24 5 3
24 6 0
24 7 5
25 1 0
25 2 7
25 3 0
25 4 6
25 5 3
25 6 0
25 7 4
26 1 0
26 2 2
26 3 0
26 4 2
26 5 1
26 6 0
26 7 1
27 1 0
27 2 2
27 3 0
27 4 2
27 5 1
27 6 0
27 7 1
28 1 0
28 2 7
28 3 0
28 4 6
28 5 3
28 6 0
28 7 4
29 1 0
29 2 2
29 3 0
29 4 2
29 5 1
29 6 0
29 7 1
30 1 0
30 2 2
30 3 0
30 4 2
30 5 1
30 6 0
30 7 1
31 1 0
31 2 2
31 3 0
31 4 2
31 5 1
31 6 0
31 7 2
32 1 0
32 2 2
32 3 0
32 4 1
32 5 1
32 6 0
32 7 1
33 1 0
33 2 4
33 3 0
33 4 4
33 5 2
33 6 0
33 7 3
34 1 0
34 2 1
34 3 0
34 4 1
34 5 1
34 6 0
34 7 1
35 1 0
35 2 2
35 3 0
35 4 2
35 5 1
35 6 0
35 7 1
36 1 0
36 2 2
36 3 0
36 4 2
36 5 1
36 6 0
36 7 2
37 1 0
37 2 2
37 3 0
37 4 2
37 5 1
37 6 0
37 7 1
38 1 0
38 2 2
38 3 0
38 4 2
38 5 1
38 6 0
38 7 1
39 1 0
39 2 2
39 3 0
39 4 2
39 5 1
39 6 0
39 7 1
40 1 0
40 2 1
40 3 0
40 4 1
40 5 1
40 6 0
40 7 1
41 1 0
41 2 6
41 3 0
41 4 5
41 5 2
41 6 0
41 7 4
42 1 0
42 2 3
42 3 0
42 4 3
42 5 2
42 6 0
42 7 3
43 1 0
43 2 2
43 3 0
43 4 2
43 5 1
43 6 0
43 7 1
44 1 0
44 2 2
44 3 0
44 4 2
44 5 1
44 6 0
44 7 1
45 1 0
45 2 2
45 3 0
45 4 2
45 5 1
45 6 0
45 7 1

# Precedence Relations
1 3
1 7
2 4
2 8
3 5
4 6
5 9
6 10
7 9
7 14
8 10
8 14
9 41
10 41
11 13
12 13
12 37
13 14
13 15
14 17
14 25
14 29
14 30
14 31
14 32
15 16
15 18
15 23
15 24
16 19
17 26
17 27
18 19
19 20
19 33
20 21
21 22
22 28
23 33
24 33
25 26
26 38
27 28
27 33
28 38
29 41
30 41
31 41
32 41
33 34
33 35
33 36
34 38
35 40
36 38
37 43
38 40
39 41
40 41
41 42
42 44
42 45

# Parameters
R_e = 0.0500
T = 600.0
C_s = 4.0
C_w = 36.0
C_c = 5.0
