# Tasks
1 2 3 4 5 6 7 8 9 10 11 12 13 14 15 16 17 18 19 20 21 22 23 24 25 26 27 28 29 30 31 32 33 34 35 36 37 38 39 40 41 42 43 44 45 46 47 48 49 50

# Workstations
1 2 3 4 5 6 7 8 9 10 11 12 13 14 15 16 17 18 19 20 21 22 23 24 25 26 27 28 29 30 31 32 33 34 35 36 37 38 39 40 41 42 43 44 45 46 47 48 49 50

# Modes
1 2 3 4 5 6 7

# Processing Times
1 1 68
1 2 67
1 3 73
1 4 72
1 5 57
1 6 98
1 7 96
2 1 348
2 2 326
2 3 377
2 4 353
2 5 295
2 6 498
2 7 467
3 1 107
3 2 111
3 3 118
3 4 122
3 5 99
3 6 144
3 7 149
4 1 110
4 2 108
4 3 116
4 4 114
4 5 91
4 6 155
4 7 152
5 1 49
5 2 53
5 3 54
5 4 59
5 5 46
5 6 71
5 7 76
6 1 124
6 2 112
6 3 131
6 4 118
6 5 107
6 6 157
6 7 142
7 1 197
7 2 195
7 3 216
7 4 214
7 5 169
7 6 252
7 7 250
8 1 289
8 2 290
8 3 313
8 4 314
8 5 243
8 6 411
8 7 413
9 1 76
9 2 81
9 3 81
9 4 86
9 5 65
9 6 105
9 7 112
10 1 163
10 2 161
10 3 177
10 4 175
10 5 135
10 6 214
10 7 211
11 1 193
11 2 199
11 3 209
11 4 215
11 5 180
11 6 261
11 7 269
12 1 34
12 2 30
12 3 38
12 4 33
12 5 31
12 6 50
12 7 44
13 1 208
13 2 197
13 3 222
13 4 210
13 5 184
13 6 279
13 7 264
14 1 148
14 2 141
14 3 159
14 4 152
14 5 127
14 6 199
14 7 190
15 1 197
15 2 189
15 3 208
15 4 200
15 5 169
15 6 254
15 7 243
16 1 129
16 2 140
16 3 142
16 4 154
16 5 122
16 6 174
16 7 189
17 1 187
17 2 173
17 3 199
17 4 184
17 5 158
17 6 267
17 7 247
18 1 105
18 2 95
18 3 114
18 4 103
18 5 91
18 6 152
18 7 137
19 1 114
19 2 125
19 3 125
19 4 137
19 5 102
19 6 162
19 7 178
20 1 24
20 2 21
20 3 26
20 4 23
20 5 21
20 6 35
20 7 30
21 1 200
21 2 190
21 3 217
21 4 207
21 5 178
21 6 274
21 7 260
22 1 132
22 2 122
22 3 144
22 4 133
22 5 112
22 6 169
22 7 156
23 1 184
23 2 196
23 3 195
23 4 208
23 5 160
23 6 261
23 7 278
24 1 307
24 2 276
24 3 324
24 4 291
24 5 285
24 6 414
24 7 372
25 1 266
25 2 268
25 3 282
25 4 284
25 5 236
25 6 369
25 7 372
26 1 96
26 2 101
26 3 103
26 4 108
26 5 80
26 6 125
26 7 132
27 1 262
27 2 240
27 3 288
27 4 264
27 5 240
27 6 340
27 7 311
28 1 122
28 2 105
28 3 130
28 4 112
28 5 107
28 6 165
28 7 142
29 1 65
29 2 58
29 3 70
29 4 63
29 5 62
29 6 94
29 7 84
30 1 271
30 2 240
30 3 285
30 4 253
30 5 230
30 6 358
30 7 317
31 1 202
31 2 211
31 3 216
31 4 226
31 5 188
31 6 258
31 7 269
32 1 26
32 2 26
32 3 29
32 4 29
32 5 22
32 6 34
32 7 34
33 1 57
33 2 54
33 3 63
33 4 60
33 5 47
33 6 73
33 7 69
34 1 220
34 2 209
34 3 236
34 4 224
34 5 178
34 6 307
34 7 291
35 1 119
35 2 117
35 3 128
35 4 126
35 5 96
35 6 164
35 7 161
36 1 198
36 2 194
36 3 217
36 4 213
36 5 188
36 6 260
36 7 255
37 1 253
37 2 259
37 3 267
37 4 273
37 5 227
37 6 358
37 7 366
38 1 209
38 2 199
38 3 221
38 4 210
38 5 180
38 6 265
38 7 253
39 1 110
39 2 115
39 3 121
39 4 126
39 5 96
39 6 158
39 7 165
40 1 33
40 2 31
40 3 36
40 4 34
40 5 29
40 6 46
40 7 43
41 1 93
41 2 98
41 3 103
41 4 108
41 5 88
41 6 130
41 7 137
42 1 66
42 2 69
42 3 70
42 4 74
42 5 62
42 6 85
42 7 89
43 1 93
43 2 91
43 3 100
43 4 98
43 5 78
43 6 120
43 7 118
44 1 58
44 2 61
44 3 63
44 4 67
44 5 48
44 6 80
44 7 84
45 1 223
45 2 194
45 3 242
45 4 211
45 5 190
45 6 295
45 7 256
46 1 40
46 2 43
46 3 43
46 4 46
46 5 35
46 6 56
46 7 60
47 1 298
47 2 273
47 3 319
47 4 292
47 5 263
47 6 412
47 7 377
48 1 239
48 2 234
48 3 253
48 4 248
48 5 195
48 6 315
48 7 309
49 1 170
49 2 163
49 3 186
49 4 178
49 5 152
49 6 228
49 7 218
50 1 27
50 2 25
50 3 30
50 4 27
50 5 25
50 6 39
50 7 37

# Energy Consumption
1 1 0
1 2 15
1 3 0
1 4 16
1 5 10
1 6 0
1 7 14
2 1 0
2 2 88
2 3 0
2 4 77
2 5 46
2 6 0
2 7 66
3 1 0
3 2 25
3 3 0
3 4 24
3 5 15
3 6 0
3 7 19
4 1 0
4 2 33
4 3 0
4 4 22
4 5 14
4 6 0
4 7 20
5 1 0
5 2 14
5 3 0
5 4 12
5 5 8
5 6 0
5 7 11
6 1 0
6 2 28
6 3 0
6 4 23
6 5 17
6 6 0
6 7 20
7 1 0
7 2 56
7 3 0
7 4 43
7 5 26
7 6 0
7 7 38
8 1 0
8 2 75
8 3 0
8 4 65
8 5 39
8 6 0
8 7 53
9 1 0
9 2 22
9 3 0
9 4 19
9 5 11
9 6 0
9 7 14
10 1 0
10 2 40
10 3 0
10 4 39
10 5 21
10 6 0
10 7 27
11 1 0
11 2 51
11 3 0
11 4 40
11 5 26
11 6 0
11 7 38
12 1 0
12 2 7
12 3 0
12 4 8
12 5 5
12 6 0
12 7 6
13 1 0
13 2 53
13 3 0
13 4 40
13 5 29
13 6 0
13 7 37
14 1 0
14 2 39
14 3 0
14 4 30
14 5 21
14 6 0
14 7 25
15 1 0
15 2 52
15 3 0
15 4 43
15 5 26
15 6 0
15 7 32
16 1 0
16 2 40
16 3 0
16 4 30
16 5 20
16 6 0
16 7 27
17 1 0
17 2 43
17 3 0
17 4 38
17 5 25
17 6 0
17 7 37
18 1 0
18 2 26
18 3 0
18 4 21
18 5 14
18 6 0
18 7 17
19 1 0
19 2 29
19 3 0
19 4 27
19 5 15
19 6 0
19 7 22
20 1 0
20 2 6
20 3 0
20 4 5
20 5 4
20 6 0
20 7 5
21 1 0
21 2 52
21 3 0
21 4 42
21 5 28
21 6 0
21 7 38
22 1 0
22 2 32
22 3 0
22 4 28
22 5 17
22 6 0
22 7 24
23 1 0
23 2 54
23 3 0
23 4 44
23 5 26
23 6 0
23 7 38
24 1 0
24 2 72
24 3 0
24 4 55
24 5 46
24 6 0
24 7 50
25 1 0
25 2 71
25 3 0
25 4 60
25 5 34
25 6 0
25 7 47
26 1 0
26 2 29
26 3 0
26 4 24
26 5 13
26 6 0
26 7 18
27 1 0
27 2 61
27 3 0
27 4 50
27 5 38
27 6 0
27 7 45
28 1 0
28 2 27
28 3 0
28 4 24
28 5 17
28 6 0
28 7 18
29 1 0
29 2 14
29 3 0
29 4 13
29 5 10
29 6 0
29 7 12
30 1 0
30 2 65
30 3 0
30 4 53
30 5 36
30 6 0
30 7 39
31 1 0
31 2 57
31 3 0
31 4 41
31 5 28
31 6 0
31 7 41
32 1 0
32 2 8
32 3 0
32 4 6
32 5 4
32 6 0
32 7 5
33 1 0
33 2 17
33 3 0
33 4 12
33 5 8
33 6 0
33 7 10
34 1 0
34 2 61
34 3 0
34 4 47
34 5 27
34 6 0
34 7 36
35 1 0
35 2 32
35 3 0
35 4 26
35 5 15
35 6 0
35 7 20
36 1 0
36 2 46
36 3 0
36 4 44
36 5 30
36 6 0
36 7 36
37 1 0
37 2 71
37 3 0
37 4 60
37 5 35
37 6 0
37 7 48
38 1 0
38 2 45
38 3 0
38 4 44
38 5 28
38 6 0
38 7 32
39 1 0
39 2 34
39 3 0
39 4 27
39 5 14
39 6 0
39 7 21
40 1 0
40 2 9
40 3 0
40 4 7
40 5 5
40 6 0
40 7 6
41 1 0
41 2 24
41 3 0
41 4 22
41 5 13
41 6 0
41 7 19
42 1 0
42 2 16
42 3 0
42 4 15
42 5 9
42 6 0
42 7 12
43 1 0
43 2 21
43 3 0
43 4 22
43 5 12
43 6 0
43 7 17
44 1 0
44 2 15
44 3 0
44 4 15
44 5 7
44 6 0
44 7 13
45 1 0
45 2 54
45 3 0
45 4 39
45 5 29
45 6 0
45 7 39
46 1 0
46 2 13
46 3 0
46 4 10
46 5 5
46 6 0
46 7 9
47 1 0
47 2 66
47 3 0
47 4 60
47 5 42
47 6 0
47 7 51
48 1 0
48 2 70
48 3 0
48 4 49
48 5 31
48 6 0
48 7 40
49 1 0
49 2 43
49 3 0
49 4 39
49 5 24
49 6 0
49 7 30
50 1 0
50 2 8
50 3 0
50 4 6
50 5 4
50 6 0
50 7 6

# Precedence Relations
1 9
2 8
2 12
3 7
3 11
4 6
5 10
5 16
6 32
7 32
8 13
9 14
10 23
11 15
12 16
12 17
12 18
12 19
13 21
14 20
15 22
15 23
15 26
18 24
18 25
20 32
21 27
22 28
24 31
25 29
26 30
27 32
28 34
29 33
29 35
30 36
30 37
32 38
32 39
32 40
32 41
33 43
34 42
35 44
37 45
38 48
41 49
42 46
43 47
45 48
45 50

# Parameters
R_e = 0.0500
T = 1000.0
C_s = 4.0
C_w = 36.0
C_c = 5.0
