# Tasks
1 2 3 4 5 6 7 8 9 10 11

# Workstations
1 2 3 4 5 6 7 8 9 10 11

# Modes
1 2 3 4 5 6 7

# Processing Times
1 1 4
1 2 10
1 3 4
1 4 9
1 5 4
1 6 5
1 7 11
2 1 38
2 2 90
2 3 33
2 4 78
2 5 35
2 6 41
2 7 96
3 1 45
3 2 107
3 3 39
3 4 93
3 5 42
3 6 48
3 7 114
4 1 12
4 2 29
4 3 11
4 4 25
4 5 12
4 6 13
4 7 31
5 1 10
5 2 24
5 3 9
5 4 21
5 5 10
5 6 11
5 7 26
6 1 8
6 2 19
6 3 7
6 4 17
6 5 8
6 6 9
6 7 21
7 1 12
7 2 29
7 3 11
7 4 25
7 5 12
7 6 13
7 7 31
8 1 10
8 2 24
8 3 9
8 4 21
8 5 10
8 6 11
8 7 26
9 1 2
9 2 5
9 3 2
9 4 5
9 5 2
9 6 3
9 7 6
10 1 10
10 2 24
10 3 9
10 4 21
10 5 10
10 6 11
10 7 26
11 1 34
11 2 81
11 3 30
11 4 70
11 5 32
11 6 37
11 7 87

# Energy Consumption
1 1 0
1 2 3
1 3 0
1 4 2
1 5 1
1 6 0
1 7 2
2 1 0
2 2 21
2 3 0
2 4 15
2 5 6
2 6 0
2 7 15
3 1 0
3 2 30
3 3 0
3 4 18
3 5 7
3 6 0
3 7 15
4 1 0
4 2 8
4 3 0
4 4 5
4 5 2
4 6 0
4 7 5
5 1 0
5 2 8
5 3 0
5 4 5
5 5 2
5 6 0
5 7 4
6 1 0
6 2 5
6 3 0
6 4 4
6 5 2
6 6 0
6 7 3
7 1 0
7 2 7
7 3 0
7 4 6
7 5 2
7 6 0
7 7 5
8 1 0
8 2 7
8 3 0
8 4 5
8 5 2
8 6 0
8 7 4
9 1 0
9 2 2
9 3 0
9 4 2
9 5 1
9 6 0
9 7 1
10 1 0
10 2 7
10 3 0
10 4 5
10 5 2
10 6 0
10 7 4
11 1 0
11 2 21
11 3 0
11 4 15
11 5 5
11 6 0
11 7 12

# Precedence Relations
1 4
2 4
2 5
3 11
4 6
5 7
6 8
7 9
8 10
9 10
10 11

# Parameters
R_e = 0.0500
T = 600.0
C_s = 4.0
C_w = 36.0
C_c = 5.0
