# Tasks
1 2 3 4 5 6 7 8 9 10 11

# Workstations
1 2 3 4 5 6 7 8 9 10 11

# Modes
1 2 3 4 5 6 7

# Processing Times
1 1 4
1 2 6
1 3 5
1 4 7
1 5 4
1 6 6
1 7 9
2 1 38
2 2 49
2 3 40
2 4 52
2 5 33
2 6 55
2 7 71
3 1 45
3 2 58
3 3 48
3 4 61
3 5 39
3 6 65
3 7 84
4 1 12
4 2 16
4 3 13
4 4 17
4 5 11
4 6 18
4 7 24
5 1 10
5 2 13
5 3 11
5 4 14
5 5 9
5 6 15
5 7 19
6 1 8
6 2 11
6 3 9
6 4 12
6 5 7
6 6 12
6 7 16
7 1 12
7 2 16
7 3 13
7 4 17
7 5 11
7 6 18
7 7 24
8 1 10
8 2 13
8 3 11
8 4 14
8 5 9
8 6 15
8 7 19
9 1 2
9 2 3
9 3 3
9 4 4
9 5 2
9 6 3
9 7 5
10 1 10
10 2 13
10 3 11
10 4 14
10 5 9
10 6 15
10 7 19
11 1 34
11 2 44
11 3 36
11 4 47
11 5 29
11 6 50
11 7 64

# Energy Consumption
1 1 0
1 2 2
1 3 0
1 4 2
1 5 1
1 6 0
1 7 2
2 1 0
2 2 13
2 3 0
2 4 10
2 5 6
2 6 0
2 7 10
3 1 0
3 2 15
3 3 0
3 4 13
3 5 6
3 6 0
3 7 13
4 1 0
4 2 4
4 3 0
4 4 4
4 5 2
4 6 0
4 7 3
5 1 0
5 2 4
5 3 0
5 4 3
5 5 2
5 6 0
5 7 3
6 1 0
6 2 3
6 3 0
6 4 3
6 5 2
6 6 0
6 7 3
7 1 0
7 2 5
7 3 0
7 4 4
7 5 2
7 6 0
7 7 3
8 1 0
8 2 3
8 3 0
8 4 3
8 5 2
8 6 0
8 7 3
9 1 0
9 2 1
9 3 0
9 4 1
9 5 1
9 6 0
9 7 1
10 1 0
10 2 4
10 3 0
10 4 3
10 5 2
10 6 0
10 7 3
11 1 0
11 2 14
11 3 0
11 4 10
11 5 5
11 6 0
11 7 9

# Precedence Relations
1 4
2 4
2 5
3 11
4 6
5 7
6 8
7 9
8 10
9 10
10 11

# Parameters
R_e = 0.0500
T = 600.0
C_s = 4.0
C_w = 36.0
C_c = 5.0
