# Tasks
1 2 3 4 5 6 7 8 9 10 11 12 13 14 15 16 17 18 19 20 21 22 23 24 25 26 27 28 29 30 31 32 33 34 35 36 37 38 39 40 41 42 43 44 45 46 47 48 49 50 51 52 53 54 55 56 57 58 59 60 61 62 63 64 65 66 67 68 69 70 71 72 73 74 75 76 77 78 79 80 81 82 83 84 85 86 87 88 89 90 91 92 93 94 95 96 97 98 99 100 101 102 103 104 105 106 107 108 109 110 111

# Workstations
1 2 3 4 5 6 7 8 9 10 11 12 13 14 15 16 17 18 19 20 21 22 23 24 25 26 27 28 29 30 31 32 33 34 35 36 37 38 39 40 41 42 43 44 45 46 47 48 49 50 51 52 53 54 55 56 57 58 59 60 61 62 63 64 65 66 67 68 69 70 71 72 73 74 75 76 77 78 79 80 81 82 83 84 85 86 87 88 89 90 91 92 93 94 95 96 97 98 99 100 101 102 103 104 105 106 107 108 109 110 111

# Modes
1 2 3 4 5 6 7

# Processing Times
1 1 1960
1 2 2022
1 3 2044
1 4 2108
1 5 1161
1 6 2262
1 7 2333
2 1 1715
2 2 1727
2 3 1785
2 4 1798
2 5 1099
2 6 1992
2 7 2006
3 1 735
3 2 752
3 3 703
3 4 720
3 5 490
3 6 889
3 7 910
4 1 1715
4 2 1473
4 3 1796
4 4 1543
4 5 947
4 6 2064
4 7 1773
5 1 490
5 2 422
5 3 496
5 4 427
5 5 287
5 6 608
5 7 523
6 1 1225
6 2 1330
6 3 1271
6 4 1379
6 5 818
6 6 1411
6 7 1532
7 1 169
7 2 154
7 3 165
7 4 150
7 5 106
7 6 207
7 7 189
8 1 2252
8 2 2183
8 3 2196
8 4 2129
8 5 1350
8 6 2747
8 7 2663
9 1 1225
9 2 1095
9 3 1281
9 4 1145
9 5 710
9 6 1373
9 7 1227
10 1 2319
10 2 2234
10 3 2237
10 4 2155
10 5 1294
10 6 2637
10 7 2540
11 1 1715
11 2 1484
11 3 1771
11 4 1532
11 5 946
11 6 1914
11 7 1656
12 1 980
12 2 1077
12 3 972
12 4 1068
12 5 580
12 6 1085
12 7 1193
13 1 735
13 2 757
13 3 757
13 4 780
13 5 458
13 6 816
13 7 841
14 1 2281
14 2 2359
14 3 2318
14 4 2397
14 5 1393
14 6 2727
14 7 2820
15 1 2750
15 2 2587
15 3 2725
15 4 2564
15 5 1661
15 6 3118
15 7 2933
16 1 77
16 2 79
16 3 75
16 4 77
16 5 48
16 6 86
16 7 88
17 1 89
17 2 87
17 3 92
17 4 90
17 5 63
17 6 110
17 7 107
18 1 51
18 2 55
18 3 51
18 4 55
18 5 30
18 6 59
18 7 63
19 1 364
19 2 318
19 3 363
19 4 318
19 5 218
19 6 446
19 7 389
20 1 405
20 2 407
20 3 393
20 4 395
20 5 254
20 6 462
20 7 464
21 1 3060
21 2 3066
21 3 3105
21 4 3112
21 5 1827
21 6 3633
21 7 3640
22 1 125
22 2 119
22 3 131
22 4 125
22 5 83
22 6 156
22 7 149
23 1 3429
23 2 3363
23 3 3562
23 4 3494
23 5 2260
23 6 3885
23 7 3810
24 1 43
24 2 38
24 3 44
24 4 39
24 5 30
24 6 51
24 7 46
25 1 3430
25 2 3607
25 3 3386
25 4 3560
25 5 2022
25 6 4230
25 7 4448
26 1 1960
26 2 1851
26 3 1970
26 4 1861
26 5 1363
26 6 2249
26 7 2124
27 1 29
27 2 29
27 3 29
27 4 29
27 5 20
27 6 35
27 7 35
28 1 27
28 2 26
28 3 28
28 4 27
28 5 18
28 6 32
28 7 31
29 1 15
29 2 15
29 3 16
29 4 16
29 5 9
29 6 18
29 7 18
30 1 121
30 2 126
30 3 127
30 4 133
30 5 77
30 6 143
30 7 148
31 1 1715
31 2 1822
31 3 1801
31 4 1914
31 5 1142
31 6 1931
31 7 2052
32 1 2127
32 2 2174
32 3 2228
32 4 2278
32 5 1291
32 6 2420
32 7 2473
33 1 1470
33 2 1308
33 3 1516
33 4 1349
33 5 949
33 6 1818
33 7 1618
34 1 4037
34 2 4227
34 3 4068
34 4 4260
34 5 2365
34 6 4645
34 7 4864
35 1 68
35 2 73
35 3 71
35 4 76
35 5 39
35 6 85
35 7 91
36 1 62
36 2 55
36 3 61
36 4 54
36 5 36
36 6 76
36 7 67
37 1 42
37 2 46
37 3 41
37 4 45
37 5 27
37 6 51
37 7 56
38 1 364
38 2 317
38 3 348
38 4 303
38 5 220
38 6 420
38 7 366
39 1 4998
39 2 5465
39 3 4896
39 4 5353
39 5 3021
39 6 5756
39 7 6294
40 1 1470
40 2 1603
40 3 1540
40 4 1679
40 5 809
40 6 1807
40 7 1971
41 1 2963
41 2 2656
41 3 2859
41 4 2563
41 5 1719
41 6 3666
41 7 3287
42 1 5689
42 2 6115
42 3 5842
42 4 6279
42 5 3678
42 6 6770
42 7 7277
43 1 68
43 2 62
43 3 70
43 4 64
43 5 41
43 6 76
43 7 69
44 1 18
44 2 19
44 3 18
44 4 19
44 5 12
44 6 21
44 7 22
45 1 10
45 2 10
45 3 11
45 4 11
45 5 6
45 6 12
45 7 12
46 1 81
46 2 82
46 3 79
46 4 80
46 5 48
46 6 91
46 7 92
47 1 5200
47 2 5586
47 3 5073
47 4 5450
47 5 3529
47 6 5979
47 7 6423
48 1 39
48 2 38
48 3 38
48 4 37
48 5 26
48 6 47
48 7 46
49 1 67
49 2 67
49 3 66
49 4 66
49 5 46
49 6 83
49 7 83
50 1 27
50 2 24
50 3 28
50 4 25
50 5 17
50 6 32
50 7 28
51 1 15
51 2 14
51 3 15
51 4 14
51 5 11
51 6 18
51 7 17
52 1 121
52 2 129
52 3 116
52 4 123
52 5 80
52 6 136
52 7 145
53 1 58
53 2 62
53 3 58
53 4 62
53 5 35
53 6 72
53 7 77
54 1 1715
54 2 1756
54 3 1705
54 4 1746
54 5 1199
54 6 1926
54 7 1972
55 1 125
55 2 132
55 3 126
55 4 133
55 5 82
55 6 144
55 7 152
56 1 4010
56 2 3559
56 3 4002
56 4 3552
56 5 2421
56 6 4671
56 7 4145
57 1 1470
57 2 1599
57 3 1544
57 4 1679
57 5 939
57 6 1660
57 7 1806
58 1 1470
58 2 1274
58 3 1532
58 4 1328
58 5 908
58 6 1836
58 7 1591
59 1 2303
59 2 2516
59 3 2318
59 4 2532
59 5 1465
59 6 2710
59 7 2961
60 1 1960
60 2 2104
60 3 1951
60 4 2094
60 5 1357
60 6 2366
60 7 2539
61 1 2205
61 2 2334
61 3 2264
61 4 2396
61 5 1532
61 6 2591
61 7 2742
62 1 4018
62 2 3773
62 3 4203
62 4 3947
62 5 2267
62 6 4552
62 7 4275
63 1 2744
63 2 2377
63 3 2655
63 4 2300
63 5 1770
63 6 3025
63 7 2620
64 1 2999
64 2 3023
64 3 3089
64 4 3113
64 5 1674
64 6 3652
64 7 3681
65 1 735
65 2 699
65 3 736
65 4 700
65 5 452
65 6 837
65 7 796
66 1 735
66 2 740
66 3 760
66 4 765
66 5 498
66 6 821
66 7 827
67 1 735
67 2 802
67 3 708
67 4 772
67 5 470
67 6 811
67 7 885
68 1 735
68 2 642
68 3 719
68 4 628
68 5 408
68 6 870
68 7 760
69 1 545
69 2 469
69 3 531
69 4 457
69 5 327
69 6 639
69 7 550
70 1 3386
70 2 3629
70 3 3409
70 4 3654
70 5 2180
70 6 3848
70 7 4124
71 1 3234
71 2 3517
71 3 3222
71 4 3504
71 5 2121
71 6 3688
71 7 4011
72 1 2205
72 2 2095
72 3 2251
72 4 2139
72 5 1409
72 6 2626
72 7 2495
73 1 2206
73 2 1888
73 3 2100
73 4 1797
73 5 1332
73 6 2427
73 7 2077
74 1 490
74 2 450
74 3 513
74 4 471
74 5 276
74 6 601
74 7 552
75 1 825
75 2 774
75 3 787
75 4 739
75 5 551
75 6 916
75 7 859
76 1 3528
76 2 3782
76 3 3593
76 4 3851
76 5 2353
76 6 3981
76 7 4268
77 1 3568
77 2 3808
77 3 3476
77 4 3710
77 5 2194
77 6 4191
77 7 4473
78 1 1200
78 2 1277
78 3 1229
78 4 1308
78 5 698
78 6 1410
78 7 1500
79 1 618
79 2 636
79 3 647
79 4 665
79 5 384
79 6 723
79 7 744
80 1 1470
80 2 1425
80 3 1526
80 4 1480
80 5 968
80 6 1817
80 7 1761
81 1 1715
81 2 1496
81 3 1732
81 4 1511
81 5 1192
81 6 2010
81 7 1753
82 1 735
82 2 702
82 3 744
82 4 711
82 5 430
82 6 817
82 7 780
83 1 1960
83 2 1809
83 3 1904
83 4 1758
83 5 1109
83 6 2224
83 7 2052
84 1 2889
84 2 2645
84 3 2864
84 4 2622
84 5 1697
84 6 3477
84 7 3183
85 1 618
85 2 596
85 3 616
85 4 594
85 5 372
85 6 694
85 7 669
86 1 490
86 2 466
86 3 491
86 4 467
86 5 272
86 6 546
86 7 520
87 1 735
87 2 637
87 3 753
87 4 653
87 5 511
87 6 856
87 7 742
88 1 490
88 2 531
88 3 509
88 4 551
88 5 325
88 6 544
88 7 590
89 1 921
89 2 911
89 3 902
89 4 892
89 5 640
89 6 1017
89 7 1006
90 1 326
90 2 311
90 3 317
90 4 302
90 5 221
90 6 363
90 7 347
91 1 5390
91 2 5374
91 3 5410
91 4 5394
91 5 3720
91 6 5995
91 7 5977
92 1 243
92 2 251
92 3 255
92 4 263
92 5 141
92 6 299
92 7 309
93 1 371
93 2 386
93 3 380
93 4 395
93 5 212
93 6 416
93 7 432
94 1 58
94 2 56
94 3 57
94 4 55
94 5 41
94 6 69
94 7 67
95 1 5059
95 2 5438
95 3 5128
95 4 5512
95 5 3085
95 6 6243
95 7 6710
96 1 1225
96 2 1309
96 3 1233
96 4 1317
96 5 676
96 6 1426
96 7 1523
97 1 769
97 2 736
97 3 752
97 4 720
97 5 521
97 6 890
97 7 852
98 1 768
98 2 688
98 3 785
98 4 703
98 5 511
98 6 902
98 7 808
99 1 1670
99 2 1794
99 3 1616
99 4 1736
99 5 959
99 6 2003
99 7 2152
100 1 1670
100 2 1632
100 3 1627
100 4 1590
100 5 962
100 6 2020
100 7 1974
101 1 490
101 2 539
101 3 488
101 4 536
101 5 333
101 6 613
101 7 674
102 1 202
102 2 198
102 3 212
102 4 208
102 5 129
102 6 230
102 7 225
103 1 203
103 2 200
103 3 205
103 4 202
103 5 133
103 6 235
103 7 232
104 1 202
104 2 211
104 3 209
104 4 218
104 5 137
104 6 243
104 7 253
105 1 2744
105 2 2915
105 3 2648
105 4 2813
105 5 1514
105 6 3022
105 7 3210
106 1 162
106 2 158
106 3 157
106 4 153
106 5 97
106 6 184
106 7 179
107 1 324
107 2 331
107 3 328
107 4 335
107 5 217
107 6 393
107 7 401
108 1 162
108 2 177
108 3 155
108 4 169
108 5 110
108 6 186
108 7 204
109 1 121
109 2 130
109 3 127
109 4 136
109 5 68
109 6 139
109 7 149
110 1 162
110 2 154
110 3 168
110 4 160
110 5 106
110 6 198
110 7 188
111 1 91
111 2 88
111 3 88
111 4 85
111 5 64
111 6 113
111 7 109

# Energy Consumption
1 1 0
1 2 532
1 3 0
1 4 405
1 5 181
1 6 0
1 7 284
2 1 0
2 2 416
2 3 0
2 4 392
2 5 164
2 6 0
2 7 248
3 1 0
3 2 195
3 3 0
3 4 150
3 5 74
3 6 0
3 7 134
4 1 0
4 2 434
4 3 0
4 4 295
4 5 142
4 6 0
4 7 246
5 1 0
5 2 99
5 3 0
5 4 84
5 5 44
5 6 0
5 7 67
6 1 0
6 2 321
6 3 0
6 4 275
6 5 126
6 6 0
6 7 191
7 1 0
7 2 35
7 3 0
7 4 29
7 5 16
7 6 0
7 7 24
8 1 0
8 2 645
8 3 0
8 4 440
8 5 216
8 6 0
8 7 390
9 1 0
9 2 296
9 3 0
9 4 250
9 5 113
9 6 0
9 7 164
10 1 0
10 2 621
10 3 0
10 4 440
10 5 196
10 6 0
10 7 325
11 1 0
11 2 387
11 3 0
11 4 290
11 5 139
11 6 0
11 7 232
12 1 0
12 2 283
12 3 0
12 4 220
12 5 93
12 6 0
12 7 155
13 1 0
13 2 217
13 3 0
13 4 166
13 5 68
13 6 0
13 7 113
14 1 0
14 2 697
14 3 0
14 4 475
14 5 207
14 6 0
14 7 421
15 1 0
15 2 768
15 3 0
15 4 486
15 5 246
15 6 0
15 7 424
16 1 0
16 2 20
16 3 0
16 4 17
16 5 8
16 6 0
16 7 13
17 1 0
17 2 23
17 3 0
17 4 19
17 5 10
17 6 0
17 7 14
18 1 0
18 2 15
18 3 0
18 4 11
18 5 5
18 6 0
18 7 10
19 1 0
19 2 72
19 3 0
19 4 64
19 5 33
19 6 0
19 7 55
20 1 0
20 2 112
20 3 0
20 4 80
20 5 40
20 6 0
20 7 58
21 1 0
21 2 879
21 3 0
21 4 573
21 5 272
21 6 0
21 7 523
22 1 0
22 2 33
22 3 0
22 4 25
22 5 13
22 6 0
22 7 22
23 1 0
23 2 882
23 3 0
23 4 662
23 5 358
23 6 0
23 7 500
24 1 0
24 2 11
24 3 0
24 4 9
24 5 5
24 6 0
24 7 7
25 1 0
25 2 950
25 3 0
25 4 662
25 5 293
25 6 0
25 7 557
26 1 0
26 2 553
26 3 0
26 4 359
26 5 199
26 6 0
26 7 291
27 1 0
27 2 8
27 3 0
27 4 6
27 5 3
27 6 0
27 7 5
28 1 0
28 2 8
28 3 0
28 4 6
28 5 3
28 6 0
28 7 5
29 1 0
29 2 4
29 3 0
29 4 4
29 5 2
29 6 0
29 7 3
30 1 0
30 2 37
30 3 0
30 4 26
30 5 13
30 6 0
30 7 21
31 1 0
31 2 425
31 3 0
31 4 387
31 5 166
31 6 0
31 7 302
32 1 0
32 2 553
32 3 0
32 4 433
32 5 201
32 6 0
32 7 317
33 1 0
33 2 338
33 3 0
33 4 274
33 5 149
33 6 0
33 7 203
34 1 0
34 2 968
34 3 0
34 4 937
34 5 375
34 6 0
34 7 627
35 1 0
35 2 17
35 3 0
35 4 15
35 5 6
35 6 0
35 7 12
36 1 0
36 2 13
36 3 0
36 4 11
36 5 6
36 6 0
36 7 10
37 1 0
37 2 12
37 3 0
37 4 10
37 5 4
37 6 0
37 7 7
38 1 0
38 2 85
38 3 0
38 4 65
38 5 33
38 6 0
38 7 45
39 1 0
39 2 1445
39 3 0
39 4 1029
39 5 461
39 6 0
39 7 861
40 1 0
40 2 371
40 3 0
40 4 312
40 5 125
40 6 0
40 7 265
41 1 0
41 2 672
41 3 0
41 4 563
41 5 261
41 6 0
41 7 422
42 1 0
42 2 1520
42 3 0
42 4 1179
42 5 519
42 6 0
42 7 1042
43 1 0
43 2 15
43 3 0
43 4 14
43 5 7
43 6 0
43 7 10
44 1 0
44 2 5
44 3 0
44 4 4
44 5 2
44 6 0
44 7 3
45 1 0
45 2 3
45 3 0
45 4 3
45 5 1
45 6 0
45 7 2
46 1 0
46 2 20
46 3 0
46 4 16
46 5 8
46 6 0
46 7 12
47 1 0
47 2 1347
47 3 0
47 4 1057
47 5 505
47 6 0
47 7 875
48 1 0
48 2 10
48 3 0
48 4 8
48 5 4
48 6 0
48 7 7
49 1 0
49 2 19
49 3 0
49 4 14
49 5 8
49 6 0
49 7 12
50 1 0
50 2 7
50 3 0
50 4 5
50 5 3
50 6 0
50 7 4
51 1 0
51 2 4
51 3 0
51 4 3
51 5 2
51 6 0
51 7 3
52 1 0
52 2 30
52 3 0
52 4 23
52 5 12
52 6 0
52 7 20
53 1 0
53 2 17
53 3 0
53 4 13
53 5 5
53 6 0
53 7 11
54 1 0
54 2 520
54 3 0
54 4 326
54 5 175
54 6 0
54 7 280
55 1 0
55 2 33
55 3 0
55 4 27
55 5 13
55 6 0
55 7 22
56 1 0
56 2 1061
56 3 0
56 4 716
56 5 356
56 6 0
56 7 535
57 1 0
57 2 380
57 3 0
57 4 322
57 5 143
57 6 0
57 7 222
58 1 0
58 2 299
58 3 0
58 4 272
58 5 138
58 6 0
58 7 211
59 1 0
59 2 653
59 3 0
59 4 518
59 5 227
59 6 0
59 7 426
60 1 0
60 2 504
60 3 0
60 4 403
60 5 203
60 6 0
60 7 356
61 1 0
61 2 627
61 3 0
61 4 488
61 5 234
61 6 0
61 7 386
62 1 0
62 2 865
62 3 0
62 4 725
62 5 319
62 6 0
62 7 618
63 1 0
63 2 664
63 3 0
63 4 470
63 5 278
63 6 0
63 7 377
64 1 0
64 2 695
64 3 0
64 4 662
64 5 264
64 6 0
64 7 455
65 1 0
65 2 200
65 3 0
65 4 128
65 5 66
65 6 0
65 7 112
66 1 0
66 2 183
66 3 0
66 4 163
66 5 72
66 6 0
66 7 106
67 1 0
67 2 196
67 3 0
67 4 166
67 5 72
67 6 0
67 7 107
68 1 0
68 2 142
68 3 0
68 4 124
68 5 62
68 6 0
68 7 112
69 1 0
69 2 110
69 3 0
69 4 89
69 5 49
69 6 0
69 7 81
70 1 0
70 2 960
70 3 0
70 4 691
70 5 333
70 6 0
70 7 584
71 1 0
71 2 928
71 3 0
71 4 634
71 5 316
71 6 0
71 7 511
72 1 0
72 2 515
72 3 0
72 4 398
72 5 208
72 6 0
72 7 324
73 1 0
73 2 427
73 3 0
73 4 377
73 5 193
73 6 0
73 7 296
74 1 0
74 2 119
74 3 0
74 4 102
74 5 44
74 6 0
74 7 72
75 1 0
75 2 211
75 3 0
75 4 161
75 5 83
75 6 0
75 7 115
76 1 0
76 2 1042
76 3 0
76 4 722
76 5 347
76 6 0
76 7 553
77 1 0
77 2 1137
77 3 0
77 4 816
77 5 343
77 6 0
77 7 609
78 1 0
78 2 338
78 3 0
78 4 261
78 5 110
78 6 0
78 7 196
79 1 0
79 2 152
79 3 0
79 4 125
79 5 61
79 6 0
79 7 102
80 1 0
80 2 415
80 3 0
80 4 280
80 5 144
80 6 0
80 7 249
81 1 0
81 2 381
81 3 0
81 4 279
81 5 186
81 6 0
81 7 261
82 1 0
82 2 200
82 3 0
82 4 143
82 5 61
82 6 0
82 7 95
83 1 0
83 2 474
83 3 0
83 4 342
83 5 159
83 6 0
83 7 268
84 1 0
84 2 671
84 3 0
84 4 577
84 5 242
84 6 0
84 7 415
85 1 0
85 2 177
85 3 0
85 4 110
85 5 53
85 6 0
85 7 85
86 1 0
86 2 111
86 3 0
86 4 98
86 5 41
86 6 0
86 7 71
87 1 0
87 2 189
87 3 0
87 4 121
87 5 79
87 6 0
87 7 96
88 1 0
88 2 131
88 3 0
88 4 110
88 5 51
88 6 0
88 7 76
89 1 0
89 2 258
89 3 0
89 4 187
89 5 96
89 6 0
89 7 138
90 1 0
90 2 80
90 3 0
90 4 59
90 5 33
90 6 0
90 7 45
91 1 0
91 2 1245
91 3 0
91 4 1098
91 5 531
91 6 0
91 7 874
92 1 0
92 2 67
92 3 0
92 4 56
92 5 21
92 6 0
92 7 44
93 1 0
93 2 102
93 3 0
93 4 73
93 5 31
93 6 0
93 7 57
94 1 0
94 2 16
94 3 0
94 4 12
94 5 7
94 6 0
94 7 10
95 1 0
95 2 1233
95 3 0
95 4 1125
95 5 484
95 6 0
95 7 920
96 1 0
96 2 328
96 3 0
96 4 264
96 5 98
96 6 0
96 7 187
97 1 0
97 2 210
97 3 0
97 4 135
97 5 80
97 6 0
97 7 126
98 1 0
98 2 186
98 3 0
98 4 132
98 5 78
98 6 0
98 7 106
99 1 0
99 2 427
99 3 0
99 4 318
99 5 141
99 6 0
99 7 323
100 1 0
100 2 420
100 3 0
100 4 296
100 5 145
100 6 0
100 7 250
101 1 0
101 2 147
101 3 0
101 4 105
101 5 50
101 6 0
101 7 100
102 1 0
102 2 54
102 3 0
102 4 38
102 5 20
102 6 0
102 7 33
103 1 0
103 2 53
103 3 0
103 4 43
103 5 21
103 6 0
103 7 30
104 1 0
104 2 49
104 3 0
104 4 46
104 5 20
104 6 0
104 7 35
105 1 0
105 2 725
105 3 0
105 4 578
105 5 242
105 6 0
105 7 472
106 1 0
106 2 36
106 3 0
106 4 33
106 5 15
106 6 0
106 7 26
107 1 0
107 2 91
107 3 0
107 4 73
107 5 35
107 6 0
107 7 53
108 1 0
108 2 48
108 3 0
108 4 37
108 5 17
108 6 0
108 7 26
109 1 0
109 2 36
109 3 0
109 4 27
109 5 11
109 6 0
109 7 19
110 1 0
110 2 41
110 3 0
110 4 34
110 5 16
110 6 0
110 7 27
111 1 0
111 2 24
111 3 0
111 4 16
111 5 10
111 6 0
111 7 15

# Precedence Relations
1 2
2 3
3 4
4 5
4 6
4 7
4 8
4 9
4 10
5 39
6 39
7 83
8 71
9 32
10 11
10 12
11 13
11 14
11 15
11 16
11 17
11 18
11 19
11 20
11 21
12 13
12 14
12 15
12 16
12 17
12 18
12 19
12 20
12 21
13 71
14 22
14 23
14 24
14 25
15 26
16 27
17 28
18 29
19 30
20 91
21 111
22 31
22 83
23 32
23 33
24 69
24 70
25 34
26 82
27 35
28 36
29 37
30 38
31 39
32 41
33 111
34 42
35 43
36 44
36 91
37 45
37 91
38 46
38 91
39 40
40 111
41 69
41 70
42 47
43 48
43 49
44 50
45 51
46 52
47 54
47 55
47 56
47 57
47 58
47 59
47 60
48 53
49 91
50 111
51 111
52 111
53 111
54 69
54 70
55 61
55 62
55 63
56 63
56 64
57 65
57 91
58 66
58 91
59 67
59 91
60 68
60 91
61 69
61 70
62 71
63 111
64 72
65 111
66 111
67 111
68 111
69 77
69 78
70 73
71 91
72 74
73 75
74 76
75 77
75 78
75 79
76 80
76 81
76 82
77 83
78 84
79 85
80 86
80 91
81 87
81 91
82 111
83 91
84 88
84 89
84 91
85 111
86 111
87 90
88 105
89 105
90 111
91 92
91 93
91 94
92 95
93 95
94 95
95 96
95 97
95 98
95 99
95 100
95 104
96 101
97 102
98 103
99 111
100 111
101 105
102 106
102 107
103 107
103 108
104 111
105 111
106 109
107 111
108 110
109 111
110 111

# Parameters
R_e = 0.0500
T = 5838.0
C_s = 4.0
C_w = 36.0
C_c = 5.0
