# Tasks
1 2 3 4 5 6 7 8 9 10 11 12 13 14 15 16 17 18 19 20

# Workstations
1 2 3 4 5 6 7 8 9 10 11 12 13 14 15 16 17 18 19 20

# Modes
1 2 3 4 5 6 7

# Processing Times
1 1 730
1 2 1422
1 3 722
1 4 1406
1 5 681
1 6 770
1 7 1499
2 1 589
2 2 1164
2 3 611
2 4 1207
2 5 556
2 6 614
2 7 1213
3 1 474
3 2 970
3 3 459
3 4 938
3 5 448
3 6 512
3 7 1047
4 1 390
4 2 871
4 3 398
4 4 888
4 5 337
4 6 394
4 7 880
5 1 462
5 2 858
5 3 470
5 4 872
5 5 390
5 6 505
5 7 938
6 1 496
6 2 1091
6 3 481
6 4 1057
6 5 447
6 6 516
6 7 1135
7 1 480
7 2 1001
7 3 466
7 4 972
7 5 449
7 6 489
7 7 1020
8 1 425
8 2 908
8 3 433
8 4 924
8 5 354
8 6 443
8 7 945
9 1 545
9 2 1121
9 3 538
9 4 1106
9 5 439
9 6 576
9 7 1185
10 1 562
10 2 1219
10 3 583
10 4 1263
10 5 459
10 6 585
10 7 1268
11 1 438
11 2 995
11 3 444
11 4 1008
11 5 386
11 6 463
11 7 1052
12 1 702
12 2 1546
12 3 694
12 4 1527
12 5 620
12 6 703
12 7 1548
13 1 439
13 2 1019
13 3 448
13 4 1040
13 5 396
13 6 479
13 7 1112
14 1 285
14 2 521
14 3 273
14 4 498
14 5 249
14 6 302
14 7 552
15 1 511
15 2 1203
15 3 533
15 4 1254
15 5 479
15 6 530
15 7 1247
16 1 483
16 2 1198
16 3 501
16 4 1243
16 5 448
16 6 497
16 7 1231
17 1 468
17 2 854
17 3 475
17 4 867
17 5 393
17 6 499
17 7 910
18 1 654
18 2 1590
18 3 657
18 4 1597
18 5 591
18 6 660
18 7 1604
19 1 534
19 2 1079
19 3 540
19 4 1090
19 5 479
19 6 545
19 7 1101
20 1 552
20 2 1207
20 3 538
20 4 1176
20 5 520
20 6 600
20 7 1312

# Energy Consumption
1 1 0
1 2 361
1 3 0
1 4 288
1 5 102
1 6 0
1 7 222
2 1 0
2 2 293
2 3 0
2 4 260
2 5 89
2 6 0
2 7 172
3 1 0
3 2 250
3 3 0
3 4 195
3 5 71
3 6 0
3 7 132
4 1 0
4 2 234
4 3 0
4 4 180
4 5 52
4 6 0
4 7 109
5 1 0
5 2 209
5 3 0
5 4 158
5 5 63
5 6 0
5 7 114
6 1 0
6 2 294
6 3 0
6 4 199
6 5 67
6 6 0
6 7 146
7 1 0
7 2 248
7 3 0
7 4 178
7 5 69
7 6 0
7 7 153
8 1 0
8 2 266
8 3 0
8 4 192
8 5 54
8 6 0
8 7 135
9 1 0
9 2 320
9 3 0
9 4 208
9 5 63
9 6 0
9 7 158
10 1 0
10 2 351
10 3 0
10 4 269
10 5 72
10 6 0
10 7 180
11 1 0
11 2 219
11 3 0
11 4 212
11 5 62
11 6 0
11 7 127
12 1 0
12 2 362
12 3 0
12 4 336
12 5 99
12 6 0
12 7 212
13 1 0
13 2 292
13 3 0
13 4 192
13 5 62
13 6 0
13 7 165
14 1 0
14 2 134
14 3 0
14 4 92
14 5 39
14 6 0
14 7 67
15 1 0
15 2 311
15 3 0
15 4 245
15 5 74
15 6 0
15 7 158
16 1 0
16 2 306
16 3 0
16 4 242
16 5 65
16 6 0
16 7 157
17 1 0
17 2 226
17 3 0
17 4 166
17 5 63
17 6 0
17 7 110
18 1 0
18 2 463
18 3 0
18 4 322
18 5 89
18 6 0
18 7 228
19 1 0
19 2 315
19 3 0
19 4 198
19 5 72
19 6 0
19 7 165
20 1 0
20 2 288
20 3 0
20 4 235
20 5 74
20 6 0
20 7 196

# Precedence Relations
1 13
2 3
2 4
2 5
2 6
3 13
4 13
5 7
5 8
6 9
6 14
7 13
8 9
8 10
8 11
8 12
9 13
10 20
11 13
11 14
11 15
12 13
13 16
13 17
13 18
13 19
14 20

# Parameters
R_e = 0.0500
T = 1000.0
C_s = 4.0
C_w = 36.0
C_c = 5.0
