# Tasks
1 2 3 4 5 6 7 8 9 10 11 12 13 14 15 16 17 18 19 20

# Workstations
1 2 3 4 5 6 7 8 9 10 11 12 13 14 15 16 17 18 19 20

# Modes
1 2 3 4 5 6 7

# Processing Times
1 1 464
1 2 589
1 3 421
1 4 535
1 5 433
1 6 552
1 7 700
2 1 154
2 2 196
2 3 140
2 4 178
2 5 144
2 6 183
2 7 233
3 1 506
3 2 642
3 3 460
3 4 583
3 5 473
3 6 602
3 7 763
4 1 476
4 2 604
4 3 432
4 4 549
4 5 445
4 6 566
4 7 718
5 1 77
5 2 98
5 3 70
5 4 89
5 5 72
5 6 92
5 7 117
6 1 155
6 2 197
6 3 141
6 4 179
6 5 145
6 6 185
6 7 235
7 1 340
7 2 432
7 3 309
7 4 392
7 5 318
7 6 404
7 7 514
8 1 467
8 2 593
8 3 424
8 4 539
8 5 436
8 6 555
8 7 705
9 1 94
9 2 120
9 3 86
9 4 109
9 5 88
9 6 112
9 7 143
10 1 65
10 2 83
10 3 59
10 4 76
10 5 61
10 6 78
10 7 99
11 1 192
11 2 244
11 3 175
11 4 222
11 5 180
11 6 229
11 7 290
12 1 127
12 2 162
12 3 116
12 4 147
12 5 119
12 6 151
12 7 193
13 1 204
13 2 259
13 3 186
13 4 235
13 5 191
13 6 243
13 7 308
14 1 108
14 2 137
14 3 98
14 4 125
14 5 101
14 6 129
14 7 163
15 1 481
15 2 611
15 3 437
15 4 555
15 5 449
15 6 572
15 7 726
16 1 213
16 2 271
16 3 194
16 4 246
16 5 199
16 6 254
16 7 322
17 1 116
17 2 148
17 3 106
17 4 135
17 5 109
17 6 138
17 7 176
18 1 74
18 2 94
18 3 68
18 4 86
18 5 70
18 6 88
18 7 112
19 1 220
19 2 280
19 3 200
19 4 255
19 5 206
19 6 262
19 7 333
20 1 117
20 2 149
20 3 107
20 4 136
20 5 110
20 6 139
20 7 178

# Energy Consumption
1 1 0
1 2 138
1 3 0
1 4 116
1 5 66
1 6 0
1 7 97
2 1 0
2 2 49
2 3 0
2 4 37
2 5 22
2 6 0
2 7 34
3 1 0
3 2 182
3 3 0
3 4 107
3 5 67
3 6 0
3 7 104
4 1 0
4 2 170
4 3 0
4 4 116
4 5 68
4 6 0
4 7 100
5 1 0
5 2 25
5 3 0
5 4 17
5 5 11
5 6 0
5 7 18
6 1 0
6 2 48
6 3 0
6 4 37
6 5 23
6 6 0
6 7 35
7 1 0
7 2 109
7 3 0
7 4 79
7 5 50
7 6 0
7 7 75
8 1 0
8 2 140
8 3 0
8 4 112
8 5 63
8 6 0
8 7 105
9 1 0
9 2 33
9 3 0
9 4 24
9 5 13
9 6 0
9 7 21
10 1 0
10 2 22
10 3 0
10 4 17
10 5 10
10 6 0
10 7 15
11 1 0
11 2 72
11 3 0
11 4 45
11 5 28
11 6 0
11 7 37
12 1 0
12 2 41
12 3 0
12 4 32
12 5 18
12 6 0
12 7 28
13 1 0
13 2 70
13 3 0
13 4 51
13 5 28
13 6 0
13 7 42
14 1 0
14 2 31
14 3 0
14 4 27
14 5 15
14 6 0
14 7 21
15 1 0
15 2 145
15 3 0
15 4 116
15 5 68
15 6 0
15 7 105
16 1 0
16 2 60
16 3 0
16 4 55
16 5 31
16 6 0
16 7 40
17 1 0
17 2 43
17 3 0
17 4 25
17 5 17
17 6 0
17 7 25
18 1 0
18 2 28
18 3 0
18 4 17
18 5 11
18 6 0
18 7 17
19 1 0
19 2 66
19 3 0
19 4 47
19 5 30
19 6 0
19 7 43
20 1 0
20 2 36
20 3 0
20 4 28
20 5 17
20 6 0
20 7 27

# Precedence Relations
1 9
2 9
3 9
4 9
5 11
5 12
8 10
9 13
9 14
9 15
9 16
14 17
15 18
17 20
18 19

# Parameters
R_e = 0.0500
T = 1000.0
C_s = 4.0
C_w = 36.0
C_c = 5.0
