# Tasks
1 2 3 4 5 6 7 8 9 10 11 12 13 14 15 16 17 18 19 20

# Workstations
1 2 3 4 5 6 7 8 9 10 11 12 13 14 15 16 17 18 19 20

# Modes
1 2 3 4 5 6 7

# Processing Times
1 1 570
1 2 740
1 3 620
1 4 804
1 5 370
1 6 615
1 7 798
2 1 504
2 2 654
2 3 548
2 4 711
2 5 327
2 6 543
2 7 705
3 1 232
3 2 301
3 3 252
3 4 327
3 5 151
3 6 250
3 7 325
4 1 336
4 2 436
4 3 365
4 4 474
4 5 218
4 6 362
4 7 470
5 1 724
5 2 940
5 3 787
5 4 1021
5 5 469
5 6 780
5 7 1013
6 1 463
6 2 601
6 3 503
6 4 653
6 5 300
6 6 499
6 7 648
7 1 537
7 2 697
7 3 584
7 4 758
7 5 348
7 6 579
7 7 751
8 1 553
8 2 718
8 3 601
8 4 780
8 5 359
8 6 596
8 7 774
9 1 669
9 2 868
9 3 727
9 4 943
9 5 434
9 6 721
9 7 936
10 1 350
10 2 455
10 3 381
10 4 495
10 5 227
10 6 378
10 7 491
11 1 463
11 2 601
11 3 503
11 4 653
11 5 300
11 6 499
11 7 648
12 1 365
12 2 474
12 3 397
12 4 515
12 5 237
12 6 394
12 7 511
13 1 422
13 2 548
13 3 459
13 4 596
13 5 274
13 6 455
13 7 591
14 1 544
14 2 706
14 3 591
14 4 767
14 5 353
14 6 586
14 7 761
15 1 483
15 2 627
15 3 525
15 4 681
15 5 313
15 6 521
15 7 676
16 1 380
16 2 493
16 3 413
16 4 536
16 5 247
16 6 410
16 7 532
17 1 535
17 2 695
17 3 582
17 4 755
17 5 347
17 6 577
17 7 749
18 1 628
18 2 815
18 3 683
18 4 886
18 5 407
18 6 677
18 7 878
19 1 437
19 2 567
19 3 475
19 4 616
19 5 283
19 6 471
19 7 611
20 1 283
20 2 368
20 3 308
20 4 400
20 5 184
20 6 305
20 7 397

# Energy Consumption
1 1 0
1 2 178
1 3 0
1 4 166
1 5 58
1 6 0
1 7 115
2 1 0
2 2 165
2 3 0
2 4 141
2 5 49
2 6 0
2 7 100
3 1 0
3 2 84
3 3 0
3 4 64
3 5 24
3 6 0
3 7 45
4 1 0
4 2 109
4 3 0
4 4 105
4 5 31
4 6 0
4 7 68
5 1 0
5 2 229
5 3 0
5 4 214
5 5 74
5 6 0
5 7 139
6 1 0
6 2 133
6 3 0
6 4 139
6 5 46
6 6 0
6 7 90
7 1 0
7 2 156
7 3 0
7 4 164
7 5 51
7 6 0
7 7 107
8 1 0
8 2 183
8 3 0
8 4 164
8 5 53
8 6 0
8 7 109
9 1 0
9 2 231
9 3 0
9 4 201
9 5 69
9 6 0
9 7 141
10 1 0
10 2 130
10 3 0
10 4 103
10 5 34
10 6 0
10 7 70
11 1 0
11 2 134
11 3 0
11 4 121
11 5 46
11 6 0
11 7 94
12 1 0
12 2 121
12 3 0
12 4 113
12 5 34
12 6 0
12 7 71
13 1 0
13 2 132
13 3 0
13 4 120
13 5 41
13 6 0
13 7 81
14 1 0
14 2 209
14 3 0
14 4 156
14 5 56
14 6 0
14 7 102
15 1 0
15 2 161
15 3 0
15 4 126
15 5 48
15 6 0
15 7 83
16 1 0
16 2 140
16 3 0
16 4 114
16 5 38
16 6 0
16 7 68
17 1 0
17 2 188
17 3 0
17 4 166
17 5 54
17 6 0
17 7 95
18 1 0
18 2 198
18 3 0
18 4 177
18 5 63
18 6 0
18 7 109
19 1 0
19 2 157
19 3 0
19 4 126
19 5 44
19 6 0
19 7 92
20 1 0
20 2 95
20 3 0
20 4 88
20 5 29
20 6 0
20 7 50

# Precedence Relations
1 10
2 10
3 10
4 6
4 8
4 12
5 7
5 9
5 10
5 11
6 10
7 18
8 11
9 12
9 17
9 18
10 13
10 14
10 15
10 16
11 17
11 18
13 20
14 17
15 17
16 18
17 19
17 20
18 19

# Parameters
R_e = 0.0500
T = 1072.05
C_s = 4.0
C_w = 36.0
C_c = 5.0
