# Tasks
1 2 3 4 5 6 7 8 9 10 11 12 13 14 15 16 17 18 19 20 21 22 23 24 25 26 27 28 29 30 31 32 33 34 35 36 37 38 39 40 41 42 43 44 45 46 47 48 49 50

# Workstations
1 2 3 4 5 6 7 8 9 10 11 12 13 14 15 16 17 18 19 20 21 22 23 24 25 26 27 28 29 30 31 32 33 34 35 36 37 38 39 40 41 42 43 44 45 46 47 48 49 50

# Modes
1 2 3 4 5 6 7

# Processing Times
1 1 44
1 2 46
1 3 47
1 4 49
1 5 25
1 6 49
1 7 51
2 1 83
2 2 84
2 3 84
2 4 85
2 5 57
2 6 94
2 7 95
3 1 495
3 2 506
3 3 497
3 4 508
3 5 335
3 6 593
3 7 606
4 1 256
4 2 220
4 3 263
4 4 226
4 5 168
4 6 293
4 7 252
5 1 109
5 2 94
5 3 113
5 4 98
5 5 74
5 6 128
5 7 111
6 1 224
6 2 244
6 3 224
6 4 244
6 5 129
6 6 254
6 7 276
7 1 297
7 2 270
7 3 303
7 4 275
7 5 206
7 6 339
7 7 308
8 1 30
8 2 30
8 3 32
8 4 32
8 5 17
8 6 37
8 7 37
9 1 105
9 2 94
9 3 109
9 4 98
9 5 74
9 6 128
9 7 114
10 1 432
10 2 417
10 3 428
10 4 413
10 5 296
10 6 531
10 7 513
11 1 264
11 2 229
11 3 264
11 4 229
11 5 179
11 6 304
11 7 264
12 1 104
12 2 115
12 3 102
12 4 113
12 5 63
12 6 129
12 7 143
13 1 240
13 2 247
13 3 243
13 4 250
13 5 135
13 6 290
13 7 298
14 1 128
14 2 133
14 3 132
14 4 137
14 5 83
14 6 146
14 7 152
15 1 92
15 2 87
15 3 88
15 4 83
15 5 57
15 6 115
15 7 109
16 1 69
16 2 71
16 3 68
16 4 70
16 5 45
16 6 83
16 7 86
17 1 110
17 2 107
17 3 114
17 4 111
17 5 77
17 6 127
17 7 124
18 1 335
18 2 357
18 3 336
18 4 358
18 5 189
18 6 399
18 7 425
19 1 109
19 2 96
19 3 108
19 4 95
19 5 61
19 6 128
19 7 113
20 1 26
20 2 27
20 3 26
20 4 27
20 5 18
20 6 31
20 7 33
21 1 158
21 2 159
21 3 151
21 4 152
21 5 110
21 6 197
21 7 198
22 1 66
22 2 63
22 3 63
22 4 60
22 5 41
22 6 83
22 7 79
23 1 480
23 2 471
23 3 470
23 4 461
23 5 266
23 6 535
23 7 525
24 1 53
24 2 46
24 3 53
24 4 46
24 5 32
24 6 64
24 7 55
25 1 578
25 2 608
25 3 573
25 4 603
25 5 349
25 6 641
25 7 674
26 1 292
26 2 276
26 3 288
26 4 273
26 5 200
26 6 341
26 7 322
27 1 188
27 2 186
27 3 188
27 4 186
27 5 128
27 6 231
27 7 229
28 1 94
28 2 91
28 3 99
28 4 96
28 5 64
28 6 112
28 7 109
29 1 150
29 2 150
29 3 145
29 4 145
29 5 99
29 6 166
29 7 166
30 1 179
30 2 186
30 3 176
30 4 183
30 5 112
30 6 206
30 7 214
31 1 442
31 2 470
31 3 443
31 4 471
31 5 249
31 6 528
31 7 562
32 1 193
32 2 198
32 3 190
32 4 195
32 5 119
32 6 233
32 7 239
33 1 49
33 2 44
33 3 51
33 4 46
33 5 30
33 6 59
33 7 53
34 1 143
34 2 150
34 3 147
34 4 154
34 5 85
34 6 165
34 7 174
35 1 89
35 2 95
35 3 94
35 4 100
35 5 56
35 6 99
35 7 106
36 1 259
36 2 229
36 3 253
36 4 224
36 5 158
36 6 316
36 7 279
37 1 185
37 2 200
37 3 194
37 4 210
37 5 104
37 6 226
37 7 244
38 1 280
38 2 244
38 3 287
38 4 250
38 5 194
38 6 327
38 7 285
39 1 424
39 2 464
39 3 431
39 4 472
39 5 269
39 6 480
39 7 525
40 1 33
40 2 36
40 3 33
40 4 36
40 5 21
40 6 39
40 7 43
41 1 172
41 2 155
41 3 173
41 4 156
41 5 110
41 6 208
41 7 188
42 1 171
42 2 184
42 3 176
42 4 190
42 5 113
42 6 213
42 7 230
43 1 169
43 2 153
43 3 167
43 4 152
43 5 112
43 6 192
43 7 174
44 1 327
44 2 337
44 3 332
44 4 342
44 5 201
44 6 365
44 7 376
45 1 482
45 2 445
45 3 470
45 4 434
45 5 331
45 6 549
45 7 507
46 1 287
46 2 289
46 3 275
46 4 277
46 5 196
46 6 331
46 7 333
47 1 83
47 2 90
47 3 81
47 4 87
47 5 51
47 6 92
47 7 100
48 1 425
48 2 411
48 3 430
48 4 416
48 5 246
48 6 529
48 7 512
49 1 152
49 2 152
49 3 150
49 4 150
49 5 104
49 6 185
49 7 185
50 1 374
50 2 329
50 3 369
50 4 325
50 5 235
50 6 466
50 7 410

# Energy Consumption
1 1 0
1 2 13
1 3 0
1 4 10
1 5 4
1 6 0
1 7 7
2 1 0
2 2 21
2 3 0
2 4 19
2 5 9
2 6 0
2 7 12
3 1 0
3 2 132
3 3 0
3 4 106
3 5 50
3 6 0
3 7 90
4 1 0
4 2 65
4 3 0
4 4 44
4 5 26
4 6 0
4 7 35
5 1 0
5 2 22
5 3 0
5 4 20
5 5 12
5 6 0
5 7 15
6 1 0
6 2 59
6 3 0
6 4 49
6 5 20
6 6 0
6 7 35
7 1 0
7 2 60
7 3 0
7 4 52
7 5 31
7 6 0
7 7 39
8 1 0
8 2 9
8 3 0
8 4 7
8 5 3
8 6 0
8 7 6
9 1 0
9 2 26
9 3 0
9 4 22
9 5 12
9 6 0
9 7 16
10 1 0
10 2 116
10 3 0
10 4 85
10 5 45
10 6 0
10 7 66
11 1 0
11 2 60
11 3 0
11 4 44
11 5 27
11 6 0
11 7 37
12 1 0
12 2 31
12 3 0
12 4 24
12 5 11
12 6 0
12 7 19
13 1 0
13 2 71
13 3 0
13 4 54
13 5 20
13 6 0
13 7 40
14 1 0
14 2 40
14 3 0
14 4 28
14 5 13
14 6 0
14 7 23
15 1 0
15 2 26
15 3 0
15 4 16
15 5 9
15 6 0
15 7 16
16 1 0
16 2 18
16 3 0
16 4 15
16 5 7
16 6 0
16 7 13
17 1 0
17 2 28
17 3 0
17 4 23
17 5 12
17 6 0
17 7 16
18 1 0
18 2 96
18 3 0
18 4 70
18 5 31
18 6 0
18 7 61
19 1 0
19 2 22
19 3 0
19 4 19
19 5 10
19 6 0
19 7 16
20 1 0
20 2 8
20 3 0
20 4 6
20 5 3
20 6 0
20 7 5
21 1 0
21 2 46
21 3 0
21 4 28
21 5 17
21 6 0
21 7 29
22 1 0
22 2 18
22 3 0
22 4 12
22 5 7
22 6 0
22 7 12
23 1 0
23 2 124
23 3 0
23 4 88
23 5 43
23 6 0
23 7 69
24 1 0
24 2 13
24 3 0
24 4 10
24 5 5
24 6 0
24 7 8
25 1 0
25 2 161
25 3 0
25 4 112
25 5 51
25 6 0
25 7 85
26 1 0
26 2 83
26 3 0
26 4 53
26 5 30
26 6 0
26 7 45
27 1 0
27 2 47
27 3 0
27 4 35
27 5 19
27 6 0
27 7 29
28 1 0
28 2 27
28 3 0
28 4 20
28 5 10
28 6 0
28 7 17
29 1 0
29 2 40
29 3 0
29 4 31
29 5 16
29 6 0
29 7 23
30 1 0
30 2 54
30 3 0
30 4 36
30 5 18
30 6 0
30 7 30
31 1 0
31 2 110
31 3 0
31 4 96
31 5 37
31 6 0
31 7 83
32 1 0
32 2 51
32 3 0
32 4 37
32 5 19
32 6 0
32 7 31
33 1 0
33 2 12
33 3 0
33 4 10
33 5 5
33 6 0
33 7 7
34 1 0
34 2 35
34 3 0
34 4 34
34 5 14
34 6 0
34 7 23
35 1 0
35 2 22
35 3 0
35 4 19
35 5 9
35 6 0
35 7 14
36 1 0
36 2 51
36 3 0
36 4 43
36 5 25
36 6 0
36 7 41
37 1 0
37 2 52
37 3 0
37 4 44
37 5 16
37 6 0
37 7 30
38 1 0
38 2 66
38 3 0
38 4 54
38 5 29
38 6 0
38 7 36
39 1 0
39 2 123
39 3 0
39 4 91
39 5 41
39 6 0
39 7 72
40 1 0
40 2 9
40 3 0
40 4 7
40 5 4
40 6 0
40 7 6
41 1 0
41 2 40
41 3 0
41 4 35
41 5 17
41 6 0
41 7 25
42 1 0
42 2 46
42 3 0
42 4 36
42 5 16
42 6 0
42 7 33
43 1 0
43 2 37
43 3 0
43 4 32
43 5 18
43 6 0
43 7 25
44 1 0
44 2 84
44 3 0
44 4 64
44 5 29
44 6 0
44 7 49
45 1 0
45 2 133
45 3 0
45 4 95
45 5 48
45 6 0
45 7 73
46 1 0
46 2 69
46 3 0
46 4 53
46 5 31
46 6 0
46 7 42
47 1 0
47 2 22
47 3 0
47 4 17
47 5 8
47 6 0
47 7 14
48 1 0
48 2 105
48 3 0
48 4 88
48 5 37
48 6 0
48 7 77
49 1 0
49 2 41
49 3 0
49 4 30
49 5 17
49 6 0
49 7 26
50 1 0
50 2 96
50 3 0
50 4 63
50 5 35
50 6 0
50 7 53

# Precedence Relations
1 16
2 12
3 7
3 8
3 10
4 11
5 6
5 9
6 20
7 20
9 13
9 18
9 19
11 14
11 16
11 17
12 15
13 20
14 20
15 21
15 22
15 24
18 23
18 25
20 26
20 27
20 28
20 29
20 30
20 49
21 32
22 33
23 31
24 34
26 36
27 39
31 35
32 37
33 38
35 42
36 41
37 40
38 43
38 44
40 45
41 46
42 49
42 50
43 47
44 48

# Parameters
R_e = 0.0500
T = 1000.0
C_s = 4.0
C_w = 36.0
C_c = 5.0
