# Tasks
1 2 3 4 5 6 7 8 9 10 11 12 13 14 15 16 17 18 19 20

# Workstations
1 2 3 4 5 6 7 8 9 10 11 12 13 14 15 16 17 18 19 20

# Modes
1 2 3 4 5 6 7

# Processing Times
1 1 88
1 2 110
1 3 86
1 4 107
1 5 33
1 6 122
1 7 153
2 1 95
2 2 118
2 3 93
2 4 115
2 5 36
2 6 132
2 7 164
3 1 105
3 2 131
3 3 102
3 4 128
3 5 40
3 6 146
3 7 182
4 1 140
4 2 174
4 3 136
4 4 169
4 5 53
4 6 194
4 7 241
5 1 114
5 2 142
5 3 111
5 4 138
5 5 43
5 6 158
5 7 197
6 1 123
6 2 153
6 3 120
6 4 149
6 5 46
6 6 171
6 7 212
7 1 250
7 2 310
7 3 243
7 4 301
7 5 93
7 6 347
7 7 430
8 1 90
8 2 112
8 3 88
8 4 109
8 5 34
8 6 125
8 7 156
9 1 61
9 2 76
9 3 60
9 4 74
9 5 23
9 6 85
9 7 106
10 1 107
10 2 133
10 3 104
10 4 129
10 5 40
10 6 149
10 7 185
11 1 68
11 2 85
11 3 66
11 4 83
11 5 26
11 6 95
11 7 118
12 1 155
12 2 193
12 3 151
12 4 188
12 5 58
12 6 215
12 7 268
13 1 142
13 2 176
13 3 138
13 4 171
13 5 53
13 6 197
13 7 244
14 1 21
14 2 27
14 3 21
14 4 27
14 5 8
14 6 30
14 7 38
15 1 106
15 2 132
15 3 103
15 4 128
15 5 40
15 6 147
15 7 183
16 1 67
16 2 84
16 3 65
16 4 82
16 5 25
16 6 93
16 7 117
17 1 52
17 2 65
17 3 51
17 4 64
17 5 20
17 6 73
17 7 91
18 1 55
18 2 69
18 3 54
18 4 67
18 5 21
18 6 77
18 7 96
19 1 51
19 2 64
19 3 50
19 4 63
19 5 19
19 6 71
19 7 89
20 1 82
20 2 102
20 3 80
20 4 99
20 5 31
20 6 114
20 7 142

# Energy Consumption
1 1 0
1 2 26
1 3 0
1 4 22
1 5 5
1 6 0
1 7 22
2 1 0
2 2 27
2 3 0
2 4 24
2 5 6
2 6 0
2 7 22
3 1 0
3 2 38
3 3 0
3 4 24
3 5 7
3 6 0
3 7 22
4 1 0
4 2 41
4 3 0
4 4 36
4 5 8
4 6 0
4 7 34
5 1 0
5 2 39
5 3 0
5 4 26
5 5 7
5 6 0
5 7 27
6 1 0
6 2 42
6 3 0
6 4 32
6 5 7
6 6 0
6 7 29
7 1 0
7 2 84
7 3 0
7 4 66
7 5 15
7 6 0
7 7 58
8 1 0
8 2 31
8 3 0
8 4 24
8 5 6
8 6 0
8 7 20
9 1 0
9 2 19
9 3 0
9 4 14
9 5 4
9 6 0
9 7 14
10 1 0
10 2 34
10 3 0
10 4 25
10 5 6
10 6 0
10 7 27
11 1 0
11 2 25
11 3 0
11 4 16
11 5 4
11 6 0
11 7 17
12 1 0
12 2 49
12 3 0
12 4 40
12 5 9
12 6 0
12 7 33
13 1 0
13 2 45
13 3 0
13 4 36
13 5 9
13 6 0
13 7 34
14 1 0
14 2 7
14 3 0
14 4 6
14 5 2
14 6 0
14 7 6
15 1 0
15 2 36
15 3 0
15 4 25
15 5 6
15 6 0
15 7 27
16 1 0
16 2 19
16 3 0
16 4 16
16 5 4
16 6 0
16 7 15
17 1 0
17 2 20
17 3 0
17 4 13
17 5 3
17 6 0
17 7 14
18 1 0
18 2 17
18 3 0
18 4 15
18 5 4
18 6 0
18 7 13
19 1 0
19 2 19
19 3 0
19 4 13
19 5 3
19 6 0
19 7 13
20 1 0
20 2 31
20 3 0
20 4 21
20 5 5
20 6 0
20 7 18

# Precedence Relations
1 4
2 6
3 5
3 6
4 7
5 7
5 8
6 7
7 9
7 11
7 12
8 10
8 11
8 20
9 13
10 16
12 14
12 15
12 19
13 17
14 20
15 18
16 19

# Parameters
R_e = 0.0500
T = 1000.0
C_s = 4.0
C_w = 36.0
C_c = 5.0
