# Tasks
1 2 3 4 5 6 7 8 9 10 11 12 13 14 15 16 17 18 19 20 21 22 23 24 25 26 27 28 29 30 31 32 33 34 35 36 37 38 39 40 41 42 43 44 45 46 47 48 49 50

# Workstations
1 2 3 4 5 6 7 8 9 10 11 12 13 14 15 16 17 18 19 20 21 22 23 24 25 26 27 28 29 30 31 32 33 34 35 36 37 38 39 40 41 42 43 44 45 46 47 48 49 50

# Modes
1 2 3 4 5 6 7

# Processing Times
1 1 44
1 2 67
1 3 46
1 4 69
1 5 18
1 6 60
1 7 92
2 1 83
2 2 108
2 3 85
2 4 111
2 5 36
2 6 106
2 7 138
3 1 495
3 2 756
3 3 516
3 4 789
3 5 202
3 6 716
3 7 1094
4 1 256
4 2 358
4 3 244
4 4 341
4 5 97
4 6 335
4 7 468
5 1 109
5 2 160
5 3 106
5 4 156
5 5 48
5 6 145
5 7 212
6 1 224
6 2 280
6 3 217
6 4 271
6 5 85
6 6 314
6 7 392
7 1 297
7 2 368
7 3 310
7 4 384
7 5 116
7 6 403
7 7 499
8 1 30
8 2 40
8 3 30
8 4 40
8 5 13
8 6 39
8 7 52
9 1 105
9 2 164
9 3 104
9 4 161
9 5 38
9 6 140
9 7 219
10 1 432
10 2 575
10 3 436
10 4 581
10 5 153
10 6 600
10 7 799
11 1 264
11 2 384
11 3 266
11 4 387
11 5 97
11 6 343
11 7 499
12 1 104
12 2 150
12 3 103
12 4 149
12 5 32
12 6 143
12 7 206
13 1 240
13 2 355
13 3 250
13 4 370
13 5 93
13 6 319
13 7 472
14 1 128
14 2 203
14 3 123
14 4 194
14 5 54
14 6 171
14 7 271
15 1 92
15 2 139
15 3 96
15 4 145
15 5 41
15 6 123
15 7 185
16 1 69
16 2 105
16 3 69
16 4 104
16 5 25
16 6 93
16 7 141
17 1 110
17 2 173
17 3 110
17 4 173
17 5 44
17 6 157
17 7 247
18 1 335
18 2 459
18 3 340
18 4 466
18 5 139
18 6 425
18 7 582
19 1 109
19 2 166
19 3 112
19 4 170
19 5 46
19 6 152
19 7 231
20 1 26
20 2 37
20 3 27
20 4 38
20 5 11
20 6 36
20 7 51
21 1 158
21 2 247
21 3 161
21 4 252
21 5 59
21 6 229
21 7 358
22 1 66
22 2 95
22 3 66
22 4 94
22 5 28
22 6 84
22 7 120
23 1 480
23 2 648
23 3 462
23 4 623
23 5 158
23 6 684
23 7 924
24 1 53
24 2 83
24 3 51
24 4 79
24 5 22
24 6 76
24 7 118
25 1 578
25 2 766
25 3 568
25 4 753
25 5 240
25 6 806
25 7 1068
26 1 292
26 2 360
26 3 280
26 4 345
26 5 108
26 6 381
26 7 470
27 1 188
27 2 237
27 3 188
27 4 237
27 5 78
27 6 270
27 7 340
28 1 94
28 2 146
28 3 96
28 4 149
28 5 35
28 6 118
28 7 183
29 1 150
29 2 233
29 3 145
29 4 225
29 5 56
29 6 212
29 7 328
30 1 179
30 2 252
30 3 181
30 4 254
30 5 74
30 6 249
30 7 350
31 1 442
31 2 657
31 3 461
31 4 685
31 5 136
31 6 581
31 7 863
32 1 193
32 2 249
32 3 192
32 4 248
32 5 80
32 6 267
32 7 345
33 1 49
33 2 64
33 3 48
33 4 62
33 5 18
33 6 65
33 7 85
34 1 143
34 2 213
34 3 141
34 4 210
34 5 56
34 6 192
34 7 285
35 1 89
35 2 110
35 3 89
35 4 110
35 5 28
35 6 125
35 7 154
36 1 259
36 2 339
36 3 272
36 4 356
36 5 105
36 6 359
36 7 470
37 1 185
37 2 259
37 3 189
37 4 265
37 5 77
37 6 268
37 7 374
38 1 280
38 2 413
38 3 289
38 4 426
38 5 108
38 6 370
38 7 546
39 1 424
39 2 548
39 3 407
39 4 525
39 5 153
39 6 534
39 7 690
40 1 33
40 2 46
40 3 33
40 4 46
40 5 13
40 6 45
40 7 63
41 1 172
41 2 248
41 3 167
41 4 240
41 5 63
41 6 217
41 7 313
42 1 171
42 2 258
42 3 179
42 4 269
42 5 71
42 6 236
42 7 355
43 1 169
43 2 233
43 3 165
43 4 227
43 5 55
43 6 230
43 7 317
44 1 327
44 2 444
44 3 321
44 4 436
44 5 99
44 6 431
44 7 585
45 1 482
45 2 668
45 3 479
45 4 663
45 5 193
45 6 673
45 7 933
46 1 287
46 2 354
46 3 288
46 4 356
46 5 108
46 6 404
46 7 498
47 1 83
47 2 111
47 3 83
47 4 111
47 5 26
47 6 109
47 7 145
48 1 425
48 2 600
48 3 446
48 4 630
48 5 139
48 6 580
48 7 819
49 1 152
49 2 192
49 3 151
49 4 190
49 5 47
49 6 210
49 7 266
50 1 374
50 2 529
50 3 360
50 4 510
50 5 165
50 6 523
50 7 740

# Energy Consumption
1 1 0
1 2 16
1 3 0
1 4 14
1 5 3
1 6 0
1 7 13
2 1 0
2 2 25
2 3 0
2 4 23
2 5 6
2 6 0
2 7 18
3 1 0
3 2 219
3 3 0
3 4 147
3 5 32
3 6 0
3 7 132
4 1 0
4 2 84
4 3 0
4 4 73
4 5 14
4 6 0
4 7 65
5 1 0
5 2 44
5 3 0
5 4 30
5 5 8
5 6 0
5 7 29
6 1 0
6 2 77
6 3 0
6 4 58
6 5 13
6 6 0
6 7 52
7 1 0
7 2 100
7 3 0
7 4 84
7 5 19
7 6 0
7 7 67
8 1 0
8 2 11
8 3 0
8 4 9
8 5 2
8 6 0
8 7 7
9 1 0
9 2 40
9 3 0
9 4 30
9 5 6
9 6 0
9 7 28
10 1 0
10 2 144
10 3 0
10 4 112
10 5 23
10 6 0
10 7 113
11 1 0
11 2 110
11 3 0
11 4 71
11 5 14
11 6 0
11 7 70
12 1 0
12 2 38
12 3 0
12 4 32
12 5 5
12 6 0
12 7 25
13 1 0
13 2 90
13 3 0
13 4 78
13 5 15
13 6 0
13 7 65
14 1 0
14 2 49
14 3 0
14 4 37
14 5 9
14 6 0
14 7 41
15 1 0
15 2 38
15 3 0
15 4 29
15 5 6
15 6 0
15 7 27
16 1 0
16 2 24
16 3 0
16 4 20
16 5 4
16 6 0
16 7 18
17 1 0
17 2 52
17 3 0
17 4 33
17 5 7
17 6 0
17 7 36
18 1 0
18 2 110
18 3 0
18 4 103
18 5 22
18 6 0
18 7 73
19 1 0
19 2 47
19 3 0
19 4 33
19 5 7
19 6 0
19 7 34
20 1 0
20 2 12
20 3 0
20 4 8
20 5 2
20 6 0
20 7 7
21 1 0
21 2 62
21 3 0
21 4 50
21 5 10
21 6 0
21 7 48
22 1 0
22 2 22
22 3 0
22 4 18
22 5 4
22 6 0
22 7 18
23 1 0
23 2 156
23 3 0
23 4 117
23 5 23
23 6 0
23 7 118
24 1 0
24 2 21
24 3 0
24 4 15
24 5 4
24 6 0
24 7 15
25 1 0
25 2 191
25 3 0
25 4 139
25 5 39
25 6 0
25 7 145
26 1 0
26 2 82
26 3 0
26 4 75
26 5 17
26 6 0
26 7 58
27 1 0
27 2 67
27 3 0
27 4 44
27 5 12
27 6 0
27 7 48
28 1 0
28 2 40
28 3 0
28 4 27
28 5 6
28 6 0
28 7 22
29 1 0
29 2 66
29 3 0
29 4 43
29 5 9
29 6 0
29 7 46
30 1 0
30 2 74
30 3 0
30 4 53
30 5 11
30 6 0
30 7 49
31 1 0
31 2 168
31 3 0
31 4 131
31 5 22
31 6 0
31 7 106
32 1 0
32 2 68
32 3 0
32 4 48
32 5 13
32 6 0
32 7 45
33 1 0
33 2 16
33 3 0
33 4 12
33 5 3
33 6 0
33 7 13
34 1 0
34 2 55
34 3 0
34 4 43
34 5 9
34 6 0
34 7 38
35 1 0
35 2 29
35 3 0
35 4 20
35 5 5
35 6 0
35 7 20
36 1 0
36 2 77
36 3 0
36 4 65
36 5 16
36 6 0
36 7 61
37 1 0
37 2 72
37 3 0
37 4 57
37 5 12
37 6 0
37 7 55
38 1 0
38 2 108
38 3 0
38 4 93
38 5 16
38 6 0
38 7 69
39 1 0
39 2 129
39 3 0
39 4 102
39 5 23
39 6 0
39 7 84
40 1 0
40 2 12
40 3 0
40 4 10
40 5 2
40 6 0
40 7 10
41 1 0
41 2 73
41 3 0
41 4 53
41 5 10
41 6 0
41 7 44
42 1 0
42 2 72
42 3 0
42 4 53
42 5 12
42 6 0
42 7 44
43 1 0
43 2 70
43 3 0
43 4 48
43 5 8
43 6 0
43 7 46
44 1 0
44 2 125
44 3 0
44 4 86
44 5 14
44 6 0
44 7 81
45 1 0
45 2 172
45 3 0
45 4 139
45 5 29
45 6 0
45 7 123
46 1 0
46 2 89
46 3 0
46 4 66
46 5 18
46 6 0
46 7 70
47 1 0
47 2 31
47 3 0
47 4 21
47 5 4
47 6 0
47 7 18
48 1 0
48 2 162
48 3 0
48 4 135
48 5 22
48 6 0
48 7 118
49 1 0
49 2 48
49 3 0
49 4 36
49 5 7
49 6 0
49 7 38
50 1 0
50 2 149
50 3 0
50 4 103
50 5 26
50 6 0
50 7 108

# Precedence Relations
1 16
2 12
3 7
3 8
3 10
4 11
5 6
5 9
6 20
7 20
9 13
9 18
9 19
11 14
11 16
11 17
12 15
13 20
14 20
15 21
15 22
15 24
18 23
18 25
20 26
20 27
20 28
20 29
20 30
20 49
21 32
22 33
23 31
24 34
26 36
27 39
31 35
32 37
33 38
35 42
36 41
37 40
38 43
38 44
40 45
41 46
42 49
42 50
43 47
44 48

# Parameters
R_e = 0.0500
T = 1000.0
C_s = 4.0
C_w = 36.0
C_c = 5.0
