# Tasks
1 2 3 4 5 6 7 8 9 10 11 12 13 14 15 16 17 18 19 20

# Workstations
1 2 3 4 5 6 7 8 9 10 11 12 13 14 15 16 17 18 19 20

# Modes
1 2 3 4 5 6 7

# Processing Times
1 1 471
1 2 495
1 3 408
1 4 429
1 5 175
1 6 475
1 7 499
2 1 570
2 2 618
2 3 528
2 4 572
2 5 223
2 6 621
2 7 673
3 1 335
3 2 348
3 3 292
3 4 303
3 5 109
3 6 342
3 7 356
4 1 590
4 2 587
4 3 526
4 4 523
4 5 178
4 6 618
4 7 615
5 1 564
5 2 612
5 3 528
5 4 573
5 5 227
5 6 602
5 7 653
6 1 599
6 2 532
6 3 544
6 4 483
6 5 241
6 6 619
6 7 550
7 1 494
7 2 440
7 3 464
7 4 414
7 5 151
7 6 529
7 7 471
8 1 547
8 2 545
8 3 505
8 4 504
8 5 219
8 6 579
8 7 577
9 1 714
9 2 718
9 3 666
9 4 670
9 5 273
9 6 741
9 7 746
10 1 524
10 2 451
10 3 487
10 4 420
10 5 186
10 6 535
10 7 461
11 1 646
11 2 595
11 3 599
11 4 552
11 5 233
11 6 669
11 7 616
12 1 564
12 2 604
12 3 532
12 4 569
12 5 220
12 6 592
12 7 633
13 1 314
13 2 308
13 3 280
13 4 275
13 5 127
13 6 315
13 7 309
14 1 372
14 2 359
14 3 333
14 4 321
14 5 162
14 6 391
14 7 377
15 1 653
15 2 628
15 3 571
15 4 550
15 5 259
15 6 669
15 7 643
16 1 732
16 2 656
16 3 634
16 4 569
16 5 298
16 6 744
16 7 666
17 1 471
17 2 432
17 3 409
17 4 375
17 5 176
17 6 493
17 7 452
18 1 281
18 2 302
18 3 241
18 4 259
18 5 95
18 6 304
18 7 327
19 1 381
19 2 407
19 3 330
19 4 352
19 5 131
19 6 400
19 7 427
20 1 638
20 2 645
20 3 546
20 4 552
20 5 278
20 6 657
20 7 664

# Energy Consumption
1 1 0
1 2 124
1 3 0
1 4 84
1 5 27
1 6 0
1 7 72
2 1 0
2 2 146
2 3 0
2 4 117
2 5 34
2 6 0
2 7 93
3 1 0
3 2 84
3 3 0
3 4 55
3 5 16
3 6 0
3 7 53
4 1 0
4 2 172
4 3 0
4 4 96
4 5 27
4 6 0
4 7 90
5 1 0
5 2 183
5 3 0
5 4 116
5 5 34
5 6 0
5 7 91
6 1 0
6 2 154
6 3 0
6 4 91
6 5 35
6 6 0
6 7 75
7 1 0
7 2 101
7 3 0
7 4 88
7 5 23
7 6 0
7 7 68
8 1 0
8 2 160
8 3 0
8 4 105
8 5 32
8 6 0
8 7 78
9 1 0
9 2 177
9 3 0
9 4 139
9 5 43
9 6 0
9 7 109
10 1 0
10 2 114
10 3 0
10 4 89
10 5 27
10 6 0
10 7 62
11 1 0
11 2 141
11 3 0
11 4 118
11 5 37
11 6 0
11 7 88
12 1 0
12 2 149
12 3 0
12 4 120
12 5 35
12 6 0
12 7 92
13 1 0
13 2 75
13 3 0
13 4 54
13 5 21
13 6 0
13 7 40
14 1 0
14 2 87
14 3 0
14 4 60
14 5 25
14 6 0
14 7 46
15 1 0
15 2 187
15 3 0
15 4 121
15 5 42
15 6 0
15 7 81
16 1 0
16 2 149
16 3 0
16 4 108
16 5 42
16 6 0
16 7 88
17 1 0
17 2 121
17 3 0
17 4 78
17 5 25
17 6 0
17 7 68
18 1 0
18 2 69
18 3 0
18 4 55
18 5 14
18 6 0
18 7 45
19 1 0
19 2 91
19 3 0
19 4 76
19 5 21
19 6 0
19 7 62
20 1 0
20 2 170
20 3 0
20 4 107
20 5 41
20 6 0
20 7 97

# Precedence Relations
1 5
1 6
2 5
3 4
4 14
5 7
5 8
5 9
7 10
7 11
8 12
8 13
10 14
11 14
12 14
13 15
14 16
14 17
14 18
14 19
14 20

# Parameters
R_e = 0.0500
T = 1000.0
C_s = 4.0
C_w = 36.0
C_c = 5.0
