# Tasks
1 2 3 4 5 6 7 8 9 10 11 12 13 14 15 16 17 18 19 20 21 22 23 24 25 26 27 28 29 30 31 32 33 34 35 36 37 38 39 40 41 42 43 44 45 46 47 48 49 50 51 52 53 54 55 56 57 58 59 60 61 62 63 64 65 66 67 68 69 70 71 72 73 74 75 76 77 78 79 80 81 82 83 84 85 86 87 88 89 90 91 92 93 94

# Workstations
1 2 3 4 5 6 7 8 9 10 11 12 13 14 15 16 17 18 19 20 21 22 23 24 25 26 27 28 29 30 31 32 33 34 35 36 37 38 39 40 41 42 43 44 45 46 47 48 49 50 51 52 53 54 55 56 57 58 59 60 61 62 63 64 65 66 67 68 69 70 71 72 73 74 75 76 77 78 79 80 81 82 83 84 85 86 87 88 89 90 91 92 93 94

# Modes
1 2 3 4 5 6 7

# Processing Times
1 1 158
1 2 320
1 3 171
1 4 346
1 5 51
1 6 198
1 7 400
2 1 42
2 2 88
2 3 45
2 4 93
2 5 19
2 6 48
2 7 99
3 1 17
3 2 32
3 3 19
3 4 36
3 5 8
3 6 20
3 7 37
4 1 24
4 2 54
4 3 26
4 4 59
4 5 8
4 6 28
4 7 63
5 1 71
5 2 150
5 3 78
5 4 163
5 5 32
5 6 79
5 7 167
6 1 66
6 2 162
6 3 72
6 4 175
6 5 23
6 6 74
6 7 182
7 1 50
7 2 125
7 3 53
7 4 132
7 5 19
7 6 63
7 7 156
8 1 55
8 2 128
8 3 60
8 4 140
8 5 23
8 6 63
8 7 146
9 1 30
9 2 73
9 3 33
9 4 79
9 5 12
9 6 36
9 7 88
10 1 28
10 2 65
10 3 31
10 4 72
10 5 9
10 6 34
10 7 79
11 1 113
11 2 211
11 3 123
11 4 229
11 5 37
11 6 126
11 7 235
12 1 114
12 2 262
12 3 124
12 4 285
12 5 41
12 6 126
12 7 289
13 1 57
13 2 110
13 3 63
13 4 120
13 5 20
13 6 64
13 7 124
14 1 65
14 2 128
14 3 69
14 4 136
14 5 29
14 6 79
14 7 155
15 1 15
15 2 33
15 3 16
15 4 35
15 5 5
15 6 19
15 7 40
16 1 11
16 2 23
16 3 13
16 4 26
16 5 5
16 6 14
16 7 28
17 1 10
17 2 20
17 3 11
17 4 22
17 5 4
17 6 12
17 7 24
18 1 19
18 2 42
18 3 21
18 4 45
18 5 9
18 6 21
18 7 47
19 1 8
19 2 19
19 3 9
19 4 21
19 5 3
19 6 9
19 7 21
20 1 17
20 2 36
20 3 19
20 4 40
20 5 7
20 6 21
20 7 43
21 1 57
21 2 108
21 3 63
21 4 119
21 5 22
21 6 66
21 7 125
22 1 40
22 2 97
22 3 44
22 4 106
22 5 15
22 6 49
22 7 118
23 1 17
23 2 42
23 3 19
23 4 46
23 5 7
23 6 20
23 7 48
24 1 11
24 2 25
24 3 13
24 4 28
24 5 5
24 6 14
24 7 31
25 1 17
25 2 41
25 3 19
25 4 45
25 5 6
25 6 20
25 7 49
26 1 27
26 2 50
26 3 30
26 4 55
26 5 12
26 6 31
26 7 57
27 1 17
27 2 35
27 3 19
27 4 38
27 5 6
27 6 19
27 7 39
28 1 18
28 2 45
28 3 20
28 4 49
28 5 7
28 6 22
28 7 55
29 1 16
29 2 35
29 3 17
29 4 37
29 5 6
29 6 19
29 7 41
30 1 18
30 2 41
30 3 20
30 4 45
30 5 7
30 6 22
30 7 49
31 1 50
31 2 106
31 3 55
31 4 116
31 5 22
31 6 57
31 7 119
32 1 18
32 2 38
32 3 20
32 4 41
32 5 8
32 6 21
32 7 44
33 1 13
33 2 28
33 3 14
33 4 30
33 5 5
33 6 15
33 7 32
34 1 21
34 2 39
34 3 23
34 4 42
34 5 8
34 6 25
34 7 46
35 1 63
35 2 147
35 3 67
35 4 155
35 5 25
35 6 71
35 7 165
36 1 8
36 2 18
36 3 9
36 4 20
36 5 3
36 6 10
36 7 22
37 1 63
37 2 130
37 3 69
37 4 143
37 5 21
37 6 75
37 7 154
38 1 9
38 2 22
38 3 10
38 4 24
38 5 4
38 6 12
38 7 28
39 1 20
39 2 41
39 3 22
39 4 44
39 5 8
39 6 23
39 7 46
40 1 72
40 2 144
40 3 78
40 4 156
40 5 33
40 6 82
40 7 163
41 1 30
41 2 62
41 3 33
41 4 67
41 5 11
41 6 38
41 7 78
42 1 69
42 2 138
42 3 74
42 4 147
42 5 28
42 6 80
42 7 160
43 1 27
43 2 66
43 3 29
43 4 71
43 5 13
43 6 31
43 7 74
44 1 9
44 2 18
44 3 10
44 4 20
44 5 5
44 6 11
44 7 22
45 1 41
45 2 100
45 3 45
45 4 108
45 5 18
45 6 48
45 7 117
46 1 38
46 2 83
46 3 41
46 4 89
46 5 14
46 6 43
46 7 94
47 1 76
47 2 156
47 3 82
47 4 168
47 5 24
47 6 85
47 7 175
48 1 31
48 2 65
48 3 34
48 4 70
48 5 12
48 6 38
48 7 78
49 1 11
49 2 25
49 3 12
49 4 27
49 5 4
49 6 13
49 7 28
50 1 29
50 2 53
50 3 32
50 4 57
50 5 13
50 6 33
50 7 60
51 1 48
51 2 107
51 3 51
51 4 113
51 5 20
51 6 57
51 7 127
52 1 8
52 2 19
52 3 9
52 4 21
52 5 4
52 6 10
52 7 23
53 1 171
53 2 395
53 3 187
53 4 431
53 5 77
53 6 201
53 7 464
54 1 48
54 2 105
54 3 53
54 4 114
54 5 21
54 6 58
54 7 127
55 1 43
55 2 91
55 3 46
55 4 97
55 5 15
55 6 52
55 7 109
56 1 18
56 2 44
56 3 20
56 4 48
56 5 6
56 6 23
56 7 54
57 1 94
57 2 224
57 3 101
57 4 239
57 5 39
57 6 106
57 7 253
58 1 9
58 2 19
58 3 10
58 4 21
58 5 3
58 6 11
58 7 22
59 1 19
59 2 37
59 3 21
59 4 41
59 5 8
59 6 24
59 7 47
60 1 24
60 2 51
60 3 27
60 4 56
60 5 9
60 6 29
60 7 62
61 1 8
61 2 16
61 3 9
61 4 17
61 5 3
61 6 10
61 7 20
62 1 34
62 2 77
62 3 37
62 4 83
62 5 14
62 6 39
62 7 87
63 1 62
63 2 123
63 3 67
63 4 133
63 5 22
63 6 71
63 7 140
64 1 12
64 2 25
64 3 13
64 4 27
64 5 5
64 6 15
64 7 31
65 1 8
65 2 19
65 3 9
65 4 21
65 5 3
65 6 10
65 7 22
66 1 47
66 2 94
66 3 51
66 4 102
66 5 21
66 6 58
66 7 116
67 1 27
67 2 61
67 3 29
67 4 65
67 5 11
67 6 32
67 7 71
68 1 18
68 2 34
68 3 20
68 4 37
68 5 7
68 6 22
68 7 40
69 1 52
69 2 109
69 3 56
69 4 117
69 5 18
69 6 64
69 7 134
70 1 65
70 2 162
70 3 70
70 4 174
70 5 27
70 6 79
70 7 196
71 1 72
71 2 179
71 3 77
71 4 191
71 5 31
71 6 84
71 7 209
72 1 51
72 2 121
72 3 56
72 4 131
72 5 18
72 6 58
72 7 137
73 1 58
73 2 126
73 3 64
73 4 139
73 5 21
73 6 69
73 7 149
74 1 53
74 2 122
74 3 58
74 4 132
74 5 24
74 6 63
74 7 144
75 1 76
75 2 177
75 3 83
75 4 192
75 5 28
75 6 86
75 7 200
76 1 93
76 2 222
76 3 101
76 4 239
76 5 41
76 6 107
76 7 256
77 1 86
77 2 200
77 3 91
77 4 211
77 5 29
77 6 97
77 7 225
78 1 76
78 2 176
78 3 81
78 4 188
78 5 33
78 6 85
78 7 196
79 1 9
79 2 22
79 3 10
79 4 24
79 5 4
79 6 11
79 7 25
80 1 14
80 2 29
80 3 16
80 4 32
80 5 7
80 6 16
80 7 33
81 1 55
81 2 131
81 3 59
81 4 139
81 5 19
81 6 66
81 7 157
82 1 32
82 2 75
82 3 34
82 4 80
82 5 11
82 6 36
82 7 84
83 1 22
83 2 54
83 3 24
83 4 58
83 5 9
83 6 28
83 7 68
84 1 35
84 2 78
84 3 37
84 4 82
84 5 12
84 6 43
84 7 96
85 1 63
85 2 155
85 3 69
85 4 169
85 5 23
85 6 71
85 7 174
86 1 59
86 2 135
86 3 65
86 4 148
86 5 21
86 6 67
86 7 153
87 1 149
87 2 353
87 3 161
87 4 380
87 5 56
87 6 165
87 7 390
88 1 40
88 2 76
88 3 44
88 4 83
88 5 13
88 6 48
88 7 91
89 1 24
89 2 49
89 3 27
89 4 54
89 5 10
89 6 30
89 7 60
90 1 123
90 2 281
90 3 134
90 4 305
90 5 40
90 6 152
90 7 347
91 1 25
91 2 62
91 3 27
91 4 66
91 5 12
91 6 28
91 7 69
92 1 115
92 2 226
92 3 123
92 4 241
92 5 37
92 6 135
92 7 264
93 1 103
93 2 208
93 3 110
93 4 222
93 5 38
93 6 118
93 7 239
94 1 54
94 2 118
94 3 58
94 4 125
94 5 20
94 6 61
94 7 133

# Energy Consumption
1 1 0
1 2 80
1 3 0
1 4 76
1 5 8
1 6 0
1 7 58
2 1 0
2 2 22
2 3 0
2 4 21
2 5 3
2 6 0
2 7 14
3 1 0
3 2 8
3 3 0
3 4 7
3 5 2
3 6 0
3 7 5
4 1 0
4 2 16
4 3 0
4 4 13
4 5 2
4 6 0
4 7 9
5 1 0
5 2 39
5 3 0
5 4 35
5 5 5
5 6 0
5 7 23
6 1 0
6 2 37
6 3 0
6 4 33
6 5 4
6 6 0
6 7 26
7 1 0
7 2 37
7 3 0
7 4 27
7 5 3
7 6 0
7 7 22
8 1 0
8 2 34
8 3 0
8 4 28
8 5 4
8 6 0
8 7 21
9 1 0
9 2 20
9 3 0
9 4 17
9 5 2
9 6 0
9 7 14
10 1 0
10 2 17
10 3 0
10 4 15
10 5 2
10 6 0
10 7 11
11 1 0
11 2 49
11 3 0
11 4 42
11 5 6
11 6 0
11 7 36
12 1 0
12 2 63
12 3 0
12 4 54
12 5 7
12 6 0
12 7 40
13 1 0
13 2 29
13 3 0
13 4 25
13 5 3
13 6 0
13 7 17
14 1 0
14 2 38
14 3 0
14 4 28
14 5 5
14 6 0
14 7 23
15 1 0
15 2 10
15 3 0
15 4 8
15 5 1
15 6 0
15 7 5
16 1 0
16 2 6
16 3 0
16 4 6
16 5 1
16 6 0
16 7 4
17 1 0
17 2 6
17 3 0
17 4 5
17 5 1
17 6 0
17 7 4
18 1 0
18 2 11
18 3 0
18 4 9
18 5 2
18 6 0
18 7 7
19 1 0
19 2 5
19 3 0
19 4 5
19 5 1
19 6 0
19 7 3
20 1 0
20 2 11
20 3 0
20 4 8
20 5 2
20 6 0
20 7 7
21 1 0
21 2 30
21 3 0
21 4 26
21 5 4
21 6 0
21 7 17
22 1 0
22 2 27
22 3 0
22 4 20
22 5 3
22 6 0
22 7 18
23 1 0
23 2 11
23 3 0
23 4 9
23 5 2
23 6 0
23 7 8
24 1 0
24 2 7
24 3 0
24 4 6
24 5 1
24 6 0
24 7 4
25 1 0
25 2 12
25 3 0
25 4 9
25 5 1
25 6 0
25 7 7
26 1 0
26 2 13
26 3 0
26 4 11
26 5 2
26 6 0
26 7 8
27 1 0
27 2 11
27 3 0
27 4 8
27 5 1
27 6 0
27 7 5
28 1 0
28 2 14
28 3 0
28 4 11
28 5 2
28 6 0
28 7 8
29 1 0
29 2 10
29 3 0
29 4 8
29 5 1
29 6 0
29 7 6
30 1 0
30 2 12
30 3 0
30 4 10
30 5 2
30 6 0
30 7 8
31 1 0
31 2 25
31 3 0
31 4 23
31 5 4
31 6 0
31 7 17
32 1 0
32 2 9
32 3 0
32 4 9
32 5 2
32 6 0
32 7 6
33 1 0
33 2 7
33 3 0
33 4 7
33 5 1
33 6 0
33 7 5
34 1 0
34 2 10
34 3 0
34 4 9
34 5 2
34 6 0
34 7 7
35 1 0
35 2 39
35 3 0
35 4 34
35 5 4
35 6 0
35 7 20
36 1 0
36 2 5
36 3 0
36 4 4
36 5 1
36 6 0
36 7 3
37 1 0
37 2 31
37 3 0
37 4 30
37 5 4
37 6 0
37 7 21
38 1 0
38 2 7
38 3 0
38 4 5
38 5 1
38 6 0
38 7 4
39 1 0
39 2 11
39 3 0
39 4 9
39 5 2
39 6 0
39 7 7
40 1 0
40 2 41
40 3 0
40 4 34
40 5 5
40 6 0
40 7 21
41 1 0
41 2 15
41 3 0
41 4 13
41 5 2
41 6 0
41 7 11
42 1 0
42 2 41
42 3 0
42 4 30
42 5 5
42 6 0
42 7 24
43 1 0
43 2 16
43 3 0
43 4 16
43 5 2
43 6 0
43 7 10
44 1 0
44 2 5
44 3 0
44 4 5
44 5 1
44 6 0
44 7 4
45 1 0
45 2 29
45 3 0
45 4 21
45 5 3
45 6 0
45 7 15
46 1 0
46 2 24
46 3 0
46 4 20
46 5 3
46 6 0
46 7 12
47 1 0
47 2 38
47 3 0
47 4 33
47 5 4
47 6 0
47 7 25
48 1 0
48 2 18
48 3 0
48 4 15
48 5 2
48 6 0
48 7 11
49 1 0
49 2 8
49 3 0
49 4 6
49 5 1
49 6 0
49 7 4
50 1 0
50 2 13
50 3 0
50 4 13
50 5 3
50 6 0
50 7 8
51 1 0
51 2 26
51 3 0
51 4 21
51 5 4
51 6 0
51 7 19
52 1 0
52 2 6
52 3 0
52 4 4
52 5 1
52 6 0
52 7 3
53 1 0
53 2 98
53 3 0
53 4 86
53 5 12
53 6 0
53 7 60
54 1 0
54 2 31
54 3 0
54 4 25
54 5 4
54 6 0
54 7 19
55 1 0
55 2 25
55 3 0
55 4 21
55 5 3
55 6 0
55 7 16
56 1 0
56 2 13
56 3 0
56 4 10
56 5 1
56 6 0
56 7 7
57 1 0
57 2 54
57 3 0
57 4 47
57 5 6
57 6 0
57 7 36
58 1 0
58 2 5
58 3 0
58 4 5
58 5 1
58 6 0
58 7 4
59 1 0
59 2 10
59 3 0
59 4 9
59 5 2
59 6 0
59 7 7
60 1 0
60 2 15
60 3 0
60 4 11
60 5 2
60 6 0
60 7 9
61 1 0
61 2 5
61 3 0
61 4 4
61 5 1
61 6 0
61 7 3
62 1 0
62 2 20
62 3 0
62 4 15
62 5 3
62 6 0
62 7 12
63 1 0
63 2 29
63 3 0
63 4 25
63 5 4
63 6 0
63 7 19
64 1 0
64 2 8
64 3 0
64 4 6
64 5 1
64 6 0
64 7 4
65 1 0
65 2 6
65 3 0
65 4 5
65 5 1
65 6 0
65 7 4
66 1 0
66 2 24
66 3 0
66 4 22
66 5 4
66 6 0
66 7 17
67 1 0
67 2 17
67 3 0
67 4 14
67 5 2
67 6 0
67 7 10
68 1 0
68 2 10
68 3 0
68 4 9
68 5 1
68 6 0
68 7 5
69 1 0
69 2 33
69 3 0
69 4 26
69 5 3
69 6 0
69 7 20
70 1 0
70 2 47
70 3 0
70 4 36
70 5 5
70 6 0
70 7 27
71 1 0
71 2 54
71 3 0
71 4 41
71 5 5
71 6 0
71 7 28
72 1 0
72 2 30
72 3 0
72 4 28
72 5 3
72 6 0
72 7 17
73 1 0
73 2 30
73 3 0
73 4 30
73 5 4
73 6 0
73 7 22
74 1 0
74 2 36
74 3 0
74 4 29
74 5 4
74 6 0
74 7 19
75 1 0
75 2 50
75 3 0
75 4 36
75 5 5
75 6 0
75 7 26
76 1 0
76 2 62
76 3 0
76 4 50
76 5 7
76 6 0
76 7 36
77 1 0
77 2 48
77 3 0
77 4 44
77 5 5
77 6 0
77 7 34
78 1 0
78 2 48
78 3 0
78 4 35
78 5 6
78 6 0
78 7 29
79 1 0
79 2 7
79 3 0
79 4 5
79 5 1
79 6 0
79 7 4
80 1 0
80 2 8
80 3 0
80 4 6
80 5 2
80 6 0
80 7 5
81 1 0
81 2 36
81 3 0
81 4 30
81 5 3
81 6 0
81 7 21
82 1 0
82 2 22
82 3 0
82 4 16
82 5 2
82 6 0
82 7 12
83 1 0
83 2 15
83 3 0
83 4 11
83 5 2
83 6 0
83 7 9
84 1 0
84 2 18
84 3 0
84 4 17
84 5 2
84 6 0
84 7 13
85 1 0
85 2 44
85 3 0
85 4 35
85 5 4
85 6 0
85 7 22
86 1 0
86 2 40
86 3 0
86 4 28
86 5 4
86 6 0
86 7 23
87 1 0
87 2 91
87 3 0
87 4 80
87 5 9
87 6 0
87 7 58
88 1 0
88 2 22
88 3 0
88 4 17
88 5 2
88 6 0
88 7 13
89 1 0
89 2 15
89 3 0
89 4 11
89 5 2
89 6 0
89 7 8
90 1 0
90 2 63
90 3 0
90 4 59
90 5 7
90 6 0
90 7 44
91 1 0
91 2 18
91 3 0
91 4 14
91 5 2
91 6 0
91 7 9
92 1 0
92 2 56
92 3 0
92 4 46
92 5 6
92 6 0
92 7 38
93 1 0
93 2 61
93 3 0
93 4 45
93 5 7
93 6 0
93 7 35
94 1 0
94 2 28
94 3 0
94 4 28
94 5 4
94 6 0
94 7 20

# Precedence Relations
1 2
1 3
1 4
1 5
1 6
1 7
1 8
1 9
1 10
2 11
2 17
3 12
4 11
4 16
5 11
5 13
5 18
5 16
6 11
6 15
6 13
6 19
7 42
8 29
9 11
10 19
10 37
10 48
10 50
11 14
12 20
12 61
12 52
13 82
14 25
14 23
14 30
14 31
14 24
14 32
14 22
14 21
14 26
14 28
14 27
14 29
15 81
16 75
17 82
18 75
19 75
20 78
21 71
21 60
21 53
21 39
21 40
21 41
22 38
22 72
22 49
22 58
23 34
23 35
24 37
24 44
25 57
25 63
25 33
25 73
25 60
25 65
25 56
26 41
26 43
27 62
27 58
27 54
27 55
27 56
28 33
28 35
28 40
28 43
28 49
28 51
28 52
28 54
29 75
30 59
30 42
30 36
31 74
32 36
32 47
32 44
32 60
32 45
32 69
32 46
32 48
32 50
33 78
34 78
35 78
36 82
37 61
37 73
37 64
37 66
37 67
37 68
37 69
37 70
37 71
37 72
37 62
38 82
39 82
40 78
41 78
42 74
43 78
44 75
45 75
46 75
46 76
47 75
48 75
49 78
50 75
51 78
52 78
53 76
53 77
54 78
55 77
56 77
57 76
57 77
58 77
59 82
60 77
61 77
62 77
63 77
64 74
65 74
66 75
66 76
67 74
68 82
69 77
69 75
70 77
70 76
71 76
72 76
73 77
74 82
75 82
76 82
77 78
78 79
78 80
79 81
80 81
81 82
82 83
83 84
83 85
84 86
85 86
86 87
87 88
88 89
88 90
89 92
90 91
90 93
92 94

# Parameters
R_e = 0.0500
T = 234.0
C_s = 4.0
C_w = 36.0
C_c = 5.0
