# Tasks
1 2 3 4 5 6 7 8 9 10 11 12 13 14 15 16 17 18 19 20

# Workstations
1 2 3 4 5 6 7 8 9 10 11 12 13 14 15 16 17 18 19 20

# Modes
1 2 3 4 5 6 7

# Processing Times
1 1 142
1 2 140
1 3 147
1 4 145
1 5 85
1 6 158
1 7 156
2 1 34
2 2 34
2 3 35
2 4 35
2 5 21
2 6 38
2 7 38
3 1 140
3 2 138
3 3 145
3 4 143
3 5 84
3 6 156
3 7 153
4 1 214
4 2 211
4 3 221
4 4 218
4 5 128
4 6 238
4 7 234
5 1 121
5 2 119
5 3 125
5 4 123
5 5 72
5 6 135
5 7 132
6 1 279
6 2 275
6 3 288
6 4 284
6 5 166
6 6 310
6 7 305
7 1 50
7 2 50
7 3 52
7 4 52
7 5 30
7 6 56
7 7 56
8 1 282
8 2 278
8 3 291
8 4 287
8 5 168
8 6 313
8 7 309
9 1 129
9 2 127
9 3 133
9 4 131
9 5 77
9 6 143
9 7 141
10 1 175
10 2 173
10 3 181
10 4 179
10 5 104
10 6 194
10 7 192
11 1 97
11 2 96
11 3 100
11 4 99
11 5 58
11 6 108
11 7 107
12 1 132
12 2 130
12 3 136
12 4 134
12 5 79
12 6 147
12 7 145
13 1 107
13 2 106
13 3 111
13 4 110
13 5 64
13 6 119
13 7 118
14 1 132
14 2 130
14 3 136
14 4 134
14 5 79
14 6 147
14 7 145
15 1 69
15 2 68
15 3 72
15 4 70
15 5 41
15 6 77
15 7 76
16 1 169
16 2 167
16 3 174
16 4 172
16 5 101
16 6 188
16 7 186
17 1 73
17 2 72
17 3 76
17 4 75
17 5 44
17 6 81
17 7 80
18 1 231
18 2 228
18 3 238
18 4 235
18 5 138
18 6 257
18 7 253
19 1 120
19 2 119
19 3 124
19 4 123
19 5 72
19 6 133
19 7 132
20 1 186
20 2 183
20 3 192
20 4 189
20 5 111
20 6 207
20 7 203

# Energy Consumption
1 1 0
1 2 37
1 3 0
1 4 28
1 5 14
1 6 0
1 7 19
2 1 0
2 2 9
2 3 0
2 4 8
2 5 4
2 6 0
2 7 5
3 1 0
3 2 36
3 3 0
3 4 30
3 5 13
3 6 0
3 7 23
4 1 0
4 2 63
4 3 0
4 4 42
4 5 20
4 6 0
4 7 33
5 1 0
5 2 28
5 3 0
5 4 25
5 5 11
5 6 0
5 7 17
6 1 0
6 2 67
6 3 0
6 4 57
6 5 26
6 6 0
6 7 38
7 1 0
7 2 12
7 3 0
7 4 10
7 5 5
7 6 0
7 7 8
8 1 0
8 2 83
8 3 0
8 4 60
8 5 27
8 6 0
8 7 46
9 1 0
9 2 35
9 3 0
9 4 29
9 5 13
9 6 0
9 7 19
10 1 0
10 2 49
10 3 0
10 4 37
10 5 16
10 6 0
10 7 25
11 1 0
11 2 25
11 3 0
11 4 19
11 5 9
11 6 0
11 7 15
12 1 0
12 2 35
12 3 0
12 4 28
12 5 13
12 6 0
12 7 19
13 1 0
13 2 31
13 3 0
13 4 24
13 5 10
13 6 0
13 7 16
14 1 0
14 2 39
14 3 0
14 4 27
14 5 12
14 6 0
14 7 22
15 1 0
15 2 21
15 3 0
15 4 14
15 5 7
15 6 0
15 7 11
16 1 0
16 2 43
16 3 0
16 4 37
16 5 16
16 6 0
16 7 27
17 1 0
17 2 19
17 3 0
17 4 16
17 5 7
17 6 0
17 7 11
18 1 0
18 2 62
18 3 0
18 4 46
18 5 22
18 6 0
18 7 37
19 1 0
19 2 27
19 3 0
19 4 25
19 5 11
19 6 0
19 7 19
20 1 0
20 2 50
20 3 0
20 4 39
20 5 18
20 6 0
20 7 26

# Precedence Relations
1 6
2 7
4 8
5 9
6 10
7 11
8 12
10 13
11 13
12 14
12 15
13 16
13 17
13 18
14 20
15 19

# Parameters
R_e = 0.0500
T = 1000.0
C_s = 4.0
C_w = 36.0
C_c = 5.0
