# Tasks
1 2 3 4 5 6 7 8 9 10 11 12 13 14 15 16 17 18 19 20

# Workstations
1 2 3 4 5 6 7 8 9 10 11 12 13 14 15 16 17 18 19 20

# Modes
1 2 3 4 5 6 7

# Processing Times
1 1 210
1 2 441
1 3 209
1 4 439
1 5 188
1 6 230
1 7 482
2 1 169
2 2 355
2 3 168
2 4 353
2 5 151
2 6 185
2 7 388
3 1 191
3 2 401
3 3 190
3 4 399
3 5 171
3 6 209
3 7 439
4 1 141
4 2 296
4 3 141
4 4 295
4 5 126
4 6 155
4 7 324
5 1 66
5 2 139
5 3 66
5 4 139
5 5 59
5 6 73
5 7 152
6 1 117
6 2 246
6 3 117
6 4 245
6 5 105
6 6 128
6 7 269
7 1 232
7 2 487
7 3 231
7 4 484
7 5 208
7 6 254
7 7 533
8 1 39
8 2 82
8 3 39
8 4 82
8 5 35
8 6 43
8 7 90
9 1 164
9 2 344
9 3 163
9 4 342
9 5 147
9 6 180
9 7 376
10 1 167
10 2 351
10 3 166
10 4 349
10 5 150
10 6 183
10 7 384
11 1 120
11 2 252
11 3 120
11 4 251
11 5 108
11 6 132
11 7 276
12 1 33
12 2 70
12 3 33
12 4 70
12 5 30
12 6 37
12 7 77
13 1 35
13 2 74
13 3 35
13 4 74
13 5 32
13 6 39
13 7 81
14 1 255
14 2 535
14 3 254
14 4 532
14 5 228
14 6 279
14 7 585
15 1 134
15 2 281
15 3 134
15 4 280
15 5 120
15 6 147
15 7 308
16 1 275
16 2 577
16 3 274
16 4 574
16 5 246
16 6 301
16 7 631
17 1 22
17 2 47
17 3 22
17 4 47
17 5 20
17 6 25
17 7 52
18 1 110
18 2 231
18 3 110
18 4 230
18 5 99
18 6 121
18 7 253
19 1 218
19 2 457
19 3 217
19 4 455
19 5 195
19 6 239
19 7 500
20 1 94
20 2 198
20 3 94
20 4 197
20 5 84
20 6 103
20 7 217

# Energy Consumption
1 1 0
1 2 112
1 3 0
1 4 90
1 5 28
1 6 0
1 7 72
2 1 0
2 2 90
2 3 0
2 4 76
2 5 25
2 6 0
2 7 55
3 1 0
3 2 103
3 3 0
3 4 83
3 5 27
3 6 0
3 7 56
4 1 0
4 2 80
4 3 0
4 4 60
4 5 20
4 6 0
4 7 41
5 1 0
5 2 34
5 3 0
5 4 26
5 5 10
5 6 0
5 7 19
6 1 0
6 2 67
6 3 0
6 4 47
6 5 16
6 6 0
6 7 35
7 1 0
7 2 121
7 3 0
7 4 89
7 5 32
7 6 0
7 7 80
8 1 0
8 2 24
8 3 0
8 4 17
8 5 6
8 6 0
8 7 13
9 1 0
9 2 98
9 3 0
9 4 65
9 5 22
9 6 0
9 7 51
10 1 0
10 2 102
10 3 0
10 4 75
10 5 24
10 6 0
10 7 55
11 1 0
11 2 56
11 3 0
11 4 53
11 5 18
11 6 0
11 7 34
12 1 0
12 2 17
12 3 0
12 4 16
12 5 5
12 6 0
12 7 11
13 1 0
13 2 22
13 3 0
13 4 14
13 5 5
13 6 0
13 7 12
14 1 0
14 2 138
14 3 0
14 4 98
14 5 36
14 6 0
14 7 71
15 1 0
15 2 73
15 3 0
15 4 55
15 5 19
15 6 0
15 7 39
16 1 0
16 2 147
16 3 0
16 4 112
16 5 36
16 6 0
16 7 81
17 1 0
17 2 13
17 3 0
17 4 9
17 5 4
17 6 0
17 7 7
18 1 0
18 2 68
18 3 0
18 4 47
18 5 15
18 6 0
18 7 36
19 1 0
19 2 134
19 3 0
19 4 83
19 5 29
19 6 0
19 7 75
20 1 0
20 2 48
20 3 0
20 4 40
20 5 12
20 6 0
20 7 33

# Precedence Relations
1 9
2 3
2 4
2 5
3 9
4 7
4 8
5 6
6 9
7 9
8 10
8 11
8 12
9 13
9 14
9 15
9 16
9 17
13 20
14 18
15 19
16 18
16 19
17 19

# Parameters
R_e = 0.0500
T = 1000.0
C_s = 4.0
C_w = 36.0
C_c = 5.0
