# Tasks
1 2 3 4 5 6 7 8 9 10 11 12 13 14 15 16 17 18 19 20 21 22 23 24 25 26 27 28 29 30 31 32 33 34 35 36 37 38 39 40 41 42 43 44 45 46 47 48 49 50 51 52 53 54 55 56 57 58 59 60 61 62 63 64 65 66 67 68 69 70 71 72 73 74 75 76 77 78 79 80 81 82 83

# Workstations
1 2 3 4 5 6 7 8 9 10 11 12 13 14 15 16 17 18 19 20 21 22 23 24 25 26 27 28 29 30 31 32 33 34 35 36 37 38 39 40 41 42 43 44 45 46 47 48 49 50 51 52 53 54 55 56 57 58 59 60 61 62 63 64 65 66 67 68 69 70 71 72 73 74 75 76 77 78 79 80 81 82 83

# Modes
1 2 3 4 5 6 7

# Processing Times
1 1 1673
1 2 3951
1 3 1577
1 4 3724
1 5 1000
1 6 2113
1 7 4989
2 1 985
2 2 2326
2 3 929
2 4 2193
2 5 589
2 6 1244
2 7 2937
3 1 1836
3 2 4336
3 3 1731
3 4 4087
3 5 1097
3 6 2319
3 7 5475
4 1 973
4 2 2298
4 3 917
4 4 2166
4 5 582
4 6 1229
4 7 2902
5 1 1700
5 2 4015
5 3 1603
5 4 3784
5 5 1016
5 6 2147
5 7 5070
6 1 2881
6 2 6804
6 3 2716
6 4 6413
6 5 1721
6 6 3638
6 7 8591
7 1 2231
7 2 5269
7 3 2103
7 4 4966
7 5 1333
7 6 2817
7 7 6653
8 1 1040
8 2 2456
8 3 981
8 4 2315
8 5 622
8 6 1314
8 7 3101
9 1 1793
9 2 4234
9 3 1690
9 4 3991
9 5 1071
9 6 2264
9 7 5346
10 1 1250
10 2 2952
10 3 1178
10 4 2782
10 5 747
10 6 1579
10 7 3728
11 1 700
11 2 1653
11 3 660
11 4 1558
11 5 419
11 6 884
11 7 2088
12 1 464
12 2 1096
12 3 438
12 4 1033
12 5 278
12 6 586
12 7 1384
13 1 500
13 2 1181
13 3 472
13 4 1113
13 5 299
13 6 632
13 7 1492
14 1 1133
14 2 2676
14 3 1068
14 4 2522
14 5 677
14 6 1431
14 7 3379
15 1 577
15 2 1363
15 3 544
15 4 1285
15 5 345
15 6 729
15 7 1721
16 1 483
16 2 1141
16 3 456
16 4 1076
16 5 289
16 6 610
16 7 1441
17 1 880
17 2 2079
17 3 830
17 4 1960
17 5 526
17 6 1112
17 7 2625
18 1 667
18 2 1576
18 3 629
18 4 1486
18 5 399
18 6 843
18 7 1990
19 1 600
19 2 1417
19 3 566
19 4 1336
19 5 359
19 6 758
19 7 1790
20 1 233
20 2 551
20 3 220
20 4 520
20 5 140
20 6 295
20 7 696
21 1 408
21 2 964
21 3 385
21 4 909
21 5 244
21 6 516
21 7 1218
22 1 847
22 2 2001
22 3 799
22 4 1886
22 5 506
22 6 1070
22 7 2527
23 1 767
23 2 1812
23 3 723
23 4 1708
23 5 459
23 6 969
23 7 2288
24 1 850
24 2 2008
24 3 802
24 4 1893
24 5 508
24 6 1074
24 7 2536
25 1 780
25 2 1842
25 3 736
25 4 1736
25 5 466
25 6 985
25 7 2326
26 1 912
26 2 2154
26 3 860
26 4 2030
26 5 545
26 6 1152
26 7 2720
27 1 748
27 2 1767
27 3 705
27 4 1666
27 5 447
27 6 945
27 7 2232
28 1 1863
28 2 4400
28 3 1756
28 4 4147
28 5 1113
28 6 2353
28 7 5556
29 1 714
29 2 1687
29 3 673
29 4 1590
29 5 427
29 6 902
29 7 2131
30 1 1004
30 2 2371
30 3 947
30 4 2235
30 5 600
30 6 1268
30 7 2994
31 1 713
31 2 1684
31 3 672
31 4 1588
31 5 426
31 6 901
31 7 2127
32 1 642
32 2 1517
32 3 606
32 4 1430
32 5 384
32 6 811
32 7 1916
33 1 629
33 2 1486
33 3 593
33 4 1401
33 5 376
33 6 795
33 7 1877
34 1 1234
34 2 2914
34 3 1163
34 4 2747
34 5 738
34 6 1559
34 7 3680
35 1 1143
35 2 2700
35 3 1078
35 4 2545
35 5 683
35 6 1444
35 7 3410
36 1 1266
36 2 2990
36 3 1194
36 4 2818
36 5 757
36 6 1599
36 7 3776
37 1 792
37 2 1871
37 3 747
37 4 1764
37 5 474
37 6 1000
37 7 2363
38 1 1251
38 2 2955
38 3 1179
38 4 2785
38 5 748
38 6 1580
38 7 3731
39 1 1310
39 2 3094
39 3 1235
39 4 2916
39 5 783
39 6 1655
39 7 3907
40 1 663
40 2 1566
40 3 625
40 4 1476
40 5 397
40 6 838
40 7 1978
41 1 494
41 2 1167
41 3 466
41 4 1100
41 5 296
41 6 624
41 7 1474
42 1 1288
42 2 3042
42 3 1214
42 4 2867
42 5 770
42 6 1627
42 7 3841
43 1 792
43 2 1871
43 3 747
43 4 1764
43 5 474
43 6 1000
43 7 2363
44 1 578
44 2 1365
44 3 545
44 4 1287
44 5 346
44 6 730
44 7 1724
45 1 594
45 2 1403
45 3 560
45 4 1323
45 5 355
45 6 750
45 7 1772
46 1 578
46 2 1365
46 3 545
46 4 1287
46 5 346
46 6 730
46 7 1724
47 1 622
47 2 1469
47 3 587
47 4 1385
47 5 372
47 6 786
47 7 1855
48 1 578
48 2 1365
48 3 545
48 4 1287
48 5 346
48 6 730
48 7 1724
49 1 564
49 2 1332
49 3 532
49 4 1256
49 5 337
49 6 713
49 7 1682
50 1 578
50 2 1365
50 3 545
50 4 1287
50 5 346
50 6 730
50 7 1724
51 1 578
51 2 1365
51 3 545
51 4 1287
51 5 346
51 6 730
51 7 1724
52 1 578
52 2 1365
52 3 545
52 4 1287
52 5 346
52 6 730
52 7 1724
53 1 578
53 2 1365
53 3 545
53 4 1287
53 5 346
53 6 730
53 7 1724
54 1 578
54 2 1365
54 3 545
54 4 1287
54 5 346
54 6 730
54 7 1724
55 1 578
55 2 1365
55 3 545
55 4 1287
55 5 346
55 6 730
55 7 1724
56 1 578
56 2 1365
56 3 545
56 4 1287
56 5 346
56 6 730
56 7 1724
57 1 578
57 2 1365
57 3 545
57 4 1287
57 5 346
57 6 730
57 7 1724
58 1 578
58 2 1365
58 3 545
58 4 1287
58 5 346
58 6 730
58 7 1724
59 1 578
59 2 1365
59 3 545
59 4 1287
59 5 346
59 6 730
59 7 1724
60 1 578
60 2 1365
60 3 545
60 4 1287
60 5 346
60 6 730
60 7 1724
61 1 578
61 2 1365
61 3 545
61 4 1287
61 5 346
61 6 730
61 7 1724
62 1 578
62 2 1365
62 3 545
62 4 1287
62 5 346
62 6 730
62 7 1724
63 1 578
63 2 1365
63 3 545
63 4 1287
63 5 346
63 6 730
63 7 1724
64 1 578
64 2 1365
64 3 545
64 4 1287
64 5 346
64 6 730
64 7 1724
65 1 578
65 2 1365
65 3 545
65 4 1287
65 5 346
65 6 730
65 7 1724
66 1 578
66 2 1365
66 3 545
66 4 1287
66 5 346
66 6 730
66 7 1724
67 1 578
67 2 1365
67 3 545
67 4 1287
67 5 346
67 6 730
67 7 1724
68 1 578
68 2 1365
68 3 545
68 4 1287
68 5 346
68 6 730
68 7 1724
69 1 467
69 2 1103
69 3 441
69 4 1040
69 5 279
69 6 590
69 7 1393
70 1 887
70 2 2095
70 3 836
70 4 1975
70 5 530
70 6 1120
70 7 2646
71 1 396
71 2 936
71 3 374
71 4 883
71 5 237
71 6 500
71 7 1182
72 1 1296
72 2 3061
72 3 1222
72 4 2885
72 5 775
72 6 1637
72 7 3865
73 1 1100
73 2 2598
73 3 1037
73 4 2449
73 5 658
73 6 1389
73 7 3281
74 1 2543
74 2 6006
74 3 2397
74 4 5661
74 5 1519
74 6 3211
74 7 7584
75 1 764
75 2 1805
75 3 720
75 4 1702
75 5 457
75 6 965
75 7 2279
76 1 357
76 2 844
76 3 337
76 4 796
76 5 214
76 6 451
76 7 1066
77 1 701
77 2 1656
77 3 661
77 4 1561
77 5 419
77 6 886
77 7 2091
78 1 1164
78 2 2749
78 3 1097
78 4 2591
78 5 696
78 6 1470
78 7 3471
79 1 286
79 2 676
79 3 270
79 4 638
79 5 171
79 6 362
79 7 854
80 1 2100
80 2 4959
80 3 1980
80 4 4674
80 5 1255
80 6 2652
80 7 6262
81 1 450
81 2 1063
81 3 425
81 4 1002
81 5 269
81 6 569
81 7 1343
82 1 1300
82 2 3070
82 3 1226
82 4 2894
82 5 777
82 6 1642
82 7 3877
83 1 3691
83 2 8716
83 3 3479
83 4 8214
83 5 2205
83 6 4661
83 7 11005

# Energy Consumption
1 1 0
1 2 1123
1 3 0
1 4 718
1 5 159
1 6 0
1 7 609
2 1 0
2 2 542
2 3 0
2 4 416
2 5 87
2 6 0
2 7 426
3 1 0
3 2 1087
3 3 0
3 4 823
3 5 154
3 6 0
3 7 748
4 1 0
4 2 565
4 3 0
4 4 442
4 5 88
4 6 0
4 7 368
5 1 0
5 2 970
5 3 0
5 4 792
5 5 148
5 6 0
5 7 643
6 1 0
6 2 1651
6 3 0
6 4 1406
6 5 258
6 6 0
6 7 1114
7 1 0
7 2 1330
7 3 0
7 4 1020
7 5 206
7 6 0
7 7 923
8 1 0
8 2 642
8 3 0
8 4 491
8 5 89
8 6 0
8 7 451
9 1 0
9 2 941
9 3 0
9 4 767
9 5 164
9 6 0
9 7 646
10 1 0
10 2 758
10 3 0
10 4 583
10 5 113
10 6 0
10 7 455
11 1 0
11 2 396
11 3 0
11 4 295
11 5 60
11 6 0
11 7 259
12 1 0
12 2 273
12 3 0
12 4 200
12 5 41
12 6 0
12 7 167
13 1 0
13 2 346
13 3 0
13 4 210
13 5 46
13 6 0
13 7 209
14 1 0
14 2 772
14 3 0
14 4 479
14 5 106
14 6 0
14 7 483
15 1 0
15 2 315
15 3 0
15 4 245
15 5 53
15 6 0
15 7 221
16 1 0
16 2 273
16 3 0
16 4 232
16 5 42
16 6 0
16 7 174
17 1 0
17 2 546
17 3 0
17 4 378
17 5 78
17 6 0
17 7 318
18 1 0
18 2 402
18 3 0
18 4 279
18 5 62
18 6 0
18 7 282
19 1 0
19 2 372
19 3 0
19 4 241
19 5 58
19 6 0
19 7 252
20 1 0
20 2 142
20 3 0
20 4 97
20 5 20
20 6 0
20 7 100
21 1 0
21 2 249
21 3 0
21 4 198
21 5 36
21 6 0
21 7 169
22 1 0
22 2 583
22 3 0
22 4 375
22 5 73
22 6 0
22 7 323
23 1 0
23 2 501
23 3 0
23 4 372
23 5 66
23 6 0
23 7 292
24 1 0
24 2 474
24 3 0
24 4 360
24 5 74
24 6 0
24 7 373
25 1 0
25 2 510
25 3 0
25 4 322
25 5 68
25 6 0
25 7 334
26 1 0
26 2 566
26 3 0
26 4 377
26 5 81
26 6 0
26 7 393
27 1 0
27 2 416
27 3 0
27 4 307
27 5 72
27 6 0
27 7 309
28 1 0
28 2 1070
28 3 0
28 4 823
28 5 164
28 6 0
28 7 829
29 1 0
29 2 470
29 3 0
29 4 316
29 5 61
29 6 0
29 7 264
30 1 0
30 2 535
30 3 0
30 4 424
30 5 85
30 6 0
30 7 387
31 1 0
31 2 489
31 3 0
31 4 316
31 5 68
31 6 0
31 7 303
32 1 0
32 2 391
32 3 0
32 4 272
32 5 59
32 6 0
32 7 251
33 1 0
33 2 390
33 3 0
33 4 299
33 5 56
33 6 0
33 7 250
34 1 0
34 2 796
34 3 0
34 4 589
34 5 112
34 6 0
34 7 514
35 1 0
35 2 796
35 3 0
35 4 463
35 5 109
35 6 0
35 7 450
36 1 0
36 2 870
36 3 0
36 4 510
36 5 113
36 6 0
36 7 465
37 1 0
37 2 446
37 3 0
37 4 337
37 5 70
37 6 0
37 7 350
38 1 0
38 2 873
38 3 0
38 4 605
38 5 112
38 6 0
38 7 534
39 1 0
39 2 927
39 3 0
39 4 599
39 5 124
39 6 0
39 7 512
40 1 0
40 2 393
40 3 0
40 4 304
40 5 62
40 6 0
40 7 289
41 1 0
41 2 327
41 3 0
41 4 234
41 5 46
41 6 0
41 7 201
42 1 0
42 2 850
42 3 0
42 4 575
42 5 117
42 6 0
42 7 539
43 1 0
43 2 520
43 3 0
43 4 370
43 5 75
43 6 0
43 7 343
44 1 0
44 2 379
44 3 0
44 4 257
44 5 54
44 6 0
44 7 232
45 1 0
45 2 318
45 3 0
45 4 253
45 5 52
45 6 0
45 7 256
46 1 0
46 2 370
46 3 0
46 4 266
46 5 51
46 6 0
46 7 248
47 1 0
47 2 343
47 3 0
47 4 281
47 5 58
47 6 0
47 7 274
48 1 0
48 2 348
48 3 0
48 4 280
48 5 51
48 6 0
48 7 252
49 1 0
49 2 384
49 3 0
49 4 241
49 5 49
49 6 0
49 7 235
50 1 0
50 2 408
50 3 0
50 4 242
50 5 52
50 6 0
50 7 226
51 1 0
51 2 390
51 3 0
51 4 279
51 5 54
51 6 0
51 7 218
52 1 0
52 2 324
52 3 0
52 4 242
52 5 50
52 6 0
52 7 213
53 1 0
53 2 332
53 3 0
53 4 261
53 5 54
53 6 0
53 7 259
54 1 0
54 2 318
54 3 0
54 4 274
54 5 53
54 6 0
54 7 242
55 1 0
55 2 324
55 3 0
55 4 243
55 5 50
55 6 0
55 7 259
56 1 0
56 2 336
56 3 0
56 4 265
56 5 55
56 6 0
56 7 208
57 1 0
57 2 328
57 3 0
57 4 276
57 5 50
57 6 0
57 7 238
58 1 0
58 2 323
58 3 0
58 4 247
58 5 53
58 6 0
58 7 226
59 1 0
59 2 359
59 3 0
59 4 237
59 5 55
59 6 0
59 7 228
60 1 0
60 2 389
60 3 0
60 4 237
60 5 54
60 6 0
60 7 208
61 1 0
61 2 353
61 3 0
61 4 247
61 5 52
61 6 0
61 7 222
62 1 0
62 2 312
62 3 0
62 4 259
62 5 53
62 6 0
62 7 235
63 1 0
63 2 367
63 3 0
63 4 272
63 5 54
63 6 0
63 7 239
64 1 0
64 2 364
64 3 0
64 4 251
64 5 50
64 6 0
64 7 250
65 1 0
65 2 309
65 3 0
65 4 253
65 5 52
65 6 0
65 7 251
66 1 0
66 2 324
66 3 0
66 4 247
66 5 55
66 6 0
66 7 245
67 1 0
67 2 350
67 3 0
67 4 283
67 5 53
67 6 0
67 7 252
68 1 0
68 2 394
68 3 0
68 4 268
68 5 55
68 6 0
68 7 247
69 1 0
69 2 258
69 3 0
69 4 210
69 5 44
69 6 0
69 7 205
70 1 0
70 2 573
70 3 0
70 4 390
70 5 83
70 6 0
70 7 318
71 1 0
71 2 249
71 3 0
71 4 163
71 5 38
71 6 0
71 7 145
72 1 0
72 2 871
72 3 0
72 4 558
72 5 114
72 6 0
72 7 570
73 1 0
73 2 612
73 3 0
73 4 521
73 5 106
73 6 0
73 7 436
74 1 0
74 2 1750
74 3 0
74 4 1226
74 5 226
74 6 0
74 7 1064
75 1 0
75 2 415
75 3 0
75 4 367
75 5 65
75 6 0
75 7 303
76 1 0
76 2 250
76 3 0
76 4 147
76 5 33
76 6 0
76 7 157
77 1 0
77 2 414
77 3 0
77 4 311
77 5 66
77 6 0
77 7 280
78 1 0
78 2 706
78 3 0
78 4 478
78 5 102
78 6 0
78 7 434
79 1 0
79 2 175
79 3 0
79 4 125
79 5 27
79 6 0
79 7 104
80 1 0
80 2 1383
80 3 0
80 4 933
80 5 198
80 6 0
80 7 797
81 1 0
81 2 316
81 3 0
81 4 218
81 5 40
81 6 0
81 7 200
82 1 0
82 2 839
82 3 0
82 4 542
82 5 113
82 6 0
82 7 536
83 1 0
83 2 2164
83 3 0
83 4 1642
83 5 348
83 6 0
83 7 1343

# Precedence Relations
1 2
2 3
2 4
2 5
3 6
4 6
4 7
5 8
6 9
6 10
7 11
8 77
8 78
9 12
10 13
10 14
10 25
11 15
12 16
13 17
13 18
13 20
14 19
15 20
15 39
16 77
16 78
17 21
17 22
17 28
18 23
19 24
20 26
21 27
22 27
23 74
24 28
24 29
25 32
26 74
27 69
28 32
29 30
30 31
31 39
32 33
32 34
32 35
32 36
33 37
34 77
34 78
35 77
35 78
36 38
36 39
37 40
38 41
39 42
39 43
39 44
39 75
40 77
40 78
41 45
42 77
42 78
43 77
43 78
44 46
45 47
46 48
47 49
48 50
49 69
50 51
51 52
52 53
53 54
54 55
55 56
56 57
57 58
58 59
59 60
60 61
61 62
62 63
63 64
64 65
65 66
66 67
67 68
68 74
68 75
69 70
69 71
70 72
71 73
72 73
73 74
73 75
74 76
75 76
76 77
76 78
77 79
78 79
79 80
79 81
80 82
81 83
82 83

# Parameters
R_e = 0.0500
T = 11555.25
C_s = 4.0
C_w = 36.0
C_c = 5.0
