# Tasks
1 2 3 4 5 6 7 8 9 10 11 12 13 14 15 16 17 18 19 20

# Workstations
1 2 3 4 5 6 7 8 9 10 11 12 13 14 15 16 17 18 19 20

# Modes
1 2 3 4 5 6 7

# Processing Times
1 1 471
1 2 611
1 3 512
1 4 664
1 5 305
1 6 508
1 7 659
2 1 570
2 2 740
2 3 620
2 4 804
2 5 370
2 6 615
2 7 798
3 1 335
3 2 435
3 3 364
3 4 473
3 5 217
3 6 361
3 7 469
4 1 590
4 2 766
4 3 641
4 4 832
4 5 383
4 6 636
4 7 826
5 1 564
5 2 732
5 3 613
5 4 796
5 5 366
5 6 608
5 7 789
6 1 599
6 2 778
6 3 651
6 4 845
6 5 388
6 6 646
6 7 839
7 1 494
7 2 641
7 3 537
7 4 697
7 5 320
7 6 533
7 7 691
8 1 547
8 2 710
8 3 595
8 4 772
8 5 355
8 6 590
8 7 765
9 1 714
9 2 927
9 3 776
9 4 1007
9 5 463
9 6 770
9 7 999
10 1 524
10 2 680
10 3 570
10 4 739
10 5 340
10 6 565
10 7 733
11 1 646
11 2 838
11 3 702
11 4 911
11 5 419
11 6 696
11 7 903
12 1 564
12 2 732
12 3 613
12 4 796
12 5 366
12 6 608
12 7 789
13 1 314
13 2 408
13 3 342
13 4 444
13 5 204
13 6 339
13 7 440
14 1 372
14 2 483
14 3 405
14 4 525
14 5 241
14 6 401
14 7 521
15 1 653
15 2 848
15 3 710
15 4 922
15 5 423
15 6 704
15 7 914
16 1 732
16 2 950
16 3 796
16 4 1032
16 5 474
16 6 789
16 7 1024
17 1 471
17 2 611
17 3 512
17 4 664
17 5 305
17 6 508
17 7 659
18 1 281
18 2 365
18 3 306
18 4 397
18 5 182
18 6 303
18 7 394
19 1 381
19 2 495
19 3 414
19 4 538
19 5 247
19 6 411
19 7 534
20 1 638
20 2 828
20 3 693
20 4 900
20 5 414
20 6 688
20 7 892

# Energy Consumption
1 1 0
1 2 147
1 3 0
1 4 137
1 5 48
1 6 0
1 7 95
2 1 0
2 2 186
2 3 0
2 4 160
2 5 56
2 6 0
2 7 113
3 1 0
3 2 122
3 3 0
3 4 93
3 5 35
3 6 0
3 7 64
4 1 0
4 2 191
4 3 0
4 4 183
4 5 54
4 6 0
4 7 119
5 1 0
5 2 178
5 3 0
5 4 167
5 5 58
5 6 0
5 7 108
6 1 0
6 2 172
6 3 0
6 4 180
6 5 59
6 6 0
6 7 116
7 1 0
7 2 144
7 3 0
7 4 151
7 5 47
7 6 0
7 7 98
8 1 0
8 2 181
8 3 0
8 4 162
8 5 53
8 6 0
8 7 108
9 1 0
9 2 247
9 3 0
9 4 215
9 5 74
9 6 0
9 7 150
10 1 0
10 2 195
10 3 0
10 4 153
10 5 51
10 6 0
10 7 104
11 1 0
11 2 186
11 3 0
11 4 168
11 5 64
11 6 0
11 7 130
12 1 0
12 2 186
12 3 0
12 4 174
12 5 53
12 6 0
12 7 109
13 1 0
13 2 98
13 3 0
13 4 89
13 5 31
13 6 0
13 7 61
14 1 0
14 2 143
14 3 0
14 4 107
14 5 38
14 6 0
14 7 70
15 1 0
15 2 217
15 3 0
15 4 170
15 5 65
15 6 0
15 7 112
16 1 0
16 2 269
16 3 0
16 4 220
16 5 73
16 6 0
16 7 131
17 1 0
17 2 165
17 3 0
17 4 146
17 5 48
17 6 0
17 7 84
18 1 0
18 2 89
18 3 0
18 4 80
18 5 28
18 6 0
18 7 49
19 1 0
19 2 137
19 3 0
19 4 110
19 5 39
19 6 0
19 7 80
20 1 0
20 2 212
20 3 0
20 4 198
20 5 64
20 6 0
20 7 112

# Precedence Relations
1 5
1 6
2 5
3 4
4 14
5 7
5 8
5 9
7 10
7 11
8 12
8 13
10 14
11 14
12 14
13 15
14 16
14 17
14 18
14 19
14 20

# Parameters
R_e = 0.0500
T = 1083.6000000000001
C_s = 4.0
C_w = 36.0
C_c = 5.0
