# Tasks
1 2 3 4 5 6 7 8 9 10 11 12 13 14 15 16 17 18 19 20 21 22 23 24 25 26 27 28 29 30 31 32 33 34 35 36 37 38 39 40 41 42 43 44 45

# Workstations
1 2 3 4 5 6 7 8 9 10 11 12 13 14 15 16 17 18 19 20 21 22 23 24 25 26 27 28 29 30 31 32 33 34 35 36 37 38 39 40 41 42 43 44 45

# Modes
1 2 3 4 5 6 7

# Processing Times
1 1 9
1 2 14
1 3 9
1 4 14
1 5 3
1 6 14
1 7 21
2 1 9
2 2 12
2 3 10
2 4 13
2 5 4
2 6 13
2 7 17
3 1 10
3 2 16
3 3 10
3 4 16
3 5 4
3 6 15
3 7 23
4 1 10
4 2 14
4 3 10
4 4 14
4 5 4
4 6 13
4 7 18
5 1 17
5 2 25
5 3 18
5 4 26
5 5 7
5 6 23
5 7 34
6 1 17
6 2 22
6 3 17
6 4 22
6 5 7
6 6 22
6 7 29
7 1 13
7 2 17
7 3 13
7 4 17
7 5 6
7 6 19
7 7 25
8 1 13
8 2 18
8 3 13
8 4 18
8 5 6
8 6 17
8 7 24
9 1 20
9 2 32
9 3 20
9 4 31
9 5 8
9 6 27
9 7 42
10 1 20
10 2 27
10 3 21
10 4 29
10 5 9
10 6 27
10 7 37
11 1 10
11 2 15
11 3 11
11 4 16
11 5 4
11 6 14
11 7 21
12 1 11
12 2 16
12 3 12
12 4 17
12 5 5
12 6 15
12 7 22
13 1 6
13 2 9
13 3 7
13 4 10
13 5 3
13 6 9
13 7 14
14 1 22
14 2 35
14 3 21
14 4 34
14 5 8
14 6 30
14 7 47
15 1 11
15 2 17
15 3 11
15 4 17
15 5 4
15 6 15
15 7 22
16 1 19
16 2 29
16 3 19
16 4 29
16 5 7
16 6 26
16 7 40
17 1 12
17 2 19
17 3 13
17 4 20
17 5 4
17 6 16
17 7 25
18 1 3
18 2 5
18 3 3
18 4 5
18 5 2
18 6 5
18 7 8
19 1 7
19 2 11
19 3 7
19 4 11
19 5 3
19 6 10
19 7 15
20 1 4
20 2 6
20 3 5
20 4 7
20 5 2
20 6 6
20 7 8
21 1 55
21 2 86
21 3 56
21 4 87
21 5 20
21 6 77
21 7 121
22 1 14
22 2 21
22 3 14
22 4 21
22 5 6
22 6 19
22 7 29
23 1 27
23 2 37
23 3 29
23 4 39
23 5 12
23 6 35
23 7 48
24 1 29
24 2 45
24 3 28
24 4 43
24 5 13
24 6 39
24 7 60
25 1 26
25 2 35
25 3 28
25 4 37
25 5 11
25 6 37
25 7 49
26 1 6
26 2 8
26 3 6
26 4 8
26 5 3
26 6 8
26 7 11
27 1 5
27 2 7
27 3 5
27 4 7
27 5 3
27 6 7
27 7 10
28 1 24
28 2 38
28 3 25
28 4 39
28 5 8
28 6 32
28 7 51
29 1 4
29 2 7
29 3 5
29 4 8
29 5 2
29 6 6
29 7 10
30 1 5
30 2 8
30 3 6
30 4 9
30 5 3
30 6 7
30 7 11
31 1 7
31 2 11
31 3 8
31 4 12
31 5 3
31 6 10
31 7 15
32 1 4
32 2 6
32 3 4
32 4 6
32 5 2
32 6 6
32 7 9
33 1 15
33 2 20
33 3 15
33 4 20
33 5 6
33 6 19
33 7 26
34 1 3
34 2 5
34 3 3
34 4 5
34 5 2
34 6 5
34 7 7
35 1 7
35 2 9
35 3 7
35 4 9
35 5 3
35 6 10
35 7 13
36 1 9
36 2 12
36 3 9
36 4 12
36 5 3
36 6 14
36 7 18
37 1 4
37 2 6
37 3 4
37 4 6
37 5 2
37 6 6
37 7 8
38 1 7
38 2 11
38 3 8
38 4 12
38 5 3
38 6 10
38 7 16
39 1 5
39 2 7
39 3 5
39 4 7
39 5 2
39 6 8
39 7 10
40 1 4
40 2 6
40 3 5
40 4 7
40 5 2
40 6 6
40 7 9
41 1 21
41 2 31
41 3 22
41 4 33
41 5 9
41 6 28
41 7 41
42 1 12
42 2 19
42 3 12
42 4 19
42 5 5
42 6 18
42 7 28
43 1 6
43 2 9
43 3 6
43 4 9
43 5 3
43 6 8
43 7 12
44 1 5
44 2 7
44 3 5
44 4 7
44 5 2
44 6 8
44 7 10
45 1 5
45 2 7
45 3 5
45 4 7
45 5 2
45 6 7
45 7 10

# Energy Consumption
1 1 0
1 2 4
1 3 0
1 4 3
1 5 1
1 6 0
1 7 3
2 1 0
2 2 3
2 3 0
2 4 3
2 5 1
2 6 0
2 7 3
3 1 0
3 2 5
3 3 0
3 4 3
3 5 1
3 6 0
3 7 3
4 1 0
4 2 4
4 3 0
4 4 3
4 5 1
4 6 0
4 7 3
5 1 0
5 2 7
5 3 0
5 4 5
5 5 2
5 6 0
5 7 5
6 1 0
6 2 7
6 3 0
6 4 5
6 5 2
6 6 0
6 7 4
7 1 0
7 2 5
7 3 0
7 4 4
7 5 1
7 6 0
7 7 4
8 1 0
8 2 5
8 3 0
8 4 4
8 5 1
8 6 0
8 7 3
9 1 0
9 2 8
9 3 0
9 4 6
9 5 2
9 6 0
9 7 6
10 1 0
10 2 7
10 3 0
10 4 6
10 5 2
10 6 0
10 7 6
11 1 0
11 2 5
11 3 0
11 4 3
11 5 1
11 6 0
11 7 3
12 1 0
12 2 5
12 3 0
12 4 4
12 5 1
12 6 0
12 7 3
13 1 0
13 2 3
13 3 0
13 4 3
13 5 1
13 6 0
13 7 2
14 1 0
14 2 9
14 3 0
14 4 7
14 5 2
14 6 0
14 7 7
15 1 0
15 2 5
15 3 0
15 4 4
15 5 1
15 6 0
15 7 4
16 1 0
16 2 7
16 3 0
16 4 6
16 5 2
16 6 0
16 7 5
17 1 0
17 2 6
17 3 0
17 4 4
17 5 1
17 6 0
17 7 4
18 1 0
18 2 2
18 3 0
18 4 2
18 5 1
18 6 0
18 7 2
19 1 0
19 2 4
19 3 0
19 4 3
19 5 1
19 6 0
19 7 3
20 1 0
20 2 2
20 3 0
20 4 2
20 5 1
20 6 0
20 7 1
21 1 0
21 2 22
21 3 0
21 4 18
21 5 4
21 6 0
21 7 16
22 1 0
22 2 5
22 3 0
22 4 4
22 5 1
22 6 0
22 7 5
23 1 0
23 2 9
23 3 0
23 4 8
23 5 2
23 6 0
23 7 7
24 1 0
24 2 11
24 3 0
24 4 8
24 5 2
24 6 0
24 7 8
25 1 0
25 2 9
25 3 0
25 4 7
25 5 2
25 6 0
25 7 7
26 1 0
26 2 2
26 3 0
26 4 2
26 5 1
26 6 0
26 7 2
27 1 0
27 2 2
27 3 0
27 4 2
27 5 1
27 6 0
27 7 2
28 1 0
28 2 11
28 3 0
28 4 8
28 5 2
28 6 0
28 7 7
29 1 0
29 2 2
29 3 0
29 4 2
29 5 1
29 6 0
29 7 2
30 1 0
30 2 3
30 3 0
30 4 2
30 5 1
30 6 0
30 7 2
31 1 0
31 2 3
31 3 0
31 4 3
31 5 1
31 6 0
31 7 2
32 1 0
32 2 2
32 3 0
32 4 2
32 5 1
32 6 0
32 7 2
33 1 0
33 2 5
33 3 0
33 4 4
33 5 1
33 6 0
33 7 4
34 1 0
34 2 2
34 3 0
34 4 2
34 5 1
34 6 0
34 7 1
35 1 0
35 2 3
35 3 0
35 4 2
35 5 1
35 6 0
35 7 2
36 1 0
36 2 3
36 3 0
36 4 3
36 5 1
36 6 0
36 7 3
37 1 0
37 2 2
37 3 0
37 4 2
37 5 1
37 6 0
37 7 2
38 1 0
38 2 3
38 3 0
38 4 3
38 5 1
38 6 0
38 7 2
39 1 0
39 2 2
39 3 0
39 4 2
39 5 1
39 6 0
39 7 2
40 1 0
40 2 2
40 3 0
40 4 2
40 5 1
40 6 0
40 7 2
41 1 0
41 2 10
41 3 0
41 4 8
41 5 2
41 6 0
41 7 6
42 1 0
42 2 6
42 3 0
42 4 4
42 5 1
42 6 0
42 7 4
43 1 0
43 2 3
43 3 0
43 4 2
43 5 1
43 6 0
43 7 2
44 1 0
44 2 2
44 3 0
44 4 2
44 5 1
44 6 0
44 7 2
45 1 0
45 2 2
45 3 0
45 4 2
45 5 1
45 6 0
45 7 2

# Precedence Relations
1 3
1 7
2 4
2 8
3 5
4 6
5 9
6 10
7 9
7 14
8 10
8 14
9 41
10 41
11 13
12 13
12 37
13 14
13 15
14 17
14 25
14 29
14 30
14 31
14 32
15 16
15 18
15 23
15 24
16 19
17 26
17 27
18 19
19 20
19 33
20 21
21 22
22 28
23 33
24 33
25 26
26 38
27 28
27 33
28 38
29 41
30 41
31 41
32 41
33 34
33 35
33 36
34 38
35 40
36 38
37 43
38 40
39 41
40 41
41 42
42 44
42 45

# Parameters
R_e = 0.0500
T = 600.0
C_s = 4.0
C_w = 36.0
C_c = 5.0
