# Tasks
1 2 3 4 5 6 7 8 9 10 11 12 13 14 15 16 17 18 19 20

# Workstations
1 2 3 4 5 6 7 8 9 10 11 12 13 14 15 16 17 18 19 20

# Modes
1 2 3 4 5 6 7

# Processing Times
1 1 209
1 2 259
1 3 203
1 4 252
1 5 78
1 6 290
1 7 359
2 1 93
2 2 116
2 3 91
2 4 113
2 5 35
2 6 129
2 7 161
3 1 197
3 2 245
3 3 191
3 4 238
3 5 74
3 6 273
3 7 340
4 1 223
4 2 277
4 3 217
4 4 269
4 5 83
4 6 309
4 7 384
5 1 75
5 2 93
5 3 73
5 4 91
5 5 28
5 6 104
5 7 129
6 1 92
6 2 114
6 3 90
6 4 111
6 5 35
6 6 128
6 7 158
7 1 36
7 2 45
7 3 35
7 4 44
7 5 14
7 6 50
7 7 63
8 1 27
8 2 34
8 3 27
8 4 33
8 5 11
8 6 38
8 7 48
9 1 26
9 2 33
9 3 26
9 4 32
9 5 10
9 6 37
9 7 46
10 1 114
10 2 142
10 3 111
10 4 138
10 5 43
10 6 158
10 7 197
11 1 128
11 2 159
11 3 125
11 4 155
11 5 48
11 6 178
11 7 221
12 1 229
12 2 284
12 3 223
12 4 276
12 5 86
12 6 318
12 7 394
13 1 383
13 2 475
13 3 372
13 4 461
13 5 143
13 6 531
13 7 658
14 1 113
14 2 141
14 3 110
14 4 137
14 5 43
14 6 157
14 7 196
15 1 217
15 2 269
15 3 211
15 4 261
15 5 81
15 6 301
15 7 373
16 1 306
16 2 380
16 3 297
16 4 369
16 5 114
16 6 424
16 7 527
17 1 50
17 2 62
17 3 49
17 4 61
17 5 19
17 6 70
17 7 86
18 1 125
18 2 155
18 3 122
18 4 151
18 5 47
18 6 174
18 7 215
19 1 68
19 2 85
19 3 66
19 4 83
19 5 26
19 6 95
19 7 118
20 1 120
20 2 149
20 3 117
20 4 145
20 5 45
20 6 167
20 7 207

# Energy Consumption
1 1 0
1 2 60
1 3 0
1 4 51
1 5 12
1 6 0
1 7 51
2 1 0
2 2 26
2 3 0
2 4 23
2 5 6
2 6 0
2 7 21
3 1 0
3 2 71
3 3 0
3 4 45
3 5 12
3 6 0
3 7 42
4 1 0
4 2 65
4 3 0
4 4 58
4 5 12
4 6 0
4 7 53
5 1 0
5 2 26
5 3 0
5 4 18
5 5 5
5 6 0
5 7 18
6 1 0
6 2 32
6 3 0
6 4 24
6 5 6
6 6 0
6 7 21
7 1 0
7 2 13
7 3 0
7 4 10
7 5 3
7 6 0
7 7 9
8 1 0
8 2 10
8 3 0
8 4 8
8 5 2
8 6 0
8 7 6
9 1 0
9 2 9
9 3 0
9 4 6
9 5 2
9 6 0
9 7 6
10 1 0
10 2 36
10 3 0
10 4 27
10 5 7
10 6 0
10 7 28
11 1 0
11 2 46
11 3 0
11 4 29
11 5 7
11 6 0
11 7 31
12 1 0
12 2 72
12 3 0
12 4 58
12 5 13
12 6 0
12 7 48
13 1 0
13 2 120
13 3 0
13 4 97
13 5 23
13 6 0
13 7 90
14 1 0
14 2 34
14 3 0
14 4 26
14 5 7
14 6 0
14 7 30
15 1 0
15 2 73
15 3 0
15 4 51
15 5 12
15 6 0
15 7 54
16 1 0
16 2 86
16 3 0
16 4 71
16 5 18
16 6 0
16 7 64
17 1 0
17 2 19
17 3 0
17 4 12
17 5 3
17 6 0
17 7 13
18 1 0
18 2 37
18 3 0
18 4 34
18 5 8
18 6 0
18 7 27
19 1 0
19 2 25
19 3 0
19 4 17
19 5 4
19 6 0
19 7 17
20 1 0
20 2 45
20 3 0
20 4 30
20 5 8
20 6 0
20 7 26

# Precedence Relations
1 10
2 10
4 9
6 7
6 8
7 10
8 10
9 11
9 12
9 13
9 14
10 15
10 16
10 17
10 18
10 19
18 20

# Parameters
R_e = 0.0500
T = 1000.0
C_s = 4.0
C_w = 36.0
C_c = 5.0
