# Tasks
1 2 3 4 5 6 7 8

# Workstations
1 2 3 4 5 6 7 8

# Modes
1 2 3 4 5 6 7

# Processing Times
1 1 11
1 2 16
1 3 12
1 4 18
1 5 7
1 6 12
1 7 17
2 1 17
2 2 26
2 3 19
2 4 29
2 5 12
2 6 18
2 7 28
3 1 9
3 2 12
3 3 10
3 4 13
3 5 7
3 6 10
3 7 13
4 1 5
4 2 8
4 3 6
4 4 9
4 5 4
4 6 6
4 7 9
5 1 8
5 2 12
5 3 9
5 4 13
5 5 6
5 6 9
5 7 13
6 1 12
6 2 19
6 3 13
6 4 21
6 5 8
6 6 13
6 7 20
7 1 10
7 2 16
7 3 11
7 4 18
7 5 6
7 6 11
7 7 17
8 1 3
8 2 5
8 3 4
8 4 6
8 5 2
8 6 4
8 7 6

# Energy Consumption
1 1 0
1 2 4
1 3 0
1 4 4
1 5 2
1 6 0
1 7 3
2 1 0
2 2 7
2 3 0
2 4 6
2 5 2
2 6 0
2 7 4
3 1 0
3 2 4
3 3 0
3 4 3
3 5 2
3 6 0
3 7 2
4 1 0
4 2 2
4 3 0
4 4 2
4 5 1
4 6 0
4 7 2
5 1 0
5 2 3
5 3 0
5 4 3
5 5 1
5 6 0
5 7 2
6 1 0
6 2 5
6 3 0
6 4 5
6 5 2
6 6 0
6 7 3
7 1 0
7 2 4
7 3 0
7 4 4
7 5 1
7 6 0
7 7 3
8 1 0
8 2 2
8 3 0
8 4 2
8 5 1
8 6 0
8 7 1

# Precedence Relations
1 2
2 3
2 4
3 5
3 6
4 6
5 7
6 8

# Parameters
R_e = 0.0500
T = 20.0
C_s = 4.0
C_w = 36.0
C_c = 5.0
