# Tasks
1 2 3 4 5 6 7 8 9 10 11 12 13 14 15 16 17 18 19 20

# Workstations
1 2 3 4 5 6 7 8 9 10 11 12 13 14 15 16 17 18 19 20

# Modes
1 2 3 4 5 6 7

# Processing Times
1 1 374
1 2 368
1 3 385
1 4 379
1 5 223
1 6 415
1 7 408
2 1 318
2 2 313
2 3 328
2 4 323
2 5 189
2 6 353
2 7 347
3 1 153
3 2 151
3 3 158
3 4 156
3 5 91
3 6 170
3 7 168
4 1 182
4 2 179
4 3 188
4 4 185
4 5 109
4 6 202
4 7 199
5 1 168
5 2 166
5 3 173
5 4 171
5 5 100
5 6 187
5 7 184
6 1 313
6 2 308
6 3 323
6 4 318
6 5 186
6 6 347
6 7 342
7 1 159
7 2 157
7 3 164
7 4 162
7 5 95
7 6 177
7 7 175
8 1 166
8 2 164
8 3 171
8 4 169
8 5 99
8 6 184
8 7 182
9 1 55
9 2 55
9 3 57
9 4 57
9 5 33
9 6 61
9 7 61
10 1 242
10 2 238
10 3 250
10 4 245
10 5 144
10 6 269
10 7 264
11 1 76
11 2 75
11 3 79
11 4 78
11 5 46
11 6 85
11 7 84
12 1 177
12 2 175
12 3 183
12 4 181
12 5 106
12 6 197
12 7 194
13 1 166
13 2 164
13 3 171
13 4 169
13 5 99
13 6 184
13 7 182
14 1 119
14 2 118
14 3 123
14 4 122
14 5 71
14 6 132
14 7 131
15 1 150
15 2 148
15 3 155
15 4 153
15 5 90
15 6 167
15 7 165
16 1 303
16 2 298
16 3 312
16 4 307
16 5 180
16 6 336
16 7 331
17 1 138
17 2 136
17 3 143
17 4 140
17 5 82
17 6 153
17 7 151
18 1 52
18 2 52
18 3 54
18 4 54
18 5 31
18 6 58
18 7 58
19 1 48
19 2 48
19 3 50
19 4 50
19 5 29
19 6 54
19 7 54
20 1 146
20 2 144
20 3 151
20 4 149
20 5 87
20 6 162
20 7 160

# Energy Consumption
1 1 0
1 2 97
1 3 0
1 4 73
1 5 35
1 6 0
1 7 50
2 1 0
2 2 76
2 3 0
2 4 71
2 5 29
2 6 0
2 7 43
3 1 0
3 2 40
3 3 0
3 4 33
3 5 14
3 6 0
3 7 25
4 1 0
4 2 53
4 3 0
4 4 36
4 5 17
4 6 0
4 7 28
5 1 0
5 2 39
5 3 0
5 4 34
5 5 16
5 6 0
5 7 24
6 1 0
6 2 75
6 3 0
6 4 64
6 5 29
6 6 0
6 7 43
7 1 0
7 2 35
7 3 0
7 4 31
7 5 14
7 6 0
7 7 22
8 1 0
8 2 49
8 3 0
8 4 35
8 5 16
8 6 0
8 7 27
9 1 0
9 2 15
9 3 0
9 4 13
9 5 6
9 6 0
9 7 9
10 1 0
10 2 67
10 3 0
10 4 50
10 5 22
10 6 0
10 7 34
11 1 0
11 2 20
11 3 0
11 4 15
11 5 7
11 6 0
11 7 12
12 1 0
12 2 46
12 3 0
12 4 38
12 5 17
12 6 0
12 7 26
13 1 0
13 2 47
13 3 0
13 4 36
13 5 15
13 6 0
13 7 25
14 1 0
14 2 35
14 3 0
14 4 25
14 5 11
14 6 0
14 7 20
15 1 0
15 2 44
15 3 0
15 4 29
15 5 14
15 6 0
15 7 24
16 1 0
16 2 76
16 3 0
16 4 66
16 5 28
16 6 0
16 7 47
17 1 0
17 2 36
17 3 0
17 4 29
17 5 12
17 6 0
17 7 20
18 1 0
18 2 14
18 3 0
18 4 11
18 5 5
18 6 0
18 7 9
19 1 0
19 2 11
19 3 0
19 4 10
19 5 5
19 6 0
19 7 8
20 1 0
20 2 40
20 3 0
20 4 31
20 5 14
20 6 0
20 7 20

# Precedence Relations
1 11
2 4
2 5
2 6
3 4
3 6
3 7
4 11
5 8
5 9
5 10
6 20
7 12
7 13
7 18
8 11
9 11
10 12
10 13
11 14
11 15
11 16
11 17
11 18
13 19
15 19
15 20
17 19
17 20
18 19

# Parameters
R_e = 0.0500
T = 1000.0
C_s = 4.0
C_w = 36.0
C_c = 5.0
