# Tasks
1 2 3 4 5 6 7 8 9 10 11 12 13 14 15 16 17 18 19 20 21 22 23 24 25 26 27 28 29 30 31 32 33 34 35 36 37 38 39 40 41 42 43 44 45 46 47 48 49 50 51 52 53 54 55 56 57 58 59 60 61 62 63 64 65 66 67 68 69 70 71 72 73 74 75 76 77 78 79 80 81 82 83 84 85 86 87 88 89

# Workstations
1 2 3 4 5 6 7 8 9 10 11 12 13 14 15 16 17 18 19 20 21 22 23 24 25 26 27 28 29 30 31 32 33 34 35 36 37 38 39 40 41 42 43 44 45 46 47 48 49 50 51 52 53 54 55 56 57 58 59 60 61 62 63 64 65 66 67 68 69 70 71 72 73 74 75 76 77 78 79 80 81 82 83 84 85 86 87 88 89

# Modes
1 2 3 4 5 6 7

# Processing Times
1 1 1
1 2 2
1 3 2
1 4 3
1 5 1
1 6 2
1 7 3
2 1 2
2 2 4
2 3 3
2 4 5
2 5 2
2 6 3
2 7 5
3 1 3
3 2 4
3 3 4
3 4 5
3 5 2
3 6 4
3 7 5
4 1 4
4 2 6
4 3 5
4 4 7
4 5 3
4 6 5
4 7 7
5 1 5
5 2 7
5 3 6
5 4 8
5 5 3
5 6 6
5 7 8
6 1 6
6 2 10
6 3 7
6 4 11
6 5 4
6 6 7
6 7 11
7 1 7
7 2 11
7 3 8
7 4 13
7 5 5
7 6 8
7 7 12
8 1 8
8 2 13
8 3 9
8 4 15
8 5 5
8 6 9
8 7 14
9 1 9
9 2 12
9 3 10
9 4 13
9 5 6
9 6 10
9 7 13
10 1 10
10 2 15
10 3 11
10 4 17
10 5 6
10 6 11
10 7 16
11 1 1
11 2 2
11 3 2
11 4 3
11 5 1
11 6 2
11 7 3
12 1 2
12 2 3
12 3 3
12 4 4
12 5 2
12 6 3
12 7 4
13 1 3
13 2 5
13 3 4
13 4 6
13 5 2
13 6 4
13 7 6
14 1 4
14 2 6
14 3 5
14 4 7
14 5 3
14 6 5
14 7 7
15 1 5
15 2 7
15 3 6
15 4 8
15 5 4
15 6 6
15 7 8
16 1 6
16 2 8
16 3 7
16 4 9
16 5 5
16 6 7
16 7 9
17 1 7
17 2 10
17 3 8
17 4 11
17 5 5
17 6 8
17 7 11
18 1 8
18 2 12
18 3 9
18 4 13
18 5 6
18 6 9
18 7 13
19 1 9
19 2 13
19 3 10
19 4 15
19 5 5
19 6 10
19 7 14
20 1 10
20 2 13
20 3 11
20 4 15
20 5 7
20 6 11
20 7 14
21 1 1
21 2 2
21 3 2
21 4 3
21 5 1
21 6 2
21 7 3
22 1 2
22 2 3
22 3 3
22 4 4
22 5 2
22 6 3
22 7 4
23 1 3
23 2 5
23 3 4
23 4 6
23 5 2
23 6 4
23 7 6
24 1 4
24 2 7
24 3 5
24 4 8
24 5 3
24 6 5
24 7 8
25 1 5
25 2 7
25 3 6
25 4 8
25 5 3
25 6 6
25 7 8
26 1 6
26 2 9
26 3 7
26 4 10
26 5 5
26 6 7
26 7 10
27 1 7
27 2 10
27 3 8
27 4 11
27 5 5
27 6 8
27 7 11
28 1 8
28 2 13
28 3 9
28 4 14
28 5 6
28 6 9
28 7 15
29 1 9
29 2 12
29 3 10
29 4 14
29 5 6
29 6 10
29 7 13
30 1 10
30 2 15
30 3 11
30 4 16
30 5 7
30 6 11
30 7 16
31 1 1
31 2 2
31 3 2
31 4 3
31 5 1
31 6 2
31 7 3
32 1 2
32 2 3
32 3 3
32 4 4
32 5 2
32 6 3
32 7 4
33 1 3
33 2 5
33 3 4
33 4 6
33 5 2
33 6 4
33 7 6
34 1 4
34 2 6
34 3 5
34 4 7
34 5 3
34 6 5
34 7 7
35 1 5
35 2 7
35 3 6
35 4 8
35 5 4
35 6 6
35 7 8
36 1 6
36 2 10
36 3 7
36 4 11
36 5 4
36 6 7
36 7 11
37 1 7
37 2 12
37 3 8
37 4 13
37 5 5
37 6 8
37 7 13
38 1 8
38 2 11
38 3 9
38 4 12
38 5 6
38 6 9
38 7 13
39 1 9
39 2 13
39 3 10
39 4 15
39 5 6
39 6 10
39 7 15
40 1 10
40 2 13
40 3 11
40 4 15
40 5 6
40 6 11
40 7 14
41 1 1
41 2 2
41 3 2
41 4 3
41 5 1
41 6 2
41 7 3
42 1 2
42 2 3
42 3 3
42 4 4
42 5 2
42 6 3
42 7 4
43 1 3
43 2 5
43 3 4
43 4 6
43 5 2
43 6 4
43 7 6
44 1 4
44 2 6
44 3 5
44 4 7
44 5 3
44 6 5
44 7 7
45 1 5
45 2 7
45 3 6
45 4 8
45 5 3
45 6 6
45 7 8
46 1 6
46 2 9
46 3 7
46 4 10
46 5 5
46 6 7
46 7 10
47 1 7
47 2 11
47 3 8
47 4 12
47 5 4
47 6 8
47 7 12
48 1 8
48 2 12
48 3 9
48 4 14
48 5 5
48 6 9
48 7 13
49 1 9
49 2 15
49 3 10
49 4 17
49 5 6
49 6 10
49 7 16
50 1 10
50 2 14
50 3 11
50 4 16
50 5 6
50 6 11
50 7 15
51 1 1
51 2 2
51 3 2
51 4 3
51 5 1
51 6 2
51 7 3
52 1 2
52 2 3
52 3 3
52 4 4
52 5 2
52 6 3
52 7 4
53 1 3
53 2 5
53 3 4
53 4 6
53 5 3
53 6 4
53 7 6
54 1 4
54 2 6
54 3 5
54 4 7
54 5 3
54 6 5
54 7 7
55 1 5
55 2 8
55 3 6
55 4 9
55 5 3
55 6 6
55 7 9
56 1 6
56 2 9
56 3 7
56 4 10
56 5 4
56 6 7
56 7 10
57 1 7
57 2 9
57 3 8
57 4 10
57 5 5
57 6 8
57 7 10
58 1 8
58 2 11
58 3 9
58 4 12
58 5 6
58 6 9
58 7 13
59 1 9
59 2 14
59 3 10
59 4 16
59 5 7
59 6 10
59 7 16
60 1 10
60 2 14
60 3 11
60 4 15
60 5 6
60 6 11
60 7 15
61 1 1
61 2 2
61 3 2
61 4 3
61 5 1
61 6 2
61 7 3
62 1 2
62 2 3
62 3 3
62 4 4
62 5 2
62 6 3
62 7 4
63 1 3
63 2 5
63 3 4
63 4 6
63 5 2
63 6 4
63 7 6
64 1 4
64 2 7
64 3 5
64 4 8
64 5 3
64 6 5
64 7 8
65 1 5
65 2 7
65 3 6
65 4 8
65 5 4
65 6 6
65 7 8
66 1 6
66 2 9
66 3 7
66 4 10
66 5 4
66 6 7
66 7 10
67 1 7
67 2 11
67 3 8
67 4 12
67 5 5
67 6 8
67 7 12
68 1 8
68 2 13
68 3 9
68 4 15
68 5 6
68 6 9
68 7 14
69 1 9
69 2 12
69 3 10
69 4 13
69 5 6
69 6 10
69 7 13
70 1 10
70 2 13
70 3 11
70 4 15
70 5 6
70 6 11
70 7 14
71 1 1
71 2 2
71 3 2
71 4 3
71 5 1
71 6 2
71 7 3
72 1 2
72 2 3
72 3 3
72 4 4
72 5 2
72 6 3
72 7 4
73 1 3
73 2 5
73 3 4
73 4 6
73 5 2
73 6 4
73 7 6
74 1 4
74 2 6
74 3 5
74 4 7
74 5 3
74 6 5
74 7 7
75 1 5
75 2 7
75 3 6
75 4 8
75 5 4
75 6 6
75 7 8
76 1 6
76 2 9
76 3 7
76 4 10
76 5 4
76 6 7
76 7 10
77 1 7
77 2 9
77 3 8
77 4 10
77 5 4
77 6 8
77 7 10
78 1 8
78 2 13
78 3 9
78 4 15
78 5 5
78 6 9
78 7 14
79 1 9
79 2 14
79 3 10
79 4 16
79 5 6
79 6 10
79 7 15
80 1 10
80 2 15
80 3 11
80 4 17
80 5 6
80 6 11
80 7 17
81 1 1
81 2 2
81 3 2
81 4 3
81 5 1
81 6 2
81 7 3
82 1 2
82 2 3
82 3 3
82 4 4
82 5 2
82 6 3
82 7 4
83 1 3
83 2 5
83 3 4
83 4 6
83 5 2
83 6 4
83 7 6
84 1 4
84 2 6
84 3 5
84 4 7
84 5 3
84 6 5
84 7 7
85 1 5
85 2 7
85 3 6
85 4 8
85 5 4
85 6 6
85 7 8
86 1 6
86 2 9
86 3 7
86 4 10
86 5 4
86 6 7
86 7 10
87 1 7
87 2 10
87 3 8
87 4 11
87 5 5
87 6 8
87 7 11
88 1 8
88 2 11
88 3 9
88 4 13
88 5 5
88 6 9
88 7 12
89 1 9
89 2 12
89 3 10
89 4 13
89 5 7
89 6 10
89 7 13

# Energy Consumption
1 1 0
1 2 1
1 3 0
1 4 1
1 5 1
1 6 0
1 7 1
2 1 0
2 2 2
2 3 0
2 4 1
2 5 1
2 6 0
2 7 1
3 1 0
3 2 2
3 3 0
3 4 1
3 5 1
3 6 0
3 7 1
4 1 0
4 2 2
4 3 0
4 4 2
4 5 1
4 6 0
4 7 2
5 1 0
5 2 2
5 3 0
5 4 2
5 5 1
5 6 0
5 7 2
6 1 0
6 2 3
6 3 0
6 4 3
6 5 1
6 6 0
6 7 2
7 1 0
7 2 3
7 3 0
7 4 3
7 5 1
7 6 0
7 7 2
8 1 0
8 2 4
8 3 0
8 4 4
8 5 1
8 6 0
8 7 2
9 1 0
9 2 4
9 3 0
9 4 3
9 5 1
9 6 0
9 7 2
10 1 0
10 2 5
10 3 0
10 4 4
10 5 1
10 6 0
10 7 3
11 1 0
11 2 1
11 3 0
11 4 1
11 5 1
11 6 0
11 7 1
12 1 0
12 2 1
12 3 0
12 4 1
12 5 1
12 6 0
12 7 1
13 1 0
13 2 2
13 3 0
13 4 2
13 5 1
13 6 0
13 7 1
14 1 0
14 2 2
14 3 0
14 4 2
14 5 1
14 6 0
14 7 1
15 1 0
15 2 2
15 3 0
15 4 2
15 5 1
15 6 0
15 7 1
16 1 0
16 2 3
16 3 0
16 4 2
16 5 1
16 6 0
16 7 2
17 1 0
17 2 3
17 3 0
17 4 3
17 5 1
17 6 0
17 7 2
18 1 0
18 2 3
18 3 0
18 4 3
18 5 1
18 6 0
18 7 2
19 1 0
19 2 4
19 3 0
19 4 4
19 5 1
19 6 0
19 7 3
20 1 0
20 2 4
20 3 0
20 4 4
20 5 2
20 6 0
20 7 2
21 1 0
21 2 1
21 3 0
21 4 1
21 5 1
21 6 0
21 7 1
22 1 0
22 2 1
22 3 0
22 4 1
22 5 1
22 6 0
22 7 1
23 1 0
23 2 2
23 3 0
23 4 2
23 5 1
23 6 0
23 7 1
24 1 0
24 2 2
24 3 0
24 4 2
24 5 1
24 6 0
24 7 2
25 1 0
25 2 2
25 3 0
25 4 2
25 5 1
25 6 0
25 7 2
26 1 0
26 2 3
26 3 0
26 4 2
26 5 1
26 6 0
26 7 2
27 1 0
27 2 3
27 3 0
27 4 3
27 5 1
27 6 0
27 7 2
28 1 0
28 2 3
28 3 0
28 4 3
28 5 1
28 6 0
28 7 2
29 1 0
29 2 4
29 3 0
29 4 3
29 5 1
29 6 0
29 7 2
30 1 0
30 2 4
30 3 0
30 4 4
30 5 2
30 6 0
30 7 3
31 1 0
31 2 1
31 3 0
31 4 1
31 5 1
31 6 0
31 7 1
32 1 0
32 2 1
32 3 0
32 4 1
32 5 1
32 6 0
32 7 1
33 1 0
33 2 2
33 3 0
33 4 2
33 5 1
33 6 0
33 7 1
34 1 0
34 2 2
34 3 0
34 4 2
34 5 1
34 6 0
34 7 1
35 1 0
35 2 3
35 3 0
35 4 2
35 5 1
35 6 0
35 7 2
36 1 0
36 2 3
36 3 0
36 4 3
36 5 1
36 6 0
36 7 2
37 1 0
37 2 4
37 3 0
37 4 3
37 5 1
37 6 0
37 7 2
38 1 0
38 2 3
38 3 0
38 4 3
38 5 1
38 6 0
38 7 2
39 1 0
39 2 4
39 3 0
39 4 3
39 5 1
39 6 0
39 7 2
40 1 0
40 2 4
40 3 0
40 4 3
40 5 1
40 6 0
40 7 2
41 1 0
41 2 1
41 3 0
41 4 1
41 5 1
41 6 0
41 7 1
42 1 0
42 2 1
42 3 0
42 4 1
42 5 1
42 6 0
42 7 1
43 1 0
43 2 2
43 3 0
43 4 2
43 5 1
43 6 0
43 7 1
44 1 0
44 2 2
44 3 0
44 4 2
44 5 1
44 6 0
44 7 1
45 1 0
45 2 2
45 3 0
45 4 2
45 5 1
45 6 0
45 7 2
46 1 0
46 2 3
46 3 0
46 4 3
46 5 1
46 6 0
46 7 2
47 1 0
47 2 4
47 3 0
47 4 3
47 5 1
47 6 0
47 7 2
48 1 0
48 2 3
48 3 0
48 4 3
48 5 1
48 6 0
48 7 2
49 1 0
49 2 4
49 3 0
49 4 4
49 5 1
49 6 0
49 7 3
50 1 0
50 2 5
50 3 0
50 4 4
50 5 1
50 6 0
50 7 2
51 1 0
51 2 1
51 3 0
51 4 1
51 5 1
51 6 0
51 7 1
52 1 0
52 2 1
52 3 0
52 4 1
52 5 1
52 6 0
52 7 1
53 1 0
53 2 2
53 3 0
53 4 2
53 5 1
53 6 0
53 7 1
54 1 0
54 2 2
54 3 0
54 4 2
54 5 1
54 6 0
54 7 1
55 1 0
55 2 2
55 3 0
55 4 2
55 5 1
55 6 0
55 7 2
56 1 0
56 2 3
56 3 0
56 4 3
56 5 1
56 6 0
56 7 2
57 1 0
57 2 3
57 3 0
57 4 2
57 5 1
57 6 0
57 7 2
58 1 0
58 2 3
58 3 0
58 4 3
58 5 1
58 6 0
58 7 2
59 1 0
59 2 4
59 3 0
59 4 4
59 5 2
59 6 0
59 7 3
60 1 0
60 2 4
60 3 0
60 4 4
60 5 1
60 6 0
60 7 3
61 1 0
61 2 1
61 3 0
61 4 1
61 5 1
61 6 0
61 7 1
62 1 0
62 2 1
62 3 0
62 4 1
62 5 1
62 6 0
62 7 1
63 1 0
63 2 2
63 3 0
63 4 2
63 5 1
63 6 0
63 7 1
64 1 0
64 2 3
64 3 0
64 4 2
64 5 1
64 6 0
64 7 2
65 1 0
65 2 2
65 3 0
65 4 2
65 5 1
65 6 0
65 7 2
66 1 0
66 2 3
66 3 0
66 4 2
66 5 1
66 6 0
66 7 2
67 1 0
67 2 3
67 3 0
67 4 3
67 5 1
67 6 0
67 7 2
68 1 0
68 2 4
68 3 0
68 4 3
68 5 1
68 6 0
68 7 2
69 1 0
69 2 3
69 3 0
69 4 3
69 5 1
69 6 0
69 7 2
70 1 0
70 2 4
70 3 0
70 4 4
70 5 1
70 6 0
70 7 2
71 1 0
71 2 1
71 3 0
71 4 1
71 5 1
71 6 0
71 7 1
72 1 0
72 2 1
72 3 0
72 4 1
72 5 1
72 6 0
72 7 1
73 1 0
73 2 2
73 3 0
73 4 2
73 5 1
73 6 0
73 7 1
74 1 0
74 2 2
74 3 0
74 4 2
74 5 1
74 6 0
74 7 1
75 1 0
75 2 2
75 3 0
75 4 2
75 5 1
75 6 0
75 7 2
76 1 0
76 2 3
76 3 0
76 4 2
76 5 1
76 6 0
76 7 2
77 1 0
77 2 3
77 3 0
77 4 3
77 5 1
77 6 0
77 7 2
78 1 0
78 2 4
78 3 0
78 4 4
78 5 1
78 6 0
78 7 2
79 1 0
79 2 4
79 3 0
79 4 4
79 5 1
79 6 0
79 7 3
80 1 0
80 2 4
80 3 0
80 4 4
80 5 1
80 6 0
80 7 3
81 1 0
81 2 1
81 3 0
81 4 1
81 5 1
81 6 0
81 7 1
82 1 0
82 2 1
82 3 0
82 4 1
82 5 1
82 6 0
82 7 1
83 1 0
83 2 2
83 3 0
83 4 2
83 5 1
83 6 0
83 7 1
84 1 0
84 2 2
84 3 0
84 4 2
84 5 1
84 6 0
84 7 1
85 1 0
85 2 3
85 3 0
85 4 2
85 5 1
85 6 0
85 7 2
86 1 0
86 2 3
86 3 0
86 4 2
86 5 1
86 6 0
86 7 2
87 1 0
87 2 3
87 3 0
87 4 2
87 5 1
87 6 0
87 7 2
88 1 0
88 2 3
88 3 0
88 4 3
88 5 1
88 6 0
88 7 2
89 1 0
89 2 4
89 3 0
89 4 3
89 5 2
89 6 0
89 7 2

# Precedence Relations
1 2
2 3
3 4
4 5
4 6
4 7
4 8
4 9
5 10
6 11
7 12
8 18
9 18
10 14
11 12
12 13
13 14
14 15
14 16
15 17
16 54
17 18
18 19
18 20
19 22
20 21
20 28
21 54
22 23
23 24
24 25
25 26
25 27
25 29
26 37
27 33
28 29
29 31
30 54
31 32
32 33
33 34
34 35
35 36
35 37
36 38
37 38
38 39
39 40
39 41
39 42
39 43
40 44
41 53
42 53
43 45
44 52
45 46
46 47
47 48
47 49
49 50
50 51
51 52
52 53
53 68
53 69
53 70
53 71
54 55
55 56
56 57
57 58
57 59
57 60
57 61
57 62
57 63
57 64
57 65
57 66
58 67
59 67
60 67
61 67
62 67
63 67
64 67
65 67
66 67
67 73
68 72
69 72
70 72
71 73
72 78
72 80
73 74
74 75
74 76
75 77
76 81
77 78
78 79
79 81
80 81
80 87
81 82
81 84
81 85
82 83
83 86
84 86
85 86
86 87
86 89
87 88
87 89

# Parameters
R_e = 0.0500
T = 600.0
C_s = 4.0
C_w = 36.0
C_c = 5.0
