# Tasks
1 2 3 4 5 6 7 8

# Workstations
1 2 3 4 5 6 7 8

# Modes
1 2 3 4 5 6 7

# Processing Times
1 1 11
1 2 22
1 3 11
1 4 21
1 5 10
1 6 12
1 7 23
2 1 17
2 2 34
2 3 18
2 4 36
2 5 15
2 6 19
2 7 37
3 1 9
3 2 19
3 3 9
3 4 19
3 5 9
3 6 10
3 7 21
4 1 5
4 2 12
4 3 6
4 4 13
4 5 5
4 6 6
4 7 13
5 1 8
5 2 15
5 3 9
5 4 16
5 5 8
5 6 9
5 7 16
6 1 12
6 2 27
6 3 13
6 4 29
6 5 10
6 6 13
6 7 28
7 1 10
7 2 21
7 3 11
7 4 22
7 5 10
7 6 11
7 7 23
8 1 3
8 2 7
8 3 3
8 4 7
8 5 3
8 6 4
8 7 8

# Energy Consumption
1 1 0
1 2 6
1 3 0
1 4 5
1 5 2
1 6 0
1 7 4
2 1 0
2 2 9
2 3 0
2 4 8
2 5 3
2 6 0
2 7 6
3 1 0
3 2 5
3 3 0
3 4 4
3 5 2
3 6 0
3 7 3
4 1 0
4 2 4
4 3 0
4 4 3
4 5 1
4 6 0
4 7 2
5 1 0
5 2 4
5 3 0
5 4 3
5 5 2
5 6 0
5 7 2
6 1 0
6 2 8
6 3 0
6 4 6
6 5 2
6 6 0
6 7 4
7 1 0
7 2 6
7 3 0
7 4 5
7 5 2
7 6 0
7 7 4
8 1 0
8 2 3
8 3 0
8 4 2
8 5 1
8 6 0
8 7 2

# Precedence Relations
1 2
2 3
2 4
3 5
3 6
4 6
5 7
6 8

# Parameters
R_e = 0.0500
T = 20.0
C_s = 4.0
C_w = 36.0
C_c = 5.0
