# Tasks
1 2 3 4 5 6 7 8 9 10 11 12 13 14 15 16 17 18 19 20

# Workstations
1 2 3 4 5 6 7 8 9 10 11 12 13 14 15 16 17 18 19 20

# Modes
1 2 3 4 5 6 7

# Processing Times
1 1 88
1 2 180
1 3 95
1 4 193
1 5 40
1 6 108
1 7 221
2 1 95
2 2 194
2 3 102
2 4 208
2 5 43
2 6 117
2 7 238
3 1 105
3 2 215
3 3 113
3 4 230
3 5 47
3 6 129
3 7 263
4 1 140
4 2 286
4 3 150
4 4 306
4 5 63
4 6 172
4 7 350
5 1 114
5 2 233
5 3 122
5 4 249
5 5 51
5 6 140
5 7 285
6 1 123
6 2 252
6 3 132
6 4 270
6 5 55
6 6 151
6 7 309
7 1 250
7 2 511
7 3 268
7 4 546
7 5 111
7 6 306
7 7 625
8 1 90
8 2 184
8 3 97
8 4 197
8 5 40
8 6 111
8 7 226
9 1 61
9 2 125
9 3 66
9 4 134
9 5 28
9 6 75
9 7 153
10 1 107
10 2 219
10 3 115
10 4 234
10 5 48
10 6 131
10 7 268
11 1 68
11 2 139
11 3 73
11 4 149
11 5 31
11 6 84
11 7 170
12 1 155
12 2 317
12 3 166
12 4 339
12 5 69
12 6 190
12 7 388
13 1 142
13 2 290
13 3 152
13 4 310
13 5 64
13 6 174
13 7 355
14 1 21
14 2 43
14 3 23
14 4 46
14 5 10
14 6 26
14 7 53
15 1 106
15 2 217
15 3 114
15 4 232
15 5 48
15 6 130
15 7 266
16 1 67
16 2 137
16 3 72
16 4 147
16 5 30
16 6 82
16 7 168
17 1 52
17 2 107
17 3 56
17 4 115
17 5 24
17 6 64
17 7 131
18 1 55
18 2 113
18 3 59
18 4 121
18 5 25
18 6 68
18 7 139
19 1 51
19 2 105
19 3 55
19 4 113
19 5 23
19 6 63
19 7 129
20 1 82
20 2 168
20 3 88
20 4 180
20 5 37
20 6 101
20 7 206

# Energy Consumption
1 1 0
1 2 45
1 3 0
1 4 43
1 5 6
1 6 0
1 7 32
2 1 0
2 2 49
2 3 0
2 4 45
2 5 7
2 6 0
2 7 33
3 1 0
3 2 49
3 3 0
3 4 45
3 5 8
3 6 0
3 7 33
4 1 0
4 2 81
4 3 0
4 4 67
4 5 10
4 6 0
4 7 46
5 1 0
5 2 60
5 3 0
5 4 53
5 5 8
5 6 0
5 7 38
6 1 0
6 2 58
6 3 0
6 4 51
6 5 9
6 6 0
6 7 43
7 1 0
7 2 148
7 3 0
7 4 110
7 5 16
7 6 0
7 7 88
8 1 0
8 2 48
8 3 0
8 4 39
8 5 6
8 6 0
8 7 32
9 1 0
9 2 35
9 3 0
9 4 29
9 5 4
9 6 0
9 7 23
10 1 0
10 2 57
10 3 0
10 4 48
10 5 7
10 6 0
10 7 36
11 1 0
11 2 32
11 3 0
11 4 27
11 5 5
11 6 0
11 7 26
12 1 0
12 2 76
12 3 0
12 4 64
12 5 11
12 6 0
12 7 54
13 1 0
13 2 75
13 3 0
13 4 63
13 5 10
13 6 0
13 7 46
14 1 0
14 2 13
14 3 0
14 4 10
14 5 2
14 6 0
14 7 8
15 1 0
15 2 64
15 3 0
15 4 49
15 5 8
15 6 0
15 7 33
16 1 0
16 2 34
16 3 0
16 4 32
16 5 5
16 6 0
16 7 21
17 1 0
17 2 30
17 3 0
17 4 23
17 5 4
17 6 0
17 7 19
18 1 0
18 2 28
18 3 0
18 4 24
18 5 4
18 6 0
18 7 20
19 1 0
19 2 27
19 3 0
19 4 23
19 5 4
19 6 0
19 7 18
20 1 0
20 2 48
20 3 0
20 4 35
20 5 6
20 6 0
20 7 30

# Precedence Relations
1 4
2 6
3 5
3 6
4 7
5 7
5 8
6 7
7 9
7 11
7 12
8 10
8 11
8 20
9 13
10 16
12 14
12 15
12 19
13 17
14 20
15 18
16 19

# Parameters
R_e = 0.0500
T = 1000.0
C_s = 4.0
C_w = 36.0
C_c = 5.0
