# Tasks
1 2 3 4 5 6 7 8 9 10 11 12 13 14 15 16 17 18 19 20 21 22 23 24 25 26 27 28 29 30 31 32 33 34 35 36 37 38 39 40 41 42 43 44 45 46 47 48 49 50

# Workstations
1 2 3 4 5 6 7 8 9 10 11 12 13 14 15 16 17 18 19 20 21 22 23 24 25 26 27 28 29 30 31 32 33 34 35 36 37 38 39 40 41 42 43 44 45 46 47 48 49 50

# Modes
1 2 3 4 5 6 7

# Processing Times
1 1 68
1 2 169
1 3 59
1 4 147
1 5 47
1 6 97
1 7 240
2 1 348
2 2 839
2 3 300
2 4 723
2 5 242
2 6 451
2 7 1087
3 1 107
3 2 250
3 3 100
3 4 234
3 5 67
3 6 151
3 7 352
4 1 110
4 2 246
4 3 103
4 4 229
4 5 61
4 6 142
4 7 317
5 1 49
5 2 98
5 3 47
5 4 93
5 5 31
5 6 66
5 7 131
6 1 124
6 2 272
6 3 108
6 4 236
6 5 86
6 6 160
6 7 351
7 1 197
7 2 441
7 3 168
7 4 377
7 5 116
7 6 261
7 7 583
8 1 289
8 2 552
8 3 261
8 4 498
8 5 174
8 6 386
8 7 737
9 1 76
9 2 141
9 3 73
9 4 134
9 5 50
9 6 96
9 7 177
10 1 163
10 2 326
10 3 152
10 4 304
10 5 103
10 6 232
10 7 463
11 1 193
11 2 408
11 3 165
11 4 349
11 5 134
11 6 258
11 7 546
12 1 34
12 2 63
12 3 32
12 4 58
12 5 24
12 6 49
12 7 91
13 1 208
13 2 420
13 3 196
13 4 394
13 5 123
13 6 300
13 7 605
14 1 148
14 2 307
14 3 140
14 4 290
14 5 103
14 6 191
14 7 396
15 1 197
15 2 491
15 3 182
15 4 452
15 5 127
15 6 275
15 7 686
16 1 129
16 2 246
16 3 117
16 4 223
16 5 87
16 6 170
16 7 324
17 1 187
17 2 338
17 3 175
17 4 316
17 5 109
17 6 266
17 7 480
18 1 105
18 2 259
18 3 95
18 4 234
18 5 64
18 6 132
18 7 324
19 1 114
19 2 206
19 3 99
19 4 178
19 5 66
19 6 149
19 7 268
20 1 24
20 2 54
20 3 23
20 4 51
20 5 16
20 6 32
20 7 70
21 1 200
21 2 449
21 3 175
21 4 393
21 5 135
21 6 277
21 7 620
22 1 132
22 2 315
22 3 122
22 4 290
22 5 92
22 6 172
22 7 409
23 1 184
23 2 403
23 3 172
23 4 377
23 5 111
23 6 265
23 7 581
24 1 307
24 2 765
24 3 272
24 4 678
24 5 200
24 6 433
24 7 1077
25 1 266
25 2 479
25 3 234
25 4 420
25 5 160
25 6 377
25 7 679
26 1 96
26 2 211
26 3 83
26 4 182
26 5 54
26 6 136
26 7 298
27 1 262
27 2 590
27 3 241
27 4 542
27 5 183
27 6 354
27 7 797
28 1 122
28 2 265
28 3 113
28 4 244
28 5 74
28 6 169
28 7 367
29 1 65
29 2 142
29 3 59
29 4 129
29 5 42
29 6 92
29 7 201
30 1 271
30 2 586
30 3 244
30 4 527
30 5 174
30 6 389
30 7 840
31 1 202
31 2 405
31 3 181
31 4 363
31 5 119
31 6 274
31 7 548
32 1 26
32 2 54
32 3 25
32 4 51
32 5 18
32 6 34
32 7 69
33 1 57
33 2 121
33 3 53
33 4 112
33 5 35
33 6 75
33 7 159
34 1 220
34 2 537
34 3 191
34 4 465
34 5 126
34 6 306
34 7 745
35 1 119
35 2 266
35 3 103
35 4 231
35 5 71
35 6 155
35 7 347
36 1 198
36 2 414
36 3 182
36 4 381
36 5 134
36 6 248
36 7 519
37 1 253
37 2 540
37 3 223
37 4 474
37 5 175
37 6 359
37 7 766
38 1 209
38 2 517
38 3 186
38 4 459
38 5 139
38 6 266
38 7 658
39 1 110
39 2 251
39 3 102
39 4 232
39 5 63
39 6 150
39 7 343
40 1 33
40 2 74
40 3 29
40 4 65
40 5 23
40 6 46
40 7 102
41 1 93
41 2 174
41 3 80
41 4 149
41 5 55
41 6 119
41 7 222
42 1 66
42 2 121
42 3 57
42 4 103
42 5 45
42 6 84
42 7 154
43 1 93
43 2 204
43 3 81
43 4 177
43 5 59
43 6 135
43 7 295
44 1 58
44 2 140
44 3 54
44 4 128
44 5 35
44 6 83
44 7 200
45 1 223
45 2 486
45 3 208
45 4 453
45 5 150
45 6 302
45 7 657
46 1 40
46 2 89
46 3 36
46 4 78
46 5 24
46 6 57
46 7 125
47 1 298
47 2 644
47 3 257
47 4 555
47 5 174
47 6 382
47 7 825
48 1 239
48 2 598
48 3 205
48 4 511
48 5 138
48 6 341
48 7 853
49 1 170
49 2 420
49 3 154
49 4 381
49 5 105
49 6 243
49 7 599
50 1 27
50 2 59
50 3 24
50 4 53
50 5 16
50 6 37
50 7 80

# Energy Consumption
1 1 0
1 2 49
1 3 0
1 4 29
1 5 8
1 6 0
1 7 30
2 1 0
2 2 196
2 3 0
2 4 137
2 5 36
2 6 0
2 7 158
3 1 0
3 2 63
3 3 0
3 4 48
3 5 10
3 6 0
3 7 49
4 1 0
4 2 61
4 3 0
4 4 47
4 5 10
4 6 0
4 7 41
5 1 0
5 2 24
5 3 0
5 4 20
5 5 5
5 6 0
5 7 17
6 1 0
6 2 66
6 3 0
6 4 52
6 5 13
6 6 0
6 7 46
7 1 0
7 2 112
7 3 0
7 4 78
7 5 18
7 6 0
7 7 81
8 1 0
8 2 145
8 3 0
8 4 106
8 5 25
8 6 0
8 7 108
9 1 0
9 2 32
9 3 0
9 4 26
9 5 8
9 6 0
9 7 22
10 1 0
10 2 84
10 3 0
10 4 64
10 5 16
10 6 0
10 7 57
11 1 0
11 2 98
11 3 0
11 4 66
11 5 20
11 6 0
11 7 68
12 1 0
12 2 16
12 3 0
12 4 12
12 5 4
12 6 0
12 7 11
13 1 0
13 2 123
13 3 0
13 4 75
13 5 19
13 6 0
13 7 85
14 1 0
14 2 89
14 3 0
14 4 56
14 5 17
14 6 0
14 7 57
15 1 0
15 2 114
15 3 0
15 4 86
15 5 20
15 6 0
15 7 88
16 1 0
16 2 59
16 3 0
16 4 48
16 5 13
16 6 0
16 7 40
17 1 0
17 2 89
17 3 0
17 4 61
17 5 16
17 6 0
17 7 58
18 1 0
18 2 67
18 3 0
18 4 44
18 5 10
18 6 0
18 7 46
19 1 0
19 2 54
19 3 0
19 4 33
19 5 11
19 6 0
19 7 38
20 1 0
20 2 14
20 3 0
20 4 10
20 5 3
20 6 0
20 7 10
21 1 0
21 2 116
21 3 0
21 4 86
21 5 20
21 6 0
21 7 86
22 1 0
22 2 92
22 3 0
22 4 58
22 5 14
22 6 0
22 7 53
23 1 0
23 2 112
23 3 0
23 4 83
23 5 16
23 6 0
23 7 75
24 1 0
24 2 181
24 3 0
24 4 129
24 5 29
24 6 0
24 7 159
25 1 0
25 2 133
25 3 0
25 4 78
25 5 24
25 6 0
25 7 98
26 1 0
26 2 56
26 3 0
26 4 34
26 5 8
26 6 0
26 7 43
27 1 0
27 2 139
27 3 0
27 4 100
27 5 30
27 6 0
27 7 111
28 1 0
28 2 65
28 3 0
28 4 49
28 5 11
28 6 0
28 7 55
29 1 0
29 2 40
29 3 0
29 4 26
29 5 6
29 6 0
29 7 25
30 1 0
30 2 133
30 3 0
30 4 100
30 5 25
30 6 0
30 7 109
31 1 0
31 2 118
31 3 0
31 4 73
31 5 19
31 6 0
31 7 78
32 1 0
32 2 14
32 3 0
32 4 10
32 5 3
32 6 0
32 7 10
33 1 0
33 2 32
33 3 0
33 4 24
33 5 6
33 6 0
33 7 22
34 1 0
34 2 147
34 3 0
34 4 100
34 5 20
34 6 0
34 7 105
35 1 0
35 2 79
35 3 0
35 4 43
35 5 12
35 6 0
35 7 46
36 1 0
36 2 121
36 3 0
36 4 69
36 5 20
36 6 0
36 7 64
37 1 0
37 2 129
37 3 0
37 4 91
37 5 26
37 6 0
37 7 114
38 1 0
38 2 153
38 3 0
38 4 100
38 5 21
38 6 0
38 7 95
39 1 0
39 2 76
39 3 0
39 4 48
39 5 10
39 6 0
39 7 45
40 1 0
40 2 19
40 3 0
40 4 14
40 5 4
40 6 0
40 7 15
41 1 0
41 2 49
41 3 0
41 4 32
41 5 9
41 6 0
41 7 31
42 1 0
42 2 34
42 3 0
42 4 21
42 5 7
42 6 0
42 7 22
43 1 0
43 2 57
43 3 0
43 4 38
43 5 10
43 6 0
43 7 43
44 1 0
44 2 39
44 3 0
44 4 26
44 5 6
44 6 0
44 7 27
45 1 0
45 2 110
45 3 0
45 4 87
45 5 22
45 6 0
45 7 95
46 1 0
46 2 25
46 3 0
46 4 17
46 5 4
46 6 0
46 7 18
47 1 0
47 2 151
47 3 0
47 4 113
47 5 28
47 6 0
47 7 122
48 1 0
48 2 153
48 3 0
48 4 111
48 5 21
48 6 0
48 7 125
49 1 0
49 2 121
49 3 0
49 4 73
49 5 16
49 6 0
49 7 84
50 1 0
50 2 18
50 3 0
50 4 10
50 5 3
50 6 0
50 7 11

# Precedence Relations
1 9
2 8
2 12
3 7
3 11
4 6
5 10
5 16
6 32
7 32
8 13
9 14
10 23
11 15
12 16
12 17
12 18
12 19
13 21
14 20
15 22
15 23
15 26
18 24
18 25
20 32
21 27
22 28
24 31
25 29
26 30
27 32
28 34
29 33
29 35
30 36
30 37
32 38
32 39
32 40
32 41
33 43
34 42
35 44
37 45
38 48
41 49
42 46
43 47
45 48
45 50

# Parameters
R_e = 0.0500
T = 1000.0
C_s = 4.0
C_w = 36.0
C_c = 5.0
