# Tasks
1 2 3 4 5 6 7 8 9 10 11 12 13 14 15 16 17 18 19 20 21 22 23 24 25 26 27 28 29 30 31 32 33 34 35 36 37 38 39 40 41 42 43 44 45 46 47 48 49 50 51 52 53

# Workstations
1 2 3 4 5 6 7 8 9 10 11 12 13 14 15 16 17 18 19 20 21 22 23 24 25 26 27 28 29 30 31 32 33 34 35 36 37 38 39 40 41 42 43 44 45 46 47 48 49 50 51 52 53

# Modes
1 2 3 4 5 6 7

# Processing Times
1 1 971
1 2 1983
1 3 1038
1 4 2119
1 5 431
1 6 1188
1 7 2426
2 1 142
2 2 290
2 3 152
2 4 310
2 5 64
2 6 174
2 7 355
3 1 142
3 2 290
3 3 152
3 4 310
3 5 64
3 6 174
3 7 355
4 1 142
4 2 290
4 3 152
4 4 310
4 5 64
4 6 174
4 7 355
5 1 103
5 2 211
5 3 111
5 4 226
5 5 46
5 6 126
5 7 259
6 1 96
6 2 196
6 3 103
6 4 210
6 5 43
6 6 118
6 7 240
7 1 99
7 2 203
7 3 106
7 4 217
7 5 44
7 6 122
7 7 249
8 1 1207
8 2 2464
8 3 1290
8 4 2633
8 5 536
8 6 1477
8 7 3014
9 1 160
9 2 327
9 3 171
9 4 350
9 5 72
9 6 196
9 7 400
10 1 180
10 2 368
10 3 193
10 4 394
10 5 80
10 6 221
10 7 451
11 1 82
11 2 168
11 3 88
11 4 180
11 5 37
11 6 101
11 7 206
12 1 60
12 2 123
12 3 65
12 4 132
12 5 27
12 6 74
12 7 151
13 1 112
13 2 229
13 3 120
13 4 245
13 5 50
13 6 137
13 7 281
14 1 420
14 2 858
14 3 449
14 4 917
14 5 187
14 6 514
14 7 1050
15 1 1556
15 2 3177
15 3 1663
15 4 3394
15 5 691
15 6 1903
15 7 3886
16 1 236
16 2 482
16 3 253
16 4 515
16 5 105
16 6 289
16 7 590
17 1 259
17 2 529
17 3 277
17 4 566
17 5 115
17 6 317
17 7 647
18 1 125
18 2 256
18 3 134
18 4 274
18 5 56
18 6 153
18 7 314
19 1 601
19 2 1227
19 3 643
19 4 1311
19 5 267
19 6 735
19 7 1501
20 1 80
20 2 164
20 3 86
20 4 176
20 5 36
20 6 98
20 7 201
21 1 80
21 2 164
21 3 86
21 4 176
21 5 36
21 6 98
21 7 201
22 1 70
22 2 143
22 3 75
22 4 153
22 5 32
22 6 86
22 7 175
23 1 89
23 2 182
23 3 96
23 4 195
23 5 40
23 6 109
23 7 223
24 1 89
24 2 182
24 3 96
24 4 195
24 5 40
24 6 109
24 7 223
25 1 105
25 2 215
25 3 113
25 4 230
25 5 47
25 6 129
25 7 263
26 1 330
26 2 674
26 3 353
26 4 721
26 5 147
26 6 404
26 7 825
27 1 132
27 2 270
27 3 142
27 4 289
27 5 59
27 6 162
27 7 331
28 1 69
28 2 141
28 3 74
28 4 151
28 5 31
28 6 85
28 7 173
29 1 99
29 2 203
29 3 106
29 4 217
29 5 44
29 6 122
29 7 249
30 1 70
30 2 143
30 3 75
30 4 153
30 5 32
30 6 86
30 7 175
31 1 70
31 2 143
31 3 75
31 4 153
31 5 32
31 6 86
31 7 175
32 1 158
32 2 323
32 3 169
32 4 346
32 5 71
32 6 194
32 7 395
33 1 191
33 2 390
33 3 205
33 4 417
33 5 85
33 6 234
33 7 477
34 1 70
34 2 143
34 3 75
34 4 153
34 5 32
34 6 86
34 7 175
35 1 53
35 2 109
35 3 57
35 4 117
35 5 24
35 6 65
35 7 134
36 1 50
36 2 103
36 3 54
36 4 111
36 5 23
36 6 62
36 7 126
37 1 125
37 2 256
37 3 134
37 4 274
37 5 56
37 6 153
37 7 314
38 1 353
38 2 721
38 3 378
38 4 771
38 5 157
38 6 432
38 7 882
39 1 70
39 2 143
39 3 75
39 4 153
39 5 32
39 6 86
39 7 175
40 1 128
40 2 262
40 3 137
40 4 280
40 5 57
40 6 157
40 7 321
41 1 65
41 2 133
41 3 70
41 4 143
41 5 29
41 6 80
41 7 163
42 1 1775
42 2 3624
42 3 1897
42 4 3872
42 5 788
42 6 2171
42 7 4432
43 1 91
43 2 186
43 3 98
43 4 199
43 5 41
43 6 112
43 7 228
44 1 91
44 2 186
44 3 98
44 4 199
44 5 41
44 6 112
44 7 228
45 1 113
45 2 231
45 3 121
45 4 247
45 5 51
45 6 139
45 7 283
46 1 487
46 2 995
46 3 521
46 4 1063
46 5 217
46 6 596
46 7 1217
47 1 138
47 2 282
47 3 148
47 4 302
47 5 62
47 6 169
47 7 345
48 1 80
48 2 164
48 3 86
48 4 176
48 5 36
48 6 98
48 7 201
49 1 80
49 2 164
49 3 86
49 4 176
49 5 36
49 6 98
49 7 201
50 1 65
50 2 133
50 3 70
50 4 143
50 5 29
50 6 80
50 7 163
51 1 40
51 2 82
51 3 43
51 4 88
51 5 18
51 6 49
51 7 101
52 1 742
52 2 1515
52 3 793
52 4 1619
52 5 330
52 6 908
52 7 1853
53 1 1085
53 2 2215
53 3 1160
53 4 2367
53 5 482
53 6 1327
53 7 2709

# Energy Consumption
1 1 0
1 2 491
1 3 0
1 4 463
1 5 64
1 6 0
1 7 351
2 1 0
2 2 73
2 3 0
2 4 67
2 5 10
2 6 0
2 7 49
3 1 0
3 2 66
3 3 0
3 4 60
3 5 10
3 6 0
3 7 44
4 1 0
4 2 83
4 3 0
4 4 67
4 5 10
4 6 0
4 7 46
5 1 0
5 2 55
5 3 0
5 4 48
5 5 8
5 6 0
5 7 35
6 1 0
6 2 45
6 3 0
6 4 40
6 5 7
6 6 0
6 7 34
7 1 0
7 2 59
7 3 0
7 4 44
7 5 7
7 6 0
7 7 35
8 1 0
8 2 643
8 3 0
8 4 516
8 5 77
8 6 0
8 7 425
9 1 0
9 2 90
9 3 0
9 4 76
9 5 11
9 6 0
9 7 60
10 1 0
10 2 95
10 3 0
10 4 81
10 5 12
10 6 0
10 7 60
11 1 0
11 2 39
11 3 0
11 4 33
11 5 6
11 6 0
11 7 31
12 1 0
12 2 30
12 3 0
12 4 25
12 5 5
12 6 0
12 7 21
13 1 0
13 2 60
13 3 0
13 4 50
13 5 8
13 6 0
13 7 37
14 1 0
14 2 255
14 3 0
14 4 183
14 5 27
14 6 0
14 7 153
15 1 0
15 2 929
15 3 0
15 4 708
15 5 109
15 6 0
15 7 480
16 1 0
16 2 117
16 3 0
16 4 109
16 5 15
16 6 0
16 7 74
17 1 0
17 2 147
17 3 0
17 4 114
17 5 17
17 6 0
17 7 90
18 1 0
18 2 63
18 3 0
18 4 54
18 5 9
18 6 0
18 7 45
19 1 0
19 2 312
19 3 0
19 4 267
19 5 42
19 6 0
19 7 207
20 1 0
20 2 46
20 3 0
20 4 35
20 5 6
20 6 0
20 7 29
21 1 0
21 2 45
21 3 0
21 4 39
21 5 6
21 6 0
21 7 27
22 1 0
22 2 39
22 3 0
22 4 28
22 5 5
22 6 0
22 7 26
23 1 0
23 2 46
23 3 0
23 4 36
23 5 7
23 6 0
23 7 33
24 1 0
24 2 45
24 3 0
24 4 41
24 5 6
24 6 0
24 7 29
25 1 0
25 2 59
25 3 0
25 4 46
25 5 7
25 6 0
25 7 35
26 1 0
26 2 167
26 3 0
26 4 133
26 5 22
26 6 0
26 7 111
27 1 0
27 2 79
27 3 0
27 4 58
27 5 10
27 6 0
27 7 43
28 1 0
28 2 42
28 3 0
28 4 33
28 5 5
28 6 0
28 7 23
29 1 0
29 2 57
29 3 0
29 4 46
29 5 7
29 6 0
29 7 34
30 1 0
30 2 40
30 3 0
30 4 33
30 5 6
30 6 0
30 7 26
31 1 0
31 2 34
31 3 0
31 4 30
31 5 5
31 6 0
31 7 24
32 1 0
32 2 74
32 3 0
32 4 70
32 5 11
32 6 0
32 7 48
33 1 0
33 2 97
33 3 0
33 4 85
33 5 14
33 6 0
33 7 62
34 1 0
34 2 35
34 3 0
34 4 32
34 5 5
34 6 0
34 7 26
35 1 0
35 2 29
35 3 0
35 4 26
35 5 4
35 6 0
35 7 17
36 1 0
36 2 27
36 3 0
36 4 22
36 5 4
36 6 0
36 7 17
37 1 0
37 2 60
37 3 0
37 4 56
37 5 9
37 6 0
37 7 42
38 1 0
38 2 207
38 3 0
38 4 144
38 5 23
38 6 0
38 7 126
39 1 0
39 2 38
39 3 0
39 4 29
39 5 5
39 6 0
39 7 24
40 1 0
40 2 74
40 3 0
40 4 60
40 5 9
40 6 0
40 7 41
41 1 0
41 2 32
41 3 0
41 4 28
41 5 5
41 6 0
41 7 23
42 1 0
42 2 1066
42 3 0
42 4 768
42 5 119
42 6 0
42 7 646
43 1 0
43 2 44
43 3 0
43 4 44
43 5 7
43 6 0
43 7 29
44 1 0
44 2 43
44 3 0
44 4 42
44 5 7
44 6 0
44 7 32
45 1 0
45 2 66
45 3 0
45 4 47
45 5 8
45 6 0
45 7 36
46 1 0
46 2 287
46 3 0
46 4 234
46 5 35
46 6 0
46 7 149
47 1 0
47 2 67
47 3 0
47 4 58
47 5 10
47 6 0
47 7 49
48 1 0
48 2 45
48 3 0
48 4 36
48 5 6
48 6 0
48 7 28
49 1 0
49 2 47
49 3 0
49 4 34
49 5 6
49 6 0
49 7 25
50 1 0
50 2 33
50 3 0
50 4 31
50 5 5
50 6 0
50 7 20
51 1 0
51 2 20
51 3 0
51 4 17
51 5 3
51 6 0
51 7 15
52 1 0
52 2 400
52 3 0
52 4 307
52 5 49
52 6 0
52 7 238
53 1 0
53 2 548
53 3 0
53 4 469
53 5 71
53 6 0
53 7 350

# Precedence Relations
1 2
1 3
1 4
1 5
1 6
1 7
2 36
3 36
4 9
5 9
6 9
7 9
8 9
9 10
10 11
11 12
12 13
12 14
12 15
13 16
13 17
13 18
14 22
15 16
15 17
16 29
16 30
16 31
17 19
18 42
19 20
19 21
19 22
20 23
21 24
22 25
23 36
24 36
25 26
26 27
27 28
28 29
28 30
28 31
28 32
28 33
28 34
29 35
30 35
31 35
32 35
33 35
34 35
35 36
36 37
37 38
37 39
37 40
38 41
39 41
40 41
41 42
42 43
42 44
42 45
42 46
42 47
43 48
44 49
45 51
45 52
46 50
47 51
47 52
48 51
48 52
49 51
49 52
50 51
50 52
51 53
52 53

# Parameters
R_e = 0.0500
T = 10000.0
C_s = 4.0
C_w = 36.0
C_c = 5.0
