# Tasks
1 2 3 4 5 6 7 8 9 10 11 12 13 14 15 16 17 18 19 20 21 22 23 24 25 26 27 28 29 30 31 32 33 34 35 36 37 38 39 40 41 42 43 44 45 46 47 48 49 50 51 52 53 54 55 56 57 58 59 60 61 62 63 64 65 66 67 68 69 70 71 72 73 74 75 76 77 78 79 80 81 82 83 84 85 86 87 88 89 90 91 92 93 94 95 96 97 98 99 100

# Workstations
1 2 3 4 5 6 7 8 9 10 11 12 13 14 15 16 17 18 19 20 21 22 23 24 25 26 27 28 29 30 31 32 33 34 35 36 37 38 39 40 41 42 43 44 45 46 47 48 49 50 51 52 53 54 55 56 57 58 59 60 61 62 63 64 65 66 67 68 69 70 71 72 73 74 75 76 77 78 79 80 81 82 83 84 85 86 87 88 89 90 91 92 93 94 95 96 97 98 99 100

# Modes
1 2 3 4 5 6 7

# Processing Times
1 1 113
1 2 111
1 3 122
1 4 120
1 5 95
1 6 145
1 7 143
2 1 98
2 2 92
2 3 105
2 4 99
2 5 88
2 6 134
2 7 126
3 1 238
3 2 247
3 3 256
3 4 266
3 5 226
3 6 331
3 7 344
4 1 175
4 2 172
4 3 191
4 4 188
4 5 142
4 6 231
4 7 227
5 1 99
5 2 107
5 3 109
5 4 117
5 5 94
5 6 138
5 7 149
6 1 188
6 2 169
6 3 205
6 4 184
6 5 152
6 6 247
6 7 222
7 1 207
7 2 205
7 3 223
7 4 221
7 5 193
7 6 280
7 7 277
8 1 125
8 2 126
8 3 134
8 4 135
8 5 112
8 6 159
8 7 161
9 1 126
9 2 134
9 3 137
9 4 146
9 5 105
9 6 181
9 7 192
10 1 106
10 2 105
10 3 116
10 4 115
10 5 96
10 6 151
10 7 150
11 1 43
11 2 45
11 3 46
11 4 48
11 5 38
11 6 56
11 7 58
12 1 175
12 2 150
12 3 186
12 4 159
12 5 162
12 6 230
12 7 197
13 1 53
13 2 51
13 3 59
13 4 57
13 5 45
13 6 72
13 7 69
14 1 29
14 2 28
14 3 32
14 4 31
14 5 26
14 6 41
14 7 40
15 1 181
15 2 174
15 3 198
15 4 190
15 5 148
15 6 238
15 7 229
16 1 164
16 2 178
16 3 181
16 4 196
16 5 153
16 6 234
16 7 254
17 1 230
17 2 213
17 3 246
17 4 228
17 5 193
17 6 330
17 7 305
18 1 134
18 2 121
18 3 146
18 4 132
18 5 121
18 6 180
18 7 163
19 1 186
19 2 203
19 3 201
19 4 219
19 5 174
19 6 252
19 7 275
20 1 150
20 2 130
20 3 164
20 4 142
20 5 126
20 6 193
20 7 167
21 1 86
21 2 82
21 3 92
21 4 88
21 5 78
21 6 114
21 7 108
22 1 182
22 2 168
22 3 192
22 4 178
22 5 165
22 6 228
22 7 211
23 1 184
23 2 196
23 3 194
23 4 207
23 5 152
23 6 256
23 7 272
24 1 131
24 2 118
24 3 141
24 4 127
24 5 107
24 6 171
24 7 154
25 1 197
25 2 199
25 3 211
25 4 213
25 5 163
25 6 259
25 7 262
26 1 115
26 2 121
26 3 124
26 4 130
26 5 98
26 6 146
26 7 154
27 1 198
27 2 181
27 3 212
27 4 194
27 5 186
27 6 281
27 7 257
28 1 125
28 2 107
28 3 133
28 4 114
28 5 104
28 6 178
28 7 152
29 1 31
29 2 28
29 3 33
29 4 30
29 5 27
29 6 40
29 7 36
30 1 80
30 2 71
30 3 85
30 4 76
30 5 65
30 6 109
30 7 97
31 1 79
31 2 83
31 3 85
31 4 89
31 5 68
31 6 107
31 7 113
32 1 240
32 2 233
32 3 253
32 4 246
32 5 220
32 6 314
32 7 305
33 1 80
33 2 76
33 3 85
33 4 80
33 5 76
33 6 102
33 7 97
34 1 235
34 2 223
34 3 252
34 4 239
34 5 202
34 6 321
34 7 305
35 1 43
35 2 43
35 3 46
35 4 46
35 5 37
35 6 56
35 7 56
36 1 348
36 2 340
36 3 380
36 4 371
36 5 327
36 6 491
36 7 480
37 1 113
37 2 116
37 3 119
37 4 122
37 5 91
37 6 144
37 7 147
38 1 64
38 2 61
38 3 70
38 4 67
38 5 52
38 6 88
38 7 84
39 1 94
39 2 98
39 3 104
39 4 108
39 5 88
39 6 124
39 7 129
40 1 126
40 2 118
40 3 137
40 4 129
40 5 116
40 6 183
40 7 171
41 1 218
41 2 229
41 3 238
41 4 250
41 5 206
41 6 286
41 7 300
42 1 98
42 2 103
42 3 106
42 4 112
42 5 82
42 6 141
42 7 148
43 1 34
43 2 34
43 3 38
43 4 38
43 5 29
43 6 50
43 7 50
44 1 117
44 2 123
44 3 129
44 4 135
44 5 107
44 6 153
44 7 161
45 1 172
45 2 150
45 3 182
45 4 158
45 5 156
45 6 233
45 7 203
46 1 144
46 2 152
46 3 156
46 4 164
46 5 120
46 6 208
46 7 219
47 1 198
47 2 182
47 3 213
47 4 195
47 5 170
47 6 278
47 7 255
48 1 29
48 2 29
48 3 32
48 4 32
48 5 24
48 6 37
48 7 37
49 1 76
49 2 73
49 3 80
49 4 77
49 5 71
49 6 107
49 7 103
50 1 68
50 2 63
50 3 75
50 4 69
50 5 60
50 6 89
50 7 83
51 1 41
51 2 37
51 3 45
51 4 41
51 5 39
51 6 52
51 7 47
52 1 224
52 2 208
52 3 241
52 4 223
52 5 210
52 6 283
52 7 263
53 1 119
53 2 126
53 3 129
53 4 137
53 5 104
53 6 162
53 7 172
54 1 263
54 2 233
54 3 278
54 4 246
54 5 241
54 6 333
54 7 295
55 1 90
55 2 95
55 3 96
55 4 101
55 5 85
55 6 127
55 7 134
56 1 26
56 2 25
56 3 28
56 4 27
56 5 22
56 6 34
56 7 33
57 1 202
57 2 191
57 3 223
57 4 211
57 5 167
57 6 261
57 7 247
58 1 90
58 2 83
58 3 96
58 4 89
58 5 84
58 6 116
58 7 107
59 1 59
59 2 55
59 3 65
59 4 61
59 5 53
59 6 85
59 7 79
60 1 257
60 2 231
60 3 279
60 4 251
60 5 217
60 6 330
60 7 297
61 1 229
61 2 245
61 3 243
61 4 260
61 5 200
61 6 311
61 7 333
62 1 21
62 2 22
62 3 23
62 4 24
62 5 20
62 6 29
62 7 30
63 1 162
63 2 161
63 3 176
63 4 175
63 5 141
63 6 230
63 7 228
64 1 79
64 2 75
64 3 87
64 4 83
64 5 69
64 6 113
64 7 108
65 1 257
65 2 242
65 3 280
65 4 264
65 5 213
65 6 323
65 7 304
66 1 195
66 2 214
66 3 209
66 4 229
66 5 170
66 6 247
66 7 271
67 1 316
67 2 292
67 3 336
67 4 311
67 5 295
67 6 415
67 7 383
68 1 67
68 2 64
68 3 72
68 4 69
68 5 64
68 6 96
68 7 92
69 1 104
69 2 104
69 3 111
69 4 111
69 5 97
69 6 143
69 7 143
70 1 157
70 2 148
70 3 170
70 4 161
70 5 146
70 6 221
70 7 209
71 1 69
71 2 69
71 3 76
71 4 76
71 5 62
71 6 89
71 7 89
72 1 190
72 2 175
72 3 205
72 4 188
72 5 156
72 6 243
72 7 224
73 1 75
73 2 73
73 3 82
73 4 80
73 5 70
73 6 95
73 7 93
74 1 281
74 2 299
74 3 309
74 4 328
74 5 246
74 6 389
74 7 414
75 1 60
75 2 60
75 3 65
75 4 65
75 5 55
75 6 83
75 7 83
76 1 67
76 2 61
76 3 73
76 4 67
76 5 56
76 6 94
76 7 86
77 1 265
77 2 275
77 3 281
77 4 292
77 5 221
77 6 346
77 7 359
78 1 195
78 2 189
78 3 215
78 4 208
78 5 171
78 6 277
78 7 269
79 1 231
79 2 252
79 3 249
79 4 271
79 5 219
79 6 297
79 7 324
80 1 152
80 2 141
80 3 166
80 4 154
80 5 130
80 6 207
80 7 192
81 1 417
81 2 445
81 3 456
81 4 486
81 5 341
81 6 535
81 7 571
82 1 104
82 2 91
82 3 110
82 4 96
82 5 87
82 6 150
82 7 131
83 1 118
83 2 104
83 3 126
83 4 111
83 5 97
83 6 167
83 7 147
84 1 154
84 2 133
84 3 170
84 4 147
84 5 140
84 6 196
84 7 170
85 1 202
85 2 174
85 3 215
85 4 185
85 5 180
85 6 286
85 7 247
86 1 164
86 2 180
86 3 176
86 4 194
86 5 139
86 6 208
86 7 228
87 1 153
87 2 155
87 3 162
87 4 164
87 5 142
87 6 199
87 7 202
88 1 194
88 2 184
88 3 213
88 4 202
88 5 158
88 6 245
88 7 232
89 1 196
89 2 188
89 3 215
89 4 206
89 5 184
89 6 267
89 7 256
90 1 144
90 2 136
90 3 156
90 4 148
90 5 130
90 6 182
90 7 172
91 1 47
91 2 51
91 3 51
91 4 55
91 5 43
91 6 62
91 7 67
92 1 217
92 2 233
92 3 234
92 4 251
92 5 179
92 6 287
92 7 308
93 1 41
93 2 37
93 3 44
93 4 40
93 5 34
93 6 57
93 7 52
94 1 200
94 2 175
94 3 213
94 4 187
94 5 179
94 6 272
94 7 238
95 1 144
95 2 135
95 3 157
95 4 147
95 5 123
95 6 204
95 7 192
96 1 114
96 2 108
96 3 122
96 4 116
96 5 104
96 6 150
96 7 142
97 1 165
97 2 163
97 3 179
97 4 177
97 5 149
97 6 219
97 7 217
98 1 29
98 2 26
98 3 32
98 4 29
98 5 25
98 6 38
98 7 34
99 1 36
99 2 37
99 3 40
99 4 41
99 5 32
99 6 49
99 7 51
100 1 77
100 2 79
100 3 85
100 4 87
100 5 73
100 6 102
100 7 105

# Energy Consumption
1 1 0
1 2 25
1 3 0
1 4 26
1 5 16
1 6 0
1 7 21
2 1 0
2 2 25
2 3 0
2 4 22
2 5 14
2 6 0
2 7 18
3 1 0
3 2 55
3 3 0
3 4 52
3 5 33
3 6 0
3 7 43
4 1 0
4 2 52
4 3 0
4 4 37
4 5 21
4 6 0
4 7 30
5 1 0
5 2 27
5 3 0
5 4 24
5 5 15
5 6 0
5 7 20
6 1 0
6 2 41
6 3 0
6 4 35
6 5 24
6 6 0
6 7 31
7 1 0
7 2 59
7 3 0
7 4 44
7 5 30
7 6 0
7 7 42
8 1 0
8 2 33
8 3 0
8 4 28
8 5 18
8 6 0
8 7 21
9 1 0
9 2 37
9 3 0
9 4 32
9 5 17
9 6 0
9 7 24
10 1 0
10 2 26
10 3 0
10 4 26
10 5 15
10 6 0
10 7 20
11 1 0
11 2 12
11 3 0
11 4 9
11 5 6
11 6 0
11 7 9
12 1 0
12 2 34
12 3 0
12 4 35
12 5 25
12 6 0
12 7 26
13 1 0
13 2 14
13 3 0
13 4 11
13 5 7
13 6 0
13 7 10
14 1 0
14 2 8
14 3 0
14 4 6
14 5 5
14 6 0
14 7 6
15 1 0
15 2 48
15 3 0
15 4 41
15 5 23
15 6 0
15 7 30
16 1 0
16 2 51
16 3 0
16 4 38
16 5 25
16 6 0
16 7 36
17 1 0
17 2 53
17 3 0
17 4 47
17 5 31
17 6 0
17 7 46
18 1 0
18 2 33
18 3 0
18 4 27
18 5 19
18 6 0
18 7 21
19 1 0
19 2 46
19 3 0
19 4 44
19 5 26
19 6 0
19 7 34
20 1 0
20 2 33
20 3 0
20 4 30
20 5 19
20 6 0
20 7 23
21 1 0
21 2 23
21 3 0
21 4 18
21 5 12
21 6 0
21 7 16
22 1 0
22 2 43
22 3 0
22 4 38
22 5 25
22 6 0
22 7 32
23 1 0
23 2 54
23 3 0
23 4 44
23 5 24
23 6 0
23 7 37
24 1 0
24 2 31
24 3 0
24 4 24
24 5 18
24 6 0
24 7 21
25 1 0
25 2 53
25 3 0
25 4 45
25 5 23
25 6 0
25 7 34
26 1 0
26 2 35
26 3 0
26 4 29
26 5 15
26 6 0
26 7 20
27 1 0
27 2 46
27 3 0
27 4 37
27 5 29
27 6 0
27 7 37
28 1 0
28 2 27
28 3 0
28 4 25
28 5 16
28 6 0
28 7 20
29 1 0
29 2 7
29 3 0
29 4 6
29 5 5
29 6 0
29 7 5
30 1 0
30 2 20
30 3 0
30 4 16
30 5 10
30 6 0
30 7 12
31 1 0
31 2 23
31 3 0
31 4 17
31 5 11
31 6 0
31 7 17
32 1 0
32 2 66
32 3 0
32 4 45
32 5 35
32 6 0
32 7 39
33 1 0
33 2 23
33 3 0
33 4 16
33 5 12
33 6 0
33 7 14
34 1 0
34 2 65
34 3 0
34 4 50
34 5 30
34 6 0
34 7 38
35 1 0
35 2 12
35 3 0
35 4 10
35 5 6
35 6 0
35 7 7
36 1 0
36 2 80
36 3 0
36 4 76
36 5 53
36 6 0
36 7 68
37 1 0
37 2 32
37 3 0
37 4 27
37 5 14
37 6 0
37 7 20
38 1 0
38 2 14
38 3 0
38 4 14
38 5 9
38 6 0
38 7 11
39 1 0
39 2 29
39 3 0
39 4 23
39 5 13
39 6 0
39 7 17
40 1 0
40 2 33
40 3 0
40 4 24
40 5 19
40 6 0
40 7 23
41 1 0
41 2 56
41 3 0
41 4 50
41 5 30
41 6 0
41 7 40
42 1 0
42 2 24
42 3 0
42 4 23
42 5 12
42 6 0
42 7 19
43 1 0
43 2 8
43 3 0
43 4 9
43 5 5
43 6 0
43 7 8
44 1 0
44 2 31
44 3 0
44 4 30
44 5 16
44 6 0
44 7 24
45 1 0
45 2 42
45 3 0
45 4 29
45 5 24
45 6 0
45 7 31
46 1 0
46 2 46
46 3 0
46 4 35
46 5 18
46 6 0
46 7 31
47 1 0
47 2 44
47 3 0
47 4 40
47 5 27
47 6 0
47 7 35
48 1 0
48 2 9
48 3 0
48 4 7
48 5 4
48 6 0
48 7 5
49 1 0
49 2 19
49 3 0
49 4 17
49 5 12
49 6 0
49 7 15
50 1 0
50 2 18
50 3 0
50 4 14
50 5 10
50 6 0
50 7 12
51 1 0
51 2 11
51 3 0
51 4 9
51 5 6
51 6 0
51 7 7
52 1 0
52 2 57
52 3 0
52 4 45
52 5 31
52 6 0
52 7 37
53 1 0
53 2 36
53 3 0
53 4 29
53 5 16
53 6 0
53 7 24
54 1 0
54 2 56
54 3 0
54 4 51
54 5 39
54 6 0
54 7 40
55 1 0
55 2 28
55 3 0
55 4 20
55 5 14
55 6 0
55 7 19
56 1 0
56 2 8
56 3 0
56 4 6
56 5 4
56 6 0
56 7 5
57 1 0
57 2 47
57 3 0
57 4 44
57 5 25
57 6 0
57 7 35
58 1 0
58 2 24
58 3 0
58 4 18
58 5 13
58 6 0
58 7 16
59 1 0
59 2 15
59 3 0
59 4 12
59 5 8
59 6 0
59 7 11
60 1 0
60 2 59
60 3 0
60 4 53
60 5 33
60 6 0
60 7 43
61 1 0
61 2 58
61 3 0
61 4 58
61 5 29
61 6 0
61 7 47
62 1 0
62 2 6
62 3 0
62 4 5
62 5 3
62 6 0
62 7 4
63 1 0
63 2 37
63 3 0
63 4 35
63 5 20
63 6 0
63 7 34
64 1 0
64 2 20
64 3 0
64 4 17
64 5 11
64 6 0
64 7 16
65 1 0
65 2 57
65 3 0
65 4 52
65 5 31
65 6 0
65 7 39
66 1 0
66 2 48
66 3 0
66 4 42
66 5 25
66 6 0
66 7 35
67 1 0
67 2 77
67 3 0
67 4 65
67 5 44
67 6 0
67 7 50
68 1 0
68 2 16
68 3 0
68 4 14
68 5 10
68 6 0
68 7 14
69 1 0
69 2 26
69 3 0
69 4 22
69 5 15
69 6 0
69 7 18
70 1 0
70 2 42
70 3 0
70 4 32
70 5 22
70 6 0
70 7 29
71 1 0
71 2 16
71 3 0
71 4 16
71 5 9
71 6 0
71 7 14
72 1 0
72 2 49
72 3 0
72 4 36
72 5 25
72 6 0
72 7 33
73 1 0
73 2 18
73 3 0
73 4 17
73 5 11
73 6 0
73 7 14
74 1 0
74 2 67
74 3 0
74 4 62
74 5 37
74 6 0
74 7 59
75 1 0
75 2 14
75 3 0
75 4 13
75 5 9
75 6 0
75 7 13
76 1 0
76 2 16
76 3 0
76 4 14
76 5 9
76 6 0
76 7 12
77 1 0
77 2 79
77 3 0
77 4 64
77 5 32
77 6 0
77 7 53
78 1 0
78 2 54
78 3 0
78 4 42
78 5 26
78 6 0
78 7 40
79 1 0
79 2 71
79 3 0
79 4 50
79 5 34
79 6 0
79 7 44
80 1 0
80 2 33
80 3 0
80 4 32
80 5 19
80 6 0
80 7 24
81 1 0
81 2 111
81 3 0
81 4 106
81 5 54
81 6 0
81 7 81
82 1 0
82 2 23
82 3 0
82 4 19
82 5 14
82 6 0
82 7 17
83 1 0
83 2 31
83 3 0
83 4 25
83 5 15
83 6 0
83 7 21
84 1 0
84 2 32
84 3 0
84 4 31
84 5 21
84 6 0
84 7 21
85 1 0
85 2 51
85 3 0
85 4 35
85 5 29
85 6 0
85 7 33
86 1 0
86 2 46
86 3 0
86 4 37
86 5 22
86 6 0
86 7 32
87 1 0
87 2 47
87 3 0
87 4 32
87 5 21
87 6 0
87 7 26
88 1 0
88 2 42
88 3 0
88 4 44
88 5 23
88 6 0
88 7 30
89 1 0
89 2 49
89 3 0
89 4 44
89 5 30
89 6 0
89 7 32
90 1 0
90 2 40
90 3 0
90 4 31
90 5 20
90 6 0
90 7 26
91 1 0
91 2 16
91 3 0
91 4 12
91 5 7
91 6 0
91 7 10
92 1 0
92 2 56
92 3 0
92 4 55
92 5 26
92 6 0
92 7 45
93 1 0
93 2 10
93 3 0
93 4 9
93 5 5
93 6 0
93 7 8
94 1 0
94 2 40
94 3 0
94 4 41
94 5 28
94 6 0
94 7 31
95 1 0
95 2 38
95 3 0
95 4 30
95 5 18
95 6 0
95 7 29
96 1 0
96 2 27
96 3 0
96 4 21
96 5 17
96 6 0
96 7 19
97 1 0
97 2 44
97 3 0
97 4 39
97 5 23
97 6 0
97 7 31
98 1 0
98 2 7
98 3 0
98 4 6
98 5 4
98 6 0
98 7 6
99 1 0
99 2 10
99 3 0
99 4 9
99 5 5
99 6 0
99 7 7
100 1 0
100 2 20
100 3 0
100 4 20
100 5 11
100 6 0
100 7 13

# Precedence Relations
1 41
2 41
3 34
4 10
4 14
5 15
6 16
6 17
6 18
7 13
8 11
8 12
9 19
10 41
11 34
12 34
13 34
14 29
15 22
15 27
16 23
16 26
16 28
16 31
17 24
18 20
18 21
18 25
18 30
20 41
21 41
22 41
23 34
24 34
25 34
26 34
27 35
28 36
29 37
30 32
30 33
30 38
31 39
31 40
32 41
33 41
34 42
34 43
34 44
34 45
35 47
36 46
37 48
41 49
41 50
41 51
41 52
44 56
46 53
48 54
48 55
48 57
49 58
49 59
49 60
50 62
53 61
57 63
58 64
59 65
60 66
61 67
62 68
62 69
62 70
64 73
65 75
66 71
67 72
69 78
70 74
70 76
70 77
70 79
71 82
72 81
74 80
74 84
74 85
79 83
80 87
81 86
82 90
83 88
83 89
83 91
83 92
84 93
86 94
87 96
88 95
90 98
90 100
91 97
92 99

# Parameters
R_e = 0.0500
T = 1000.0
C_s = 4.0
C_w = 36.0
C_c = 5.0
