# Tasks
1 2 3 4 5 6 7 8 9 10 11 12 13 14 15 16 17 18 19 20

# Workstations
1 2 3 4 5 6 7 8 9 10 11 12 13 14 15 16 17 18 19 20

# Modes
1 2 3 4 5 6 7

# Processing Times
1 1 141
1 2 215
1 3 143
1 4 218
1 5 62
1 6 189
1 7 289
2 1 118
2 2 154
2 3 122
2 4 159
2 5 46
2 6 149
2 7 194
3 1 136
3 2 208
3 3 136
3 4 207
3 5 49
3 6 186
3 7 284
4 1 117
4 2 164
4 3 116
4 4 163
4 5 51
4 6 165
4 7 231
5 1 140
5 2 205
5 3 140
5 4 205
5 5 49
5 6 201
5 7 294
6 1 194
6 2 243
6 3 186
6 4 233
6 5 61
6 6 258
6 7 323
7 1 110
7 2 136
7 3 109
7 4 134
7 5 36
7 6 152
7 7 188
8 1 69
8 2 92
8 3 70
8 4 93
8 5 30
8 6 97
8 7 129
9 1 80
9 2 125
9 3 78
9 4 121
9 5 35
9 6 113
9 7 176
10 1 219
10 2 292
10 3 220
10 4 293
10 5 83
10 6 306
10 7 407
11 1 155
11 2 226
11 3 157
11 4 229
11 5 64
11 6 209
11 7 304
12 1 168
12 2 243
12 3 175
12 4 252
12 5 56
12 6 237
12 7 342
13 1 60
13 2 89
13 3 62
13 4 91
13 5 21
13 6 78
13 7 115
14 1 185
14 2 293
14 3 186
14 4 294
14 5 76
14 6 259
14 7 409
15 1 218
15 2 328
15 3 228
15 4 342
15 5 68
15 6 306
15 7 460
16 1 192
16 2 291
16 3 193
16 4 292
16 5 66
16 6 258
16 7 391
17 1 148
17 2 233
17 3 150
17 4 236
17 5 56
17 6 207
17 7 326
18 1 102
18 2 140
18 3 104
18 4 143
18 5 42
18 6 137
18 7 188
19 1 214
19 2 325
19 3 212
19 4 321
19 5 72
19 6 288
19 7 438
20 1 140
20 2 199
20 3 139
20 4 197
20 5 52
20 6 196
20 7 279

# Energy Consumption
1 1 0
1 2 49
1 3 0
1 4 44
1 5 9
1 6 0
1 7 41
2 1 0
2 2 35
2 3 0
2 4 33
2 5 7
2 6 0
2 7 26
3 1 0
3 2 61
3 3 0
3 4 39
3 5 8
3 6 0
3 7 35
4 1 0
4 2 39
4 3 0
4 4 35
4 5 8
4 6 0
4 7 32
5 1 0
5 2 56
5 3 0
5 4 39
5 5 8
5 6 0
5 7 41
6 1 0
6 2 67
6 3 0
6 4 50
6 5 9
6 6 0
6 7 43
7 1 0
7 2 37
7 3 0
7 4 29
7 5 6
7 6 0
7 7 25
8 1 0
8 2 26
8 3 0
8 4 21
8 5 5
8 6 0
8 7 16
9 1 0
9 2 31
9 3 0
9 4 23
9 5 5
9 6 0
9 7 23
10 1 0
10 2 74
10 3 0
10 4 57
10 5 13
10 6 0
10 7 58
11 1 0
11 2 65
11 3 0
11 4 42
11 5 10
11 6 0
11 7 43
12 1 0
12 2 61
12 3 0
12 4 53
12 5 9
12 6 0
12 7 42
13 1 0
13 2 23
13 3 0
13 4 19
13 5 4
13 6 0
13 7 16
14 1 0
14 2 70
14 3 0
14 4 56
14 5 12
14 6 0
14 7 61
15 1 0
15 2 89
15 3 0
15 4 67
15 5 10
15 6 0
15 7 67
16 1 0
16 2 66
16 3 0
16 4 56
16 5 11
16 6 0
16 7 48
17 1 0
17 2 69
17 3 0
17 4 45
17 5 9
17 6 0
17 7 48
18 1 0
18 2 34
18 3 0
18 4 32
18 5 7
18 6 0
18 7 24
19 1 0
19 2 92
19 3 0
19 4 63
19 5 11
19 6 0
19 7 63
20 1 0
20 2 60
20 3 0
20 4 41
20 5 9
20 6 0
20 7 34

# Precedence Relations
1 5
2 7
3 6
3 10
4 8
4 9
4 10
5 13
6 11
7 12
8 18
9 15
10 13
11 15
12 15
13 14
13 15
14 16
15 17
15 18
15 19
16 20
17 20
18 20
19 20

# Parameters
R_e = 0.0500
T = 1000.0
C_s = 4.0
C_w = 36.0
C_c = 5.0
