# Tasks
1 2 3 4 5 6 7 8 9 10 11 12 13 14 15 16 17 18 19 20 21 22 23 24 25 26 27 28 29

# Workstations
1 2 3 4 5 6 7 8 9 10 11 12 13 14 15 16 17 18 19 20 21 22 23 24 25 26 27 28 29

# Modes
1 2 3 4 5 6 7

# Processing Times
1 1 7
1 2 15
1 3 7
1 4 15
1 5 7
1 6 8
1 7 17
2 1 19
2 2 40
2 3 19
2 4 40
2 5 17
2 6 21
2 7 44
3 1 15
3 2 32
3 3 15
3 4 32
3 5 14
3 6 17
3 7 35
4 1 5
4 2 11
4 3 5
4 4 11
4 5 5
4 6 6
4 7 13
5 1 12
5 2 26
5 3 12
5 4 26
5 5 11
5 6 14
5 7 29
6 1 10
6 2 21
6 3 10
6 4 21
6 5 9
6 6 11
6 7 23
7 1 8
7 2 17
7 3 8
7 4 17
7 5 8
7 6 9
7 7 19
8 1 16
8 2 34
8 3 16
8 4 34
8 5 15
8 6 18
8 7 38
9 1 2
9 2 5
9 3 2
9 4 5
9 5 2
9 6 3
9 7 6
10 1 6
10 2 13
10 3 6
10 4 13
10 5 6
10 6 7
10 7 15
11 1 21
11 2 45
11 3 21
11 4 45
11 5 19
11 6 23
11 7 50
12 1 10
12 2 21
12 3 10
12 4 21
12 5 9
12 6 11
12 7 23
13 1 9
13 2 19
13 3 9
13 4 19
13 5 9
13 6 10
13 7 21
14 1 4
14 2 9
14 3 4
14 4 9
14 5 4
14 6 5
14 7 10
15 1 14
15 2 30
15 3 14
15 4 30
15 5 13
15 6 16
15 7 33
16 1 7
16 2 15
16 3 7
16 4 15
16 5 7
16 6 8
16 7 17
17 1 14
17 2 30
17 3 14
17 4 30
17 5 13
17 6 16
17 7 33
18 1 17
18 2 36
18 3 17
18 4 36
18 5 16
18 6 19
18 7 40
19 1 10
19 2 21
19 3 10
19 4 21
19 5 9
19 6 11
19 7 23
20 1 16
20 2 34
20 3 16
20 4 34
20 5 15
20 6 18
20 7 38
21 1 1
21 2 3
21 3 1
21 4 3
21 5 1
21 6 2
21 7 4
22 1 9
22 2 19
22 3 9
22 4 19
22 5 9
22 6 10
22 7 21
23 1 25
23 2 53
23 3 25
23 4 53
23 5 23
23 6 28
23 7 58
24 1 14
24 2 30
24 3 14
24 4 30
24 5 13
24 6 16
24 7 33
25 1 14
25 2 30
25 3 14
25 4 30
25 5 13
25 6 16
25 7 33
26 1 2
26 2 5
26 3 2
26 4 5
26 5 2
26 6 3
26 7 6
27 1 10
27 2 21
27 3 10
27 4 21
27 5 9
27 6 11
27 7 23
28 1 7
28 2 15
28 3 7
28 4 15
28 5 7
28 6 8
28 7 17
29 1 20
29 2 42
29 3 20
29 4 42
29 5 18
29 6 22
29 7 46

# Energy Consumption
1 1 0
1 2 4
1 3 0
1 4 4
1 5 2
1 6 0
1 7 3
2 1 0
2 2 11
2 3 0
2 4 9
2 5 3
2 6 0
2 7 7
3 1 0
3 2 9
3 3 0
3 4 7
3 5 3
3 6 0
3 7 5
4 1 0
4 2 3
4 3 0
4 4 3
4 5 1
4 6 0
4 7 2
5 1 0
5 2 7
5 3 0
5 4 5
5 5 2
5 6 0
5 7 4
6 1 0
6 2 6
6 3 0
6 4 4
6 5 2
6 6 0
6 7 3
7 1 0
7 2 5
7 3 0
7 4 4
7 5 2
7 6 0
7 7 3
8 1 0
8 2 10
8 3 0
8 4 8
8 5 3
8 6 0
8 7 6
9 1 0
9 2 2
9 3 0
9 4 1
9 5 1
9 6 0
9 7 1
10 1 0
10 2 4
10 3 0
10 4 3
10 5 1
10 6 0
10 7 3
11 1 0
11 2 10
11 3 0
11 4 10
11 5 4
11 6 0
11 7 7
12 1 0
12 2 5
12 3 0
12 4 5
12 5 2
12 6 0
12 7 4
13 1 0
13 2 6
13 3 0
13 4 4
13 5 2
13 6 0
13 7 4
14 1 0
14 2 3
14 3 0
14 4 2
14 5 1
14 6 0
14 7 2
15 1 0
15 2 8
15 3 0
15 4 6
15 5 3
15 6 0
15 7 5
16 1 0
16 2 4
16 3 0
16 4 3
16 5 2
16 6 0
16 7 3
17 1 0
17 2 8
17 3 0
17 4 6
17 5 3
17 6 0
17 7 4
18 1 0
18 2 11
18 3 0
18 4 8
18 5 3
18 6 0
18 7 6
19 1 0
19 2 7
19 3 0
19 4 4
19 5 2
19 6 0
19 7 4
20 1 0
20 2 9
20 3 0
20 4 7
20 5 3
20 6 0
20 7 6
21 1 0
21 2 1
21 3 0
21 4 1
21 5 1
21 6 0
21 7 1
22 1 0
22 2 5
22 3 0
22 4 4
22 5 2
22 6 0
22 7 4
23 1 0
23 2 16
23 3 0
23 4 11
23 5 4
23 6 0
23 7 9
24 1 0
24 2 9
24 3 0
24 4 7
24 5 2
24 6 0
24 7 5
25 1 0
25 2 9
25 3 0
25 4 6
25 5 3
25 6 0
25 7 5
26 1 0
26 2 2
26 3 0
26 4 1
26 5 1
26 6 0
26 7 1
27 1 0
27 2 6
27 3 0
27 4 5
27 5 2
27 6 0
27 7 4
28 1 0
28 2 5
28 3 0
28 4 4
28 5 2
28 6 0
28 7 3
29 1 0
29 2 12
29 3 0
29 4 8
29 5 3
29 6 0
29 7 6

# Precedence Relations
1 3
1 25
2 6
2 26
3 4
4 5
5 8
5 13
6 8
7 9
7 12
7 25
8 11
8 16
9 10
10 14
10 15
11 17
12 15
13 17
14 16
15 19
16 18
17 20
18 22
19 21
20 23
21 22
22 23
23 24
23 28
24 29
25 29
26 27
27 29
28 29

# Parameters
R_e = 0.0500
T = 60.0
C_s = 4.0
C_w = 36.0
C_c = 5.0
