# Tasks
1 2 3 4 5 6 7 8 9 10 11 12 13 14 15 16 17 18 19 20 21 22 23 24 25 26 27 28 29 30 31 32 33 34 35 36 37 38 39 40 41 42 43 44 45 46 47 48 49 50 51 52 53 54 55 56 57 58 59 60 61 62 63 64 65 66 67 68 69 70 71 72 73 74 75 76 77 78 79 80 81 82 83

# Workstations
1 2 3 4 5 6 7 8 9 10 11 12 13 14 15 16 17 18 19 20 21 22 23 24 25 26 27 28 29 30 31 32 33 34 35 36 37 38 39 40 41 42 43 44 45 46 47 48 49 50 51 52 53 54 55 56 57 58 59 60 61 62 63 64 65 66 67 68 69 70 71 72 73 74 75 76 77 78 79 80 81 82 83

# Modes
1 2 3 4 5 6 7

# Processing Times
1 1 1673
1 2 1646
1 3 1723
1 4 1695
1 5 994
1 6 1855
1 7 1825
2 1 985
2 2 969
2 3 1014
2 4 998
2 5 586
2 6 1092
2 7 1074
3 1 1836
3 2 1806
3 3 1890
3 4 1859
3 5 1091
3 6 2035
3 7 2002
4 1 973
4 2 957
4 3 1002
4 4 986
4 5 578
4 6 1079
4 7 1061
5 1 1700
5 2 1672
5 3 1750
5 4 1721
5 5 1010
5 6 1885
5 7 1854
6 1 2881
6 2 2834
6 3 2966
6 4 2918
6 5 1712
6 6 3194
6 7 3141
7 1 2231
7 2 2194
7 3 2297
7 4 2259
7 5 1326
7 6 2473
7 7 2432
8 1 1040
8 2 1023
8 3 1071
8 4 1053
8 5 618
8 6 1153
8 7 1134
9 1 1793
9 2 1764
9 3 1846
9 4 1816
9 5 1066
9 6 1988
9 7 1956
10 1 1250
10 2 1230
10 3 1287
10 4 1267
10 5 743
10 6 1386
10 7 1364
11 1 700
11 2 689
11 3 721
11 4 710
11 5 416
11 6 776
11 7 764
12 1 464
12 2 457
12 3 478
12 4 471
12 5 276
12 6 515
12 7 507
13 1 500
13 2 492
13 3 515
13 4 507
13 5 297
13 6 555
13 7 546
14 1 1133
14 2 1115
14 3 1167
14 4 1148
14 5 674
14 6 1256
14 7 1236
15 1 577
15 2 568
15 3 594
15 4 585
15 5 343
15 6 640
15 7 630
16 1 483
16 2 475
16 3 498
16 4 489
16 5 287
16 6 536
16 7 527
17 1 880
17 2 866
17 3 906
17 4 892
17 5 523
17 6 976
17 7 960
18 1 667
18 2 656
18 3 687
18 4 676
18 5 397
18 6 740
18 7 728
19 1 600
19 2 591
19 3 618
19 4 609
19 5 357
19 6 665
19 7 656
20 1 233
20 2 230
20 3 240
20 4 237
20 5 139
20 6 259
20 7 255
21 1 408
21 2 402
21 3 420
21 4 414
21 5 243
21 6 453
21 7 446
22 1 847
22 2 833
22 3 872
22 4 858
22 5 504
22 6 939
22 7 924
23 1 767
23 2 755
23 3 790
23 4 778
23 5 456
23 6 851
23 7 837
24 1 850
24 2 836
24 3 875
24 4 861
24 5 505
24 6 943
24 7 927
25 1 780
25 2 768
25 3 803
25 4 791
25 5 464
25 6 865
25 7 852
26 1 912
26 2 897
26 3 939
26 4 924
26 5 542
26 6 1011
26 7 995
27 1 748
27 2 736
27 3 770
27 4 758
27 5 445
27 6 830
27 7 816
28 1 1863
28 2 1833
28 3 1918
28 4 1887
28 5 1107
28 6 2065
28 7 2032
29 1 714
29 2 703
29 3 735
29 4 724
29 5 425
29 6 792
29 7 780
30 1 1004
30 2 988
30 3 1034
30 4 1017
30 5 597
30 6 1113
30 7 1096
31 1 713
31 2 702
31 3 734
31 4 723
31 5 424
31 6 791
31 7 779
32 1 642
32 2 632
32 3 661
32 4 651
32 5 382
32 6 712
32 7 701
33 1 629
33 2 619
33 3 648
33 4 638
33 5 374
33 6 698
33 7 687
34 1 1234
34 2 1214
34 3 1271
34 4 1250
34 5 733
34 6 1368
34 7 1346
35 1 1143
35 2 1125
35 3 1177
35 4 1158
35 5 679
35 6 1267
35 7 1247
36 1 1266
36 2 1245
36 3 1304
36 4 1282
36 5 753
36 6 1404
36 7 1380
37 1 792
37 2 779
37 3 816
37 4 802
37 5 471
37 6 878
37 7 864
38 1 1251
38 2 1231
38 3 1288
38 4 1268
38 5 744
38 6 1387
38 7 1365
39 1 1310
39 2 1289
39 3 1349
39 4 1327
39 5 779
39 6 1452
39 7 1429
40 1 663
40 2 652
40 3 683
40 4 672
40 5 394
40 6 735
40 7 723
41 1 494
41 2 486
41 3 509
41 4 501
41 5 294
41 6 548
41 7 539
42 1 1288
42 2 1267
42 3 1326
42 4 1305
42 5 766
42 6 1428
42 7 1405
43 1 792
43 2 779
43 3 816
43 4 802
43 5 471
43 6 878
43 7 864
44 1 578
44 2 569
44 3 595
44 4 586
44 5 344
44 6 641
44 7 631
45 1 594
45 2 585
45 3 612
45 4 603
45 5 353
45 6 659
45 7 649
46 1 578
46 2 569
46 3 595
46 4 586
46 5 344
46 6 641
46 7 631
47 1 622
47 2 612
47 3 641
47 4 630
47 5 370
47 6 690
47 7 679
48 1 578
48 2 569
48 3 595
48 4 586
48 5 344
48 6 641
48 7 631
49 1 564
49 2 555
49 3 581
49 4 572
49 5 336
49 6 626
49 7 616
50 1 578
50 2 569
50 3 595
50 4 586
50 5 344
50 6 641
50 7 631
51 1 578
51 2 569
51 3 595
51 4 586
51 5 344
51 6 641
51 7 631
52 1 578
52 2 569
52 3 595
52 4 586
52 5 344
52 6 641
52 7 631
53 1 578
53 2 569
53 3 595
53 4 586
53 5 344
53 6 641
53 7 631
54 1 578
54 2 569
54 3 595
54 4 586
54 5 344
54 6 641
54 7 631
55 1 578
55 2 569
55 3 595
55 4 586
55 5 344
55 6 641
55 7 631
56 1 578
56 2 569
56 3 595
56 4 586
56 5 344
56 6 641
56 7 631
57 1 578
57 2 569
57 3 595
57 4 586
57 5 344
57 6 641
57 7 631
58 1 578
58 2 569
58 3 595
58 4 586
58 5 344
58 6 641
58 7 631
59 1 578
59 2 569
59 3 595
59 4 586
59 5 344
59 6 641
59 7 631
60 1 578
60 2 569
60 3 595
60 4 586
60 5 344
60 6 641
60 7 631
61 1 578
61 2 569
61 3 595
61 4 586
61 5 344
61 6 641
61 7 631
62 1 578
62 2 569
62 3 595
62 4 586
62 5 344
62 6 641
62 7 631
63 1 578
63 2 569
63 3 595
63 4 586
63 5 344
63 6 641
63 7 631
64 1 578
64 2 569
64 3 595
64 4 586
64 5 344
64 6 641
64 7 631
65 1 578
65 2 569
65 3 595
65 4 586
65 5 344
65 6 641
65 7 631
66 1 578
66 2 569
66 3 595
66 4 586
66 5 344
66 6 641
66 7 631
67 1 578
67 2 569
67 3 595
67 4 586
67 5 344
67 6 641
67 7 631
68 1 578
68 2 569
68 3 595
68 4 586
68 5 344
68 6 641
68 7 631
69 1 467
69 2 460
69 3 481
69 4 474
69 5 278
69 6 518
69 7 510
70 1 887
70 2 873
70 3 913
70 4 899
70 5 527
70 6 984
70 7 968
71 1 396
71 2 390
71 3 408
71 4 402
71 5 236
71 6 439
71 7 433
72 1 1296
72 2 1275
72 3 1334
72 4 1313
72 5 770
72 6 1437
72 7 1414
73 1 1100
73 2 1082
73 3 1133
73 4 1114
73 5 654
73 6 1220
73 7 1200
74 1 2543
74 2 2501
74 3 2618
74 4 2575
74 5 1511
74 6 2819
74 7 2772
75 1 764
75 2 752
75 3 787
75 4 775
75 5 454
75 6 847
75 7 834
76 1 357
76 2 352
76 3 368
76 4 363
76 5 213
76 6 396
76 7 391
77 1 701
77 2 690
77 3 722
77 4 711
77 5 417
77 6 777
77 7 765
78 1 1164
78 2 1145
78 3 1199
78 4 1179
78 5 692
78 6 1291
78 7 1270
79 1 286
79 2 282
79 3 295
79 4 291
79 5 170
79 6 317
79 7 313
80 1 2100
80 2 2066
80 3 2162
80 4 2127
80 5 1248
80 6 2328
80 7 2290
81 1 450
81 2 443
81 3 464
81 4 456
81 5 268
81 6 499
81 7 491
82 1 1300
82 2 1279
82 3 1339
82 4 1317
82 5 773
82 6 1441
82 7 1418
83 1 3691
83 2 3630
83 3 3800
83 4 3737
83 5 2193
83 6 4091
83 7 4024

# Energy Consumption
1 1 0
1 2 433
1 3 0
1 4 325
1 5 155
1 6 0
1 7 223
2 1 0
2 2 234
2 3 0
2 4 218
2 5 87
2 6 0
2 7 133
3 1 0
3 2 469
3 3 0
3 4 387
3 5 163
3 6 0
3 7 295
4 1 0
4 2 282
4 3 0
4 4 189
4 5 87
4 6 0
4 7 148
5 1 0
5 2 390
5 3 0
5 4 338
5 5 152
5 6 0
5 7 238
6 1 0
6 2 684
6 3 0
6 4 582
6 5 264
6 6 0
6 7 390
7 1 0
7 2 488
7 3 0
7 4 422
7 5 195
7 6 0
7 7 305
8 1 0
8 2 303
8 3 0
8 4 218
8 5 99
8 6 0
8 7 167
9 1 0
9 2 476
9 3 0
9 4 397
9 5 169
9 6 0
9 7 261
10 1 0
10 2 342
10 3 0
10 4 259
10 5 113
10 6 0
10 7 175
11 1 0
11 2 180
11 3 0
11 4 135
11 5 61
11 6 0
11 7 107
12 1 0
12 2 121
12 3 0
12 4 97
12 5 44
12 6 0
12 7 66
13 1 0
13 2 141
13 3 0
13 4 108
13 5 44
13 6 0
13 7 73
14 1 0
14 2 329
14 3 0
14 4 228
14 5 100
14 6 0
14 7 185
15 1 0
15 2 169
15 3 0
15 4 111
15 5 51
15 6 0
15 7 91
16 1 0
16 2 121
16 3 0
16 4 105
16 5 44
16 6 0
16 7 75
17 1 0
17 2 227
17 3 0
17 4 185
17 5 76
17 6 0
17 7 124
18 1 0
18 2 176
18 3 0
18 4 132
18 5 64
18 6 0
18 7 105
19 1 0
19 2 134
19 3 0
19 4 122
19 5 54
19 6 0
19 7 92
20 1 0
20 2 63
20 3 0
20 4 48
20 5 22
20 6 0
20 7 32
21 1 0
21 2 116
21 3 0
21 4 77
21 5 37
21 6 0
21 7 64
22 1 0
22 2 226
22 3 0
22 4 171
22 5 78
22 6 0
22 7 134
23 1 0
23 2 198
23 3 0
23 4 148
23 5 73
23 6 0
23 7 110
24 1 0
24 2 221
24 3 0
24 4 186
24 5 77
24 6 0
24 7 125
25 1 0
25 2 203
25 3 0
25 4 147
25 5 68
25 6 0
25 7 107
26 1 0
26 2 268
26 3 0
26 4 178
26 5 80
26 6 0
26 7 137
27 1 0
27 2 185
27 3 0
27 4 141
27 5 66
27 6 0
27 7 101
28 1 0
28 2 530
28 3 0
28 4 383
28 5 171
28 6 0
28 7 300
29 1 0
29 2 183
29 3 0
29 4 154
29 5 67
29 6 0
29 7 106
30 1 0
30 2 284
30 3 0
30 4 195
30 5 95
30 6 0
30 7 151
31 1 0
31 2 164
31 3 0
31 4 147
31 5 62
31 6 0
31 7 115
32 1 0
32 2 161
32 3 0
32 4 124
32 5 60
32 6 0
32 7 90
33 1 0
33 2 160
33 3 0
33 4 130
33 5 59
33 6 0
33 7 86
34 1 0
34 2 278
34 3 0
34 4 275
34 5 116
34 6 0
34 7 174
35 1 0
35 2 253
35 3 0
35 4 217
35 5 103
35 6 0
35 7 154
36 1 0
36 2 277
36 3 0
36 4 243
36 5 117
36 6 0
36 7 202
37 1 0
37 2 202
37 3 0
37 4 166
37 5 69
37 6 0
37 7 104
38 1 0
38 2 329
38 3 0
38 4 271
38 5 110
38 6 0
38 7 168
39 1 0
39 2 341
39 3 0
39 4 255
39 5 119
39 6 0
39 7 196
40 1 0
40 2 151
40 3 0
40 4 125
40 5 61
40 6 0
40 7 97
41 1 0
41 2 123
41 3 0
41 4 111
41 5 45
41 6 0
41 7 70
42 1 0
42 2 315
42 3 0
42 4 245
42 5 108
42 6 0
42 7 202
43 1 0
43 2 187
43 3 0
43 4 169
43 5 72
43 6 0
43 7 120
44 1 0
44 2 141
44 3 0
44 4 109
44 5 50
44 6 0
44 7 83
45 1 0
45 2 175
45 3 0
45 4 132
45 5 51
45 6 0
45 7 93
46 1 0
46 2 135
46 3 0
46 4 111
46 5 54
46 6 0
46 7 79
47 1 0
47 2 148
47 3 0
47 4 123
47 5 53
47 6 0
47 7 93
48 1 0
48 2 146
48 3 0
48 4 124
48 5 52
48 6 0
48 7 95
49 1 0
49 2 150
49 3 0
49 4 114
49 5 54
49 6 0
49 7 86
50 1 0
50 2 166
50 3 0
50 4 113
50 5 51
50 6 0
50 7 81
51 1 0
51 2 163
51 3 0
51 4 109
51 5 50
51 6 0
51 7 80
52 1 0
52 2 129
52 3 0
52 4 108
52 5 50
52 6 0
52 7 84
53 1 0
53 2 154
53 3 0
53 4 122
53 5 49
53 6 0
53 7 90
54 1 0
54 2 169
54 3 0
54 4 110
54 5 50
54 6 0
54 7 90
55 1 0
55 2 140
55 3 0
55 4 118
55 5 53
55 6 0
55 7 88
56 1 0
56 2 170
56 3 0
56 4 118
56 5 51
56 6 0
56 7 82
57 1 0
57 2 136
57 3 0
57 4 113
57 5 53
57 6 0
57 7 78
58 1 0
58 2 134
58 3 0
58 4 120
58 5 52
58 6 0
58 7 84
59 1 0
59 2 148
59 3 0
59 4 120
59 5 54
59 6 0
59 7 91
60 1 0
60 2 137
60 3 0
60 4 113
60 5 52
60 6 0
60 7 89
61 1 0
61 2 153
61 3 0
61 4 120
61 5 53
61 6 0
61 7 89
62 1 0
62 2 131
62 3 0
62 4 108
62 5 49
62 6 0
62 7 92
63 1 0
63 2 159
63 3 0
63 4 120
63 5 54
63 6 0
63 7 91
64 1 0
64 2 131
64 3 0
64 4 125
64 5 55
64 6 0
64 7 78
65 1 0
65 2 163
65 3 0
65 4 107
65 5 50
65 6 0
65 7 89
66 1 0
66 2 141
66 3 0
66 4 125
66 5 50
66 6 0
66 7 81
67 1 0
67 2 139
67 3 0
67 4 126
67 5 53
67 6 0
67 7 77
68 1 0
68 2 126
68 3 0
68 4 116
68 5 53
68 6 0
68 7 93
69 1 0
69 2 108
69 3 0
69 4 92
69 5 41
69 6 0
69 7 75
70 1 0
70 2 231
70 3 0
70 4 170
70 5 81
70 6 0
70 7 137
71 1 0
71 2 103
71 3 0
71 4 73
71 5 36
71 6 0
71 7 56
72 1 0
72 2 314
72 3 0
72 4 245
72 5 114
72 6 0
72 7 184
73 1 0
73 2 245
73 3 0
73 4 234
73 5 95
73 6 0
73 7 171
74 1 0
74 2 660
74 3 0
74 4 558
74 5 241
74 6 0
74 7 360
75 1 0
75 2 205
75 3 0
75 4 169
75 5 68
75 6 0
75 7 112
76 1 0
76 2 97
76 3 0
76 4 69
76 5 32
76 6 0
76 7 51
77 1 0
77 2 206
77 3 0
77 4 157
77 5 66
77 6 0
77 7 105
78 1 0
78 2 303
78 3 0
78 4 235
78 5 109
78 6 0
78 7 166
79 1 0
79 2 68
79 3 0
79 4 55
79 5 27
79 6 0
79 7 43
80 1 0
80 2 601
80 3 0
80 4 403
80 5 185
80 6 0
80 7 324
81 1 0
81 2 113
81 3 0
81 4 85
81 5 42
81 6 0
81 7 73
82 1 0
82 2 364
82 3 0
82 4 264
82 5 110
82 6 0
82 7 173
83 1 0
83 2 950
83 3 0
83 4 726
83 5 315
83 6 0
83 7 525

# Precedence Relations
1 2
2 3
2 4
2 5
3 6
4 6
4 7
5 8
6 9
6 10
7 11
8 77
8 78
9 12
10 13
10 14
10 25
11 15
12 16
13 17
13 18
13 20
14 19
15 20
15 39
16 77
16 78
17 21
17 22
17 28
18 23
19 24
20 26
21 27
22 27
23 74
24 28
24 29
25 32
26 74
27 69
28 32
29 30
30 31
31 39
32 33
32 34
32 35
32 36
33 37
34 77
34 78
35 77
35 78
36 38
36 39
37 40
38 41
39 42
39 43
39 44
39 75
40 77
40 78
41 45
42 77
42 78
43 77
43 78
44 46
45 47
46 48
47 49
48 50
49 69
50 51
51 52
52 53
53 54
54 55
55 56
56 57
57 58
58 59
59 60
60 61
61 62
62 63
63 64
64 65
65 66
66 67
67 68
68 74
68 75
69 70
69 71
70 72
71 73
72 73
73 74
73 75
74 76
75 76
76 77
76 78
77 79
78 79
79 80
79 81
80 82
81 83
82 83

# Parameters
R_e = 0.0500
T = 6000.0
C_s = 4.0
C_w = 36.0
C_c = 5.0
