# Tasks
1 2 3 4 5 6 7 8 9 10 11 12 13 14 15 16 17 18 19 20 21 22 23 24 25 26 27 28 29 30 31 32 33 34 35 36 37 38 39 40 41 42 43 44 45 46 47 48 49 50

# Workstations
1 2 3 4 5 6 7 8 9 10 11 12 13 14 15 16 17 18 19 20 21 22 23 24 25 26 27 28 29 30 31 32 33 34 35 36 37 38 39 40 41 42 43 44 45 46 47 48 49 50

# Modes
1 2 3 4 5 6 7

# Processing Times
1 1 44
1 2 61
1 3 49
1 4 67
1 5 30
1 6 46
1 7 64
2 1 83
2 2 126
2 3 89
2 4 135
2 5 49
2 6 88
2 7 134
3 1 495
3 2 606
3 3 522
3 4 639
3 5 317
3 6 519
3 7 635
4 1 256
4 2 365
4 3 281
4 4 400
4 5 154
4 6 281
4 7 400
5 1 109
5 2 152
5 3 120
5 4 167
5 5 75
5 6 115
5 7 161
6 1 224
6 2 340
6 3 242
6 4 367
6 5 146
6 6 235
6 7 357
7 1 297
7 2 452
7 3 321
7 4 489
7 5 164
7 6 317
7 7 483
8 1 30
8 2 47
8 3 32
8 4 50
8 5 18
8 6 31
8 7 48
9 1 105
9 2 139
9 3 113
9 4 149
9 5 69
9 6 106
9 7 140
10 1 432
10 2 645
10 3 463
10 4 691
10 5 260
10 6 475
10 7 710
11 1 264
11 2 407
11 3 279
11 4 430
11 5 167
11 6 278
11 7 428
12 1 104
12 2 152
12 3 111
12 4 162
12 5 68
12 6 107
12 7 156
13 1 240
13 2 353
13 3 257
13 4 378
13 5 151
13 6 246
13 7 362
14 1 128
14 2 170
14 3 137
14 4 181
14 5 88
14 6 139
14 7 185
15 1 92
15 2 120
15 3 101
15 4 131
15 5 56
15 6 99
15 7 129
16 1 69
16 2 86
16 3 74
16 4 92
16 5 44
16 6 70
16 7 87
17 1 110
17 2 156
17 3 120
17 4 169
17 5 73
17 6 115
17 7 163
18 1 335
18 2 482
18 3 362
18 4 521
18 5 226
18 6 350
18 7 503
19 1 109
19 2 153
19 3 120
19 4 168
19 5 62
19 6 112
19 7 157
20 1 26
20 2 34
20 3 29
20 4 37
20 5 15
20 6 29
20 7 37
21 1 158
21 2 222
21 3 174
21 4 244
21 5 105
21 6 170
21 7 239
22 1 66
22 2 88
22 3 72
22 4 95
22 5 40
22 6 67
22 7 89
23 1 480
23 2 728
23 3 507
23 4 768
23 5 325
23 6 525
23 7 795
24 1 53
24 2 80
24 3 58
24 4 88
24 5 32
24 6 56
24 7 85
25 1 578
25 2 735
25 3 620
25 4 788
25 5 323
25 6 585
25 7 743
26 1 292
26 2 410
26 3 313
26 4 439
26 5 186
26 6 306
26 7 430
27 1 188
27 2 247
27 3 207
27 4 272
27 5 107
27 6 197
27 7 259
28 1 94
28 2 148
28 3 100
28 4 157
28 5 66
28 6 103
28 7 162
29 1 150
29 2 191
29 3 160
29 4 204
29 5 97
29 6 163
29 7 207
30 1 179
30 2 253
30 3 190
30 4 269
30 5 118
30 6 183
30 7 258
31 1 442
31 2 591
31 3 483
31 4 645
31 5 306
31 6 478
31 7 639
32 1 193
32 2 271
32 3 209
32 4 293
32 5 113
32 6 205
32 7 288
33 1 49
33 2 69
33 3 52
33 4 73
33 5 34
33 6 51
33 7 71
34 1 143
34 2 210
34 3 152
34 4 223
34 5 86
34 6 149
34 7 219
35 1 89
35 2 116
35 3 98
35 4 127
35 5 52
35 6 98
35 7 128
36 1 259
36 2 391
36 3 274
36 4 414
36 5 171
36 6 280
36 7 422
37 1 185
37 2 296
37 3 199
37 4 318
37 5 112
37 6 196
37 7 313
38 1 280
38 2 353
38 3 304
38 4 383
38 5 161
38 6 308
38 7 389
39 1 424
39 2 585
39 3 452
39 4 624
39 5 252
39 6 440
39 7 606
40 1 33
40 2 43
40 3 36
40 4 46
40 5 19
40 6 36
40 7 47
41 1 172
41 2 224
41 3 185
41 4 241
41 5 120
41 6 180
41 7 235
42 1 171
42 2 208
42 3 187
42 4 228
42 5 95
42 6 172
42 7 209
43 1 169
43 2 251
43 3 178
43 4 264
43 5 108
43 6 179
43 7 265
44 1 327
44 2 439
44 3 347
44 4 466
44 5 181
44 6 337
44 7 452
45 1 482
45 2 650
45 3 517
45 4 697
45 5 280
45 6 494
45 7 666
46 1 287
46 2 424
46 3 311
46 4 459
46 5 180
46 6 301
46 7 445
47 1 83
47 2 130
47 3 91
47 4 142
47 5 48
47 6 91
47 7 142
48 1 425
48 2 628
48 3 465
48 4 687
48 5 240
48 6 460
48 7 680
49 1 152
49 2 243
49 3 163
49 4 259
49 5 90
49 6 159
49 7 254
50 1 374
50 2 517
50 3 398
50 4 551
50 5 235
50 6 387
50 7 535

# Energy Consumption
1 1 0
1 2 15
1 3 0
1 4 14
1 5 5
1 6 0
1 7 10
2 1 0
2 2 32
2 3 0
2 4 27
2 5 8
2 6 0
2 7 19
3 1 0
3 2 169
3 3 0
3 4 125
3 5 50
3 6 0
3 7 87
4 1 0
4 2 91
4 3 0
4 4 88
4 5 22
4 6 0
4 7 58
5 1 0
5 2 37
5 3 0
5 4 35
5 5 12
5 6 0
5 7 23
6 1 0
6 2 75
6 3 0
6 4 78
6 5 22
6 6 0
6 7 50
7 1 0
7 2 102
7 3 0
7 4 106
7 5 24
7 6 0
7 7 69
8 1 0
8 2 12
8 3 0
8 4 11
8 5 3
8 6 0
8 7 7
9 1 0
9 2 37
9 3 0
9 4 32
9 5 11
9 6 0
9 7 21
10 1 0
10 2 185
10 3 0
10 4 143
10 5 39
10 6 0
10 7 101
11 1 0
11 2 91
11 3 0
11 4 80
11 5 26
11 6 0
11 7 62
12 1 0
12 2 39
12 3 0
12 4 36
12 5 10
12 6 0
12 7 22
13 1 0
13 2 85
13 3 0
13 4 76
13 5 23
13 6 0
13 7 50
14 1 0
14 2 51
14 3 0
14 4 37
14 5 14
14 6 0
14 7 25
15 1 0
15 2 31
15 3 0
15 4 25
15 5 9
15 6 0
15 7 16
16 1 0
16 2 25
16 3 0
16 4 20
16 5 7
16 6 0
16 7 12
17 1 0
17 2 43
17 3 0
17 4 37
17 5 12
17 6 0
17 7 21
18 1 0
18 2 117
18 3 0
18 4 105
18 5 35
18 6 0
18 7 63
19 1 0
19 2 43
19 3 0
19 4 35
19 5 10
19 6 0
19 7 24
20 1 0
20 2 9
20 3 0
20 4 9
20 5 3
20 6 0
20 7 5
21 1 0
21 2 49
21 3 0
21 4 52
21 5 16
21 6 0
21 7 34
22 1 0
22 2 22
22 3 0
22 4 21
22 5 6
22 6 0
22 7 13
23 1 0
23 2 190
23 3 0
23 4 152
23 5 46
23 6 0
23 7 117
24 1 0
24 2 19
24 3 0
24 4 18
24 5 5
24 6 0
24 7 13
25 1 0
25 2 189
25 3 0
25 4 149
25 5 47
25 6 0
25 7 94
26 1 0
26 2 119
26 3 0
26 4 82
26 5 29
26 6 0
26 7 55
27 1 0
27 2 70
27 3 0
27 4 59
27 5 16
27 6 0
27 7 32
28 1 0
28 2 33
28 3 0
28 4 29
28 5 11
28 6 0
28 7 22
29 1 0
29 2 50
29 3 0
29 4 44
29 5 15
29 6 0
29 7 31
30 1 0
30 2 68
30 3 0
30 4 59
30 5 18
30 6 0
30 7 33
31 1 0
31 2 145
31 3 0
31 4 124
31 5 49
31 6 0
31 7 94
32 1 0
32 2 69
32 3 0
32 4 61
32 5 18
32 6 0
32 7 39
33 1 0
33 2 16
33 3 0
33 4 15
33 5 6
33 6 0
33 7 10
34 1 0
34 2 55
34 3 0
34 4 44
34 5 13
34 6 0
34 7 32
35 1 0
35 2 35
35 3 0
35 4 24
35 5 8
35 6 0
35 7 19
36 1 0
36 2 117
36 3 0
36 4 84
36 5 26
36 6 0
36 7 56
37 1 0
37 2 88
37 3 0
37 4 63
37 5 18
37 6 0
37 7 39
38 1 0
38 2 96
38 3 0
38 4 71
38 5 24
38 6 0
38 7 52
39 1 0
39 2 148
39 3 0
39 4 117
39 5 40
39 6 0
39 7 78
40 1 0
40 2 11
40 3 0
40 4 9
40 5 4
40 6 0
40 7 7
41 1 0
41 2 65
41 3 0
41 4 51
41 5 18
41 6 0
41 7 34
42 1 0
42 2 55
42 3 0
42 4 42
42 5 15
42 6 0
42 7 29
43 1 0
43 2 59
43 3 0
43 4 49
43 5 16
43 6 0
43 7 34
44 1 0
44 2 122
44 3 0
44 4 85
44 5 26
44 6 0
44 7 64
45 1 0
45 2 165
45 3 0
45 4 143
45 5 43
45 6 0
45 7 88
46 1 0
46 2 106
46 3 0
46 4 95
46 5 27
46 6 0
46 7 65
47 1 0
47 2 38
47 3 0
47 4 29
47 5 8
47 6 0
47 7 20
48 1 0
48 2 150
48 3 0
48 4 133
48 5 35
48 6 0
48 7 96
49 1 0
49 2 58
49 3 0
49 4 48
49 5 13
49 6 0
49 7 32
50 1 0
50 2 155
50 3 0
50 4 107
50 5 36
50 6 0
50 7 67

# Precedence Relations
1 16
2 12
3 7
3 8
3 10
4 11
5 6
5 9
6 20
7 20
9 13
9 18
9 19
11 14
11 16
11 17
12 15
13 20
14 20
15 21
15 22
15 24
18 23
18 25
20 26
20 27
20 28
20 29
20 30
20 49
21 32
22 33
23 31
24 34
26 36
27 39
31 35
32 37
33 38
35 42
36 41
37 40
38 43
38 44
40 45
41 46
42 49
42 50
43 47
44 48

# Parameters
R_e = 0.0500
T = 1000.0
C_s = 4.0
C_w = 36.0
C_c = 5.0
