# Tasks
1 2 3 4 5 6 7 8 9 10 11 12 13 14 15 16 17 18 19 20

# Workstations
1 2 3 4 5 6 7 8 9 10 11 12 13 14 15 16 17 18 19 20

# Modes
1 2 3 4 5 6 7

# Processing Times
1 1 165
1 2 171
1 3 160
1 4 166
1 5 106
1 6 203
1 7 210
2 1 79
2 2 80
2 3 83
2 4 84
2 5 49
2 6 92
2 7 93
3 1 84
3 2 86
3 3 82
3 4 84
3 5 53
3 6 94
3 7 96
4 1 234
4 2 201
4 3 239
4 4 206
4 5 131
4 6 280
4 7 241
5 1 79
5 2 68
5 3 78
5 4 67
5 5 54
5 6 92
5 7 79
6 1 241
6 2 262
6 3 244
6 4 266
6 5 147
6 6 288
6 7 313
7 1 74
7 2 68
7 3 77
7 4 71
7 5 47
7 6 93
7 7 85
8 1 96
8 2 94
8 3 96
8 4 94
8 5 60
8 6 107
8 7 105
9 1 44
9 2 40
9 3 45
9 4 41
9 5 29
9 6 49
9 7 45
10 1 225
10 2 217
10 3 217
10 4 209
10 5 149
10 6 278
10 7 268
11 1 77
11 2 67
11 3 75
11 4 65
11 5 53
11 6 96
11 7 84
12 1 124
12 2 137
12 3 129
12 4 142
12 5 81
12 6 144
12 7 159
13 1 119
13 2 123
13 3 123
13 4 128
13 5 69
13 6 132
13 7 136
14 1 160
14 2 166
14 3 164
14 4 170
14 5 107
14 6 183
14 7 190
15 1 41
15 2 39
15 3 43
15 4 41
15 5 28
15 6 48
15 7 45
16 1 204
16 2 209
16 3 197
16 4 202
16 5 117
16 6 252
16 7 258
17 1 319
17 2 309
17 3 334
17 4 323
17 5 220
17 6 393
17 7 381
18 1 248
18 2 264
18 3 238
18 4 253
18 5 140
18 6 305
18 7 325
19 1 127
19 2 111
19 3 133
19 4 117
19 5 89
19 6 154
19 7 134
20 1 84
20 2 85
20 3 88
20 4 89
20 5 59
20 6 99
20 7 100

# Energy Consumption
1 1 0
1 2 45
1 3 0
1 4 32
1 5 17
1 6 0
1 7 26
2 1 0
2 2 20
2 3 0
2 4 19
2 5 8
2 6 0
2 7 12
3 1 0
3 2 23
3 3 0
3 4 18
3 5 8
3 6 0
3 7 15
4 1 0
4 2 60
4 3 0
4 4 40
4 5 20
4 6 0
4 7 34
5 1 0
5 2 16
5 3 0
5 4 14
5 5 9
5 6 0
5 7 11
6 1 0
6 2 64
6 3 0
6 4 54
6 5 23
6 6 0
6 7 39
7 1 0
7 2 16
7 3 0
7 4 14
7 5 7
7 6 0
7 7 11
8 1 0
8 2 28
8 3 0
8 4 20
8 5 10
8 6 0
8 7 16
9 1 0
9 2 11
9 3 0
9 4 9
9 5 5
9 6 0
9 7 6
10 1 0
10 2 61
10 3 0
10 4 43
10 5 23
10 6 0
10 7 35
11 1 0
11 2 18
11 3 0
11 4 13
11 5 8
11 6 0
11 7 12
12 1 0
12 2 36
12 3 0
12 4 30
12 5 13
12 6 0
12 7 21
13 1 0
13 2 36
13 3 0
13 4 28
13 5 11
13 6 0
13 7 19
14 1 0
14 2 49
14 3 0
14 4 34
14 5 16
14 6 0
14 7 29
15 1 0
15 2 12
15 3 0
15 4 8
15 5 5
15 6 0
15 7 7
16 1 0
16 2 53
16 3 0
16 4 43
16 5 18
16 6 0
16 7 37
17 1 0
17 2 81
17 3 0
17 4 67
17 5 32
17 6 0
17 7 50
18 1 0
18 2 71
18 3 0
18 4 50
18 5 23
18 6 0
18 7 47
19 1 0
19 2 26
19 3 0
19 4 24
19 5 14
19 6 0
19 7 19
20 1 0
20 2 24
20 3 0
20 4 18
20 5 10
20 6 0
20 7 13

# Precedence Relations
1 11
2 7
3 6
3 7
4 5
4 6
5 11
7 8
7 9
7 10
8 11
9 11
10 12
10 13
11 14
11 15
11 16
11 17
15 19
15 20
16 18
17 19

# Parameters
R_e = 0.0500
T = 1000.0
C_s = 4.0
C_w = 36.0
C_c = 5.0
