# Tasks
1 2 3 4 5 6 7 8 9 10 11 12 13 14 15 16 17 18 19 20 21 22 23 24 25 26 27 28 29 30 31 32 33 34 35 36 37 38 39 40 41 42 43 44 45 46 47 48 49 50 51 52 53 54 55 56 57 58 59 60 61 62 63 64 65 66 67 68 69 70 71 72 73 74 75 76 77 78 79 80 81 82 83 84 85 86 87 88 89 90 91 92 93 94 95 96 97 98 99 100 101 102 103 104 105 106 107 108 109 110 111

# Workstations
1 2 3 4 5 6 7 8 9 10 11 12 13 14 15 16 17 18 19 20 21 22 23 24 25 26 27 28 29 30 31 32 33 34 35 36 37 38 39 40 41 42 43 44 45 46 47 48 49 50 51 52 53 54 55 56 57 58 59 60 61 62 63 64 65 66 67 68 69 70 71 72 73 74 75 76 77 78 79 80 81 82 83 84 85 86 87 88 89 90 91 92 93 94 95 96 97 98 99 100 101 102 103 104 105 106 107 108 109 110 111

# Modes
1 2 3 4 5 6 7

# Processing Times
1 1 1960
1 2 2543
1 3 2129
1 4 2762
1 5 1270
1 6 2112
1 7 2740
2 1 1715
2 2 2225
2 3 1863
2 4 2417
2 5 1111
2 6 1848
2 7 2397
3 1 735
3 2 954
3 3 799
3 4 1037
3 5 476
3 6 792
3 7 1028
4 1 1715
4 2 2225
4 3 1863
4 4 2417
4 5 1111
4 6 1848
4 7 2397
5 1 490
5 2 636
5 3 533
5 4 691
5 5 318
5 6 528
5 7 686
6 1 1225
6 2 1590
6 3 1331
6 4 1727
6 5 794
6 6 1320
6 7 1713
7 1 169
7 2 220
7 3 184
7 4 239
7 5 110
7 6 183
7 7 237
8 1 2252
8 2 2922
8 3 2446
8 4 3174
8 5 1459
8 6 2426
8 7 3148
9 1 1225
9 2 1590
9 3 1331
9 4 1727
9 5 794
9 6 1320
9 7 1713
10 1 2319
10 2 3009
10 3 2519
10 4 3269
10 5 1502
10 6 2499
10 7 3242
11 1 1715
11 2 2225
11 3 1863
11 4 2417
11 5 1111
11 6 1848
11 7 2397
12 1 980
12 2 1272
12 3 1065
12 4 1382
12 5 635
12 6 1056
12 7 1371
13 1 735
13 2 954
13 3 799
13 4 1037
13 5 476
13 6 792
13 7 1028
14 1 2281
14 2 2959
14 3 2478
14 4 3214
14 5 1477
14 6 2458
14 7 3188
15 1 2750
15 2 3568
15 3 2987
15 4 3876
15 5 1781
15 6 2963
15 7 3844
16 1 77
16 2 100
16 3 84
16 4 109
16 5 50
16 6 83
16 7 108
17 1 89
17 2 116
17 3 97
17 4 126
17 5 58
17 6 96
17 7 125
18 1 51
18 2 67
18 3 56
18 4 73
18 5 34
18 6 55
18 7 73
19 1 364
19 2 473
19 3 396
19 4 514
19 5 236
19 6 393
19 7 510
20 1 405
20 2 526
20 3 440
20 4 572
20 5 263
20 6 437
20 7 567
21 1 3060
21 2 3970
21 3 3324
21 4 4312
21 5 1982
21 6 3297
21 7 4277
22 1 125
22 2 163
22 3 136
22 4 178
22 5 81
22 6 135
22 7 176
23 1 3429
23 2 4449
23 3 3725
23 4 4833
23 5 2221
23 6 3694
23 7 4793
24 1 43
24 2 56
24 3 47
24 4 61
24 5 28
24 6 47
24 7 61
25 1 3430
25 2 4450
25 3 3726
25 4 4834
25 5 2221
25 6 3695
25 7 4794
26 1 1960
26 2 2543
26 3 2129
26 4 2762
26 5 1270
26 6 2112
26 7 2740
27 1 29
27 2 38
27 3 32
27 4 42
27 5 19
27 6 32
27 7 41
28 1 27
28 2 36
28 3 30
28 4 40
28 5 18
28 6 30
28 7 39
29 1 15
29 2 20
29 3 17
29 4 22
29 5 10
29 6 17
29 7 22
30 1 121
30 2 157
30 3 132
30 4 171
30 5 79
30 6 131
30 7 170
31 1 1715
31 2 2225
31 3 1863
31 4 2417
31 5 1111
31 6 1848
31 7 2397
32 1 2127
32 2 2760
32 3 2311
32 4 2998
32 5 1378
32 6 2292
32 7 2974
33 1 1470
33 2 1907
33 3 1597
33 4 2072
33 5 952
33 6 1584
33 7 2055
34 1 4037
34 2 5237
34 3 4385
34 4 5688
34 5 2614
34 6 4349
34 7 5642
35 1 68
35 2 89
35 3 74
35 4 97
35 5 45
35 6 74
35 7 96
36 1 62
36 2 81
36 3 68
36 4 88
36 5 41
36 6 67
36 7 88
37 1 42
37 2 55
37 3 46
37 4 60
37 5 28
37 6 46
37 7 60
38 1 364
38 2 473
38 3 396
38 4 514
38 5 236
38 6 393
38 7 510
39 1 4998
39 2 6484
39 3 5429
39 4 7043
39 5 3237
39 6 5384
39 7 6985
40 1 1470
40 2 1907
40 3 1597
40 4 2072
40 5 952
40 6 1584
40 7 2055
41 1 2963
41 2 3844
41 3 3219
41 4 4175
41 5 1919
41 6 3192
41 7 4141
42 1 5689
42 2 7380
42 3 6179
42 4 8016
42 5 3684
42 6 6129
42 7 7950
43 1 68
43 2 89
43 3 74
43 4 97
43 5 45
43 6 74
43 7 96
44 1 18
44 2 24
44 3 20
44 4 27
44 5 12
44 6 20
44 7 26
45 1 10
45 2 13
45 3 11
45 4 15
45 5 7
45 6 11
45 7 15
46 1 81
46 2 106
46 3 88
46 4 116
46 5 53
46 6 88
46 7 115
47 1 5200
47 2 6746
47 3 5648
47 4 7327
47 5 3367
47 6 5602
47 7 7267
48 1 39
48 2 51
48 3 43
48 4 56
48 5 26
48 6 43
48 7 55
49 1 67
49 2 87
49 3 73
49 4 95
49 5 44
49 6 73
49 7 94
50 1 27
50 2 36
50 3 30
50 4 40
50 5 18
50 6 30
50 7 39
51 1 15
51 2 20
51 3 17
51 4 22
51 5 10
51 6 17
51 7 22
52 1 121
52 2 157
52 3 132
52 4 171
52 5 79
52 6 131
52 7 170
53 1 58
53 2 76
53 3 63
53 4 83
53 5 38
53 6 63
53 7 82
54 1 1715
54 2 2225
54 3 1863
54 4 2417
54 5 1111
54 6 1848
54 7 2397
55 1 125
55 2 163
55 3 136
55 4 178
55 5 81
55 6 135
55 7 176
56 1 4010
56 2 5202
56 3 4356
56 4 5650
56 5 2597
56 6 4320
56 7 5604
57 1 1470
57 2 1907
57 3 1597
57 4 2072
57 5 952
57 6 1584
57 7 2055
58 1 1470
58 2 1907
58 3 1597
58 4 2072
58 5 952
58 6 1584
58 7 2055
59 1 2303
59 2 2988
59 3 2502
59 4 3246
59 5 1492
59 6 2481
59 7 3219
60 1 1960
60 2 2543
60 3 2129
60 4 2762
60 5 1270
60 6 2112
60 7 2740
61 1 2205
61 2 2861
61 3 2395
61 4 3108
61 5 1428
61 6 2376
61 7 3082
62 1 4018
62 2 5213
62 3 4364
62 4 5662
62 5 2602
62 6 4329
62 7 5616
63 1 2744
63 2 3560
63 3 2981
63 4 3867
63 5 1777
63 6 2956
63 7 3835
64 1 2999
64 2 3891
64 3 3258
64 4 4227
64 5 1942
64 6 3231
64 7 4192
65 1 735
65 2 954
65 3 799
65 4 1037
65 5 476
65 6 792
65 7 1028
66 1 735
66 2 954
66 3 799
66 4 1037
66 5 476
66 6 792
66 7 1028
67 1 735
67 2 954
67 3 799
67 4 1037
67 5 476
67 6 792
67 7 1028
68 1 735
68 2 954
68 3 799
68 4 1037
68 5 476
68 6 792
68 7 1028
69 1 545
69 2 707
69 3 592
69 4 768
69 5 353
69 6 588
69 7 762
70 1 3386
70 2 4393
70 3 3678
70 4 4772
70 5 2193
70 6 3648
70 7 4733
71 1 3234
71 2 4196
71 3 3513
71 4 4558
71 5 2095
71 6 3484
71 7 4520
72 1 2205
72 2 2861
72 3 2395
72 4 3108
72 5 1428
72 6 2376
72 7 3082
73 1 2206
73 2 2862
73 3 2396
73 4 3109
73 5 1429
73 6 2377
73 7 3083
74 1 490
74 2 636
74 3 533
74 4 691
74 5 318
74 6 528
74 7 686
75 1 825
75 2 1071
75 3 897
75 4 1164
75 5 535
75 6 889
75 7 1154
76 1 3528
76 2 4577
76 3 3832
76 4 4972
76 5 2285
76 6 3801
76 7 4931
77 1 3568
77 2 4629
77 3 3876
77 4 5028
77 5 2311
77 6 3844
77 7 4987
78 1 1200
78 2 1557
78 3 1304
78 4 1692
78 5 777
78 6 1293
78 7 1678
79 1 618
79 2 802
79 3 672
79 4 872
79 5 401
79 6 666
79 7 864
80 1 1470
80 2 1907
80 3 1597
80 4 2072
80 5 952
80 6 1584
80 7 2055
81 1 1715
81 2 2225
81 3 1863
81 4 2417
81 5 1111
81 6 1848
81 7 2397
82 1 735
82 2 954
82 3 799
82 4 1037
82 5 476
82 6 792
82 7 1028
83 1 1960
83 2 2543
83 3 2129
83 4 2762
83 5 1270
83 6 2112
83 7 2740
84 1 2889
84 2 3748
84 3 3138
84 4 4071
84 5 1871
84 6 3113
84 7 4038
85 1 618
85 2 802
85 3 672
85 4 872
85 5 401
85 6 666
85 7 864
86 1 490
86 2 636
86 3 533
86 4 691
86 5 318
86 6 528
86 7 686
87 1 735
87 2 954
87 3 799
87 4 1037
87 5 476
87 6 792
87 7 1028
88 1 490
88 2 636
88 3 533
88 4 691
88 5 318
88 6 528
88 7 686
89 1 921
89 2 1195
89 3 1001
89 4 1298
89 5 597
89 6 993
89 7 1288
90 1 326
90 2 423
90 3 355
90 4 460
90 5 212
90 6 352
90 7 456
91 1 5390
91 2 6992
91 3 5855
91 4 7595
91 5 3491
91 6 5807
91 7 7532
92 1 243
92 2 316
92 3 264
92 4 344
92 5 158
92 6 262
92 7 341
93 1 371
93 2 482
93 3 403
93 4 524
93 5 241
93 6 400
93 7 520
94 1 58
94 2 76
94 3 63
94 4 83
94 5 38
94 6 63
94 7 82
95 1 5059
95 2 6563
95 3 5495
95 4 7129
95 5 3276
95 6 5450
95 7 7070
96 1 1225
96 2 1590
96 3 1331
96 4 1727
96 5 794
96 6 1320
96 7 1713
97 1 769
97 2 998
97 3 836
97 4 1084
97 5 498
97 6 829
97 7 1076
98 1 768
98 2 997
98 3 835
98 4 1083
98 5 498
98 6 828
98 7 1074
99 1 1670
99 2 2167
99 3 1814
99 4 2354
99 5 1082
99 6 1799
99 7 2335
100 1 1670
100 2 2167
100 3 1814
100 4 2354
100 5 1082
100 6 1799
100 7 2335
101 1 490
101 2 636
101 3 533
101 4 691
101 5 318
101 6 528
101 7 686
102 1 202
102 2 263
102 3 220
102 4 286
102 5 131
102 6 218
102 7 284
103 1 203
103 2 264
103 3 221
103 4 287
103 5 132
103 6 219
103 7 285
104 1 202
104 2 263
104 3 220
104 4 286
104 5 131
104 6 218
104 7 284
105 1 2744
105 2 3560
105 3 2981
105 4 3867
105 5 1777
105 6 2956
105 7 3835
106 1 162
106 2 211
106 3 176
106 4 230
106 5 105
106 6 175
106 7 228
107 1 324
107 2 421
107 3 352
107 4 458
107 5 210
107 6 350
107 7 454
108 1 162
108 2 211
108 3 176
108 4 230
108 5 105
108 6 175
108 7 228
109 1 121
109 2 157
109 3 132
109 4 171
109 5 79
109 6 131
109 7 170
110 1 162
110 2 211
110 3 176
110 4 230
110 5 105
110 6 175
110 7 228
111 1 91
111 2 119
111 3 99
111 4 130
111 5 59
111 6 99
111 7 129

# Energy Consumption
1 1 0
1 2 609
1 3 0
1 4 569
1 5 197
1 6 0
1 7 393
2 1 0
2 2 560
2 3 0
2 4 479
2 5 167
2 6 0
2 7 340
3 1 0
3 2 266
3 3 0
3 4 203
3 5 75
3 6 0
3 7 140
4 1 0
4 2 555
4 3 0
4 4 532
4 5 156
4 6 0
4 7 345
5 1 0
5 2 155
5 3 0
5 4 145
5 5 50
5 6 0
5 7 94
6 1 0
6 2 351
6 3 0
6 4 367
6 5 120
6 6 0
6 7 236
7 1 0
7 2 50
7 3 0
7 4 52
7 5 16
7 6 0
7 7 34
8 1 0
8 2 743
8 3 0
8 4 665
8 5 215
8 6 0
8 7 442
9 1 0
9 2 423
9 3 0
9 4 368
9 5 126
9 6 0
9 7 257
10 1 0
10 2 859
10 3 0
10 4 675
10 5 225
10 6 0
10 7 457
11 1 0
11 2 494
11 3 0
11 4 446
11 5 169
11 6 0
11 7 345
12 1 0
12 2 323
12 3 0
12 4 302
12 5 91
12 6 0
12 7 189
13 1 0
13 2 229
13 3 0
13 4 208
13 5 71
13 6 0
13 7 141
14 1 0
14 2 876
14 3 0
14 4 652
14 5 231
14 6 0
14 7 424
15 1 0
15 2 911
15 3 0
15 4 715
15 5 271
15 6 0
15 7 470
16 1 0
16 2 29
16 3 0
16 4 24
16 5 8
16 6 0
16 7 14
17 1 0
17 2 32
17 3 0
17 4 28
17 5 9
17 6 0
17 7 16
18 1 0
18 2 17
18 3 0
18 4 15
18 5 6
18 6 0
18 7 10
19 1 0
19 2 131
19 3 0
19 4 105
19 5 37
19 6 0
19 7 76
20 1 0
20 2 135
20 3 0
20 4 126
20 5 41
20 6 0
20 7 71
21 1 0
21 2 876
21 3 0
21 4 905
21 5 300
21 6 0
21 7 605
22 1 0
22 2 40
22 3 0
22 4 38
22 5 12
22 6 0
22 7 26
23 1 0
23 2 1161
23 3 0
23 4 955
23 5 314
23 6 0
23 7 704
24 1 0
24 2 14
24 3 0
24 4 13
24 5 5
24 6 0
24 7 9
25 1 0
25 2 1143
25 3 0
25 4 911
25 5 317
25 6 0
25 7 606
26 1 0
26 2 735
26 3 0
26 4 516
26 5 193
26 6 0
26 7 346
27 1 0
27 2 11
27 3 0
27 4 10
27 5 3
27 6 0
27 7 6
28 1 0
28 2 8
28 3 0
28 4 8
28 5 3
28 6 0
28 7 6
29 1 0
29 2 6
29 3 0
29 4 5
29 5 2
29 6 0
29 7 4
30 1 0
30 2 42
30 3 0
30 4 38
30 5 12
30 6 0
30 7 22
31 1 0
31 2 546
31 3 0
31 4 463
31 5 175
31 6 0
31 7 353
32 1 0
32 2 700
32 3 0
32 4 619
32 5 210
32 6 0
32 7 396
33 1 0
33 2 420
33 3 0
33 4 409
33 5 143
33 6 0
33 7 285
34 1 0
34 2 1349
34 3 0
34 4 1100
34 5 382
34 6 0
34 7 801
35 1 0
35 2 27
35 3 0
35 4 19
35 5 7
35 6 0
35 7 15
36 1 0
36 2 25
36 3 0
36 4 18
36 5 7
36 6 0
36 7 12
37 1 0
37 2 17
37 3 0
37 4 12
37 5 5
37 6 0
37 7 8
38 1 0
38 2 129
38 3 0
38 4 96
38 5 35
38 6 0
38 7 68
39 1 0
39 2 1634
39 3 0
39 4 1310
39 5 509
39 6 0
39 7 894
40 1 0
40 2 478
40 3 0
40 4 405
40 5 152
40 6 0
40 7 279
41 1 0
41 2 1099
41 3 0
41 4 881
41 5 283
41 6 0
41 7 582
42 1 0
42 2 1942
42 3 0
42 4 1453
42 5 558
42 6 0
42 7 1080
43 1 0
43 2 21
43 3 0
43 4 18
43 5 7
43 6 0
43 7 12
44 1 0
44 2 7
44 3 0
44 4 5
44 5 2
44 6 0
44 7 4
45 1 0
45 2 4
45 3 0
45 4 4
45 5 2
45 6 0
45 7 2
46 1 0
46 2 27
46 3 0
46 4 24
46 5 8
46 6 0
46 7 17
47 1 0
47 2 1925
47 3 0
47 4 1476
47 5 501
47 6 0
47 7 1023
48 1 0
48 2 13
48 3 0
48 4 11
48 5 4
48 6 0
48 7 8
49 1 0
49 2 21
49 3 0
49 4 18
49 5 7
49 6 0
49 7 12
50 1 0
50 2 11
50 3 0
50 4 8
50 5 3
50 6 0
50 7 5
51 1 0
51 2 6
51 3 0
51 4 5
51 5 2
51 6 0
51 7 3
52 1 0
52 2 47
52 3 0
52 4 33
52 5 12
52 6 0
52 7 22
53 1 0
53 2 20
53 3 0
53 4 16
53 5 6
53 6 0
53 7 12
54 1 0
54 2 655
54 3 0
54 4 461
54 5 173
54 6 0
54 7 340
55 1 0
55 2 41
55 3 0
55 4 39
55 5 13
55 6 0
55 7 24
56 1 0
56 2 1547
56 3 0
56 4 1190
56 5 392
56 6 0
56 7 807
57 1 0
57 2 481
57 3 0
57 4 387
57 5 146
57 6 0
57 7 265
58 1 0
58 2 437
58 3 0
58 4 438
58 5 135
58 6 0
58 7 258
59 1 0
59 2 820
59 3 0
59 4 652
59 5 217
59 6 0
59 7 423
60 1 0
60 2 573
60 3 0
60 4 604
60 5 196
60 6 0
60 7 391
61 1 0
61 2 732
61 3 0
61 4 644
61 5 224
61 6 0
61 7 437
62 1 0
62 2 1564
62 3 0
62 4 1168
62 5 365
62 6 0
62 7 718
63 1 0
63 2 934
63 3 0
63 4 768
63 5 282
63 6 0
63 7 528
64 1 0
64 2 1147
64 3 0
64 4 857
64 5 295
64 6 0
64 7 582
65 1 0
65 2 242
65 3 0
65 4 197
65 5 68
65 6 0
65 7 143
66 1 0
66 2 232
66 3 0
66 4 199
66 5 73
66 6 0
66 7 126
67 1 0
67 2 215
67 3 0
67 4 195
67 5 67
67 6 0
67 7 148
68 1 0
68 2 286
68 3 0
68 4 205
68 5 70
68 6 0
68 7 127
69 1 0
69 2 167
69 3 0
69 4 139
69 5 51
69 6 0
69 7 96
70 1 0
70 2 1304
70 3 0
70 4 996
70 5 322
70 6 0
70 7 573
71 1 0
71 2 1257
71 3 0
71 4 986
71 5 320
71 6 0
71 7 591
72 1 0
72 2 754
72 3 0
72 4 607
72 5 210
72 6 0
72 7 425
73 1 0
73 2 660
73 3 0
73 4 676
73 5 217
73 6 0
73 7 371
74 1 0
74 2 178
74 3 0
74 4 136
74 5 45
74 6 0
74 7 94
75 1 0
75 2 293
75 3 0
75 4 252
75 5 78
75 6 0
75 7 156
76 1 0
76 2 1073
76 3 0
76 4 926
76 5 345
76 6 0
76 7 733
77 1 0
77 2 1320
77 3 0
77 4 1078
77 5 339
77 6 0
77 7 662
78 1 0
78 2 379
78 3 0
78 4 369
78 5 115
78 6 0
78 7 227
79 1 0
79 2 186
79 3 0
79 4 169
79 5 62
79 6 0
79 7 123
80 1 0
80 2 473
80 3 0
80 4 451
80 5 139
80 6 0
80 7 267
81 1 0
81 2 494
81 3 0
81 4 447
81 5 174
81 6 0
81 7 316
82 1 0
82 2 249
82 3 0
82 4 217
82 5 72
82 6 0
82 7 140
83 1 0
83 2 666
83 3 0
83 4 557
83 5 188
83 6 0
83 7 410
84 1 0
84 2 1045
84 3 0
84 4 742
84 5 291
84 6 0
84 7 517
85 1 0
85 2 238
85 3 0
85 4 158
85 5 58
85 6 0
85 7 120
86 1 0
86 2 173
86 3 0
86 4 136
86 5 50
86 6 0
86 7 100
87 1 0
87 2 230
87 3 0
87 4 188
87 5 69
87 6 0
87 7 138
88 1 0
88 2 153
88 3 0
88 4 132
88 5 50
88 6 0
88 7 95
89 1 0
89 2 336
89 3 0
89 4 266
89 5 90
89 6 0
89 7 189
90 1 0
90 2 118
90 3 0
90 4 94
90 5 31
90 6 0
90 7 57
91 1 0
91 2 1638
91 3 0
91 4 1659
91 5 540
91 6 0
91 7 936
92 1 0
92 2 90
92 3 0
92 4 63
92 5 25
92 6 0
92 7 45
93 1 0
93 2 139
93 3 0
93 4 102
93 5 38
93 6 0
93 7 74
94 1 0
94 2 20
94 3 0
94 4 16
94 5 6
94 6 0
94 7 12
95 1 0
95 2 1939
95 3 0
95 4 1394
95 5 480
95 6 0
95 7 953
96 1 0
96 2 386
96 3 0
96 4 357
96 5 113
96 6 0
96 7 231
97 1 0
97 2 224
97 3 0
97 4 217
97 5 75
97 6 0
97 7 131
98 1 0
98 2 259
98 3 0
98 4 196
98 5 78
98 6 0
98 7 133
99 1 0
99 2 647
99 3 0
99 4 481
99 5 165
99 6 0
99 7 314
100 1 0
100 2 503
100 3 0
100 4 489
100 5 173
100 6 0
100 7 323
101 1 0
101 2 153
101 3 0
101 4 135
101 5 46
101 6 0
101 7 86
102 1 0
102 2 63
102 3 0
102 4 52
102 5 21
102 6 0
102 7 40
103 1 0
103 2 60
103 3 0
103 4 63
103 5 19
103 6 0
103 7 35
104 1 0
104 2 61
104 3 0
104 4 52
104 5 21
104 6 0
104 7 36
105 1 0
105 2 901
105 3 0
105 4 847
105 5 266
105 6 0
105 7 545
106 1 0
106 2 58
106 3 0
106 4 44
106 5 17
106 6 0
106 7 33
107 1 0
107 2 123
107 3 0
107 4 91
107 5 33
107 6 0
107 7 61
108 1 0
108 2 63
108 3 0
108 4 48
108 5 16
108 6 0
108 7 28
109 1 0
109 2 36
109 3 0
109 4 35
109 5 12
109 6 0
109 7 23
110 1 0
110 2 50
110 3 0
110 4 47
110 5 16
110 6 0
110 7 33
111 1 0
111 2 28
111 3 0
111 4 25
111 5 9
111 6 0
111 7 16

# Precedence Relations
1 2
2 3
3 4
4 5
4 6
4 7
4 8
4 9
4 10
5 39
6 39
7 83
8 71
9 32
10 11
10 12
11 13
11 14
11 15
11 16
11 17
11 18
11 19
11 20
11 21
12 13
12 14
12 15
12 16
12 17
12 18
12 19
12 20
12 21
13 71
14 22
14 23
14 24
14 25
15 26
16 27
17 28
18 29
19 30
20 91
21 111
22 31
22 83
23 32
23 33
24 69
24 70
25 34
26 82
27 35
28 36
29 37
30 38
31 39
32 41
33 111
34 42
35 43
36 44
36 91
37 45
37 91
38 46
38 91
39 40
40 111
41 69
41 70
42 47
43 48
43 49
44 50
45 51
46 52
47 54
47 55
47 56
47 57
47 58
47 59
47 60
48 53
49 91
50 111
51 111
52 111
53 111
54 69
54 70
55 61
55 62
55 63
56 63
56 64
57 65
57 91
58 66
58 91
59 67
59 91
60 68
60 91
61 69
61 70
62 71
63 111
64 72
65 111
66 111
67 111
68 111
69 77
69 78
70 73
71 91
72 74
73 75
74 76
75 77
75 78
75 79
76 80
76 81
76 82
77 83
78 84
79 85
80 86
80 91
81 87
81 91
82 111
83 91
84 88
84 89
84 91
85 111
86 111
87 90
88 105
89 105
90 111
91 92
91 93
91 94
92 95
93 95
94 95
95 96
95 97
95 98
95 99
95 100
95 104
96 101
97 102
98 103
99 111
100 111
101 105
102 106
102 107
103 107
103 108
104 111
105 111
106 109
107 111
108 110
109 111
110 111

# Parameters
R_e = 0.0500
T = 8416.800000000001
C_s = 4.0
C_w = 36.0
C_c = 5.0
