# Tasks
1 2 3 4 5 6 7 8 9 10 11 12 13 14 15 16 17 18 19 20

# Workstations
1 2 3 4 5 6 7 8 9 10 11 12 13 14 15 16 17 18 19 20

# Modes
1 2 3 4 5 6 7

# Processing Times
1 1 136
1 2 134
1 3 149
1 4 147
1 5 117
1 6 194
1 7 191
2 1 106
2 2 100
2 3 116
2 4 109
2 5 90
2 6 147
2 7 139
3 1 251
3 2 260
3 3 270
3 4 280
3 5 233
3 6 342
3 7 354
4 1 272
4 2 267
4 3 297
4 4 291
4 5 226
4 6 360
4 7 353
5 1 38
5 2 41
5 3 41
5 4 44
5 5 34
5 6 51
5 7 55
6 1 132
6 2 119
6 3 144
6 4 130
6 5 122
6 6 191
6 7 172
7 1 207
7 2 205
7 3 221
7 4 218
7 5 174
7 6 271
7 7 269
8 1 105
8 2 106
8 3 113
8 4 114
8 5 85
8 6 140
8 7 141
9 1 175
9 2 186
9 3 188
9 4 200
9 5 144
9 6 240
9 7 255
10 1 207
10 2 204
10 3 221
10 4 218
10 5 170
10 6 274
10 7 270
11 1 89
11 2 92
11 3 95
11 4 98
11 5 82
11 6 122
11 7 126
12 1 133
12 2 114
12 3 142
12 4 122
12 5 117
12 6 174
12 7 149
13 1 168
13 2 159
13 3 184
13 4 174
13 5 144
13 6 226
13 7 214
14 1 43
14 2 41
14 3 46
14 4 44
14 5 37
14 6 62
14 7 59
15 1 221
15 2 212
15 3 242
15 4 232
15 5 195
15 6 302
15 7 289
16 1 121
16 2 132
16 3 130
16 4 142
16 5 106
16 6 157
16 7 171
17 1 61
17 2 57
17 3 66
17 4 61
17 5 56
17 6 86
17 7 80
18 1 30
18 2 28
18 3 32
18 4 30
18 5 26
18 6 41
18 7 38
19 1 262
19 2 286
19 3 280
19 4 305
19 5 240
19 6 378
19 7 413
20 1 153
20 2 132
20 3 163
20 4 140
20 5 130
20 6 201
20 7 173

# Energy Consumption
1 1 0
1 2 30
1 3 0
1 4 32
1 5 19
1 6 0
1 7 28
2 1 0
2 2 27
2 3 0
2 4 24
2 5 14
2 6 0
2 7 20
3 1 0
3 2 58
3 3 0
3 4 55
3 5 34
3 6 0
3 7 45
4 1 0
4 2 80
4 3 0
4 4 56
4 5 33
4 6 0
4 7 46
5 1 0
5 2 11
5 3 0
5 4 9
5 5 6
5 6 0
5 7 8
6 1 0
6 2 29
6 3 0
6 4 25
6 5 20
6 6 0
6 7 24
7 1 0
7 2 59
7 3 0
7 4 44
7 5 27
7 6 0
7 7 41
8 1 0
8 2 28
8 3 0
8 4 24
8 5 14
8 6 0
8 7 18
9 1 0
9 2 51
9 3 0
9 4 43
9 5 23
9 6 0
9 7 32
10 1 0
10 2 51
10 3 0
10 4 48
10 5 27
10 6 0
10 7 35
11 1 0
11 2 24
11 3 0
11 4 19
11 5 12
11 6 0
11 7 18
12 1 0
12 2 26
12 3 0
12 4 27
12 5 18
12 6 0
12 7 20
13 1 0
13 2 43
13 3 0
13 4 33
13 5 23
13 6 0
13 7 30
14 1 0
14 2 12
14 3 0
14 4 9
14 5 6
14 6 0
14 7 8
15 1 0
15 2 59
15 3 0
15 4 50
15 5 30
15 6 0
15 7 38
16 1 0
16 2 38
16 3 0
16 4 28
16 5 17
16 6 0
16 7 25
17 1 0
17 2 14
17 3 0
17 4 13
17 5 9
17 6 0
17 7 12
18 1 0
18 2 8
18 3 0
18 4 7
18 5 4
18 6 0
18 7 5
19 1 0
19 2 65
19 3 0
19 4 60
19 5 36
19 6 0
19 7 51
20 1 0
20 2 33
20 3 0
20 4 30
20 5 19
20 6 0
20 7 24

# Precedence Relations
1 7
2 6
2 15
3 11
4 8
5 8
6 10
7 9
8 11
9 12
10 13
11 14
11 15
12 17
13 17
14 16
15 17
16 18
17 18
17 19
17 20

# Parameters
R_e = 0.0500
T = 1000.0
C_s = 4.0
C_w = 36.0
C_c = 5.0
