# Tasks
1 2 3 4 5 6 7 8 9 10 11 12 13 14 15 16 17 18 19 20

# Workstations
1 2 3 4 5 6 7 8 9 10 11 12 13 14 15 16 17 18 19 20

# Modes
1 2 3 4 5 6 7

# Processing Times
1 1 46
1 2 90
1 3 46
1 4 89
1 5 43
1 6 49
1 7 95
2 1 135
2 2 267
2 3 140
2 4 277
2 5 128
2 6 141
2 7 279
3 1 114
3 2 234
3 3 111
3 4 227
3 5 108
3 6 124
3 7 253
4 1 140
4 2 313
4 3 143
4 4 319
4 5 121
4 6 142
4 7 316
5 1 58
5 2 108
5 3 59
5 4 110
5 5 49
5 6 64
5 7 118
6 1 244
6 2 537
6 3 237
6 4 520
6 5 220
6 6 254
6 7 559
7 1 158
7 2 330
7 3 154
7 4 321
7 5 148
7 6 161
7 7 336
8 1 27
8 2 58
8 3 28
8 4 60
8 5 23
8 6 29
8 7 61
9 1 142
9 2 292
9 3 140
9 4 288
9 5 115
9 6 151
9 7 309
10 1 190
10 2 413
10 3 197
10 4 428
10 5 156
10 6 198
10 7 430
11 1 31
11 2 71
11 3 32
11 4 72
11 5 28
11 6 33
11 7 76
12 1 120
12 2 265
12 3 119
12 4 262
12 5 106
12 6 121
12 7 266
13 1 186
13 2 432
13 3 190
13 4 441
13 5 168
13 6 203
13 7 472
14 1 67
14 2 123
14 3 64
14 4 118
14 5 59
14 6 71
14 7 131
15 1 300
15 2 706
15 3 313
15 4 736
15 5 281
15 6 311
15 7 732
16 1 147
16 2 365
16 3 153
16 4 379
16 5 137
16 6 152
16 7 375
17 1 276
17 2 504
17 3 280
17 4 512
17 5 232
17 6 294
17 7 537
18 1 146
18 2 355
18 3 147
18 4 357
18 5 132
18 6 148
18 7 359
19 1 52
19 2 106
19 3 53
19 4 107
19 5 47
19 6 54
19 7 109
20 1 93
20 2 204
20 3 91
20 4 199
20 5 88
20 6 102
20 7 222

# Energy Consumption
1 1 0
1 2 23
1 3 0
1 4 19
1 5 7
1 6 0
1 7 15
2 1 0
2 2 68
2 3 0
2 4 60
2 5 21
2 6 0
2 7 40
3 1 0
3 2 61
3 3 0
3 4 48
3 5 17
3 6 0
3 7 32
4 1 0
4 2 84
4 3 0
4 4 65
4 5 19
4 6 0
4 7 40
5 1 0
5 2 27
5 3 0
5 4 20
5 5 8
5 6 0
5 7 15
6 1 0
6 2 145
6 3 0
6 4 98
6 5 33
6 6 0
6 7 72
7 1 0
7 2 82
7 3 0
7 4 59
7 5 23
7 6 0
7 7 51
8 1 0
8 2 17
8 3 0
8 4 13
8 5 4
8 6 0
8 7 9
9 1 0
9 2 84
9 3 0
9 4 54
9 5 17
9 6 0
9 7 42
10 1 0
10 2 119
10 3 0
10 4 92
10 5 25
10 6 0
10 7 61
11 1 0
11 2 16
11 3 0
11 4 16
11 5 5
11 6 0
11 7 10
12 1 0
12 2 62
12 3 0
12 4 58
12 5 17
12 6 0
12 7 37
13 1 0
13 2 124
13 3 0
13 4 82
13 5 27
13 6 0
13 7 70
14 1 0
14 2 32
14 3 0
14 4 22
14 5 10
14 6 0
14 7 16
15 1 0
15 2 183
15 3 0
15 4 144
15 5 44
15 6 0
15 7 93
16 1 0
16 2 93
16 3 0
16 4 74
16 5 20
16 6 0
16 7 48
17 1 0
17 2 133
17 3 0
17 4 98
17 5 38
17 6 0
17 7 65
18 1 0
18 2 104
18 3 0
18 4 72
18 5 20
18 6 0
18 7 51
19 1 0
19 2 31
19 3 0
19 4 20
19 5 7
19 6 0
19 7 17
20 1 0
20 2 49
20 3 0
20 4 40
20 5 13
20 6 0
20 7 34

# Precedence Relations
1 5
2 6
3 7
5 11
6 8
6 9
6 10
6 12
8 15
9 13
10 14
11 16
12 17
13 18
14 19
15 20

# Parameters
R_e = 0.0500
T = 1000.0
C_s = 4.0
C_w = 36.0
C_c = 5.0
