# Tasks
1 2 3 4 5 6 7 8 9 10 11 12 13 14 15 16 17 18 19 20

# Workstations
1 2 3 4 5 6 7 8 9 10 11 12 13 14 15 16 17 18 19 20

# Modes
1 2 3 4 5 6 7

# Processing Times
1 1 464
1 2 939
1 3 495
1 4 1002
1 5 148
1 6 525
1 7 1063
2 1 154
2 2 323
2 3 164
2 4 344
2 5 67
2 6 185
2 7 387
3 1 506
3 2 947
3 3 554
3 4 1037
3 5 221
3 6 577
3 7 1079
4 1 476
4 2 1061
4 3 506
4 4 1128
4 5 191
4 6 550
4 7 1226
5 1 77
5 2 163
5 3 85
5 4 179
5 5 33
5 6 94
5 7 198
6 1 155
6 2 380
6 3 167
6 4 409
6 5 48
6 6 177
6 7 434
7 1 340
7 2 846
7 3 364
7 4 904
7 5 121
7 6 407
7 7 1013
8 1 467
8 2 1082
8 3 501
8 4 1160
8 5 207
8 6 523
8 7 1210
9 1 94
9 2 229
9 3 102
9 4 248
9 5 36
9 6 110
9 7 266
10 1 65
10 2 151
10 3 69
10 4 159
10 5 26
10 6 82
10 7 189
11 1 192
11 2 358
11 3 208
11 4 387
11 5 71
11 6 240
11 7 447
12 1 127
12 2 291
12 3 139
12 4 317
12 5 46
12 6 155
12 7 355
13 1 204
13 2 394
13 3 222
13 4 428
13 5 75
13 6 241
13 7 465
14 1 108
14 2 212
14 3 117
14 4 229
14 5 34
14 6 131
14 7 256
15 1 481
15 2 1055
15 3 516
15 4 1132
15 5 199
15 6 583
15 7 1278
16 1 213
16 2 434
16 3 234
16 4 476
16 5 83
16 6 261
16 7 532
17 1 116
17 2 229
17 3 127
17 4 250
17 5 42
17 6 141
17 7 278
18 1 74
18 2 164
18 3 80
18 4 176
18 5 32
18 6 90
18 7 199
19 1 220
19 2 500
19 3 234
19 4 530
19 5 78
19 6 272
19 7 617
20 1 117
20 2 248
20 3 126
20 4 267
20 5 40
20 6 134
20 7 284

# Energy Consumption
1 1 0
1 2 233
1 3 0
1 4 219
1 5 22
1 6 0
1 7 154
2 1 0
2 2 81
2 3 0
2 4 75
2 5 11
2 6 0
2 7 54
3 1 0
3 2 214
3 3 0
3 4 200
3 5 34
3 6 0
3 7 133
4 1 0
4 2 301
4 3 0
4 4 244
4 5 29
4 6 0
4 7 159
5 1 0
5 2 42
5 3 0
5 4 38
5 5 6
5 6 0
5 7 27
6 1 0
6 2 87
6 3 0
6 4 77
6 5 8
6 6 0
6 7 60
7 1 0
7 2 245
7 3 0
7 4 181
7 5 17
7 6 0
7 7 142
8 1 0
8 2 283
8 3 0
8 4 228
8 5 30
8 6 0
8 7 171
9 1 0
9 2 63
9 3 0
9 4 54
9 5 6
9 6 0
9 7 40
10 1 0
10 2 39
10 3 0
10 4 33
10 5 4
10 6 0
10 7 25
11 1 0
11 2 82
11 3 0
11 4 70
11 5 11
11 6 0
11 7 67
12 1 0
12 2 70
12 3 0
12 4 60
12 5 8
12 6 0
12 7 49
13 1 0
13 2 102
13 3 0
13 4 86
13 5 11
13 6 0
13 7 61
14 1 0
14 2 63
14 3 0
14 4 46
14 5 5
14 6 0
14 7 38
15 1 0
15 2 309
15 3 0
15 4 237
15 5 32
15 6 0
15 7 158
16 1 0
16 2 105
16 3 0
16 4 101
16 5 12
16 6 0
16 7 66
17 1 0
17 2 64
17 3 0
17 4 50
17 5 7
17 6 0
17 7 39
18 1 0
18 2 41
18 3 0
18 4 35
18 5 5
18 6 0
18 7 29
19 1 0
19 2 128
19 3 0
19 4 108
19 5 13
19 6 0
19 7 85
20 1 0
20 2 70
20 3 0
20 4 52
20 5 7
20 6 0
20 7 41

# Precedence Relations
1 9
2 9
3 9
4 9
5 11
5 12
8 10
9 13
9 14
9 15
9 16
14 17
15 18
17 20
18 19

# Parameters
R_e = 0.0500
T = 1341.9
C_s = 4.0
C_w = 36.0
C_c = 5.0
