# Tasks
1 2 3 4 5 6 7 8 9 10 11 12 13 14 15 16 17 18 19 20 21 22 23 24 25 26 27 28 29 30 31 32 33 34 35 36 37 38 39 40 41 42 43 44 45 46 47 48 49 50

# Workstations
1 2 3 4 5 6 7 8 9 10 11 12 13 14 15 16 17 18 19 20 21 22 23 24 25 26 27 28 29 30 31 32 33 34 35 36 37 38 39 40 41 42 43 44 45 46 47 48 49 50

# Modes
1 2 3 4 5 6 7

# Processing Times
1 1 44
1 2 89
1 3 48
1 4 96
1 5 18
1 6 54
1 7 109
2 1 83
2 2 174
2 3 91
2 4 189
2 5 35
2 6 93
2 7 195
3 1 495
3 2 926
3 3 537
3 4 1003
3 5 203
3 6 603
3 7 1127
4 1 256
4 2 571
4 3 271
4 4 603
4 5 98
4 6 295
4 7 657
5 1 109
5 2 231
5 3 116
5 4 245
5 5 41
5 6 127
5 7 268
6 1 224
6 2 549
6 3 240
6 4 587
6 5 98
6 6 267
6 7 653
7 1 297
7 2 739
7 3 317
7 4 788
7 5 127
7 6 341
7 7 848
8 1 30
8 2 70
8 3 33
8 4 77
8 5 11
8 6 36
8 7 83
9 1 105
9 2 256
9 3 112
9 4 271
9 5 35
9 6 117
9 7 284
10 1 432
10 2 999
10 3 475
10 4 1099
10 5 160
10 6 534
10 7 1235
11 1 264
11 2 492
11 3 283
11 4 528
11 5 88
11 6 312
11 7 580
12 1 104
12 2 239
12 3 115
12 4 263
12 5 42
12 6 124
12 7 285
13 1 240
13 2 463
13 3 257
13 4 495
13 5 82
13 6 274
13 7 527
14 1 128
14 2 251
14 3 138
14 4 269
14 5 46
14 6 155
14 7 303
15 1 92
15 2 202
15 3 100
15 4 218
15 5 38
15 6 113
15 7 247
16 1 69
16 2 141
16 3 74
16 4 151
16 5 24
16 6 79
16 7 162
17 1 110
17 2 217
17 3 118
17 4 233
17 5 44
17 6 127
17 7 250
18 1 335
18 2 740
18 3 364
18 4 804
18 5 107
18 6 418
18 7 922
19 1 109
19 2 248
19 3 116
19 4 263
19 5 40
19 6 128
19 7 290
20 1 26
20 2 56
20 3 29
20 4 62
20 5 12
20 6 33
20 7 70
21 1 158
21 2 299
21 3 168
21 4 317
21 5 71
21 6 180
21 7 340
22 1 66
22 2 159
22 3 71
22 4 171
22 5 28
22 6 81
22 7 196
23 1 480
23 2 1171
23 3 516
23 4 1258
23 5 182
23 6 597
23 7 1456
24 1 53
24 2 121
24 3 57
24 4 129
24 5 22
24 6 67
24 7 151
25 1 578
25 2 1362
25 3 632
25 4 1488
25 5 238
25 6 659
25 7 1551
26 1 292
26 2 539
26 3 319
26 4 588
26 5 125
26 6 326
26 7 602
27 1 188
27 2 387
27 3 203
27 4 418
27 5 78
27 6 221
27 7 454
28 1 94
28 2 232
28 3 100
28 4 247
28 5 39
28 6 106
28 7 261
29 1 150
29 2 321
29 3 162
29 4 347
29 5 66
29 6 173
29 7 370
30 1 179
30 2 402
30 3 191
30 4 428
30 5 62
30 6 206
30 7 462
31 1 442
31 2 937
31 3 467
31 4 990
31 5 187
31 6 519
31 7 1099
32 1 193
32 2 398
32 3 209
32 4 431
32 5 80
32 6 214
32 7 441
33 1 49
33 2 103
33 3 53
33 4 111
33 5 22
33 6 59
33 7 123
34 1 143
34 2 264
34 3 158
34 4 291
34 5 57
34 6 161
34 7 296
35 1 89
35 2 208
35 3 95
35 4 221
35 5 40
35 6 111
35 7 259
36 1 259
36 2 570
36 3 281
36 4 619
36 5 105
36 6 289
36 7 636
37 1 185
37 2 382
37 3 204
37 4 420
37 5 78
37 6 217
37 7 447
38 1 280
38 2 660
38 3 308
38 4 726
38 5 90
38 6 325
38 7 767
39 1 424
39 2 869
39 3 462
39 4 947
39 5 149
39 6 503
39 7 1030
40 1 33
40 2 66
40 3 36
40 4 71
40 5 14
40 6 37
40 7 74
41 1 172
41 2 350
41 3 182
41 4 369
41 5 77
41 6 212
41 7 432
42 1 171
42 2 342
42 3 183
42 4 366
42 5 58
42 6 204
42 7 407
43 1 169
43 2 410
43 3 181
43 4 439
43 5 59
43 6 204
43 7 495
44 1 327
44 2 646
44 3 357
44 4 704
44 5 125
44 6 387
44 7 764
45 1 482
45 2 1173
45 3 522
45 4 1270
45 5 155
45 6 535
45 7 1302
46 1 287
46 2 621
46 3 312
46 4 673
46 5 128
46 6 351
46 7 760
47 1 83
47 2 171
47 3 92
47 4 189
47 5 38
47 6 97
47 7 199
48 1 425
48 2 892
48 3 465
48 4 976
48 5 136
48 6 525
48 7 1102
49 1 152
49 2 342
49 3 162
49 4 363
49 5 68
49 6 182
49 7 409
50 1 374
50 2 675
50 3 394
50 4 710
50 5 126
50 6 452
50 7 816

# Energy Consumption
1 1 0
1 2 23
1 3 0
1 4 21
1 5 3
1 6 0
1 7 16
2 1 0
2 2 44
2 3 0
2 4 41
2 5 6
2 6 0
2 7 27
3 1 0
3 2 209
3 3 0
3 4 194
3 5 31
3 6 0
3 7 138
4 1 0
4 2 162
4 3 0
4 4 131
4 5 15
4 6 0
4 7 86
5 1 0
5 2 60
5 3 0
5 4 52
5 5 7
5 6 0
5 7 36
6 1 0
6 2 125
6 3 0
6 4 110
6 5 15
6 6 0
6 7 91
7 1 0
7 2 214
7 3 0
7 4 158
7 5 18
7 6 0
7 7 119
8 1 0
8 2 19
8 3 0
8 4 16
8 5 2
8 6 0
8 7 12
9 1 0
9 2 70
9 3 0
9 4 59
9 5 5
9 6 0
9 7 43
10 1 0
10 2 258
10 3 0
10 4 224
10 5 23
10 6 0
10 7 163
11 1 0
11 2 113
11 3 0
11 4 96
11 5 14
11 6 0
11 7 87
12 1 0
12 2 57
12 3 0
12 4 50
12 5 7
12 6 0
12 7 40
13 1 0
13 2 120
13 3 0
13 4 100
13 5 12
13 6 0
13 7 69
14 1 0
14 2 75
14 3 0
14 4 54
14 5 7
14 6 0
14 7 44
15 1 0
15 2 60
15 3 0
15 4 46
15 5 6
15 6 0
15 7 31
16 1 0
16 2 35
16 3 0
16 4 32
16 5 4
16 6 0
16 7 21
17 1 0
17 2 61
17 3 0
17 4 47
17 5 7
17 6 0
17 7 35
18 1 0
18 2 182
18 3 0
18 4 157
18 5 17
18 6 0
18 7 132
19 1 0
19 2 64
19 3 0
19 4 54
19 5 7
19 6 0
19 7 40
20 1 0
20 2 16
20 3 0
20 4 13
20 5 2
20 6 0
20 7 10
21 1 0
21 2 82
21 3 0
21 4 69
21 5 11
21 6 0
21 7 45
22 1 0
22 2 43
22 3 0
22 4 31
22 5 5
22 6 0
22 7 29
23 1 0
23 2 296
23 3 0
23 4 232
23 5 29
23 6 0
23 7 215
24 1 0
24 2 30
24 3 0
24 4 27
24 5 4
24 6 0
24 7 20
25 1 0
25 2 371
25 3 0
25 4 297
25 5 34
25 6 0
25 7 205
26 1 0
26 2 133
26 3 0
26 4 109
26 5 19
26 6 0
26 7 81
27 1 0
27 2 114
27 3 0
27 4 83
27 5 12
27 6 0
27 7 58
28 1 0
28 2 68
28 3 0
28 4 54
28 5 7
28 6 0
28 7 35
29 1 0
29 2 89
29 3 0
29 4 73
29 5 11
29 6 0
29 7 51
30 1 0
30 2 111
30 3 0
30 4 92
30 5 10
30 6 0
30 7 67
31 1 0
31 2 218
31 3 0
31 4 190
31 5 29
31 6 0
31 7 149
32 1 0
32 2 91
32 3 0
32 4 87
32 5 13
32 6 0
32 7 54
33 1 0
33 2 26
33 3 0
33 4 23
33 5 4
33 6 0
33 7 16
34 1 0
34 2 64
34 3 0
34 4 60
34 5 9
34 6 0
34 7 43
35 1 0
35 2 54
35 3 0
35 4 49
35 5 6
35 6 0
35 7 32
36 1 0
36 2 146
36 3 0
36 4 119
36 5 17
36 6 0
36 7 84
37 1 0
37 2 89
37 3 0
37 4 86
37 5 12
37 6 0
37 7 60
38 1 0
38 2 190
38 3 0
38 4 136
38 5 13
38 6 0
38 7 110
39 1 0
39 2 226
39 3 0
39 4 178
39 5 22
39 6 0
39 7 141
40 1 0
40 2 19
40 3 0
40 4 16
40 5 2
40 6 0
40 7 10
41 1 0
41 2 82
41 3 0
41 4 70
41 5 12
41 6 0
41 7 59
42 1 0
42 2 101
42 3 0
42 4 73
42 5 9
42 6 0
42 7 60
43 1 0
43 2 97
43 3 0
43 4 96
43 5 9
43 6 0
43 7 62
44 1 0
44 2 150
44 3 0
44 4 148
44 5 19
44 6 0
44 7 107
45 1 0
45 2 334
45 3 0
45 4 241
45 5 24
45 6 0
45 7 165
46 1 0
46 2 180
46 3 0
46 4 148
46 5 21
46 6 0
46 7 94
47 1 0
47 2 41
47 3 0
47 4 37
47 5 7
47 6 0
47 7 29
48 1 0
48 2 241
48 3 0
48 4 196
48 5 20
48 6 0
48 7 151
49 1 0
49 2 97
49 3 0
49 4 69
49 5 11
49 6 0
49 7 51
50 1 0
50 2 164
50 3 0
50 4 152
50 5 21
50 6 0
50 7 99

# Precedence Relations
1 16
2 12
3 7
3 8
3 10
4 11
5 6
5 9
6 20
7 20
9 13
9 18
9 19
11 14
11 16
11 17
12 15
13 20
14 20
15 21
15 22
15 24
18 23
18 25
20 26
20 27
20 28
20 29
20 30
20 49
21 32
22 33
23 31
24 34
26 36
27 39
31 35
32 37
33 38
35 42
36 41
37 40
38 43
38 44
40 45
41 46
42 49
42 50
43 47
44 48

# Parameters
R_e = 0.0500
T = 1000.0
C_s = 4.0
C_w = 36.0
C_c = 5.0
