# Tasks
1 2 3 4 5 6 7 8 9 10 11 12 13 14 15 16 17 18 19 20

# Workstations
1 2 3 4 5 6 7 8 9 10 11 12 13 14 15 16 17 18 19 20

# Modes
1 2 3 4 5 6 7

# Processing Times
1 1 209
1 2 494
1 3 197
1 4 466
1 5 125
1 6 264
1 7 624
2 1 57
2 2 135
2 3 54
2 4 128
2 5 35
2 6 72
2 7 171
3 1 204
3 2 482
3 3 193
3 4 455
3 5 122
3 6 258
3 7 609
4 1 119
4 2 282
4 3 113
4 4 266
4 5 72
4 6 151
4 7 357
5 1 180
5 2 426
5 3 170
5 4 402
5 5 108
5 6 228
5 7 538
6 1 82
6 2 194
6 3 78
6 4 183
6 5 49
6 6 104
6 7 245
7 1 174
7 2 411
7 3 164
7 4 388
7 5 104
7 6 220
7 7 519
8 1 64
8 2 152
8 3 61
8 4 144
8 5 39
8 6 81
8 7 192
9 1 116
9 2 274
9 3 110
9 4 259
9 5 70
9 6 147
9 7 346
10 1 206
10 2 487
10 3 195
10 4 459
10 5 124
10 6 261
10 7 615
11 1 83
11 2 196
11 3 79
11 4 185
11 5 50
11 6 105
11 7 248
12 1 73
12 2 173
12 3 69
12 4 164
12 5 44
12 6 93
12 7 219
13 1 162
13 2 383
13 3 153
13 4 361
13 5 97
13 6 205
13 7 484
14 1 58
14 2 137
14 3 55
14 4 130
14 5 35
14 6 74
14 7 173
15 1 161
15 2 381
15 3 152
15 4 360
15 5 97
15 6 204
15 7 482
16 1 319
16 2 754
16 3 301
16 4 711
16 5 191
16 6 403
16 7 953
17 1 87
17 2 206
17 3 82
17 4 195
17 5 52
17 6 110
17 7 261
18 1 148
18 2 350
18 3 140
18 4 330
18 5 89
18 6 187
18 7 442
19 1 56
19 2 133
19 3 53
19 4 126
19 5 34
19 6 71
19 7 168
20 1 169
20 2 400
20 3 160
20 4 377
20 5 101
20 6 214
20 7 506

# Energy Consumption
1 1 0
1 2 141
1 3 0
1 4 90
1 5 20
1 6 0
1 7 77
2 1 0
2 2 32
2 3 0
2 4 25
2 5 6
2 6 0
2 7 25
3 1 0
3 2 121
3 3 0
3 4 92
3 5 18
3 6 0
3 7 84
4 1 0
4 2 70
4 3 0
4 4 55
4 5 11
4 6 0
4 7 46
5 1 0
5 2 103
5 3 0
5 4 85
5 5 16
5 6 0
5 7 69
6 1 0
6 2 48
6 3 0
6 4 41
6 5 8
6 6 0
6 7 32
7 1 0
7 2 104
7 3 0
7 4 80
7 5 17
7 6 0
7 7 72
8 1 0
8 2 40
8 3 0
8 4 31
8 5 6
8 6 0
8 7 28
9 1 0
9 2 61
9 3 0
9 4 50
9 5 11
9 6 0
9 7 42
10 1 0
10 2 125
10 3 0
10 4 97
10 5 19
10 6 0
10 7 76
11 1 0
11 2 47
11 3 0
11 4 35
11 5 8
11 6 0
11 7 31
12 1 0
12 2 44
12 3 0
12 4 32
12 5 7
12 6 0
12 7 27
13 1 0
13 2 113
13 3 0
13 4 68
13 5 15
13 6 0
13 7 68
14 1 0
14 2 40
14 3 0
14 4 25
14 5 6
14 6 0
14 7 25
15 1 0
15 2 88
15 3 0
15 4 69
15 5 15
15 6 0
15 7 62
16 1 0
16 2 180
16 3 0
16 4 153
16 5 28
16 6 0
16 7 115
17 1 0
17 2 55
17 3 0
17 4 38
17 5 8
17 6 0
17 7 32
18 1 0
18 2 90
18 3 0
18 4 62
18 5 14
18 6 0
18 7 63
19 1 0
19 2 35
19 3 0
19 4 23
19 5 6
19 6 0
19 7 24
20 1 0
20 2 104
20 3 0
20 4 71
20 5 15
20 6 0
20 7 73

# Precedence Relations
1 7
2 7
3 4
3 5
3 6
4 7
5 7
6 8
6 9
6 10
6 16
6 18
7 11
7 12
7 13
7 14
8 15
8 19
9 17
10 17
11 17
12 16
12 18
14 19
16 20
17 19
17 20
18 19

# Parameters
R_e = 0.0500
T = 1000.0
C_s = 4.0
C_w = 36.0
C_c = 5.0
