# Tasks
1 2 3 4 5 6 7 8 9 10 11 12 13 14 15 16 17 18 19 20

# Workstations
1 2 3 4 5 6 7 8 9 10 11 12 13 14 15 16 17 18 19 20

# Modes
1 2 3 4 5 6 7

# Processing Times
1 1 260
1 2 255
1 3 284
1 4 278
1 5 224
1 6 371
1 7 363
2 1 482
2 2 451
2 3 525
2 4 491
2 5 407
2 6 667
2 7 624
3 1 250
3 2 259
3 3 269
3 4 279
3 5 232
3 6 341
3 7 353
4 1 119
4 2 117
4 3 130
4 4 128
4 5 99
4 6 158
4 7 155
5 1 324
5 2 348
5 3 342
5 4 367
5 5 290
5 6 429
5 7 460
6 1 357
6 2 320
6 3 390
6 4 349
6 5 329
6 6 516
6 7 463
7 1 292
7 2 289
7 3 311
7 4 308
7 5 245
7 6 383
7 7 379
8 1 323
8 2 324
8 3 348
8 4 349
8 5 260
8 6 429
8 7 430
9 1 119
9 2 126
9 3 128
9 4 136
9 5 98
9 6 164
9 7 173
10 1 179
10 2 176
10 3 191
10 4 188
10 5 147
10 6 237
10 7 233
11 1 166
11 2 172
11 3 176
11 4 183
11 5 152
11 6 227
11 7 236
12 1 62
12 2 54
12 3 67
12 4 58
12 5 55
12 6 81
12 7 71
13 1 298
13 2 282
13 3 326
13 4 308
13 5 255
13 6 400
13 7 379
14 1 311
14 2 296
14 3 329
14 4 313
14 5 268
14 6 442
14 7 421
15 1 539
15 2 517
15 3 588
15 4 564
15 5 474
15 6 735
15 7 705
16 1 188
16 2 204
16 3 202
16 4 219
16 5 165
16 6 243
16 7 264
17 1 113
17 2 105
17 3 121
17 4 113
17 5 103
17 6 159
17 7 147
18 1 168
18 2 152
18 3 179
18 4 162
18 5 145
18 6 226
18 7 205
19 1 334
19 2 364
19 3 356
19 4 388
19 5 306
19 6 482
19 7 525
20 1 142
20 2 123
20 3 151
20 4 131
20 5 121
20 6 187
20 7 162

# Energy Consumption
1 1 0
1 2 57
1 3 0
1 4 61
1 5 36
1 6 0
1 7 52
2 1 0
2 2 121
2 3 0
2 4 108
2 5 63
2 6 0
2 7 88
3 1 0
3 2 58
3 3 0
3 4 55
3 5 34
3 6 0
3 7 45
4 1 0
4 2 35
4 3 0
4 4 25
4 5 15
4 6 0
4 7 20
5 1 0
5 2 88
5 3 0
5 4 75
5 5 47
5 6 0
5 7 62
6 1 0
6 2 78
6 3 0
6 4 66
6 5 52
6 6 0
6 7 64
7 1 0
7 2 83
7 3 0
7 4 62
7 5 38
7 6 0
7 7 57
8 1 0
8 2 84
8 3 0
8 4 72
8 5 41
8 6 0
8 7 55
9 1 0
9 2 35
9 3 0
9 4 30
9 5 16
9 6 0
9 7 22
10 1 0
10 2 44
10 3 0
10 4 42
10 5 23
10 6 0
10 7 30
11 1 0
11 2 44
11 3 0
11 4 34
11 5 22
11 6 0
11 7 33
12 1 0
12 2 13
12 3 0
12 4 13
12 5 9
12 6 0
12 7 10
13 1 0
13 2 76
13 3 0
13 4 58
13 5 40
13 6 0
13 7 53
14 1 0
14 2 81
14 3 0
14 4 61
14 5 43
14 6 0
14 7 56
15 1 0
15 2 142
15 3 0
15 4 122
15 5 73
15 6 0
15 7 92
16 1 0
16 2 58
16 3 0
16 4 42
16 5 27
16 6 0
16 7 38
17 1 0
17 2 26
17 3 0
17 4 24
17 5 17
17 6 0
17 7 22
18 1 0
18 2 41
18 3 0
18 4 33
18 5 23
18 6 0
18 7 26
19 1 0
19 2 82
19 3 0
19 4 77
19 5 45
19 6 0
19 7 64
20 1 0
20 2 31
20 3 0
20 4 28
20 5 18
20 6 0
20 7 23

# Precedence Relations
1 4
2 5
2 6
3 5
3 6
4 7
5 8
5 9
6 8
6 9
7 11
8 10
8 12
8 13
8 16
9 13
9 16
10 14
11 16
12 15
13 17
13 19
14 18
15 18
16 19
17 18
17 20

# Parameters
R_e = 0.0500
T = 1000.0
C_s = 4.0
C_w = 36.0
C_c = 5.0
