# Tasks
1 2 3 4 5 6 7 8 9 10 11 12 13 14 15 16 17 18 19 20

# Workstations
1 2 3 4 5 6 7 8 9 10 11 12 13 14 15 16 17 18 19 20

# Modes
1 2 3 4 5 6 7

# Processing Times
1 1 471
1 2 953
1 3 503
1 4 1017
1 5 151
1 6 533
1 7 1079
2 1 570
2 2 1193
2 3 607
2 4 1270
2 5 246
2 6 683
2 7 1428
3 1 335
3 2 627
3 3 367
3 4 687
3 5 147
3 6 382
3 7 714
4 1 590
4 2 1315
4 3 627
4 4 1397
4 5 237
4 6 682
4 7 1519
5 1 564
5 2 1191
5 3 618
5 4 1305
5 5 237
5 6 684
5 7 1443
6 1 599
6 2 1467
6 3 645
6 4 1579
6 5 186
6 6 683
6 7 1673
7 1 494
7 2 1229
7 3 528
7 4 1313
7 5 176
7 6 592
7 7 1471
8 1 547
8 2 1267
8 3 586
8 4 1358
8 5 243
8 6 612
8 7 1417
9 1 714
9 2 1736
9 3 773
9 4 1879
9 5 266
9 6 829
9 7 2016
10 1 524
10 2 1211
10 3 551
10 4 1272
10 5 208
10 6 654
10 7 1512
11 1 646
11 2 1203
11 3 698
11 4 1299
11 5 238
11 6 806
11 7 1500
12 1 564
12 2 1292
12 3 615
12 4 1407
12 5 201
12 6 688
12 7 1576
13 1 314
13 2 606
13 3 342
13 4 659
13 5 115
13 6 370
13 7 715
14 1 372
14 2 730
14 3 401
14 4 786
14 5 115
14 6 449
14 7 881
15 1 653
15 2 1432
15 3 701
15 4 1536
15 5 270
15 6 791
15 7 1735
16 1 732
16 2 1489
16 3 802
16 4 1631
16 5 283
16 6 897
16 7 1825
17 1 471
17 2 927
17 3 515
17 4 1012
17 5 168
17 6 571
17 7 1124
18 1 281
18 2 621
18 3 301
18 4 664
18 5 118
18 6 340
18 7 751
19 1 381
19 2 866
19 3 404
19 4 918
19 5 135
19 6 471
19 7 1069
20 1 638
20 2 1351
20 3 685
20 4 1450
20 5 218
20 6 731
20 7 1547

# Energy Consumption
1 1 0
1 2 236
1 3 0
1 4 223
1 5 23
1 6 0
1 7 156
2 1 0
2 2 299
2 3 0
2 4 274
2 5 39
2 6 0
2 7 197
3 1 0
3 2 142
3 3 0
3 4 133
3 5 23
3 6 0
3 7 88
4 1 0
4 2 373
4 3 0
4 4 302
4 5 36
4 6 0
4 7 197
5 1 0
5 2 306
5 3 0
5 4 275
5 5 37
5 6 0
5 7 193
6 1 0
6 2 334
6 3 0
6 4 295
6 5 28
6 6 0
6 7 231
7 1 0
7 2 356
7 3 0
7 4 263
7 5 25
7 6 0
7 7 206
8 1 0
8 2 331
8 3 0
8 4 267
8 5 35
8 6 0
8 7 200
9 1 0
9 2 475
9 3 0
9 4 403
9 5 38
9 6 0
9 7 300
10 1 0
10 2 312
10 3 0
10 4 259
10 5 30
10 6 0
10 7 199
11 1 0
11 2 275
11 3 0
11 4 235
11 5 36
11 6 0
11 7 225
12 1 0
12 2 308
12 3 0
12 4 265
12 5 33
12 6 0
12 7 216
13 1 0
13 2 157
13 3 0
13 4 133
13 5 17
13 6 0
13 7 93
14 1 0
14 2 217
14 3 0
14 4 157
14 5 17
14 6 0
14 7 128
15 1 0
15 2 419
15 3 0
15 4 321
15 5 43
15 6 0
15 7 215
16 1 0
16 2 360
16 3 0
16 4 345
16 5 41
16 6 0
16 7 227
17 1 0
17 2 257
17 3 0
17 4 203
17 5 25
17 6 0
17 7 156
18 1 0
18 2 153
18 3 0
18 4 130
18 5 19
18 6 0
18 7 107
19 1 0
19 2 221
19 3 0
19 4 187
19 5 21
19 6 0
19 7 147
20 1 0
20 2 379
20 3 0
20 4 282
20 5 34
20 6 0
20 7 219

# Precedence Relations
1 5
1 6
2 5
3 4
4 14
5 7
5 8
5 9
7 10
7 11
8 12
8 13
10 14
11 14
12 14
13 15
14 16
14 17
14 18
14 19
14 20

# Parameters
R_e = 0.0500
T = 1000.0
C_s = 4.0
C_w = 36.0
C_c = 5.0
