# Tasks
1 2 3 4 5 6 7 8 9 10 11 12 13 14 15 16 17 18 19 20

# Workstations
1 2 3 4 5 6 7 8 9 10 11 12 13 14 15 16 17 18 19 20

# Modes
1 2 3 4 5 6 7

# Processing Times
1 1 464
1 2 716
1 3 414
1 4 638
1 5 372
1 6 539
1 7 831
2 1 154
2 2 210
2 3 139
2 4 189
2 5 124
2 6 171
2 7 232
3 1 506
3 2 653
3 3 464
3 4 598
3 5 423
3 6 570
3 7 735
4 1 476
4 2 731
4 3 435
4 4 667
4 5 407
4 6 566
4 7 869
5 1 77
5 2 95
5 3 74
5 4 91
5 5 65
5 6 96
5 7 119
6 1 155
6 2 207
6 3 143
6 4 191
6 5 126
6 6 172
6 7 229
7 1 340
7 2 420
7 3 310
7 4 383
7 5 313
7 6 378
7 7 466
8 1 467
8 2 681
8 3 417
8 4 608
8 5 386
8 6 560
8 7 816
9 1 94
9 2 120
9 3 90
9 4 114
9 5 85
9 6 113
9 7 144
10 1 65
10 2 103
10 3 60
10 4 94
10 5 54
10 6 80
10 7 127
11 1 192
11 2 250
11 3 180
11 4 234
11 5 179
11 6 236
11 7 308
12 1 127
12 2 190
12 3 112
12 4 168
12 5 105
12 6 150
12 7 225
13 1 204
13 2 311
13 3 189
13 4 288
13 5 173
13 6 232
13 7 353
14 1 108
14 2 156
14 3 102
14 4 147
14 5 94
14 6 121
14 7 175
15 1 481
15 2 711
15 3 429
15 4 633
15 5 456
15 6 598
15 7 883
16 1 213
16 2 303
16 3 184
16 4 261
16 5 177
16 6 236
16 7 335
17 1 116
17 2 141
17 3 107
17 4 129
17 5 110
17 6 135
17 7 164
18 1 74
18 2 115
18 3 66
18 4 102
18 5 63
18 6 93
18 7 144
19 1 220
19 2 314
19 3 197
19 4 280
19 5 199
19 6 248
19 7 354
20 1 117
20 2 161
20 3 100
20 4 138
20 5 98
20 6 137
20 7 189

# Energy Consumption
1 1 0
1 2 168
1 3 0
1 4 138
1 5 57
1 6 0
1 7 115
2 1 0
2 2 52
2 3 0
2 4 40
2 5 19
2 6 0
2 7 34
3 1 0
3 2 185
3 3 0
3 4 109
3 5 60
3 6 0
3 7 101
4 1 0
4 2 206
4 3 0
4 4 140
4 5 62
4 6 0
4 7 121
5 1 0
5 2 25
5 3 0
5 4 18
5 5 10
5 6 0
5 7 18
6 1 0
6 2 50
6 3 0
6 4 40
6 5 20
6 6 0
6 7 34
7 1 0
7 2 106
7 3 0
7 4 77
7 5 50
7 6 0
7 7 68
8 1 0
8 2 161
8 3 0
8 4 127
8 5 56
8 6 0
8 7 122
9 1 0
9 2 33
9 3 0
9 4 25
9 5 13
9 6 0
9 7 21
10 1 0
10 2 27
10 3 0
10 4 21
10 5 9
10 6 0
10 7 19
11 1 0
11 2 73
11 3 0
11 4 47
11 5 28
11 6 0
11 7 39
12 1 0
12 2 48
12 3 0
12 4 36
12 5 16
12 6 0
12 7 33
13 1 0
13 2 84
13 3 0
13 4 62
13 5 25
13 6 0
13 7 48
14 1 0
14 2 36
14 3 0
14 4 32
14 5 14
14 6 0
14 7 23
15 1 0
15 2 169
15 3 0
15 4 132
15 5 69
15 6 0
15 7 127
16 1 0
16 2 67
16 3 0
16 4 58
16 5 28
16 6 0
16 7 42
17 1 0
17 2 41
17 3 0
17 4 24
17 5 17
17 6 0
17 7 23
18 1 0
18 2 34
18 3 0
18 4 20
18 5 10
18 6 0
18 7 21
19 1 0
19 2 74
19 3 0
19 4 51
19 5 29
19 6 0
19 7 46
20 1 0
20 2 39
20 3 0
20 4 29
20 5 15
20 6 0
20 7 29

# Precedence Relations
1 9
2 9
3 9
4 9
5 11
5 12
8 10
9 13
9 14
9 15
9 16
14 17
15 18
17 20
18 19

# Parameters
R_e = 0.0500
T = 1000.0
C_s = 4.0
C_w = 36.0
C_c = 5.0
