# Tasks
1 2 3 4 5 6 7 8 9 10 11

# Workstations
1 2 3 4 5 6 7 8 9 10 11

# Modes
1 2 3 4 5 6 7

# Processing Times
1 1 4
1 2 5
1 3 4
1 4 5
1 5 2
1 6 6
1 7 7
2 1 38
2 2 40
2 3 36
2 4 38
2 5 17
2 6 49
2 7 52
3 1 45
3 2 47
3 3 42
3 4 44
3 5 20
3 6 58
3 7 61
4 1 12
4 2 13
4 3 12
4 4 13
4 5 6
4 6 16
4 7 17
5 1 10
5 2 11
5 3 10
5 4 11
5 5 5
5 6 13
5 7 15
6 1 8
6 2 9
6 3 8
6 4 9
6 5 4
6 6 11
6 7 12
7 1 12
7 2 13
7 3 12
7 4 13
7 5 6
7 6 16
7 7 17
8 1 10
8 2 11
8 3 10
8 4 11
8 5 5
8 6 13
8 7 15
9 1 2
9 2 3
9 3 2
9 4 3
9 5 1
9 6 3
9 7 4
10 1 10
10 2 11
10 3 10
10 4 11
10 5 5
10 6 13
10 7 15
11 1 34
11 2 36
11 3 32
11 4 34
11 5 16
11 6 44
11 7 47

# Energy Consumption
1 1 0
1 2 2
1 3 0
1 4 2
1 5 1
1 6 0
1 7 1
2 1 0
2 2 10
2 3 0
2 4 8
2 5 3
2 6 0
2 7 8
3 1 0
3 2 11
3 3 0
3 4 10
3 5 3
3 6 0
3 7 10
4 1 0
4 2 4
4 3 0
4 4 3
4 5 1
4 6 0
4 7 3
5 1 0
5 2 3
5 3 0
5 4 3
5 5 1
5 6 0
5 7 2
6 1 0
6 2 3
6 3 0
6 4 2
6 5 1
6 6 0
6 7 2
7 1 0
7 2 4
7 3 0
7 4 3
7 5 1
7 6 0
7 7 3
8 1 0
8 2 4
8 3 0
8 4 3
8 5 1
8 6 0
8 7 3
9 1 0
9 2 1
9 3 0
9 4 1
9 5 1
9 6 0
9 7 1
10 1 0
10 2 4
10 3 0
10 4 3
10 5 1
10 6 0
10 7 2
11 1 0
11 2 9
11 3 0
11 4 8
11 5 3
11 6 0
11 7 6

# Precedence Relations
1 4
2 4
2 5
3 11
4 6
5 7
6 8
7 9
8 10
9 10
10 11

# Parameters
R_e = 0.0500
T = 600.0
C_s = 4.0
C_w = 36.0
C_c = 5.0
