# Tasks
1 2 3 4 5 6 7 8 9 10 11 12 13 14 15 16 17 18 19 20

# Workstations
1 2 3 4 5 6 7 8 9 10 11 12 13 14 15 16 17 18 19 20

# Modes
1 2 3 4 5 6 7

# Processing Times
1 1 27
1 2 68
1 3 24
1 4 59
1 5 18
1 6 39
1 7 98
2 1 123
2 2 297
2 3 105
2 4 254
2 5 83
2 6 177
2 7 426
3 1 188
3 2 439
3 3 171
3 4 398
3 5 119
3 6 246
3 7 573
4 1 152
4 2 340
4 3 143
4 4 319
4 5 107
4 6 219
4 7 490
5 1 210
5 2 417
5 3 190
5 4 378
5 5 116
5 6 288
5 7 572
6 1 206
6 2 452
6 3 188
6 4 411
6 5 131
6 6 292
6 7 640
7 1 234
7 2 524
7 3 211
7 4 473
7 5 152
7 6 302
7 7 676
8 1 178
8 2 340
8 3 170
8 4 323
8 5 113
8 6 237
8 7 452
9 1 82
9 2 153
9 3 78
9 4 145
9 5 52
9 6 105
9 7 196
10 1 126
10 2 252
10 3 114
10 4 228
10 5 79
10 6 175
10 7 350
11 1 93
11 2 197
11 3 88
11 4 186
11 5 56
11 6 132
11 7 279
12 1 135
12 2 250
12 3 128
12 4 237
12 5 82
12 6 195
12 7 361
13 1 159
13 2 321
13 3 144
13 4 289
13 5 99
13 6 210
13 7 423
14 1 177
14 2 367
14 3 151
14 4 313
14 5 122
14 6 245
14 7 508
15 1 196
15 2 488
15 3 176
15 4 438
15 5 127
15 6 259
15 7 644
16 1 165
16 2 314
16 3 156
16 4 297
16 5 101
16 6 207
16 7 394
17 1 104
17 2 188
17 3 92
17 4 165
17 5 65
17 6 151
17 7 273
18 1 157
18 2 388
18 3 139
18 4 344
18 5 109
18 6 207
18 7 511
19 1 87
19 2 158
19 3 81
19 4 146
19 5 57
19 6 120
19 7 218
20 1 140
20 2 313
20 3 127
20 4 283
20 5 90
20 6 192
20 7 429

# Energy Consumption
1 1 0
1 2 20
1 3 0
1 4 12
1 5 3
1 6 0
1 7 12
2 1 0
2 2 70
2 3 0
2 4 49
2 5 13
2 6 0
2 7 62
3 1 0
3 2 111
3 3 0
3 4 81
3 5 17
3 6 0
3 7 79
4 1 0
4 2 84
4 3 0
4 4 66
4 5 17
4 6 0
4 7 63
5 1 0
5 2 101
5 3 0
5 4 80
5 5 17
5 6 0
5 7 73
6 1 0
6 2 110
6 3 0
6 4 91
6 5 20
6 6 0
6 7 83
7 1 0
7 2 133
7 3 0
7 4 98
7 5 24
7 6 0
7 7 94
8 1 0
8 2 89
8 3 0
8 4 69
8 5 17
8 6 0
8 7 66
9 1 0
9 2 34
9 3 0
9 4 28
9 5 8
9 6 0
9 7 24
10 1 0
10 2 65
10 3 0
10 4 48
10 5 12
10 6 0
10 7 43
11 1 0
11 2 48
11 3 0
11 4 36
11 5 8
11 6 0
11 7 35
12 1 0
12 2 63
12 3 0
12 4 46
12 5 13
12 6 0
12 7 44
13 1 0
13 2 94
13 3 0
13 4 55
13 5 15
13 6 0
13 7 60
14 1 0
14 2 106
14 3 0
14 4 60
14 5 20
14 6 0
14 7 73
15 1 0
15 2 113
15 3 0
15 4 84
15 5 20
15 6 0
15 7 83
16 1 0
16 2 75
16 3 0
16 4 64
16 5 15
16 6 0
16 7 48
17 1 0
17 2 50
17 3 0
17 4 32
17 5 10
17 6 0
17 7 33
18 1 0
18 2 99
18 3 0
18 4 65
18 5 17
18 6 0
18 7 73
19 1 0
19 2 42
19 3 0
19 4 27
19 5 10
19 6 0
19 7 31
20 1 0
20 2 81
20 3 0
20 4 53
20 5 13
20 6 0
20 7 62

# Precedence Relations
1 9
2 9
3 9
4 7
5 6
5 8
6 9
7 9
8 10
8 11
9 12
9 13
9 14
9 15
10 17
12 17
13 16
16 19
16 20
17 18

# Parameters
R_e = 0.0500
T = 1000.0
C_s = 4.0
C_w = 36.0
C_c = 5.0
