# Tasks
1 2 3 4 5 6 7 8 9 10 11 12 13 14 15 16 17 18 19 20

# Workstations
1 2 3 4 5 6 7 8 9 10 11 12 13 14 15 16 17 18 19 20

# Modes
1 2 3 4 5 6 7

# Processing Times
1 1 374
1 2 366
1 3 408
1 4 399
1 5 321
1 6 533
1 7 522
2 1 318
2 2 298
2 3 347
2 4 325
2 5 268
2 6 440
2 7 413
3 1 153
3 2 159
3 3 165
3 4 171
3 5 142
3 6 209
3 7 217
4 1 182
4 2 179
4 3 199
4 4 196
4 5 151
4 6 241
4 7 237
5 1 168
5 2 181
5 3 178
5 4 191
5 5 151
5 6 222
5 7 240
6 1 313
6 2 281
6 3 342
6 4 307
6 5 289
6 6 453
6 7 406
7 1 159
7 2 157
7 3 170
7 4 167
7 5 134
7 6 209
7 7 206
8 1 166
8 2 167
8 3 179
8 4 180
8 5 134
8 6 221
8 7 222
9 1 55
9 2 59
9 3 59
9 4 64
9 5 46
9 6 76
9 7 81
10 1 242
10 2 238
10 3 258
10 4 254
10 5 199
10 6 320
10 7 315
11 1 76
11 2 79
11 3 81
11 4 84
11 5 70
11 6 104
11 7 108
12 1 177
12 2 152
12 3 189
12 4 162
12 5 155
12 6 232
12 7 199
13 1 166
13 2 157
13 3 182
13 4 172
13 5 142
13 6 223
13 7 211
14 1 119
14 2 113
14 3 126
14 4 120
14 5 103
14 6 170
14 7 161
15 1 150
15 2 144
15 3 164
15 4 158
15 5 132
15 6 205
15 7 197
16 1 303
16 2 329
16 3 324
16 4 352
16 5 266
16 6 391
16 7 425
17 1 138
17 2 128
17 3 148
17 4 137
17 5 125
17 6 194
17 7 180
18 1 52
18 2 47
18 3 56
18 4 50
18 5 45
18 6 70
18 7 64
19 1 48
19 2 53
19 3 52
19 4 57
19 5 44
19 6 70
19 7 77
20 1 146
20 2 126
20 3 155
20 4 134
20 5 124
20 6 192
20 7 166

# Energy Consumption
1 1 0
1 2 81
1 3 0
1 4 87
1 5 52
1 6 0
1 7 75
2 1 0
2 2 80
2 3 0
2 4 71
2 5 42
2 6 0
2 7 58
3 1 0
3 2 36
3 3 0
3 4 34
3 5 21
3 6 0
3 7 28
4 1 0
4 2 54
4 3 0
4 4 38
4 5 22
4 6 0
4 7 31
5 1 0
5 2 46
5 3 0
5 4 39
5 5 25
5 6 0
5 7 33
6 1 0
6 2 69
6 3 0
6 4 58
6 5 46
6 6 0
6 7 56
7 1 0
7 2 46
7 3 0
7 4 34
7 5 21
7 6 0
7 7 31
8 1 0
8 2 43
8 3 0
8 4 37
8 5 22
8 6 0
8 7 29
9 1 0
9 2 16
9 3 0
9 4 14
9 5 8
9 6 0
9 7 10
10 1 0
10 2 59
10 3 0
10 4 56
10 5 31
10 6 0
10 7 41
11 1 0
11 2 21
11 3 0
11 4 16
11 5 10
11 6 0
11 7 16
12 1 0
12 2 35
12 3 0
12 4 36
12 5 24
12 6 0
12 7 26
13 1 0
13 2 42
13 3 0
13 4 33
13 5 22
13 6 0
13 7 30
14 1 0
14 2 31
14 3 0
14 4 24
14 5 17
14 6 0
14 7 22
15 1 0
15 2 40
15 3 0
15 4 34
15 5 21
15 6 0
15 7 26
16 1 0
16 2 93
16 3 0
16 4 68
16 5 43
16 6 0
16 7 60
17 1 0
17 2 32
17 3 0
17 4 29
17 5 20
17 6 0
17 7 27
18 1 0
18 2 13
18 3 0
18 4 11
18 5 7
18 6 0
18 7 8
19 1 0
19 2 12
19 3 0
19 4 12
19 5 7
19 6 0
19 7 10
20 1 0
20 2 32
20 3 0
20 4 29
20 5 18
20 6 0
20 7 23

# Precedence Relations
1 11
2 4
2 5
2 6
3 4
3 6
3 7
4 11
5 8
5 9
5 10
6 20
7 12
7 13
7 18
8 11
9 11
10 12
10 13
11 14
11 15
11 16
11 17
11 18
13 19
15 19
15 20
17 19
17 20
18 19

# Parameters
R_e = 0.0500
T = 1000.0
C_s = 4.0
C_w = 36.0
C_c = 5.0
