# Tasks
1 2 3 4 5 6 7 8 9 10 11 12 13 14 15 16 17 18 19 20

# Workstations
1 2 3 4 5 6 7 8 9 10 11 12 13 14 15 16 17 18 19 20

# Modes
1 2 3 4 5 6 7

# Processing Times
1 1 374
1 2 386
1 3 363
1 4 374
1 5 240
1 6 459
1 7 473
2 1 318
2 2 321
2 3 331
2 4 334
2 5 194
2 6 367
2 7 371
3 1 153
3 2 157
3 3 149
3 4 153
3 5 97
3 6 170
3 7 175
4 1 182
4 2 157
4 3 186
4 4 161
4 5 102
4 6 218
4 7 188
5 1 168
5 2 145
5 3 165
5 4 142
5 5 113
5 6 195
5 7 169
6 1 313
6 2 340
6 3 317
6 4 344
6 5 190
6 6 374
6 7 406
7 1 159
7 2 145
7 3 166
7 4 151
7 5 101
7 6 198
7 7 181
8 1 166
8 2 161
8 3 166
8 4 161
8 5 103
8 6 185
8 7 180
9 1 55
9 2 50
9 3 56
9 4 51
9 5 36
9 6 61
9 7 56
10 1 242
10 2 234
10 3 233
10 4 225
10 5 161
10 6 299
10 7 289
11 1 76
11 2 66
11 3 74
11 4 64
11 5 52
11 6 95
11 7 83
12 1 177
12 2 195
12 3 184
12 4 202
12 5 116
12 6 206
12 7 227
13 1 166
13 2 171
13 3 172
13 4 177
13 5 96
13 6 184
13 7 189
14 1 119
14 2 124
14 3 122
14 4 127
14 5 80
14 6 136
14 7 142
15 1 150
15 2 142
15 3 155
15 4 147
15 5 102
15 6 173
15 7 164
16 1 303
16 2 310
16 3 293
16 4 300
16 5 173
16 6 374
16 7 383
17 1 138
17 2 134
17 3 145
17 4 141
17 5 95
17 6 170
17 7 165
18 1 52
18 2 56
18 3 50
18 4 54
18 5 30
18 6 64
18 7 69
19 1 48
19 2 42
19 3 51
19 4 44
19 5 34
19 6 58
19 7 51
20 1 146
20 2 147
20 3 152
20 4 153
20 5 102
20 6 172
20 7 173

# Energy Consumption
1 1 0
1 2 102
1 3 0
1 4 72
1 5 38
1 6 0
1 7 58
2 1 0
2 2 78
2 3 0
2 4 73
2 5 29
2 6 0
2 7 46
3 1 0
3 2 41
3 3 0
3 4 32
3 5 15
3 6 0
3 7 26
4 1 0
4 2 47
4 3 0
4 4 31
4 5 16
4 6 0
4 7 27
5 1 0
5 2 34
5 3 0
5 4 28
5 5 17
5 6 0
5 7 22
6 1 0
6 2 82
6 3 0
6 4 69
6 5 30
6 6 0
6 7 51
7 1 0
7 2 33
7 3 0
7 4 29
7 5 15
7 6 0
7 7 23
8 1 0
8 2 48
8 3 0
8 4 34
8 5 17
8 6 0
8 7 27
9 1 0
9 2 14
9 3 0
9 4 12
9 5 6
9 6 0
9 7 8
10 1 0
10 2 66
10 3 0
10 4 46
10 5 25
10 6 0
10 7 37
11 1 0
11 2 18
11 3 0
11 4 13
11 5 8
11 6 0
11 7 12
12 1 0
12 2 52
12 3 0
12 4 42
12 5 19
12 6 0
12 7 30
13 1 0
13 2 49
13 3 0
13 4 38
13 5 15
13 6 0
13 7 26
14 1 0
14 2 37
14 3 0
14 4 26
14 5 12
14 6 0
14 7 22
15 1 0
15 2 43
15 3 0
15 4 28
15 5 16
15 6 0
15 7 24
16 1 0
16 2 79
16 3 0
16 4 64
16 5 26
16 6 0
16 7 55
17 1 0
17 2 35
17 3 0
17 4 30
17 5 14
17 6 0
17 7 22
18 1 0
18 2 16
18 3 0
18 4 11
18 5 5
18 6 0
18 7 10
19 1 0
19 2 10
19 3 0
19 4 9
19 5 6
19 6 0
19 7 8
20 1 0
20 2 41
20 3 0
20 4 31
20 5 16
20 6 0
20 7 22

# Precedence Relations
1 11
2 4
2 5
2 6
3 4
3 6
3 7
4 11
5 8
5 9
5 10
6 20
7 12
7 13
7 18
8 11
9 11
10 12
10 13
11 14
11 15
11 16
11 17
11 18
13 19
15 19
15 20
17 19
17 20
18 19

# Parameters
R_e = 0.0500
T = 1000.0
C_s = 4.0
C_w = 36.0
C_c = 5.0
