# Tasks
1 2 3 4 5 6 7 8 9 10 11

# Workstations
1 2 3 4 5 6 7 8 9 10 11

# Modes
1 2 3 4 5 6 7

# Processing Times
1 1 6
1 2 7
1 3 6
1 4 7
1 5 3
1 6 7
1 7 8
2 1 2
2 2 3
2 3 2
2 4 3
2 5 1
2 6 3
2 7 4
3 1 5
3 2 6
3 3 5
3 4 6
3 5 2
3 6 6
3 7 7
4 1 7
4 2 7
4 3 7
4 4 7
4 5 3
4 6 8
4 7 8
5 1 1
5 2 2
5 3 1
5 4 2
5 5 1
5 6 2
5 7 3
6 1 2
6 2 2
6 3 2
6 4 2
6 5 1
6 6 3
6 7 3
7 1 3
7 2 3
7 3 3
7 4 3
7 5 2
7 6 4
7 7 4
8 1 6
8 2 6
8 3 6
8 4 6
8 5 3
8 6 7
8 7 7
9 1 5
9 2 6
9 3 5
9 4 6
9 5 2
9 6 6
9 7 7
10 1 5
10 2 5
10 3 5
10 4 5
10 5 2
10 6 6
10 7 6
11 1 4
11 2 4
11 3 4
11 4 4
11 5 2
11 6 5
11 7 5

# Energy Consumption
1 1 0
1 2 2
1 3 0
1 4 2
1 5 1
1 6 0
1 7 2
2 1 0
2 2 1
2 3 0
2 4 1
2 5 1
2 6 0
2 7 1
3 1 0
3 2 2
3 3 0
3 4 2
3 5 1
3 6 0
3 7 2
4 1 0
4 2 3
4 3 0
4 4 2
4 5 1
4 6 0
4 7 2
5 1 0
5 2 1
5 3 0
5 4 1
5 5 1
5 6 0
5 7 1
6 1 0
6 2 1
6 3 0
6 4 1
6 5 1
6 6 0
6 7 1
7 1 0
7 2 1
7 3 0
7 4 1
7 5 1
7 6 0
7 7 1
8 1 0
8 2 2
8 3 0
8 4 2
8 5 1
8 6 0
8 7 1
9 1 0
9 2 2
9 3 0
9 4 2
9 5 1
9 6 0
9 7 2
10 1 0
10 2 2
10 3 0
10 4 2
10 5 1
10 6 0
10 7 1
11 1 0
11 2 1
11 3 0
11 4 1
11 5 1
11 6 0
11 7 1

# Precedence Relations
1 2
1 3
1 4
1 5
2 6
3 7
4 7
5 7
6 8
7 9
8 10
9 11
10 11

# Parameters
R_e = 0.0500
T = 11.0
C_s = 4.0
C_w = 36.0
C_c = 5.0
