# Tasks
1 2 3 4 5 6 7 8 9 10 11 12 13 14 15 16 17 18 19 20

# Workstations
1 2 3 4 5 6 7 8 9 10 11 12 13 14 15 16 17 18 19 20

# Modes
1 2 3 4 5 6 7

# Processing Times
1 1 141
1 2 288
1 3 151
1 4 308
1 5 63
1 6 173
1 7 353
2 1 118
2 2 241
2 3 127
2 4 258
2 5 53
2 6 145
2 7 295
3 1 136
3 2 278
3 3 146
3 4 297
3 5 61
3 6 167
3 7 340
4 1 117
4 2 239
4 3 125
4 4 256
4 5 52
4 6 144
4 7 293
5 1 140
5 2 286
5 3 150
5 4 306
5 5 63
5 6 172
5 7 350
6 1 194
6 2 397
6 3 208
6 4 425
6 5 87
6 6 238
6 7 486
7 1 110
7 2 225
7 3 118
7 4 241
7 5 49
7 6 135
7 7 276
8 1 69
8 2 141
8 3 74
8 4 151
8 5 31
8 6 85
8 7 173
9 1 80
9 2 164
9 3 86
9 4 176
9 5 36
9 6 98
9 7 201
10 1 219
10 2 448
10 3 234
10 4 479
10 5 98
10 6 268
10 7 548
11 1 155
11 2 317
11 3 166
11 4 339
11 5 69
11 6 190
11 7 388
12 1 168
12 2 343
12 3 180
12 4 367
12 5 75
12 6 206
12 7 420
13 1 60
13 2 123
13 3 65
13 4 132
13 5 27
13 6 74
13 7 151
14 1 185
14 2 378
14 3 198
14 4 404
14 5 83
14 6 227
14 7 463
15 1 218
15 2 446
15 3 233
15 4 477
15 5 97
15 6 267
15 7 546
16 1 192
16 2 392
16 3 206
16 4 419
16 5 86
16 6 235
16 7 480
17 1 148
17 2 303
17 3 159
17 4 324
17 5 66
17 6 181
17 7 371
18 1 102
18 2 209
18 3 109
18 4 224
18 5 46
18 6 125
18 7 256
19 1 214
19 2 437
19 3 229
19 4 467
19 5 95
19 6 262
19 7 535
20 1 140
20 2 286
20 3 150
20 4 306
20 5 63
20 6 172
20 7 350

# Energy Consumption
1 1 0
1 2 72
1 3 0
1 4 68
1 5 10
1 6 0
1 7 52
2 1 0
2 2 61
2 3 0
2 4 56
2 5 9
2 6 0
2 7 41
3 1 0
3 2 63
3 3 0
3 4 58
3 5 10
3 6 0
3 7 42
4 1 0
4 2 68
4 3 0
4 4 56
4 5 8
4 6 0
4 7 38
5 1 0
5 2 74
5 3 0
5 4 65
5 5 10
5 6 0
5 7 47
6 1 0
6 2 91
6 3 0
6 4 80
6 5 13
6 6 0
6 7 68
7 1 0
7 2 66
7 3 0
7 4 49
7 5 7
7 6 0
7 7 39
8 1 0
8 2 37
8 3 0
8 4 30
8 5 5
8 6 0
8 7 25
9 1 0
9 2 45
9 3 0
9 4 38
9 5 6
9 6 0
9 7 30
10 1 0
10 2 116
10 3 0
10 4 98
10 5 15
10 6 0
10 7 72
11 1 0
11 2 73
11 3 0
11 4 62
11 5 11
11 6 0
11 7 59
12 1 0
12 2 82
12 3 0
12 4 69
12 5 12
12 6 0
12 7 58
13 1 0
13 2 32
13 3 0
13 4 27
13 5 4
13 6 0
13 7 20
14 1 0
14 2 113
14 3 0
14 4 81
14 5 12
14 6 0
14 7 68
15 1 0
15 2 131
15 3 0
15 4 100
15 5 16
15 6 0
15 7 68
16 1 0
16 2 95
16 3 0
16 4 89
16 5 13
16 6 0
16 7 60
17 1 0
17 2 84
17 3 0
17 4 65
17 5 10
17 6 0
17 7 52
18 1 0
18 2 52
18 3 0
18 4 44
18 5 8
18 6 0
18 7 37
19 1 0
19 2 112
19 3 0
19 4 96
19 5 15
19 6 0
19 7 74
20 1 0
20 2 81
20 3 0
20 4 60
20 5 10
20 6 0
20 7 50

# Precedence Relations
1 5
2 7
3 6
3 10
4 8
4 9
4 10
5 13
6 11
7 12
8 18
9 15
10 13
11 15
12 15
13 14
13 15
14 16
15 17
15 18
15 19
16 20
17 20
18 20
19 20

# Parameters
R_e = 0.0500
T = 1000.0
C_s = 4.0
C_w = 36.0
C_c = 5.0
