# Tasks
1 2 3 4 5 6 7 8 9 10 11 12 13 14 15 16 17 18 19 20 21 22 23 24 25 26 27 28 29 30 31 32 33 34 35 36 37 38 39 40 41 42 43 44 45 46 47 48 49 50 51 52 53 54 55 56 57 58 59 60 61 62 63 64 65 66 67 68 69 70 71 72 73 74 75 76 77 78 79 80 81 82 83 84 85 86 87 88 89 90 91 92 93 94 95 96 97 98 99 100

# Workstations
1 2 3 4 5 6 7 8 9 10 11 12 13 14 15 16 17 18 19 20 21 22 23 24 25 26 27 28 29 30 31 32 33 34 35 36 37 38 39 40 41 42 43 44 45 46 47 48 49 50 51 52 53 54 55 56 57 58 59 60 61 62 63 64 65 66 67 68 69 70 71 72 73 74 75 76 77 78 79 80 81 82 83 84 85 86 87 88 89 90 91 92 93 94 95 96 97 98 99 100

# Modes
1 2 3 4 5 6 7

# Processing Times
1 1 124
1 2 251
1 3 135
1 4 274
1 5 46
1 6 137
1 7 277
2 1 461
2 2 965
2 3 489
2 4 1023
2 5 189
2 6 545
2 7 1141
3 1 193
3 2 361
3 3 204
3 4 380
3 5 77
3 6 223
3 7 416
4 1 190
4 2 424
4 3 208
4 4 465
4 5 61
4 6 232
4 7 516
5 1 113
5 2 239
5 3 123
5 4 261
5 5 37
5 6 128
5 7 271
6 1 201
6 2 493
6 3 215
6 4 527
6 5 72
6 6 247
6 7 605
7 1 368
7 2 916
7 3 402
7 4 1001
7 5 129
7 6 433
7 7 1077
8 1 160
8 2 371
8 3 176
8 4 407
8 5 71
8 6 181
8 7 420
9 1 430
9 2 1045
9 3 472
9 4 1146
9 5 139
9 6 479
9 7 1162
10 1 56
10 2 130
10 3 61
10 4 142
10 5 26
10 6 68
10 7 157
11 1 580
11 2 1080
11 3 633
11 4 1178
11 5 212
11 6 678
11 7 1262
12 1 367
12 2 841
12 3 401
12 4 919
12 5 165
12 6 433
12 7 992
13 1 263
13 2 507
13 3 287
13 4 553
13 5 93
13 6 295
13 7 569
14 1 37
14 2 73
14 3 41
14 4 81
14 5 14
14 6 43
14 7 84
15 1 47
15 2 104
15 3 51
15 4 112
15 5 19
15 6 54
15 7 118
16 1 263
16 2 535
16 3 283
16 4 575
16 5 93
16 6 306
16 7 622
17 1 492
17 2 968
17 3 517
17 4 1018
17 5 181
17 6 553
17 7 1087
18 1 143
18 2 316
18 3 156
18 4 343
18 5 59
18 6 173
18 7 382
19 1 221
19 2 503
19 3 242
19 4 550
19 5 73
19 6 262
19 7 596
20 1 140
20 2 297
20 3 150
20 4 317
20 5 62
20 6 174
20 7 368
21 1 530
21 2 1001
21 3 563
21 4 1063
21 5 176
21 6 587
21 7 1108
22 1 129
22 2 311
22 3 138
22 4 332
22 5 47
22 6 146
22 7 352
23 1 66
23 2 161
23 3 70
23 4 170
23 5 25
23 6 83
23 7 202
24 1 85
24 2 194
24 3 91
24 4 207
24 5 29
24 6 99
24 7 225
25 1 206
25 2 486
25 3 226
25 4 532
25 5 88
25 6 230
25 7 542
26 1 171
26 2 316
26 3 186
26 4 344
26 5 72
26 6 207
26 7 381
27 1 109
27 2 224
27 3 116
27 4 238
27 5 42
27 6 127
27 7 261
28 1 481
28 2 1187
28 3 520
28 4 1282
28 5 162
28 6 543
28 7 1339
29 1 34
29 2 73
29 3 37
29 4 79
29 5 14
29 6 39
29 7 82
30 1 527
30 2 1183
30 3 559
30 4 1254
30 5 181
30 6 633
30 7 1420
31 1 179
31 2 380
31 3 193
31 4 408
31 5 57
31 6 199
31 7 423
32 1 83
32 2 172
32 3 91
32 4 188
32 5 33
32 6 94
32 7 194
33 1 91
33 2 191
33 3 98
33 4 206
33 5 35
33 6 108
33 7 227
34 1 318
34 2 586
34 3 340
34 4 627
34 5 142
34 6 370
34 7 681
35 1 267
35 2 622
35 3 286
35 4 667
35 5 90
35 6 314
35 7 730
36 1 26
36 2 58
36 3 28
36 4 63
36 5 11
36 6 32
36 7 70
37 1 425
37 2 876
37 3 449
37 4 924
37 5 190
37 6 509
37 7 1049
38 1 214
38 2 505
38 3 230
38 4 541
38 5 96
38 6 263
38 7 619
39 1 72
39 2 148
39 3 76
39 4 157
39 5 31
39 6 82
39 7 167
40 1 441
40 2 877
40 3 478
40 4 950
40 5 156
40 6 511
40 7 1016
41 1 619
41 2 1260
41 3 675
41 4 1374
41 5 193
41 6 773
41 7 1573
42 1 196
42 2 391
42 3 213
42 4 425
42 5 70
42 6 236
42 7 471
43 1 256
43 2 621
43 3 271
43 4 658
43 5 92
43 6 305
43 7 740
44 1 219
44 2 432
44 3 238
44 4 469
44 5 92
44 6 246
44 7 486
45 1 487
45 2 1185
45 3 520
45 4 1263
45 5 193
45 6 552
45 7 1343
46 1 216
46 2 468
46 3 230
46 4 497
46 5 87
46 6 262
46 7 568
47 1 160
47 2 329
47 3 176
47 4 362
47 5 72
47 6 185
47 7 379
48 1 165
48 2 346
48 3 181
48 4 379
48 5 71
48 6 204
48 7 426
49 1 79
49 2 178
49 3 84
49 4 188
49 5 26
49 6 92
49 7 206
50 1 145
50 2 262
50 3 156
50 4 282
50 5 45
50 6 171
50 7 308
51 1 124
51 2 275
51 3 134
51 4 297
51 5 52
51 6 153
51 7 338
52 1 96
52 2 226
52 3 102
52 4 238
52 5 31
52 6 116
52 7 274
53 1 238
53 2 550
53 3 257
53 4 594
53 5 100
53 6 278
53 7 642
54 1 356
54 2 773
54 3 385
54 4 836
54 5 125
54 6 401
54 7 870
55 1 422
55 2 893
55 3 445
55 4 942
55 5 152
55 6 499
55 7 1055
56 1 145
56 2 352
56 3 158
56 4 383
56 5 57
56 6 171
56 7 414
57 1 99
57 2 236
57 3 106
57 4 252
57 5 35
57 6 112
57 7 267
58 1 73
58 2 151
58 3 78
58 4 162
58 5 28
58 6 84
58 7 174
59 1 199
59 2 385
59 3 213
59 4 411
59 5 61
59 6 224
59 7 433
60 1 56
60 2 119
60 3 61
60 4 129
60 5 25
60 6 63
60 7 133
61 1 83
61 2 162
61 3 92
61 4 179
61 5 32
61 6 95
61 7 184
62 1 85
62 2 192
62 3 92
62 4 208
62 5 34
62 6 95
62 7 213
63 1 122
63 2 242
63 3 133
63 4 263
63 5 42
63 6 146
63 7 289
64 1 276
64 2 568
64 3 297
64 4 611
64 5 112
64 6 307
64 7 631
65 1 224
65 2 520
65 3 237
65 4 549
65 5 95
65 6 279
65 7 648
66 1 79
66 2 157
66 3 84
66 4 167
66 5 28
66 6 97
66 7 193
67 1 208
67 2 469
67 3 226
67 4 509
67 5 73
67 6 234
67 7 527
68 1 97
68 2 183
68 3 105
68 4 198
68 5 44
68 6 110
68 7 207
69 1 195
69 2 407
69 3 206
69 4 430
69 5 72
69 6 216
69 7 450
70 1 273
70 2 680
70 3 288
70 4 717
70 5 119
70 6 326
70 7 810
71 1 188
71 2 467
71 3 200
71 4 496
71 5 63
71 6 229
71 7 568
72 1 240
72 2 567
72 3 253
72 4 596
72 5 103
72 6 296
72 7 700
73 1 340
73 2 737
73 3 369
73 4 800
73 5 151
73 6 377
73 7 816
74 1 384
74 2 883
74 3 420
74 4 964
74 5 172
74 6 449
74 7 1031
75 1 564
75 2 1308
75 3 607
75 4 1407
75 5 192
75 6 646
75 7 1498
76 1 139
76 2 332
76 3 152
76 4 362
76 5 44
76 6 157
76 7 374
77 1 90
77 2 209
77 3 99
77 4 230
77 5 34
77 6 103
77 7 239
78 1 123
78 2 284
78 3 134
78 4 308
78 5 40
78 6 151
78 7 348
79 1 183
79 2 444
79 3 195
79 4 472
79 5 65
79 6 213
79 7 515
80 1 530
80 2 1065
80 3 565
80 4 1135
80 5 185
80 6 590
80 7 1184
81 1 153
81 2 364
81 3 163
81 4 388
81 5 57
81 6 191
81 7 455
82 1 77
82 2 180
82 3 82
82 4 191
82 5 24
82 6 87
82 7 203
83 1 254
83 2 617
83 3 280
83 4 679
83 5 99
83 6 287
83 7 697
84 1 250
84 2 558
84 3 265
84 4 590
84 5 80
84 6 300
84 7 669
85 1 491
85 2 1202
85 3 522
85 4 1278
85 5 218
85 6 591
85 7 1446
86 1 103
86 2 236
86 3 111
86 4 253
86 5 33
86 6 115
86 7 262
87 1 104
87 2 246
87 3 110
87 4 260
87 5 39
87 6 119
87 7 281
88 1 125
88 2 236
88 3 133
88 4 250
88 5 46
88 6 154
88 7 291
89 1 124
89 2 253
89 3 137
89 4 278
89 5 48
89 6 145
89 7 296
90 1 51
90 2 117
90 3 55
90 4 125
90 5 16
90 6 62
90 7 141
91 1 91
91 2 226
91 3 99
91 4 245
91 5 40
91 6 113
91 7 280
92 1 256
92 2 502
92 3 279
92 4 546
92 5 100
92 6 314
92 7 616
93 1 604
93 2 1219
93 3 637
93 4 1284
93 5 246
93 6 724
93 7 1461
94 1 517
94 2 1127
94 3 543
94 4 1184
94 5 198
94 6 619
94 7 1349
95 1 159
95 2 303
95 3 168
95 4 321
95 5 50
95 6 194
95 7 370
96 1 92
96 2 228
96 3 100
96 4 248
96 5 39
96 6 111
96 7 274
97 1 210
97 2 522
97 3 228
97 4 567
97 5 76
97 6 256
97 7 635
98 1 231
98 2 437
98 3 252
98 4 476
98 5 101
98 6 259
98 7 489
99 1 249
99 2 613
99 3 267
99 4 656
99 5 99
99 6 292
99 7 717
100 1 123
100 2 242
100 3 130
100 4 255
100 5 51
100 6 143
100 7 280

# Energy Consumption
1 1 0
1 2 63
1 3 0
1 4 60
1 5 7
1 6 0
1 7 41
2 1 0
2 2 242
2 3 0
2 4 221
2 5 30
2 6 0
2 7 158
3 1 0
3 2 82
3 3 0
3 4 74
3 5 12
3 6 0
3 7 51
4 1 0
4 2 121
4 3 0
4 4 101
4 5 10
4 6 0
4 7 67
5 1 0
5 2 62
5 3 0
5 4 55
5 5 6
5 6 0
5 7 37
6 1 0
6 2 113
6 3 0
6 4 99
6 5 11
6 6 0
6 7 84
7 1 0
7 2 266
7 3 0
7 4 201
7 5 19
7 6 0
7 7 151
8 1 0
8 2 97
8 3 0
8 4 80
8 5 11
8 6 0
8 7 60
9 1 0
9 2 286
9 3 0
9 4 246
9 5 20
9 6 0
9 7 173
10 1 0
10 2 34
10 3 0
10 4 29
10 5 4
10 6 0
10 7 21
11 1 0
11 2 247
11 3 0
11 4 213
11 5 32
11 6 0
11 7 190
12 1 0
12 2 201
12 3 0
12 4 173
12 5 27
12 6 0
12 7 136
13 1 0
13 2 131
13 3 0
13 4 111
13 5 14
13 6 0
13 7 74
14 1 0
14 2 22
14 3 0
14 4 17
14 5 3
14 6 0
14 7 13
15 1 0
15 2 31
15 3 0
15 4 24
15 5 3
15 6 0
15 7 15
16 1 0
16 2 130
16 3 0
16 4 122
16 5 14
16 6 0
16 7 78
17 1 0
17 2 268
17 3 0
17 4 204
17 5 27
17 6 0
17 7 151
18 1 0
18 2 78
18 3 0
18 4 67
18 5 10
18 6 0
18 7 55
19 1 0
19 2 128
19 3 0
19 4 112
19 5 12
19 6 0
19 7 82
20 1 0
20 2 84
20 3 0
20 4 62
20 5 10
20 6 0
20 7 53
21 1 0
21 2 275
21 3 0
21 4 232
21 5 26
21 6 0
21 7 145
22 1 0
22 2 84
22 3 0
22 4 60
22 5 7
22 6 0
22 7 51
23 1 0
23 2 41
23 3 0
23 4 32
23 5 4
23 6 0
23 7 30
24 1 0
24 2 48
24 3 0
24 4 44
24 5 5
24 6 0
24 7 29
25 1 0
25 2 133
25 3 0
25 4 107
25 5 13
25 6 0
25 7 72
26 1 0
26 2 78
26 3 0
26 4 64
26 5 11
26 6 0
26 7 52
27 1 0
27 2 66
27 3 0
27 4 48
27 5 7
27 6 0
27 7 34
28 1 0
28 2 347
28 3 0
28 4 276
28 5 26
28 6 0
28 7 176
29 1 0
29 2 21
29 3 0
29 4 17
29 5 3
29 6 0
29 7 12
30 1 0
30 2 326
30 3 0
30 4 268
30 5 29
30 6 0
30 7 204
31 1 0
31 2 89
31 3 0
31 4 79
31 5 9
31 6 0
31 7 58
32 1 0
32 2 39
32 3 0
32 4 38
32 5 6
32 6 0
32 7 24
33 1 0
33 2 48
33 3 0
33 4 42
33 5 6
33 6 0
33 7 30
34 1 0
34 2 142
34 3 0
34 4 128
34 5 22
34 6 0
34 7 99
35 1 0
35 2 162
35 3 0
35 4 146
35 5 14
35 6 0
35 7 89
36 1 0
36 2 15
36 3 0
36 4 13
36 5 2
36 6 0
36 7 10
37 1 0
37 2 203
37 3 0
37 4 189
37 5 28
37 6 0
37 7 140
38 1 0
38 2 145
38 3 0
38 4 102
38 5 14
38 6 0
38 7 89
39 1 0
39 2 39
39 3 0
39 4 30
39 5 5
39 6 0
39 7 23
40 1 0
40 2 246
40 3 0
40 4 203
40 5 23
40 6 0
40 7 129
41 1 0
41 2 295
41 3 0
41 4 261
41 5 29
41 6 0
41 7 215
42 1 0
42 2 115
42 3 0
42 4 85
42 5 11
42 6 0
42 7 69
43 1 0
43 2 147
43 3 0
43 4 144
43 5 14
43 6 0
43 7 93
44 1 0
44 2 100
44 3 0
44 4 99
44 5 14
44 6 0
44 7 68
45 1 0
45 2 337
45 3 0
45 4 240
45 5 29
45 6 0
45 7 171
46 1 0
46 2 135
46 3 0
46 4 110
46 5 14
46 6 0
46 7 70
47 1 0
47 2 79
47 3 0
47 4 70
47 5 12
47 6 0
47 7 54
48 1 0
48 2 94
48 3 0
48 4 77
48 5 11
48 6 0
48 7 59
49 1 0
49 2 51
49 3 0
49 4 36
49 5 5
49 6 0
49 7 26
50 1 0
50 2 64
50 3 0
50 4 61
50 5 8
50 6 0
50 7 38
51 1 0
51 2 66
51 3 0
51 4 55
51 5 8
51 6 0
51 7 51
52 1 0
52 2 60
52 3 0
52 4 46
52 5 5
52 6 0
52 7 36
53 1 0
53 2 136
53 3 0
53 4 118
53 5 15
53 6 0
53 7 83
54 1 0
54 2 227
54 3 0
54 4 183
54 5 19
54 6 0
54 7 125
55 1 0
55 2 240
55 3 0
55 4 203
55 5 25
55 6 0
55 7 147
56 1 0
56 2 97
56 3 0
56 4 76
56 5 9
56 6 0
56 7 51
57 1 0
57 2 57
57 3 0
57 4 49
57 5 6
57 6 0
57 7 38
58 1 0
58 2 38
58 3 0
58 4 33
58 5 5
58 6 0
58 7 25
59 1 0
59 2 95
59 3 0
59 4 82
59 5 9
59 6 0
59 7 58
60 1 0
60 2 35
60 3 0
60 4 26
60 5 4
60 6 0
60 7 18
61 1 0
61 2 47
61 3 0
61 4 39
61 5 5
61 6 0
61 7 24
62 1 0
62 2 50
62 3 0
62 4 38
62 5 6
62 6 0
62 7 30
63 1 0
63 2 56
63 3 0
63 4 49
63 5 7
63 6 0
63 7 39
64 1 0
64 2 161
64 3 0
64 4 124
64 5 18
64 6 0
64 7 81
65 1 0
65 2 143
65 3 0
65 4 105
65 5 15
65 6 0
65 7 94
66 1 0
66 2 39
66 3 0
66 4 35
66 5 5
66 6 0
66 7 28
67 1 0
67 2 125
67 3 0
67 4 105
67 5 12
67 6 0
67 7 68
68 1 0
68 2 50
68 3 0
68 4 44
68 5 7
68 6 0
68 7 26
69 1 0
69 2 121
69 3 0
69 4 95
69 5 12
69 6 0
69 7 65
70 1 0
70 2 196
70 3 0
70 4 148
70 5 19
70 6 0
70 7 111
71 1 0
71 2 140
71 3 0
71 4 106
71 5 10
71 6 0
71 7 76
72 1 0
72 2 139
72 3 0
72 4 125
72 5 16
72 6 0
72 7 86
73 1 0
73 2 173
73 3 0
73 4 172
73 5 25
73 6 0
73 7 117
74 1 0
74 2 257
74 3 0
74 4 212
74 5 27
74 6 0
74 7 132
75 1 0
75 2 365
75 3 0
75 4 260
75 5 29
75 6 0
75 7 188
76 1 0
76 2 93
76 3 0
76 4 75
76 5 7
76 6 0
76 7 53
77 1 0
77 2 50
77 3 0
77 4 48
77 5 6
77 6 0
77 7 36
78 1 0
78 2 78
78 3 0
78 4 56
78 5 7
78 6 0
78 7 50
79 1 0
79 2 132
79 3 0
79 4 86
79 5 10
79 6 0
79 7 71
80 1 0
80 2 282
80 3 0
80 4 211
80 5 30
80 6 0
80 7 177
81 1 0
81 2 99
81 3 0
81 4 82
81 5 9
81 6 0
81 7 59
82 1 0
82 2 52
82 3 0
82 4 37
82 5 4
82 6 0
82 7 28
83 1 0
83 2 169
83 3 0
83 4 128
83 5 15
83 6 0
83 7 85
84 1 0
84 2 128
84 3 0
84 4 121
84 5 13
84 6 0
84 7 85
85 1 0
85 2 339
85 3 0
85 4 265
85 5 34
85 6 0
85 7 178
86 1 0
86 2 70
86 3 0
86 4 47
86 5 6
86 6 0
86 7 38
87 1 0
87 2 64
87 3 0
87 4 55
87 5 7
87 6 0
87 7 42
88 1 0
88 2 67
88 3 0
88 4 52
88 5 7
88 6 0
88 7 42
89 1 0
89 2 73
89 3 0
89 4 54
89 5 7
89 6 0
89 7 38
90 1 0
90 2 27
90 3 0
90 4 25
90 5 3
90 6 0
90 7 18
91 1 0
91 2 63
91 3 0
91 4 51
91 5 7
91 6 0
91 7 36
92 1 0
92 2 124
92 3 0
92 4 104
92 5 15
92 6 0
92 7 89
93 1 0
93 2 352
93 3 0
93 4 261
93 5 40
93 6 0
93 7 214
94 1 0
94 2 262
94 3 0
94 4 258
94 5 32
94 6 0
94 7 200
95 1 0
95 2 80
95 3 0
95 4 60
95 5 8
95 6 0
95 7 52
96 1 0
96 2 61
96 3 0
96 4 50
96 5 6
96 6 0
96 7 35
97 1 0
97 2 131
97 3 0
97 4 104
97 5 13
97 6 0
97 7 90
98 1 0
98 2 121
98 3 0
98 4 102
98 5 16
98 6 0
98 7 67
99 1 0
99 2 183
99 3 0
99 4 133
99 5 16
99 6 0
99 7 106
100 1 0
100 2 60
100 3 0
100 4 53
100 5 8
100 6 0
100 7 34

# Precedence Relations
1 7
2 8
3 10
4 9
4 11
4 12
4 13
4 15
4 31
5 24
6 14
7 19
8 16
9 18
10 19
11 17
11 20
11 23
11 89
11 90
13 91
13 92
14 21
14 24
15 22
16 25
17 27
18 29
19 31
20 26
21 28
21 32
21 44
22 30
22 33
22 34
24 33
24 34
24 91
25 42
26 35
27 37
28 38
29 39
30 40
31 36
31 44
31 72
33 41
34 43
35 49
36 47
37 49
38 50
39 52
40 48
41 45
41 69
42 53
43 46
43 51
43 98
44 60
45 54
46 55
47 56
48 58
49 59
51 57
52 60
52 61
54 65
55 63
56 64
57 62
58 67
58 68
60 69
61 66
62 73
63 70
64 71
66 72
66 75
67 98
69 74
69 80
70 76
71 77
72 78
72 81
73 79
73 80
73 87
76 82
77 83
78 85
79 84
79 89
80 86
80 90
80 92
81 87
81 88
81 91
82 94
83 95
84 93
85 94
86 96
87 97
88 98
90 99
90 100

# Parameters
R_e = 0.0500
T = 1000.0
C_s = 4.0
C_w = 36.0
C_c = 5.0
