# Tasks
1 2 3 4 5 6 7 8 9 10 11 12 13 14 15 16 17 18 19 20

# Workstations
1 2 3 4 5 6 7 8 9 10 11 12 13 14 15 16 17 18 19 20

# Modes
1 2 3 4 5 6 7

# Processing Times
1 1 374
1 2 729
1 3 370
1 4 721
1 5 349
1 6 395
1 7 769
2 1 318
2 2 628
2 3 330
2 4 651
2 5 301
2 6 332
2 7 655
3 1 153
3 2 314
3 3 148
3 4 304
3 5 145
3 6 166
3 7 339
4 1 182
4 2 407
4 3 186
4 4 415
4 5 157
4 6 184
4 7 411
5 1 168
5 2 312
5 3 171
5 4 317
5 5 142
5 6 184
5 7 341
6 1 313
6 2 688
6 3 304
6 4 667
6 5 282
6 6 326
6 7 716
7 1 159
7 2 332
7 3 155
7 4 323
7 5 149
7 6 162
7 7 339
8 1 166
8 2 355
8 3 169
8 4 362
8 5 139
8 6 173
8 7 370
9 1 55
9 2 114
9 3 55
9 4 113
9 5 45
9 6 59
9 7 121
10 1 242
10 2 525
10 3 251
10 4 544
10 5 198
10 6 252
10 7 546
11 1 76
11 2 173
11 3 77
11 4 176
11 5 67
11 6 81
11 7 183
12 1 177
12 2 390
12 3 175
12 4 386
12 5 157
12 6 178
12 7 391
13 1 166
13 2 386
13 3 170
13 4 394
13 5 150
13 6 181
13 7 421
14 1 119
14 2 218
14 3 114
14 4 209
14 5 104
14 6 126
14 7 231
15 1 150
15 2 353
15 3 157
15 4 368
15 5 141
15 6 156
15 7 366
16 1 303
16 2 752
16 3 315
16 4 780
16 5 281
16 6 312
16 7 773
17 1 138
17 2 252
17 3 140
17 4 256
17 5 116
17 6 147
17 7 269
18 1 52
18 2 127
18 3 53
18 4 128
18 5 47
18 6 53
18 7 129
19 1 48
19 2 97
19 3 49
19 4 98
19 5 44
19 6 49
19 7 99
20 1 146
20 2 320
20 3 143
20 4 312
20 5 138
20 6 159
20 7 348

# Energy Consumption
1 1 0
1 2 186
1 3 0
1 4 148
1 5 52
1 6 0
1 7 114
2 1 0
2 2 158
2 3 0
2 4 140
2 5 48
2 6 0
2 7 93
3 1 0
3 2 81
3 3 0
3 4 64
3 5 23
3 6 0
3 7 43
4 1 0
4 2 110
4 3 0
4 4 84
4 5 24
4 6 0
4 7 51
5 1 0
5 2 76
5 3 0
5 4 58
5 5 23
5 6 0
5 7 42
6 1 0
6 2 186
6 3 0
6 4 126
6 5 42
6 6 0
6 7 93
7 1 0
7 2 83
7 3 0
7 4 60
7 5 23
7 6 0
7 7 51
8 1 0
8 2 104
8 3 0
8 4 75
8 5 22
8 6 0
8 7 53
9 1 0
9 2 33
9 3 0
9 4 22
9 5 7
9 6 0
9 7 17
10 1 0
10 2 152
10 3 0
10 4 116
10 5 31
10 6 0
10 7 78
11 1 0
11 2 39
11 3 0
11 4 37
11 5 11
11 6 0
11 7 23
12 1 0
12 2 92
12 3 0
12 4 85
12 5 25
12 6 0
12 7 54
13 1 0
13 2 111
13 3 0
13 4 73
13 5 24
13 6 0
13 7 63
14 1 0
14 2 56
14 3 0
14 4 39
14 5 17
14 6 0
14 7 28
15 1 0
15 2 92
15 3 0
15 4 72
15 5 22
15 6 0
15 7 47
16 1 0
16 2 192
16 3 0
16 4 152
16 5 41
16 6 0
16 7 99
17 1 0
17 2 67
17 3 0
17 4 49
17 5 19
17 6 0
17 7 33
18 1 0
18 2 37
18 3 0
18 4 26
18 5 8
18 6 0
18 7 19
19 1 0
19 2 29
19 3 0
19 4 18
19 5 7
19 6 0
19 7 15
20 1 0
20 2 77
20 3 0
20 4 63
20 5 20
20 6 0
20 7 52

# Precedence Relations
1 11
2 4
2 5
2 6
3 4
3 6
3 7
4 11
5 8
5 9
5 10
6 20
7 12
7 13
7 18
8 11
9 11
10 12
10 13
11 14
11 15
11 16
11 17
11 18
13 19
15 19
15 20
17 19
17 20
18 19

# Parameters
R_e = 0.0500
T = 1000.0
C_s = 4.0
C_w = 36.0
C_c = 5.0
