# Tasks
1 2 3 4 5 6 7 8 9 10 11 12 13 14 15 16 17 18 19 20 21

# Workstations
1 2 3 4 5 6 7 8 9 10 11 12 13 14 15 16 17 18 19 20 21

# Modes
1 2 3 4 5 6 7

# Processing Times
1 1 4
1 2 4
1 3 5
1 4 5
1 5 3
1 6 6
1 7 6
2 1 3
2 2 3
2 3 4
2 4 4
2 5 3
2 6 5
2 7 5
3 1 9
3 2 9
3 3 10
3 4 10
3 5 7
3 6 13
3 7 13
4 1 5
4 2 5
4 3 6
4 4 6
4 5 4
4 6 7
4 7 7
5 1 9
5 2 9
5 3 10
5 4 10
5 5 7
5 6 13
5 7 13
6 1 4
6 2 4
6 3 5
6 4 5
6 5 3
6 6 6
6 7 6
7 1 8
7 2 8
7 3 9
7 4 9
7 5 6
7 6 11
7 7 11
8 1 7
8 2 7
8 3 8
8 4 8
8 5 5
8 6 10
8 7 10
9 1 5
9 2 5
9 3 6
9 4 6
9 5 4
9 6 7
9 7 7
10 1 1
10 2 1
10 3 2
10 4 2
10 5 1
10 6 2
10 7 2
11 1 3
11 2 3
11 3 4
11 4 4
11 5 3
11 6 5
11 7 5
12 1 1
12 2 1
12 3 2
12 4 2
12 5 1
12 6 2
12 7 2
13 1 5
13 2 5
13 3 6
13 4 6
13 5 4
13 6 7
13 7 7
14 1 3
14 2 3
14 3 4
14 4 4
14 5 3
14 6 5
14 7 5
15 1 5
15 2 5
15 3 6
15 4 6
15 5 4
15 6 7
15 7 7
16 1 3
16 2 3
16 3 4
16 4 4
16 5 3
16 6 5
16 7 5
17 1 13
17 2 12
17 3 15
17 4 13
17 5 9
17 6 18
17 7 17
18 1 5
18 2 5
18 3 6
18 4 6
18 5 4
18 6 7
18 7 7
19 1 2
19 2 2
19 3 3
19 4 3
19 5 2
19 6 3
19 7 3
20 1 3
20 2 3
20 3 4
20 4 4
20 5 3
20 6 5
20 7 5
21 1 7
21 2 7
21 3 8
21 4 8
21 5 5
21 6 10
21 7 10

# Energy Consumption
1 1 0
1 2 1
1 3 0
1 4 2
1 5 1
1 6 0
1 7 1
2 1 0
2 2 1
2 3 0
2 4 1
2 5 1
2 6 0
2 7 1
3 1 0
3 2 3
3 3 0
3 4 2
3 5 1
3 6 0
3 7 2
4 1 0
4 2 2
4 3 0
4 4 2
4 5 1
4 6 0
4 7 1
5 1 0
5 2 3
5 3 0
5 4 2
5 5 2
5 6 0
5 7 2
6 1 0
6 2 1
6 3 0
6 4 2
6 5 1
6 6 0
6 7 1
7 1 0
7 2 3
7 3 0
7 4 2
7 5 1
7 6 0
7 7 2
8 1 0
8 2 2
8 3 0
8 4 2
8 5 1
8 6 0
8 7 2
9 1 0
9 2 2
9 3 0
9 4 2
9 5 1
9 6 0
9 7 2
10 1 0
10 2 1
10 3 0
10 4 1
10 5 1
10 6 0
10 7 1
11 1 0
11 2 1
11 3 0
11 4 1
11 5 1
11 6 0
11 7 1
12 1 0
12 2 1
12 3 0
12 4 1
12 5 1
12 6 0
12 7 1
13 1 0
13 2 2
13 3 0
13 4 2
13 5 1
13 6 0
13 7 1
14 1 0
14 2 1
14 3 0
14 4 1
14 5 1
14 6 0
14 7 1
15 1 0
15 2 2
15 3 0
15 4 2
15 5 1
15 6 0
15 7 2
16 1 0
16 2 1
16 3 0
16 4 1
16 5 1
16 6 0
16 7 1
17 1 0
17 2 4
17 3 0
17 4 3
17 5 2
17 6 0
17 7 3
18 1 0
18 2 2
18 3 0
18 4 2
18 5 1
18 6 0
18 7 2
19 1 0
19 2 1
19 3 0
19 4 1
19 5 1
19 6 0
19 7 1
20 1 0
20 2 1
20 3 0
20 4 1
20 5 1
20 6 0
20 7 1
21 1 0
21 2 2
21 3 0
21 4 2
21 5 1
21 6 0
21 7 2

# Precedence Relations
1 2
1 3
2 21
3 4
4 5
4 21
5 6
5 7
6 8
7 8
7 14
8 9
9 10
9 11
9 12
9 13
10 15
11 15
12 15
13 17
13 18
14 19
15 16
15 18
16 17
17 20
18 19

# Parameters
R_e = 0.0500
T = 60.0
C_s = 4.0
C_w = 36.0
C_c = 5.0
