# Tasks
1 2 3 4 5 6 7 8 9 10 11 12 13 14 15 16 17 18 19 20

# Workstations
1 2 3 4 5 6 7 8 9 10 11 12 13 14 15 16 17 18 19 20

# Modes
1 2 3 4 5 6 7

# Processing Times
1 1 141
1 2 149
1 3 123
1 4 129
1 5 53
1 6 143
1 7 151
2 1 118
2 2 128
2 3 110
2 4 119
2 5 47
2 6 129
2 7 140
3 1 136
3 2 142
3 3 119
3 4 124
3 5 44
3 6 139
3 7 145
4 1 117
4 2 117
4 3 105
4 4 105
4 5 36
4 6 123
4 7 123
5 1 140
5 2 152
5 3 131
5 4 143
5 5 57
5 6 150
5 7 163
6 1 194
6 2 173
6 3 176
6 4 157
6 5 78
6 6 201
6 7 179
7 1 110
7 2 98
7 3 104
7 4 92
7 5 34
7 6 118
7 7 105
8 1 69
8 2 69
8 3 64
8 4 64
8 5 28
8 6 73
8 7 73
9 1 80
9 2 81
9 3 75
9 4 76
9 5 31
9 6 84
9 7 85
10 1 219
10 2 189
10 3 204
10 4 176
10 5 78
10 6 224
10 7 193
11 1 155
11 2 143
11 3 144
11 4 133
11 5 56
11 6 161
11 7 148
12 1 168
12 2 180
12 3 159
12 4 170
12 5 66
12 6 177
12 7 189
13 1 60
13 2 59
13 3 54
13 4 53
13 5 25
13 6 61
13 7 60
14 1 185
14 2 179
14 3 166
14 4 160
14 5 81
14 6 195
14 7 188
15 1 218
15 2 210
15 3 191
15 4 184
15 5 87
15 6 224
15 7 215
16 1 192
16 2 172
16 3 167
16 4 149
16 5 78
16 6 195
16 7 175
17 1 148
17 2 136
17 3 129
17 4 118
17 5 56
17 6 155
17 7 143
18 1 102
18 2 110
18 3 88
18 4 94
18 5 35
18 6 111
18 7 119
19 1 214
19 2 229
19 3 185
19 4 198
19 5 74
19 6 225
19 7 240
20 1 140
20 2 142
20 3 120
20 4 122
20 5 61
20 6 144
20 7 147

# Energy Consumption
1 1 0
1 2 38
1 3 0
1 4 26
1 5 9
1 6 0
1 7 22
2 1 0
2 2 31
2 3 0
2 4 25
2 5 8
2 6 0
2 7 20
3 1 0
3 2 35
3 3 0
3 4 23
3 5 7
3 6 0
3 7 22
4 1 0
4 2 35
4 3 0
4 4 20
4 5 6
4 6 0
4 7 18
5 1 0
5 2 46
5 3 0
5 4 29
5 5 9
5 6 0
5 7 23
6 1 0
6 2 51
6 3 0
6 4 30
6 5 12
6 6 0
6 7 25
7 1 0
7 2 23
7 3 0
7 4 20
7 5 6
7 6 0
7 7 16
8 1 0
8 2 21
8 3 0
8 4 14
8 5 5
8 6 0
8 7 10
9 1 0
9 2 20
9 3 0
9 4 16
9 5 5
9 6 0
9 7 13
10 1 0
10 2 48
10 3 0
10 4 38
10 5 12
10 6 0
10 7 26
11 1 0
11 2 34
11 3 0
11 4 29
11 5 9
11 6 0
11 7 21
12 1 0
12 2 45
12 3 0
12 4 36
12 5 11
12 6 0
12 7 28
13 1 0
13 2 15
13 3 0
13 4 11
13 5 4
13 6 0
13 7 8
14 1 0
14 2 44
14 3 0
14 4 30
14 5 13
14 6 0
14 7 23
15 1 0
15 2 63
15 3 0
15 4 41
15 5 14
15 6 0
15 7 28
16 1 0
16 2 39
16 3 0
16 4 29
16 5 11
16 6 0
16 7 23
17 1 0
17 2 39
17 3 0
17 4 25
17 5 8
17 6 0
17 7 22
18 1 0
18 2 25
18 3 0
18 4 20
18 5 6
18 6 0
18 7 17
19 1 0
19 2 51
19 3 0
19 4 43
19 5 12
19 6 0
19 7 35
20 1 0
20 2 38
20 3 0
20 4 24
20 5 9
20 6 0
20 7 22

# Precedence Relations
1 5
2 7
3 6
3 10
4 8
4 9
4 10
5 13
6 11
7 12
8 18
9 15
10 13
11 15
12 15
13 14
13 15
14 16
15 17
15 18
15 19
16 20
17 20
18 20
19 20

# Parameters
R_e = 0.0500
T = 1000.0
C_s = 4.0
C_w = 36.0
C_c = 5.0
