# Tasks
1 2 3 4 5 6 7 8 9 10 11 12 13 14 15 16 17 18 19 20 21 22 23 24 25 26 27 28 29 30 31 32 33 34 35 36 37 38 39 40 41 42 43 44 45 46 47 48 49 50

# Workstations
1 2 3 4 5 6 7 8 9 10 11 12 13 14 15 16 17 18 19 20 21 22 23 24 25 26 27 28 29 30 31 32 33 34 35 36 37 38 39 40 41 42 43 44 45 46 47 48 49 50

# Modes
1 2 3 4 5 6 7

# Processing Times
1 1 44
1 2 86
1 3 43
1 4 83
1 5 40
1 6 47
1 7 91
2 1 83
2 2 164
2 3 86
2 4 169
2 5 72
2 6 90
2 7 177
3 1 495
3 2 1013
3 3 483
3 4 989
3 5 449
3 6 542
3 7 1108
4 1 256
4 2 572
4 3 251
4 4 559
4 5 207
4 6 266
4 7 594
5 1 109
5 2 203
5 3 107
5 4 199
5 5 103
5 6 117
5 7 217
6 1 224
6 2 493
6 3 223
6 4 490
6 5 209
6 6 233
6 7 511
7 1 297
7 2 619
7 3 285
7 4 594
7 5 267
7 6 325
7 7 676
8 1 30
8 2 65
8 3 29
8 4 62
8 5 27
8 6 33
8 7 70
9 1 105
9 2 216
9 3 102
9 4 210
9 5 94
9 6 110
9 7 226
10 1 432
10 2 937
10 3 436
10 4 946
10 5 362
10 6 438
10 7 949
11 1 264
11 2 600
11 3 273
11 4 620
11 5 233
11 6 277
11 7 629
12 1 104
12 2 229
12 3 103
12 4 227
12 5 90
12 6 111
12 7 244
13 1 240
13 2 558
13 3 249
13 4 577
13 5 221
13 6 250
13 7 582
14 1 128
14 2 234
14 3 135
14 4 246
14 5 105
14 6 139
14 7 254
15 1 92
15 2 217
15 3 95
15 4 223
15 5 87
15 6 99
15 7 234
16 1 69
16 2 172
16 3 69
16 4 170
16 5 60
16 6 73
16 7 181
17 1 110
17 2 201
17 3 114
17 4 208
17 5 91
17 6 115
17 7 209
18 1 335
18 2 815
18 3 329
18 4 800
18 5 289
18 6 361
18 7 879
19 1 109
19 2 221
19 3 109
19 4 220
19 5 97
19 6 118
19 7 239
20 1 26
20 2 57
20 3 27
20 4 58
20 5 23
20 6 27
20 7 58
21 1 158
21 2 383
21 3 156
21 4 377
21 5 140
21 6 172
21 7 416
22 1 66
22 2 164
22 3 67
22 4 165
22 5 53
22 6 69
22 7 170
23 1 480
23 2 1186
23 3 494
23 4 1219
23 5 450
23 6 515
23 7 1272
24 1 53
24 2 111
24 3 53
24 4 111
24 5 48
24 6 59
24 7 123
25 1 578
25 2 1157
25 3 584
25 4 1168
25 5 494
25 6 610
25 7 1221
26 1 292
26 2 661
26 3 300
26 4 679
26 5 246
26 6 309
26 7 700
27 1 188
27 2 457
27 3 184
27 4 448
27 5 169
27 6 197
27 7 478
28 1 94
28 2 184
28 3 93
28 4 182
28 5 77
28 6 100
28 7 195
29 1 150
29 2 273
29 3 147
29 4 268
29 5 125
29 6 151
29 7 274
30 1 179
30 2 336
30 3 185
30 4 347
30 5 167
30 6 193
30 7 361
31 1 442
31 2 963
31 3 462
31 4 1006
31 5 360
31 6 465
31 7 1013
32 1 193
32 2 422
32 3 199
32 4 434
32 5 159
32 6 206
32 7 450
33 1 49
33 2 112
33 3 50
33 4 115
33 5 45
33 6 52
33 7 117
34 1 143
34 2 305
34 3 147
34 4 314
34 5 116
34 6 149
34 7 317
35 1 89
35 2 217
35 3 87
35 4 211
35 5 73
35 6 92
35 7 224
36 1 259
36 2 620
36 3 265
36 4 635
36 5 244
36 6 285
36 7 682
37 1 185
37 2 367
37 3 186
37 4 369
37 5 174
37 6 199
37 7 395
38 1 280
38 2 639
38 3 269
38 4 614
38 5 261
38 6 281
38 7 641
39 1 424
39 2 954
39 3 445
39 4 1002
39 5 353
39 6 451
39 7 1013
40 1 33
40 2 82
40 3 33
40 4 82
40 5 30
40 6 34
40 7 84
41 1 172
41 2 356
41 3 168
41 4 348
41 5 150
41 6 176
41 7 364
42 1 171
42 2 412
42 3 173
42 4 416
42 5 145
42 6 188
42 7 452
43 1 169
43 2 324
43 3 173
43 4 331
43 5 160
43 6 175
43 7 334
44 1 327
44 2 746
44 3 326
44 4 744
44 5 280
44 6 353
44 7 804
45 1 482
45 2 1089
45 3 474
45 4 1071
45 5 410
45 6 492
45 7 1112
46 1 287
46 2 554
46 3 279
46 4 538
46 5 244
46 6 302
46 7 583
47 1 83
47 2 162
47 3 88
47 4 170
47 5 69
47 6 84
47 7 163
48 1 425
48 2 966
48 3 411
48 4 935
48 5 401
48 6 430
48 7 977
49 1 152
49 2 312
49 3 148
49 4 304
49 5 134
49 6 163
49 7 334
50 1 374
50 2 898
50 3 368
50 4 882
50 5 300
50 6 398
50 7 955

# Energy Consumption
1 1 0
1 2 22
1 3 0
1 4 17
1 5 6
1 6 0
1 7 14
2 1 0
2 2 42
2 3 0
2 4 37
2 5 12
2 6 0
2 7 26
3 1 0
3 2 261
3 3 0
3 4 206
3 5 71
3 6 0
3 7 140
4 1 0
4 2 154
4 3 0
4 4 113
4 5 32
4 6 0
4 7 74
5 1 0
5 2 50
5 3 0
5 4 36
5 5 17
5 6 0
5 7 27
6 1 0
6 2 133
6 3 0
6 4 93
6 5 32
6 6 0
6 7 66
7 1 0
7 2 154
7 3 0
7 4 109
7 5 41
7 6 0
7 7 102
8 1 0
8 2 20
8 3 0
8 4 13
8 5 5
8 6 0
8 7 10
9 1 0
9 2 62
9 3 0
9 4 40
9 5 14
9 6 0
9 7 31
10 1 0
10 2 270
10 3 0
10 4 202
10 5 57
10 6 0
10 7 135
11 1 0
11 2 133
11 3 0
11 4 130
11 5 37
11 6 0
11 7 76
12 1 0
12 2 54
12 3 0
12 4 50
12 5 15
12 6 0
12 7 34
13 1 0
13 2 160
13 3 0
13 4 107
13 5 35
13 6 0
13 7 87
14 1 0
14 2 60
14 3 0
14 4 46
14 5 17
14 6 0
14 7 31
15 1 0
15 2 56
15 3 0
15 4 44
15 5 14
15 6 0
15 7 30
16 1 0
16 2 44
16 3 0
16 4 34
16 5 9
16 6 0
16 7 24
17 1 0
17 2 53
17 3 0
17 4 40
17 5 15
17 6 0
17 7 26
18 1 0
18 2 238
18 3 0
18 4 162
18 5 44
18 6 0
18 7 125
19 1 0
19 2 65
19 3 0
19 4 40
19 5 15
19 6 0
19 7 36
20 1 0
20 2 14
20 3 0
20 4 12
20 5 4
20 6 0
20 7 9
21 1 0
21 2 103
21 3 0
21 4 75
21 5 22
21 6 0
21 7 61
22 1 0
22 2 39
22 3 0
22 4 35
22 5 8
22 6 0
22 7 26
23 1 0
23 2 351
23 3 0
23 4 245
23 5 68
23 6 0
23 7 182
24 1 0
24 2 32
24 3 0
24 4 23
24 5 7
24 6 0
24 7 17
25 1 0
25 2 336
25 3 0
25 4 234
25 5 78
25 6 0
25 7 152
26 1 0
26 2 153
26 3 0
26 4 136
26 5 37
26 6 0
26 7 87
27 1 0
27 2 126
27 3 0
27 4 95
27 5 27
27 6 0
27 7 68
28 1 0
28 2 54
28 3 0
28 4 38
28 5 12
28 6 0
28 7 26
29 1 0
29 2 72
29 3 0
29 4 51
29 5 20
29 6 0
29 7 36
30 1 0
30 2 76
30 3 0
30 4 66
30 5 26
30 6 0
30 7 47
31 1 0
31 2 220
31 3 0
31 4 187
31 5 54
31 6 0
31 7 127
32 1 0
32 2 126
32 3 0
32 4 80
32 5 24
32 6 0
32 7 55
33 1 0
33 2 29
33 3 0
33 4 24
33 5 7
33 6 0
33 7 17
34 1 0
34 2 69
34 3 0
34 4 62
34 5 17
34 6 0
34 7 41
35 1 0
35 2 50
35 3 0
35 4 40
35 5 11
35 6 0
35 7 28
36 1 0
36 2 139
36 3 0
36 4 127
36 5 39
36 6 0
36 7 100
37 1 0
37 2 84
37 3 0
37 4 77
37 5 25
37 6 0
37 7 50
38 1 0
38 2 153
38 3 0
38 4 121
38 5 41
38 6 0
38 7 87
39 1 0
39 2 244
39 3 0
39 4 205
39 5 56
39 6 0
39 7 137
40 1 0
40 2 20
40 3 0
40 4 16
40 5 5
40 6 0
40 7 12
41 1 0
41 2 82
41 3 0
41 4 76
41 5 24
41 6 0
41 7 45
42 1 0
42 2 96
42 3 0
42 4 88
42 5 24
42 6 0
42 7 60
43 1 0
43 2 76
43 3 0
43 4 61
43 5 26
43 6 0
43 7 46
44 1 0
44 2 167
44 3 0
44 4 135
44 5 42
44 6 0
44 7 108
45 1 0
45 2 301
45 3 0
45 4 201
45 5 58
45 6 0
45 7 149
46 1 0
46 2 145
46 3 0
46 4 111
46 5 36
46 6 0
46 7 88
47 1 0
47 2 48
47 3 0
47 4 32
47 5 10
47 6 0
47 7 23
48 1 0
48 2 255
48 3 0
48 4 174
48 5 61
48 6 0
48 7 138
49 1 0
49 2 75
49 3 0
49 4 62
49 5 20
49 6 0
49 7 42
50 1 0
50 2 258
50 3 0
50 4 172
50 5 45
50 6 0
50 7 129

# Precedence Relations
1 16
2 12
3 7
3 8
3 10
4 11
5 6
5 9
6 20
7 20
9 13
9 18
9 19
11 14
11 16
11 17
12 15
13 20
14 20
15 21
15 22
15 24
18 23
18 25
20 26
20 27
20 28
20 29
20 30
20 49
21 32
22 33
23 31
24 34
26 36
27 39
31 35
32 37
33 38
35 42
36 41
37 40
38 43
38 44
40 45
41 46
42 49
42 50
43 47
44 48

# Parameters
R_e = 0.0500
T = 1000.0
C_s = 4.0
C_w = 36.0
C_c = 5.0
