# Tasks
1 2 3 4 5 6 7 8 9 10 11

# Workstations
1 2 3 4 5 6 7 8 9 10 11

# Modes
1 2 3 4 5 6 7

# Processing Times
1 1 4
1 2 10
1 3 5
1 4 11
1 5 3
1 6 5
1 7 12
2 1 38
2 2 88
2 3 42
2 4 97
2 5 22
2 6 44
2 7 101
3 1 45
3 2 105
3 3 50
3 4 116
3 5 26
3 6 52
3 7 121
4 1 12
4 2 28
4 3 14
4 4 31
4 5 7
4 6 14
4 7 33
5 1 10
5 2 24
5 3 11
5 4 27
5 5 6
5 6 12
5 7 28
6 1 8
6 2 19
6 3 9
6 4 21
6 5 5
6 6 10
6 7 22
7 1 12
7 2 28
7 3 14
7 4 31
7 5 7
7 6 14
7 7 33
8 1 10
8 2 24
8 3 11
8 4 27
8 5 6
8 6 12
8 7 28
9 1 2
9 2 5
9 3 3
9 4 6
9 5 2
9 6 3
9 7 6
10 1 10
10 2 24
10 3 11
10 4 27
10 5 6
10 6 12
10 7 28
11 1 34
11 2 79
11 3 38
11 4 87
11 5 20
11 6 39
11 7 91

# Energy Consumption
1 1 0
1 2 3
1 3 0
1 4 3
1 5 1
1 6 0
1 7 2
2 1 0
2 2 25
2 3 0
2 4 18
2 5 4
2 6 0
2 7 14
3 1 0
3 2 31
3 3 0
3 4 26
3 5 4
3 6 0
3 7 17
4 1 0
4 2 9
4 3 0
4 4 7
4 5 2
4 6 0
4 7 5
5 1 0
5 2 8
5 3 0
5 4 6
5 5 1
5 6 0
5 7 4
6 1 0
6 2 6
6 3 0
6 4 5
6 5 1
6 6 0
6 7 4
7 1 0
7 2 8
7 3 0
7 4 7
7 5 2
7 6 0
7 7 5
8 1 0
8 2 8
8 3 0
8 4 5
8 5 1
8 6 0
8 7 5
9 1 0
9 2 2
9 3 0
9 4 2
9 5 1
9 6 0
9 7 1
10 1 0
10 2 6
10 3 0
10 4 6
10 5 1
10 6 0
10 7 4
11 1 0
11 2 20
11 3 0
11 4 19
11 5 3
11 6 0
11 7 13

# Precedence Relations
1 4
2 4
2 5
3 11
4 6
5 7
6 8
7 9
8 10
9 10
10 11

# Parameters
R_e = 0.0500
T = 600.0
C_s = 4.0
C_w = 36.0
C_c = 5.0
