# Tasks
1 2 3 4 5 6 7 8 9 10 11 12 13 14 15 16 17 18 19 20 21 22 23 24 25 26 27 28 29 30 31 32 33 34 35 36 37 38 39 40 41 42 43 44 45 46 47 48 49 50 51 52 53 54 55 56 57 58 59 60 61 62 63 64 65 66 67 68 69 70 71 72 73 74 75 76 77 78 79 80 81 82 83 84 85 86 87 88 89 90 91 92 93 94 95 96 97 98 99 100 101 102 103 104 105 106 107 108 109 110 111

# Workstations
1 2 3 4 5 6 7 8 9 10 11 12 13 14 15 16 17 18 19 20 21 22 23 24 25 26 27 28 29 30 31 32 33 34 35 36 37 38 39 40 41 42 43 44 45 46 47 48 49 50 51 52 53 54 55 56 57 58 59 60 61 62 63 64 65 66 67 68 69 70 71 72 73 74 75 76 77 78 79 80 81 82 83 84 85 86 87 88 89 90 91 92 93 94 95 96 97 98 99 100 101 102 103 104 105 106 107 108 109 110 111

# Modes
1 2 3 4 5 6 7

# Processing Times
1 1 1960
1 2 3816
1 3 1968
1 4 3832
1 5 1684
1 6 2096
1 7 4081
2 1 1715
2 2 3387
2 3 1707
2 4 3370
2 5 1588
2 6 1790
2 7 3535
3 1 735
3 2 1504
3 3 706
3 4 1444
3 5 696
3 6 781
3 7 1597
4 1 1715
4 2 3827
4 3 1706
4 4 3806
4 5 1562
4 6 1735
4 7 3871
5 1 490
5 2 910
5 3 515
5 4 956
5 5 419
5 6 518
5 7 961
6 1 1225
6 2 2693
6 3 1248
6 4 2743
6 5 1133
6 6 1251
6 7 2750
7 1 169
7 2 353
7 3 168
7 4 349
7 5 143
7 6 179
7 7 374
8 1 2252
8 2 4810
8 3 2359
8 4 5038
8 5 1942
8 6 2339
8 7 4996
9 1 1225
9 2 2518
9 3 1248
9 4 2565
9 5 1096
9 6 1311
9 7 2695
10 1 2319
10 2 5030
10 3 2239
10 4 4855
10 5 1969
10 6 2425
10 7 5258
11 1 1715
11 2 3896
11 3 1770
11 4 4021
11 5 1513
11 6 1748
11 7 3970
12 1 980
12 2 2158
12 3 971
12 4 2138
12 5 899
12 6 988
12 7 2176
13 1 735
13 2 1707
13 3 714
13 4 1658
13 5 634
13 6 782
13 7 1817
14 1 2281
14 2 4170
14 3 2230
14 4 4076
14 5 2027
14 6 2498
14 7 4567
15 1 2750
15 2 6471
15 3 2667
15 4 6276
15 5 2514
15 6 2797
15 7 6582
16 1 77
16 2 191
16 3 77
16 4 189
16 5 65
16 6 80
16 7 198
17 1 89
17 2 163
17 3 93
17 4 171
17 5 76
17 6 97
17 7 177
18 1 51
18 2 124
18 3 53
18 4 127
18 5 44
18 6 55
18 7 133
19 1 364
19 2 736
19 3 364
19 4 736
19 5 336
19 6 367
19 7 743
20 1 405
20 2 886
20 3 387
20 4 845
20 5 382
20 6 440
20 7 962
21 1 3060
21 2 7402
21 3 3181
21 4 7693
21 5 2798
21 6 3356
21 7 8118
22 1 125
22 2 309
22 3 129
22 4 318
22 5 114
22 6 128
22 7 315
23 1 3429
23 2 8470
23 3 3502
23 4 8650
23 5 3144
23 6 3545
23 7 8756
24 1 43
24 2 90
24 3 45
24 4 93
24 5 36
24 6 44
24 7 92
25 1 3430
25 2 6861
25 3 3461
25 4 6923
25 5 3119
25 6 3591
25 7 7183
26 1 1960
26 2 4437
26 3 2003
26 4 4533
26 5 1728
26 6 2111
26 7 4779
27 1 29
27 2 71
27 3 31
27 4 74
27 5 24
27 6 31
27 7 75
28 1 27
28 2 53
28 3 27
28 4 52
28 5 26
28 6 29
28 7 57
29 1 15
29 2 28
29 3 15
29 4 28
29 5 14
29 6 16
29 7 30
30 1 121
30 2 228
30 3 124
30 4 234
30 5 102
30 6 133
30 7 250
31 1 1715
31 2 3736
31 3 1684
31 4 3669
31 5 1520
31 6 1722
31 7 3751
32 1 2127
32 2 4648
32 3 2155
32 4 4708
32 5 1924
32 6 2287
32 7 4998
33 1 1470
33 2 3344
33 3 1515
33 4 3446
33 5 1280
33 6 1601
33 7 3641
34 1 4037
34 2 8605
34 3 4161
34 4 8870
34 5 3431
34 6 4314
34 7 9196
35 1 68
35 2 166
35 3 70
35 4 170
35 5 57
35 6 69
35 7 168
36 1 62
36 2 149
36 3 63
36 4 150
36 5 59
36 6 66
36 7 158
37 1 42
37 2 84
37 3 44
37 4 87
37 5 35
37 6 46
37 7 91
38 1 364
38 2 831
38 3 361
38 4 824
38 5 304
38 6 378
38 7 862
39 1 4998
39 2 11237
39 3 4758
39 4 10696
39 5 4237
39 6 5409
39 7 12161
40 1 1470
40 2 3620
40 3 1470
40 4 3618
40 5 1286
40 6 1600
40 7 3938
41 1 2963
41 2 6129
41 3 3088
41 4 6387
41 5 2697
41 6 3144
41 7 6503
42 1 5689
42 2 13691
42 3 5894
42 4 14183
42 5 5352
42 6 5917
42 7 14239
43 1 68
43 2 131
43 3 66
43 4 127
43 5 59
43 6 70
43 7 134
44 1 18
44 2 42
44 3 19
44 4 43
44 5 17
44 6 20
44 7 46
45 1 10
45 2 23
45 3 10
45 4 22
45 5 9
45 6 11
45 7 24
46 1 81
46 2 157
46 3 81
46 4 156
46 5 76
46 6 83
46 7 160
47 1 5200
47 2 10119
47 3 4941
47 4 9615
47 5 4726
47 6 5371
47 7 10450
48 1 39
48 2 89
48 3 40
48 4 91
48 5 34
48 6 43
48 7 98
49 1 67
49 2 138
49 3 65
49 4 134
49 5 55
49 6 71
49 7 145
50 1 27
50 2 65
50 3 28
50 4 66
50 5 24
50 6 29
50 7 69
51 1 15
51 2 34
51 3 16
51 4 35
51 5 14
51 6 16
51 7 36
52 1 121
52 2 250
52 3 117
52 4 241
52 5 105
52 6 130
52 7 267
53 1 58
53 2 133
53 3 59
53 4 134
53 5 54
53 6 64
53 7 146
54 1 1715
54 2 3145
54 3 1721
54 4 3156
54 5 1565
54 6 1855
54 7 3402
55 1 125
55 2 306
55 3 124
55 4 302
55 5 109
55 6 137
55 7 334
56 1 4010
56 2 9661
56 3 3832
56 4 9233
56 5 3445
56 6 4112
56 7 9906
57 1 1470
57 2 3306
57 3 1458
57 4 3279
57 5 1347
57 6 1581
57 7 3555
58 1 1470
58 2 3200
58 3 1461
58 4 3180
58 5 1351
58 6 1586
58 7 3451
59 1 2303
59 2 5103
59 3 2339
59 4 5183
59 5 1868
59 6 2517
59 7 5577
60 1 1960
60 2 3862
60 3 1927
60 4 3796
60 5 1820
60 6 2079
60 7 4097
61 1 2205
61 2 4803
61 3 2220
61 4 4834
61 5 1868
61 6 2377
61 7 5177
62 1 4018
62 2 8409
62 3 4025
62 4 8423
62 5 3651
62 6 4080
62 7 8539
63 1 2744
63 2 6462
63 3 2831
63 4 6667
63 5 2607
63 6 2755
63 7 6488
64 1 2999
64 2 5598
64 3 2859
64 4 5337
64 5 2647
64 6 3169
64 7 5915
65 1 735
65 2 1799
65 3 769
65 4 1880
65 5 653
65 6 777
65 7 1900
66 1 735
66 2 1527
66 3 729
66 4 1514
66 5 637
66 6 757
66 7 1571
67 1 735
67 2 1417
67 3 707
67 4 1363
67 5 649
67 6 767
67 7 1478
68 1 735
68 2 1532
68 3 767
68 4 1598
68 5 589
68 6 776
68 7 1616
69 1 545
69 2 1198
69 3 531
69 4 1166
69 5 497
69 6 559
69 7 1229
70 1 3386
70 2 7042
70 3 3504
70 4 7286
70 5 2969
70 6 3468
70 7 7212
71 1 3234
71 2 7111
71 3 3278
71 4 7208
71 5 2902
71 6 3293
71 7 7240
72 1 2205
72 2 3981
72 3 2278
72 4 4112
72 5 1903
72 6 2366
72 7 4271
73 1 2206
73 2 5366
73 3 2253
73 4 5480
73 5 1885
73 6 2308
73 7 5614
74 1 490
74 2 1083
74 3 491
74 4 1084
74 5 415
74 6 513
74 7 1134
75 1 825
75 2 1693
75 3 858
75 4 1761
75 5 784
75 6 863
75 7 1771
76 1 3528
76 2 7024
76 3 3393
76 4 6755
76 5 3214
76 6 3695
76 7 7355
77 1 3568
77 2 8033
77 3 3430
77 4 7722
77 5 2866
77 6 3810
77 7 8577
78 1 1200
78 2 2234
78 3 1250
78 4 2327
78 5 1071
78 6 1260
78 7 2346
79 1 618
79 2 1199
79 3 602
79 4 1168
79 5 516
79 6 641
79 7 1244
80 1 1470
80 2 3539
80 3 1525
80 4 3672
80 5 1222
80 6 1524
80 7 3668
81 1 1715
81 2 3192
81 3 1677
81 4 3122
81 5 1618
81 6 1781
81 7 3314
82 1 735
82 2 1392
82 3 746
82 4 1413
82 5 622
82 6 760
82 7 1440
83 1 1960
83 2 4521
83 3 2030
83 4 4681
83 5 1797
83 6 2041
83 7 4708
84 1 2889
84 2 5287
84 3 2808
84 4 5138
84 5 2401
84 6 3041
84 7 5565
85 1 618
85 2 1150
85 3 635
85 4 1182
85 5 543
85 6 663
85 7 1234
86 1 490
86 2 1207
86 3 494
86 4 1217
86 5 397
86 6 524
86 7 1291
87 1 735
87 2 1795
87 3 704
87 4 1719
87 5 600
87 6 784
87 7 1914
88 1 490
88 2 1182
88 3 513
88 4 1237
88 5 443
88 6 531
88 7 1280
89 1 921
89 2 1789
89 3 901
89 4 1749
89 5 825
89 6 978
89 7 1900
90 1 326
90 2 725
90 3 322
90 4 717
90 5 307
90 6 357
90 7 794
91 1 5390
91 2 11401
91 3 5151
91 4 10895
91 5 4892
91 6 5569
91 7 11780
92 1 243
92 2 489
92 3 237
92 4 477
92 5 220
92 6 254
92 7 511
93 1 371
93 2 914
93 3 364
93 4 897
93 5 311
93 6 375
93 7 924
94 1 58
94 2 119
94 3 59
94 4 121
94 5 49
94 6 60
94 7 122
95 1 5059
95 2 10280
95 3 5050
95 4 10261
95 5 4258
95 6 5198
95 7 10562
96 1 1225
96 2 2486
96 3 1198
96 4 2430
96 5 1101
96 6 1232
96 7 2499
97 1 769
97 2 1461
97 3 753
97 4 1431
97 5 678
97 6 791
97 7 1502
98 1 768
98 2 1896
98 3 800
98 4 1975
98 5 638
98 6 820
98 7 2023
99 1 1670
99 2 3619
99 3 1588
99 4 3440
99 5 1446
99 6 1828
99 7 3960
100 1 1670
100 2 3007
100 3 1666
100 4 3000
100 5 1508
100 6 1812
100 7 3263
101 1 490
101 2 930
101 3 507
101 4 962
101 5 398
101 6 494
101 7 936
102 1 202
102 2 473
102 3 210
102 4 492
102 5 177
102 6 209
102 7 489
103 1 203
103 2 402
103 3 202
103 4 400
103 5 176
103 6 222
103 7 440
104 1 202
104 2 402
104 3 212
104 4 422
104 5 176
104 6 212
104 7 422
105 1 2744
105 2 5431
105 3 2685
105 4 5314
105 5 2422
105 6 3010
105 7 5958
106 1 162
106 2 342
106 3 158
106 4 334
106 5 154
106 6 172
106 7 363
107 1 324
107 2 604
107 3 318
107 4 593
107 5 262
107 6 337
107 7 628
108 1 162
108 2 295
108 3 163
108 4 296
108 5 144
108 6 170
108 7 309
109 1 121
109 2 236
109 3 126
109 4 246
109 5 108
109 6 132
109 7 257
110 1 162
110 2 359
110 3 170
110 4 376
110 5 154
110 6 173
110 7 383
111 1 91
111 2 217
111 3 89
111 4 212
111 5 77
111 6 94
111 7 223

# Energy Consumption
1 1 0
1 2 969
1 3 0
1 4 785
1 5 251
1 6 0
1 7 604
2 1 0
2 2 851
2 3 0
2 4 724
2 5 253
2 6 0
2 7 500
3 1 0
3 2 387
3 3 0
3 4 301
3 5 110
3 6 0
3 7 201
4 1 0
4 2 1027
4 3 0
4 4 768
4 5 239
4 6 0
4 7 478
5 1 0
5 2 221
5 3 0
5 4 173
5 5 67
5 6 0
5 7 117
6 1 0
6 2 726
6 3 0
6 4 516
6 5 169
6 6 0
6 7 354
7 1 0
7 2 88
7 3 0
7 4 64
7 5 22
7 6 0
7 7 56
8 1 0
8 2 1407
8 3 0
8 4 1044
8 5 294
8 6 0
8 7 712
9 1 0
9 2 717
9 3 0
9 4 481
9 5 157
9 6 0
9 7 359
10 1 0
10 2 1448
10 3 0
10 4 1033
10 5 305
10 6 0
10 7 743
11 1 0
11 2 858
11 3 0
11 4 843
11 5 241
11 6 0
11 7 479
12 1 0
12 2 504
12 3 0
12 4 471
12 5 144
12 6 0
12 7 298
13 1 0
13 2 488
13 3 0
13 4 306
13 5 99
13 6 0
13 7 269
14 1 0
14 2 1069
14 3 0
14 4 751
14 5 317
14 6 0
14 7 554
15 1 0
15 2 1670
15 3 0
15 4 1224
15 5 387
15 6 0
15 7 833
16 1 0
16 2 49
16 3 0
16 4 37
16 5 10
16 6 0
16 7 26
17 1 0
17 2 43
17 3 0
17 4 33
17 5 13
17 6 0
17 7 22
18 1 0
18 2 37
18 3 0
18 4 26
18 5 7
18 6 0
18 7 19
19 1 0
19 2 215
19 3 0
19 4 134
19 5 50
19 6 0
19 7 112
20 1 0
20 2 212
20 3 0
20 4 169
20 5 54
20 6 0
20 7 144
21 1 0
21 2 1989
21 3 0
21 4 1527
21 5 431
21 6 0
21 7 1181
22 1 0
22 2 72
22 3 0
22 4 66
22 5 16
22 6 0
22 7 47
23 1 0
23 2 2501
23 3 0
23 4 1737
23 5 472
23 6 0
23 7 1252
24 1 0
24 2 26
24 3 0
24 4 20
24 5 6
24 6 0
24 7 13
25 1 0
25 2 1989
25 3 0
25 4 1384
25 5 487
25 6 0
25 7 890
26 1 0
26 2 1022
26 3 0
26 4 902
26 5 257
26 6 0
26 7 592
27 1 0
27 2 20
27 3 0
27 4 16
27 5 4
27 6 0
27 7 11
28 1 0
28 2 16
28 3 0
28 4 11
28 5 4
28 6 0
28 7 8
29 1 0
29 2 8
29 3 0
29 4 6
29 5 3
29 6 0
29 7 4
30 1 0
30 2 52
30 3 0
30 4 45
30 5 16
30 6 0
30 7 33
31 1 0
31 2 851
31 3 0
31 4 682
31 5 225
31 6 0
31 7 469
32 1 0
32 2 1388
32 3 0
32 4 861
32 5 287
32 6 0
32 7 607
33 1 0
33 2 850
33 3 0
33 4 703
33 5 185
33 6 0
33 7 517
34 1 0
34 2 1944
34 3 0
34 4 1725
34 5 497
34 6 0
34 7 1167
35 1 0
35 2 38
35 3 0
35 4 32
35 5 9
35 6 0
35 7 21
36 1 0
36 2 34
36 3 0
36 4 30
36 5 10
36 6 0
36 7 23
37 1 0
37 2 20
37 3 0
37 4 19
37 5 5
37 6 0
37 7 12
38 1 0
38 2 199
38 3 0
38 4 162
38 5 48
38 6 0
38 7 117
39 1 0
39 2 2870
39 3 0
39 4 2178
39 5 665
39 6 0
39 7 1636
40 1 0
40 2 841
40 3 0
40 4 680
40 5 182
40 6 0
40 7 548
41 1 0
41 2 1398
41 3 0
41 4 1382
41 5 431
41 6 0
41 7 790
42 1 0
42 2 3164
42 3 0
42 4 2968
42 5 854
42 6 0
42 7 1889
43 1 0
43 2 31
43 3 0
43 4 24
43 5 10
43 6 0
43 7 19
44 1 0
44 2 10
44 3 0
44 4 8
44 5 3
44 6 0
44 7 7
45 1 0
45 2 7
45 3 0
45 4 5
45 5 2
45 6 0
45 7 4
46 1 0
46 2 42
46 3 0
46 4 33
46 5 12
46 6 0
46 7 24
47 1 0
47 2 2937
47 3 0
47 4 1774
47 5 680
47 6 0
47 7 1440
48 1 0
48 2 24
48 3 0
48 4 17
48 5 6
48 6 0
48 7 14
49 1 0
49 2 34
49 3 0
49 4 27
49 5 9
49 6 0
49 7 18
50 1 0
50 2 19
50 3 0
50 4 13
50 5 4
50 6 0
50 7 10
51 1 0
51 2 10
51 3 0
51 4 7
51 5 3
51 6 0
51 7 5
52 1 0
52 2 75
52 3 0
52 4 50
52 5 16
52 6 0
52 7 40
53 1 0
53 2 30
53 3 0
53 4 25
53 5 9
53 6 0
53 7 20
54 1 0
54 2 939
54 3 0
54 4 692
54 5 248
54 6 0
54 7 509
55 1 0
55 2 68
55 3 0
55 4 66
55 5 17
55 6 0
55 7 44
56 1 0
56 2 2896
56 3 0
56 4 1928
56 5 532
56 6 0
56 7 1329
57 1 0
57 2 835
57 3 0
57 4 604
57 5 199
57 6 0
57 7 519
58 1 0
58 2 927
58 3 0
58 4 608
58 5 214
58 6 0
58 7 503
59 1 0
59 2 1475
59 3 0
59 4 1117
59 5 297
59 6 0
59 7 680
60 1 0
60 2 883
60 3 0
60 4 808
60 5 266
60 6 0
60 7 518
61 1 0
61 2 1188
61 3 0
61 4 1056
61 5 291
61 6 0
61 7 628
62 1 0
62 2 2025
62 3 0
62 4 1694
62 5 529
62 6 0
62 7 1142
63 1 0
63 2 1930
63 3 0
63 4 1274
63 5 404
63 6 0
63 7 870
64 1 0
64 2 1449
64 3 0
64 4 1085
64 5 380
64 6 0
64 7 717
65 1 0
65 2 421
65 3 0
65 4 383
65 5 102
65 6 0
65 7 262
66 1 0
66 2 359
66 3 0
66 4 291
66 5 92
66 6 0
66 7 195
67 1 0
67 2 414
67 3 0
67 4 251
67 5 100
67 6 0
67 7 196
68 1 0
68 2 450
68 3 0
68 4 296
68 5 88
68 6 0
68 7 198
69 1 0
69 2 316
69 3 0
69 4 227
69 5 73
69 6 0
69 7 152
70 1 0
70 2 1858
70 3 0
70 4 1376
70 5 457
70 6 0
70 7 867
71 1 0
71 2 1650
71 3 0
71 4 1577
71 5 413
71 6 0
71 7 1035
72 1 0
72 2 1089
72 3 0
72 4 761
72 5 305
72 6 0
72 7 536
73 1 0
73 2 1195
73 3 0
73 4 996
73 5 265
73 6 0
73 7 705
74 1 0
74 2 267
74 3 0
74 4 223
74 5 61
74 6 0
74 7 156
75 1 0
75 2 407
75 3 0
75 4 351
75 5 122
75 6 0
75 7 264
76 1 0
76 2 1634
76 3 0
76 4 1289
76 5 497
76 6 0
76 7 887
77 1 0
77 2 1885
77 3 0
77 4 1498
77 5 444
77 6 0
77 7 1076
78 1 0
78 2 564
78 3 0
78 4 446
78 5 170
78 6 0
78 7 331
79 1 0
79 2 280
79 3 0
79 4 218
79 5 74
79 6 0
79 7 181
80 1 0
80 2 853
80 3 0
80 4 802
80 5 176
80 6 0
80 7 480
81 1 0
81 2 858
81 3 0
81 4 614
81 5 247
81 6 0
81 7 466
82 1 0
82 2 369
82 3 0
82 4 260
82 5 92
82 6 0
82 7 195
83 1 0
83 2 1039
83 3 0
83 4 945
83 5 285
83 6 0
83 7 669
84 1 0
84 2 1422
84 3 0
84 4 1017
84 5 363
84 6 0
84 7 684
85 1 0
85 2 287
85 3 0
85 4 248
85 5 79
85 6 0
85 7 158
86 1 0
86 2 293
86 3 0
86 4 248
86 5 57
86 6 0
86 7 178
87 1 0
87 2 504
87 3 0
87 4 337
87 5 86
87 6 0
87 7 258
88 1 0
88 2 309
88 3 0
88 4 248
88 5 63
88 6 0
88 7 156
89 1 0
89 2 503
89 3 0
89 4 326
89 5 123
89 6 0
89 7 230
90 1 0
90 2 183
90 3 0
90 4 145
90 5 49
90 6 0
90 7 104
91 1 0
91 2 3216
91 3 0
91 4 2325
91 5 759
91 6 0
91 7 1544
92 1 0
92 2 109
92 3 0
92 4 98
92 5 36
92 6 0
92 7 76
93 1 0
93 2 230
93 3 0
93 4 181
93 5 47
93 6 0
93 7 115
94 1 0
94 2 33
94 3 0
94 4 22
94 5 8
94 6 0
94 7 18
95 1 0
95 2 3064
95 3 0
95 4 2104
95 5 660
95 6 0
95 7 1483
96 1 0
96 2 596
96 3 0
96 4 480
96 5 171
96 6 0
96 7 364
97 1 0
97 2 399
97 3 0
97 4 290
97 5 107
97 6 0
97 7 185
98 1 0
98 2 558
98 3 0
98 4 397
98 5 101
98 6 0
98 7 293
99 1 0
99 2 1078
99 3 0
99 4 626
99 5 221
99 6 0
99 7 585
100 1 0
100 2 784
100 3 0
100 4 634
100 5 232
100 6 0
100 7 467
101 1 0
101 2 218
101 3 0
101 4 207
101 5 59
101 6 0
101 7 120
102 1 0
102 2 122
102 3 0
102 4 92
102 5 27
102 6 0
102 7 72
103 1 0
103 2 99
103 3 0
103 4 88
103 5 26
103 6 0
103 7 57
104 1 0
104 2 100
104 3 0
104 4 81
104 5 25
104 6 0
104 7 60
105 1 0
105 2 1290
105 3 0
105 4 1124
105 5 387
105 6 0
105 7 781
106 1 0
106 2 84
106 3 0
106 4 71
106 5 25
106 6 0
106 7 48
107 1 0
107 2 173
107 3 0
107 4 109
107 5 42
107 6 0
107 7 82
108 1 0
108 2 88
108 3 0
108 4 55
108 5 22
108 6 0
108 7 39
109 1 0
109 2 56
109 3 0
109 4 53
109 5 17
109 6 0
109 7 39
110 1 0
110 2 107
110 3 0
110 4 69
110 5 22
110 6 0
110 7 57
111 1 0
111 2 58
111 3 0
111 4 40
111 5 13
111 6 0
111 7 28

# Precedence Relations
1 2
2 3
3 4
4 5
4 6
4 7
4 8
4 9
4 10
5 39
6 39
7 83
8 71
9 32
10 11
10 12
11 13
11 14
11 15
11 16
11 17
11 18
11 19
11 20
11 21
12 13
12 14
12 15
12 16
12 17
12 18
12 19
12 20
12 21
13 71
14 22
14 23
14 24
14 25
15 26
16 27
17 28
18 29
19 30
20 91
21 111
22 31
22 83
23 32
23 33
24 69
24 70
25 34
26 82
27 35
28 36
29 37
30 38
31 39
32 41
33 111
34 42
35 43
36 44
36 91
37 45
37 91
38 46
38 91
39 40
40 111
41 69
41 70
42 47
43 48
43 49
44 50
45 51
46 52
47 54
47 55
47 56
47 57
47 58
47 59
47 60
48 53
49 91
50 111
51 111
52 111
53 111
54 69
54 70
55 61
55 62
55 63
56 63
56 64
57 65
57 91
58 66
58 91
59 67
59 91
60 68
60 91
61 69
61 70
62 71
63 111
64 72
65 111
66 111
67 111
68 111
69 77
69 78
70 73
71 91
72 74
73 75
74 76
75 77
75 78
75 79
76 80
76 81
76 82
77 83
78 84
79 85
80 86
80 91
81 87
81 91
82 111
83 91
84 88
84 89
84 91
85 111
86 111
87 90
88 105
89 105
90 111
91 92
91 93
91 94
92 95
93 95
94 95
95 96
95 97
95 98
95 99
95 100
95 104
96 101
97 102
98 103
99 111
100 111
101 105
102 106
102 107
103 107
103 108
104 111
105 111
106 109
107 111
108 110
109 111
110 111

# Parameters
R_e = 0.0500
T = 5838.0
C_s = 4.0
C_w = 36.0
C_c = 5.0
