# Tasks
1 2 3 4 5 6 7 8 9 10 11 12 13 14 15 16 17 18 19 20

# Workstations
1 2 3 4 5 6 7 8 9 10 11 12 13 14 15 16 17 18 19 20

# Modes
1 2 3 4 5 6 7

# Processing Times
1 1 570
1 2 867
1 3 576
1 4 876
1 5 249
1 6 764
1 7 1162
2 1 504
2 2 656
2 3 518
2 4 674
2 5 197
2 6 635
2 7 826
3 1 232
3 2 355
3 3 231
3 4 353
3 5 83
3 6 317
3 7 485
4 1 336
4 2 470
4 3 333
4 4 465
4 5 145
4 6 472
4 7 660
5 1 724
5 2 1058
5 3 722
5 4 1055
5 5 252
5 6 1039
5 7 1518
6 1 463
6 2 579
6 3 444
6 4 555
6 5 145
6 6 616
6 7 770
7 1 537
7 2 664
7 3 528
7 4 653
7 5 173
7 6 740
7 7 915
8 1 553
8 2 737
8 3 555
8 4 739
8 5 239
8 6 776
8 7 1033
9 1 669
9 2 1044
9 3 646
9 4 1008
9 5 289
9 6 940
9 7 1466
10 1 350
10 2 466
10 3 352
10 4 468
10 5 132
10 6 488
10 7 650
11 1 463
11 2 674
11 3 469
11 4 683
11 5 189
11 6 623
11 7 907
12 1 365
12 2 527
12 3 379
12 4 546
12 5 122
12 6 513
12 7 741
13 1 422
13 2 624
13 3 432
13 4 638
13 5 143
13 6 544
13 7 804
14 1 544
14 2 861
14 3 545
14 4 863
14 5 222
14 6 759
14 7 1202
15 1 483
15 2 726
15 3 504
15 4 757
15 5 150
15 6 678
15 7 1018
16 1 380
16 2 575
16 3 381
16 4 576
16 5 130
16 6 510
16 7 772
17 1 535
17 2 840
17 3 540
17 4 848
17 5 201
17 6 749
17 7 1175
18 1 628
18 2 859
18 3 641
18 4 876
18 5 253
18 6 844
18 7 1154
19 1 437
19 2 664
19 3 432
19 4 656
19 5 146
19 6 588
19 7 894
20 1 283
20 2 402
20 3 280
20 4 397
20 5 105
20 6 396
20 7 562

# Energy Consumption
1 1 0
1 2 198
1 3 0
1 4 175
1 5 36
1 6 0
1 7 163
2 1 0
2 2 147
2 3 0
2 4 137
2 5 29
2 6 0
2 7 107
3 1 0
3 2 103
3 3 0
3 4 66
3 5 14
3 6 0
3 7 59
4 1 0
4 2 111
4 3 0
4 4 99
4 5 21
4 6 0
4 7 91
5 1 0
5 2 286
5 3 0
5 4 199
5 5 39
5 6 0
5 7 208
6 1 0
6 2 159
6 3 0
6 4 117
6 5 22
6 6 0
6 7 103
7 1 0
7 2 180
7 3 0
7 4 142
7 5 27
7 6 0
7 7 122
8 1 0
8 2 202
8 3 0
8 4 160
8 5 37
8 6 0
8 7 129
9 1 0
9 2 255
9 3 0
9 4 188
9 5 41
9 6 0
9 7 187
10 1 0
10 2 117
10 3 0
10 4 91
10 5 20
10 6 0
10 7 92
11 1 0
11 2 193
11 3 0
11 4 125
11 5 27
11 6 0
11 7 126
12 1 0
12 2 133
12 3 0
12 4 114
12 5 18
12 6 0
12 7 90
13 1 0
13 2 157
13 3 0
13 4 133
13 5 23
13 6 0
13 7 110
14 1 0
14 2 205
14 3 0
14 4 164
14 5 34
14 6 0
14 7 179
15 1 0
15 2 197
15 3 0
15 4 147
15 5 22
15 6 0
15 7 147
16 1 0
16 2 130
16 3 0
16 4 111
16 5 21
16 6 0
16 7 94
17 1 0
17 2 248
17 3 0
17 4 161
17 5 29
17 6 0
17 7 171
18 1 0
18 2 206
18 3 0
18 4 192
18 5 40
18 6 0
18 7 145
19 1 0
19 2 188
19 3 0
19 4 128
19 5 22
19 6 0
19 7 128
20 1 0
20 2 120
20 3 0
20 4 82
20 5 17
20 6 0
20 7 69

# Precedence Relations
1 10
2 10
3 10
4 6
4 8
4 12
5 7
5 9
5 10
5 11
6 10
7 18
8 11
9 12
9 17
9 18
10 13
10 14
10 15
10 16
11 17
11 18
13 20
14 17
15 17
16 18
17 19
17 20
18 19

# Parameters
R_e = 0.0500
T = 1000.0
C_s = 4.0
C_w = 36.0
C_c = 5.0
