# Tasks
1 2 3 4 5 6 7 8 9 10 11 12 13 14 15 16 17 18 19 20 21 22 23 24 25 26 27 28 29 30 31 32

# Workstations
1 2 3 4 5 6 7 8 9 10 11 12 13 14 15 16 17 18 19 20 21 22 23 24 25 26 27 28 29 30 31 32

# Modes
1 2 3 4 5 6 7

# Processing Times
1 1 458
1 2 927
1 3 498
1 4 1008
1 5 167
1 6 571
1 7 1156
2 1 276
2 2 578
2 3 294
2 4 615
2 5 86
2 6 309
2 7 648
3 1 520
3 2 973
3 3 563
3 4 1053
3 5 215
3 6 646
3 7 1208
4 1 1400
4 2 3121
4 3 1479
4 4 3296
4 5 540
4 6 1590
4 7 3543
5 1 352
5 2 744
5 3 377
5 4 797
5 5 126
5 6 411
5 7 868
6 1 196
6 2 480
6 3 216
6 4 528
6 5 83
6 6 237
6 7 580
7 1 214
7 2 533
7 3 236
7 4 586
7 5 76
7 6 257
7 7 640
8 1 456
8 2 1056
8 3 497
8 4 1151
8 5 156
8 6 510
8 7 1180
9 1 646
9 2 1570
9 3 696
9 4 1690
9 5 227
9 6 728
9 7 1768
10 1 512
10 2 1183
10 3 556
10 4 1285
10 5 175
10 6 592
10 7 1367
11 1 408
11 2 760
11 3 444
11 4 827
11 5 178
11 6 469
11 7 873
12 1 262
12 2 601
12 3 287
12 4 657
12 5 89
12 6 326
12 7 748
13 1 544
13 2 1049
13 3 592
13 4 1141
13 5 237
13 6 611
13 7 1177
14 1 202
14 2 396
14 3 220
14 4 431
14 5 77
14 6 252
14 7 495
15 1 458
15 2 1004
15 3 502
15 4 1099
15 5 163
15 6 534
15 7 1170
16 1 694
16 2 1412
16 3 740
16 4 1504
16 5 253
16 6 867
16 7 1764
17 1 616
17 2 1212
17 3 672
17 4 1323
17 5 245
17 6 710
17 7 1396
18 1 678
18 2 1498
18 3 738
18 4 1630
18 5 204
18 6 789
18 7 1742
19 1 328
19 2 746
19 3 360
19 4 817
19 5 128
19 6 389
19 7 884
20 1 324
20 2 686
20 3 351
20 4 742
20 5 136
20 6 374
20 7 792
21 1 100
21 2 189
21 3 110
21 4 208
21 5 41
21 6 117
21 7 221
22 1 352
22 2 848
22 3 382
22 4 920
22 5 134
22 6 425
22 7 1024
23 1 544
23 2 1327
23 3 594
23 4 1447
23 5 201
23 6 614
23 7 1497
24 1 500
24 2 1136
24 3 529
24 4 1200
24 5 218
24 6 621
24 7 1410
25 1 382
25 2 901
25 3 408
25 4 962
25 5 163
25 6 432
25 7 1019
26 1 858
26 2 1583
26 3 931
26 4 1717
26 5 307
26 6 996
26 7 1837
27 1 388
27 2 798
27 3 427
27 4 877
27 5 128
27 6 456
27 7 936
28 1 352
28 2 869
28 3 374
28 4 923
28 5 130
28 6 399
28 7 986
29 1 428
29 2 916
29 3 457
29 4 977
29 5 142
29 6 525
29 7 1123
30 1 238
30 2 535
30 3 257
30 4 577
30 5 95
30 6 290
30 7 652
31 1 258
31 2 547
31 3 273
31 4 579
31 5 88
31 6 306
31 7 648
32 1 196
32 2 405
32 3 216
32 4 445
32 5 70
32 6 223
32 7 461

# Energy Consumption
1 1 0
1 2 230
1 3 0
1 4 221
1 5 25
1 6 0
1 7 168
2 1 0
2 2 145
2 3 0
2 4 133
2 5 14
2 6 0
2 7 90
3 1 0
3 2 220
3 3 0
3 4 203
3 5 33
3 6 0
3 7 148
4 1 0
4 2 884
4 3 0
4 4 712
4 5 82
4 6 0
4 7 459
5 1 0
5 2 191
5 3 0
5 4 168
5 5 20
5 6 0
5 7 116
6 1 0
6 2 110
6 3 0
6 4 99
6 5 13
6 6 0
6 7 81
7 1 0
7 2 155
7 3 0
7 4 118
7 5 11
7 6 0
7 7 90
8 1 0
8 2 276
8 3 0
8 4 226
8 5 23
8 6 0
8 7 167
9 1 0
9 2 429
9 3 0
9 4 363
9 5 32
9 6 0
9 7 263
10 1 0
10 2 305
10 3 0
10 4 262
10 5 26
10 6 0
10 7 180
11 1 0
11 2 174
11 3 0
11 4 150
11 5 27
11 6 0
11 7 131
12 1 0
12 2 144
12 3 0
12 4 124
12 5 15
12 6 0
12 7 103
13 1 0
13 2 271
13 3 0
13 4 229
13 5 34
13 6 0
13 7 153
14 1 0
14 2 118
14 3 0
14 4 86
14 5 12
14 6 0
14 7 72
15 1 0
15 2 294
15 3 0
15 4 230
15 5 26
15 6 0
15 7 145
16 1 0
16 2 341
16 3 0
16 4 319
16 5 37
16 6 0
16 7 219
17 1 0
17 2 336
17 3 0
17 4 265
17 5 36
17 6 0
17 7 194
18 1 0
18 2 368
18 3 0
18 4 318
18 5 32
18 6 0
18 7 248
19 1 0
19 2 190
19 3 0
19 4 167
19 5 20
19 6 0
19 7 122
20 1 0
20 2 193
20 3 0
20 4 145
20 5 21
20 6 0
20 7 112
21 1 0
21 2 52
21 3 0
21 4 46
21 5 6
21 6 0
21 7 29
22 1 0
22 2 228
22 3 0
22 4 166
22 5 20
22 6 0
22 7 149
23 1 0
23 2 336
23 3 0
23 4 267
23 5 31
23 6 0
23 7 221
24 1 0
24 2 277
24 3 0
24 4 250
24 5 32
24 6 0
24 7 179
25 1 0
25 2 246
25 3 0
25 4 192
25 5 23
25 6 0
25 7 135
26 1 0
26 2 391
26 3 0
26 4 316
26 5 45
26 6 0
26 7 246
27 1 0
27 2 234
27 3 0
27 4 174
27 5 20
27 6 0
27 7 120
28 1 0
28 2 254
28 3 0
28 4 199
28 5 21
28 6 0
28 7 130
29 1 0
29 2 253
29 3 0
29 4 204
29 5 23
29 6 0
29 7 153
30 1 0
30 2 148
30 3 0
30 4 124
30 5 15
30 6 0
30 7 94
31 1 0
31 2 128
31 3 0
31 4 111
31 5 14
31 6 0
31 7 88
32 1 0
32 2 92
32 3 0
32 4 90
32 5 11
32 6 0
32 7 56

# Precedence Relations
1 5
2 6
3 9
4 15
5 6
6 7
6 8
6 9
7 21
8 21
9 10
9 11
10 16
11 12
12 13
13 14
13 15
14 16
14 17
15 17
16 18
17 19
18 21
19 20
20 21
21 22
21 23
21 24
22 25
23 32
24 32
25 26
26 27
27 28
28 29
29 30
30 31
31 32

# Parameters
R_e = 0.0500
T = 1894.0
C_s = 4.0
C_w = 36.0
C_c = 5.0
