# Tasks
1 2 3 4 5 6 7 8 9 10 11 12 13 14 15 16 17 18 19 20

# Workstations
1 2 3 4 5 6 7 8 9 10 11 12 13 14 15 16 17 18 19 20

# Modes
1 2 3 4 5 6 7

# Processing Times
1 1 570
1 2 558
1 3 622
1 4 608
1 5 490
1 6 812
1 7 795
2 1 504
2 2 471
2 3 549
2 4 513
2 5 425
2 6 697
2 7 652
3 1 232
3 2 240
3 3 250
3 4 258
3 5 215
3 6 316
3 7 327
4 1 336
4 2 329
4 3 367
4 4 359
4 5 279
4 6 444
4 7 435
5 1 724
5 2 778
5 3 763
5 4 820
5 5 647
5 6 957
5 7 1028
6 1 463
6 2 415
6 3 505
6 4 453
6 5 427
6 6 669
6 7 600
7 1 537
7 2 530
7 3 571
7 4 564
7 5 450
7 6 703
7 7 694
8 1 553
8 2 554
8 3 595
8 4 596
8 5 445
8 6 734
8 7 735
9 1 669
9 2 708
9 3 717
9 4 759
9 5 548
9 6 917
9 7 970
10 1 350
10 2 345
10 3 373
10 4 368
10 5 287
10 6 463
10 7 457
11 1 463
11 2 478
11 3 491
11 4 507
11 5 424
11 6 633
11 7 654
12 1 365
12 2 313
12 3 389
12 4 334
12 5 319
12 6 477
12 7 409
13 1 422
13 2 399
13 3 461
13 4 436
13 5 361
13 6 567
13 7 536
14 1 544
14 2 517
14 3 576
14 4 547
14 5 468
14 6 773
14 7 735
15 1 483
15 2 463
15 3 527
15 4 506
15 5 425
15 6 659
15 7 631
16 1 380
16 2 412
16 3 407
16 4 441
16 5 333
16 6 491
16 7 532
17 1 535
17 2 494
17 3 572
17 4 528
17 5 484
17 6 749
17 7 692
18 1 628
18 2 567
18 3 668
18 4 603
18 5 540
18 6 845
18 7 763
19 1 437
19 2 477
19 3 466
19 4 509
19 5 400
19 6 630
19 7 688
20 1 283
20 2 244
20 3 300
20 4 259
20 5 241
20 6 371
20 7 320

# Energy Consumption
1 1 0
1 2 124
1 3 0
1 4 132
1 5 79
1 6 0
1 7 114
2 1 0
2 2 127
2 3 0
2 4 112
2 5 66
2 6 0
2 7 92
3 1 0
3 2 54
3 3 0
3 4 51
3 5 32
3 6 0
3 7 41
4 1 0
4 2 98
4 3 0
4 4 69
4 5 41
4 6 0
4 7 56
5 1 0
5 2 196
5 3 0
5 4 167
5 5 103
5 6 0
5 7 138
6 1 0
6 2 101
6 3 0
6 4 85
6 5 68
6 6 0
6 7 83
7 1 0
7 2 153
7 3 0
7 4 113
7 5 70
7 6 0
7 7 104
8 1 0
8 2 143
8 3 0
8 4 123
8 5 70
8 6 0
8 7 94
9 1 0
9 2 192
9 3 0
9 4 163
9 5 86
9 6 0
9 7 119
10 1 0
10 2 85
10 3 0
10 4 81
10 5 44
10 6 0
10 7 59
11 1 0
11 2 122
11 3 0
11 4 94
11 5 60
11 6 0
11 7 91
12 1 0
12 2 71
12 3 0
12 4 74
12 5 49
12 6 0
12 7 53
13 1 0
13 2 107
13 3 0
13 4 82
13 5 56
13 6 0
13 7 75
14 1 0
14 2 140
14 3 0
14 4 106
14 5 75
14 6 0
14 7 97
15 1 0
15 2 128
15 3 0
15 4 109
15 5 65
15 6 0
15 7 82
16 1 0
16 2 117
16 3 0
16 4 84
16 5 53
16 6 0
16 7 76
17 1 0
17 2 121
17 3 0
17 4 109
17 5 76
17 6 0
17 7 103
18 1 0
18 2 152
18 3 0
18 4 121
18 5 83
18 6 0
18 7 94
19 1 0
19 2 108
19 3 0
19 4 100
19 5 59
19 6 0
19 7 84
20 1 0
20 2 61
20 3 0
20 4 55
20 5 35
20 6 0
20 7 44

# Precedence Relations
1 10
2 10
3 10
4 6
4 8
4 12
5 7
5 9
5 10
5 11
6 10
7 18
8 11
9 12
9 17
9 18
10 13
10 14
10 15
10 16
11 17
11 18
13 20
14 17
15 17
16 18
17 19
17 20
18 19

# Parameters
R_e = 0.0500
T = 1000.0
C_s = 4.0
C_w = 36.0
C_c = 5.0
