# Tasks
1 2 3 4 5 6 7 8 9 10 11 12 13 14 15 16 17 18 19 20

# Workstations
1 2 3 4 5 6 7 8 9 10 11 12 13 14 15 16 17 18 19 20

# Modes
1 2 3 4 5 6 7

# Processing Times
1 1 730
1 2 1531
1 3 726
1 4 1522
1 5 652
1 6 798
1 7 1673
2 1 589
2 2 1235
2 3 586
2 4 1228
2 5 526
2 6 644
2 7 1350
3 1 474
3 2 994
3 3 471
3 4 988
3 5 424
3 6 518
3 7 1087
4 1 390
4 2 818
4 3 388
4 4 813
4 5 349
4 6 427
4 7 894
5 1 462
5 2 969
5 3 460
5 4 963
5 5 413
5 6 505
5 7 1059
6 1 496
6 2 1040
6 3 493
6 4 1034
6 5 443
6 6 542
6 7 1137
7 1 480
7 2 1007
7 3 477
7 4 1001
7 5 429
7 6 525
7 7 1101
8 1 425
8 2 891
8 3 423
8 4 886
8 5 380
8 6 465
8 7 974
9 1 545
9 2 1143
9 3 542
9 4 1136
9 5 487
9 6 596
9 7 1249
10 1 562
10 2 1179
10 3 559
10 4 1172
10 5 502
10 6 615
10 7 1289
11 1 438
11 2 919
11 3 436
11 4 914
11 5 391
11 6 479
11 7 1005
12 1 702
12 2 1472
12 3 698
12 4 1463
12 5 627
12 6 768
12 7 1609
13 1 439
13 2 921
13 3 437
13 4 916
13 5 392
13 6 480
13 7 1007
14 1 285
14 2 598
14 3 284
14 4 595
14 5 255
14 6 312
14 7 654
15 1 511
15 2 1072
15 3 508
15 4 1066
15 5 457
15 6 559
15 7 1172
16 1 483
16 2 1013
16 3 480
16 4 1007
16 5 432
16 6 528
16 7 1107
17 1 468
17 2 981
17 3 466
17 4 975
17 5 418
17 6 512
17 7 1072
18 1 654
18 2 1371
18 3 650
18 4 1363
18 5 584
18 6 715
18 7 1498
19 1 534
19 2 1120
19 3 531
19 4 1113
19 5 477
19 6 584
19 7 1224
20 1 552
20 2 1158
20 3 549
20 4 1151
20 5 493
20 6 604
20 7 1266

# Energy Consumption
1 1 0
1 2 389
1 3 0
1 4 312
1 5 97
1 6 0
1 7 248
2 1 0
2 2 311
2 3 0
2 4 264
2 5 84
2 6 0
2 7 191
3 1 0
3 2 256
3 3 0
3 4 206
3 5 67
3 6 0
3 7 137
4 1 0
4 2 220
4 3 0
4 4 164
4 5 54
4 6 0
4 7 111
5 1 0
5 2 235
5 3 0
5 4 174
5 5 66
5 6 0
5 7 129
6 1 0
6 2 281
6 3 0
6 4 195
6 5 66
6 6 0
6 7 147
7 1 0
7 2 250
7 3 0
7 4 184
7 5 66
7 6 0
7 7 165
8 1 0
8 2 261
8 3 0
8 4 184
8 5 58
8 6 0
8 7 139
9 1 0
9 2 326
9 3 0
9 4 213
9 5 70
9 6 0
9 7 167
10 1 0
10 2 340
10 3 0
10 4 250
10 5 78
10 6 0
10 7 183
11 1 0
11 2 203
11 3 0
11 4 192
11 5 63
11 6 0
11 7 122
12 1 0
12 2 344
12 3 0
12 4 322
12 5 100
12 6 0
12 7 221
13 1 0
13 2 264
13 3 0
13 4 169
13 5 61
13 6 0
13 7 149
14 1 0
14 2 154
14 3 0
14 4 110
14 5 40
14 6 0
14 7 80
15 1 0
15 2 277
15 3 0
15 4 208
15 5 71
15 6 0
15 7 149
16 1 0
16 2 259
16 3 0
16 4 196
16 5 63
16 6 0
16 7 141
17 1 0
17 2 259
17 3 0
17 4 186
17 5 67
17 6 0
17 7 129
18 1 0
18 2 399
18 3 0
18 4 275
18 5 88
18 6 0
18 7 213
19 1 0
19 2 327
19 3 0
19 4 202
19 5 71
19 6 0
19 7 184
20 1 0
20 2 277
20 3 0
20 4 230
20 5 70
20 6 0
20 7 189

# Precedence Relations
1 13
2 3
2 4
2 5
2 6
3 13
4 13
5 7
5 8
6 9
6 14
7 13
8 9
8 10
8 11
8 12
9 13
10 20
11 13
11 14
11 15
12 13
13 16
13 17
13 18
13 19
14 20

# Parameters
R_e = 0.0500
T = 1756.65
C_s = 4.0
C_w = 36.0
C_c = 5.0
