# Tasks
1 2 3 4 5 6 7 8 9 10 11 12 13 14 15 16 17 18 19 20 21 22 23 24 25 26 27 28 29 30 31 32 33 34 35 36 37 38 39 40 41 42 43 44 45 46 47 48 49 50 51 52 53 54 55 56 57 58 59 60 61 62 63 64 65 66 67 68 69 70 71 72 73 74 75

# Workstations
1 2 3 4 5 6 7 8 9 10 11 12 13 14 15 16 17 18 19 20 21 22 23 24 25 26 27 28 29 30 31 32 33 34 35 36 37 38 39 40 41 42 43 44 45 46 47 48 49 50 51 52 53 54 55 56 57 58 59 60 61 62 63 64 65 66 67 68 69 70 71 72 73 74 75

# Modes
1 2 3 4 5 6 7

# Processing Times
1 1 23
1 2 30
1 3 21
1 4 28
1 5 22
1 6 28
1 7 36
2 1 24
2 2 31
2 3 22
2 4 29
2 5 23
2 6 29
2 7 37
3 1 25
3 2 32
3 3 23
3 4 30
3 5 24
3 6 30
3 7 39
4 1 26
4 2 33
4 3 24
4 4 30
4 5 25
4 6 31
4 7 40
5 1 23
5 2 30
5 3 21
5 4 28
5 5 22
5 6 28
5 7 36
6 1 22
6 2 28
6 3 20
6 4 26
6 5 21
6 6 27
6 7 34
7 1 6
7 2 8
7 3 6
7 4 8
7 5 6
7 6 8
7 7 10
8 1 22
8 2 28
8 3 20
8 4 26
8 5 21
8 6 27
8 7 34
9 1 23
9 2 30
9 3 21
9 4 28
9 5 22
9 6 28
9 7 36
10 1 21
10 2 27
10 3 20
10 4 25
10 5 20
10 6 25
10 7 33
11 1 22
11 2 28
11 3 20
11 4 26
11 5 21
11 6 27
11 7 34
12 1 15
12 2 20
12 3 14
12 4 19
12 5 14
12 6 18
12 7 24
13 1 5
13 2 7
13 3 5
13 4 7
13 5 5
13 6 6
13 7 9
14 1 23
14 2 30
14 3 21
14 4 28
14 5 22
14 6 28
14 7 36
15 1 4
15 2 6
15 3 4
15 4 6
15 5 4
15 6 5
15 7 8
16 1 26
16 2 33
16 3 24
16 4 30
16 5 25
16 6 31
16 7 40
17 1 21
17 2 27
17 3 20
17 4 25
17 5 20
17 6 25
17 7 33
18 1 5
18 2 7
18 3 5
18 4 7
18 5 5
18 6 6
18 7 9
19 1 24
19 2 31
19 3 22
19 4 29
19 5 23
19 6 29
19 7 37
20 1 25
20 2 32
20 3 23
20 4 30
20 5 24
20 6 30
20 7 39
21 1 26
21 2 33
21 3 24
21 4 30
21 5 25
21 6 31
21 7 40
22 1 26
22 2 33
22 3 24
22 4 30
22 5 25
22 6 31
22 7 40
23 1 24
23 2 31
23 3 22
23 4 29
23 5 23
23 6 29
23 7 37
24 1 27
24 2 35
24 3 25
24 4 32
24 5 26
24 6 33
24 7 42
25 1 20
25 2 26
25 3 19
25 4 24
25 5 19
25 6 24
25 7 31
26 1 23
26 2 30
26 3 21
26 4 28
26 5 22
26 6 28
26 7 36
27 1 25
27 2 32
27 3 23
27 4 30
27 5 24
27 6 30
27 7 39
28 1 13
28 2 17
28 3 12
28 4 16
28 5 13
28 6 16
28 7 21
29 1 3
29 2 4
29 3 3
29 4 4
29 5 3
29 6 4
29 7 5
30 1 11
30 2 14
30 3 10
30 4 13
30 5 11
30 6 14
30 7 17
31 1 21
31 2 27
31 3 20
31 4 25
31 5 20
31 6 25
31 7 33
32 1 22
32 2 28
32 3 20
32 4 26
32 5 21
32 6 27
32 7 34
33 1 21
33 2 27
33 3 20
33 4 25
33 5 20
33 6 25
33 7 33
34 1 22
34 2 28
34 3 20
34 4 26
34 5 21
34 6 27
34 7 34
35 1 25
35 2 32
35 3 23
35 4 30
35 5 24
35 6 30
35 7 39
36 1 8
36 2 11
36 3 8
36 4 10
36 5 8
36 6 10
36 7 14
37 1 22
37 2 28
37 3 20
37 4 26
37 5 21
37 6 27
37 7 34
38 1 24
38 2 31
38 3 22
38 4 29
38 5 23
38 6 29
38 7 37
39 1 22
39 2 28
39 3 20
39 4 26
39 5 21
39 6 27
39 7 34
40 1 21
40 2 27
40 3 20
40 4 25
40 5 20
40 6 25
40 7 33
41 1 6
41 2 8
41 3 6
41 4 8
41 5 6
41 6 8
41 7 10
42 1 26
42 2 33
42 3 24
42 4 30
42 5 25
42 6 31
42 7 40
43 1 22
43 2 28
43 3 20
43 4 26
43 5 21
43 6 27
43 7 34
44 1 6
44 2 8
44 3 6
44 4 8
44 5 6
44 6 8
44 7 10
45 1 21
45 2 27
45 3 20
45 4 25
45 5 20
45 6 25
45 7 33
46 1 25
46 2 32
46 3 23
46 4 30
46 5 24
46 6 30
46 7 39
47 1 11
47 2 14
47 3 10
47 4 13
47 5 11
47 6 14
47 7 17
48 1 22
48 2 28
48 3 20
48 4 26
48 5 21
48 6 27
48 7 34
49 1 21
49 2 27
49 3 20
49 4 25
49 5 20
49 6 25
49 7 33
50 1 25
50 2 32
50 3 23
50 4 30
50 5 24
50 6 30
50 7 39
51 1 22
51 2 28
51 3 20
51 4 26
51 5 21
51 6 27
51 7 34
52 1 22
52 2 28
52 3 20
52 4 26
52 5 21
52 6 27
52 7 34
53 1 23
53 2 30
53 3 21
53 4 28
53 5 22
53 6 28
53 7 36
54 1 22
54 2 28
54 3 20
54 4 26
54 5 21
54 6 27
54 7 34
55 1 22
55 2 28
55 3 20
55 4 26
55 5 21
55 6 27
55 7 34
56 1 25
56 2 32
56 3 23
56 4 30
56 5 24
56 6 30
56 7 39
57 1 23
57 2 30
57 3 21
57 4 28
57 5 22
57 6 28
57 7 36
58 1 21
58 2 27
58 3 20
58 4 25
58 5 20
58 6 25
58 7 33
59 1 22
59 2 28
59 3 20
59 4 26
59 5 21
59 6 27
59 7 34
60 1 22
60 2 28
60 3 20
60 4 26
60 5 21
60 6 27
60 7 34
61 1 22
61 2 28
61 3 20
61 4 26
61 5 21
61 6 27
61 7 34
62 1 22
62 2 28
62 3 20
62 4 26
62 5 21
62 6 27
62 7 34
63 1 21
63 2 27
63 3 20
63 4 25
63 5 20
63 6 25
63 7 33
64 1 27
64 2 35
64 3 25
64 4 32
64 5 26
64 6 33
64 7 42
65 1 23
65 2 30
65 3 21
65 4 28
65 5 22
65 6 28
65 7 36
66 1 2
66 2 3
66 3 2
66 4 3
66 5 2
66 6 3
66 7 4
67 1 26
67 2 33
67 3 24
67 4 30
67 5 25
67 6 31
67 7 40
68 1 25
68 2 32
68 3 23
68 4 30
68 5 24
68 6 30
68 7 39
69 1 24
69 2 31
69 3 22
69 4 29
69 5 23
69 6 29
69 7 37
70 1 22
70 2 28
70 3 20
70 4 26
70 5 21
70 6 27
70 7 34
71 1 24
71 2 31
71 3 22
71 4 29
71 5 23
71 6 29
71 7 37
72 1 4
72 2 6
72 3 4
72 4 6
72 5 4
72 6 5
72 7 8
73 1 22
73 2 28
73 3 20
73 4 26
73 5 21
73 6 27
73 7 34
74 1 10
74 2 13
74 3 10
74 4 12
74 5 10
74 6 12
74 7 16
75 1 25
75 2 32
75 3 23
75 4 30
75 5 24
75 6 30
75 7 39

# Energy Consumption
1 1 0
1 2 8
1 3 0
1 4 7
1 5 4
1 6 0
1 7 5
2 1 0
2 2 8
2 3 0
2 4 6
2 5 4
2 6 0
2 7 6
3 1 0
3 2 10
3 3 0
3 4 6
3 5 4
3 6 0
3 7 6
4 1 0
4 2 10
4 3 0
4 4 7
4 5 4
4 6 0
4 7 6
5 1 0
5 2 8
5 3 0
5 4 6
5 5 4
5 6 0
5 7 6
6 1 0
6 2 7
6 3 0
6 4 6
6 5 4
6 6 0
6 7 5
7 1 0
7 2 3
7 3 0
7 4 2
7 5 1
7 6 0
7 7 2
8 1 0
8 2 7
8 3 0
8 4 6
8 5 4
8 6 0
8 7 6
9 1 0
9 2 9
9 3 0
9 4 7
9 5 4
9 6 0
9 7 6
10 1 0
10 2 7
10 3 0
10 4 6
10 5 3
10 6 0
10 7 5
11 1 0
11 2 9
11 3 0
11 4 6
11 5 4
11 6 0
11 7 5
12 1 0
12 2 6
12 3 0
12 4 5
12 5 3
12 6 0
12 7 4
13 1 0
13 2 2
13 3 0
13 4 2
13 5 1
13 6 0
13 7 2
14 1 0
14 2 7
14 3 0
14 4 7
14 5 4
14 6 0
14 7 5
15 1 0
15 2 2
15 3 0
15 4 2
15 5 1
15 6 0
15 7 2
16 1 0
16 2 8
16 3 0
16 4 7
16 5 4
16 6 0
16 7 5
17 1 0
17 2 8
17 3 0
17 4 5
17 5 4
17 6 0
17 7 5
18 1 0
18 2 3
18 3 0
18 4 2
18 5 1
18 6 0
18 7 2
19 1 0
19 2 8
19 3 0
19 4 6
19 5 4
19 6 0
19 7 5
20 1 0
20 2 8
20 3 0
20 4 7
20 5 4
20 6 0
20 7 6
21 1 0
21 2 9
21 3 0
21 4 6
21 5 4
21 6 0
21 7 5
22 1 0
22 2 10
22 3 0
22 4 7
22 5 4
22 6 0
22 7 6
23 1 0
23 2 10
23 3 0
23 4 6
23 5 4
23 6 0
23 7 6
24 1 0
24 2 10
24 3 0
24 4 7
24 5 4
24 6 0
24 7 6
25 1 0
25 2 6
25 3 0
25 4 5
25 5 4
25 6 0
25 7 4
26 1 0
26 2 8
26 3 0
26 4 6
26 5 4
26 6 0
26 7 5
27 1 0
27 2 10
27 3 0
27 4 7
27 5 4
27 6 0
27 7 6
28 1 0
28 2 5
28 3 0
28 4 4
28 5 2
28 6 0
28 7 4
29 1 0
29 2 2
29 3 0
29 4 1
29 5 1
29 6 0
29 7 1
30 1 0
30 2 4
30 3 0
30 4 3
30 5 2
30 6 0
30 7 3
31 1 0
31 2 8
31 3 0
31 4 6
31 5 4
31 6 0
31 7 5
32 1 0
32 2 7
32 3 0
32 4 6
32 5 3
32 6 0
32 7 5
33 1 0
33 2 8
33 3 0
33 4 5
33 5 4
33 6 0
33 7 5
34 1 0
34 2 9
34 3 0
34 4 6
34 5 3
34 6 0
34 7 5
35 1 0
35 2 9
35 3 0
35 4 6
35 5 4
35 6 0
35 7 5
36 1 0
36 2 3
36 3 0
36 4 2
36 5 2
36 6 0
36 7 3
37 1 0
37 2 8
37 3 0
37 4 6
37 5 4
37 6 0
37 7 5
38 1 0
38 2 9
38 3 0
38 4 6
38 5 4
38 6 0
38 7 5
39 1 0
39 2 8
39 3 0
39 4 5
39 5 4
39 6 0
39 7 5
40 1 0
40 2 8
40 3 0
40 4 5
40 5 4
40 6 0
40 7 5
41 1 0
41 2 3
41 3 0
41 4 2
41 5 1
41 6 0
41 7 2
42 1 0
42 2 8
42 3 0
42 4 6
42 5 4
42 6 0
42 7 6
43 1 0
43 2 9
43 3 0
43 4 5
43 5 4
43 6 0
43 7 5
44 1 0
44 2 3
44 3 0
44 4 2
44 5 1
44 6 0
44 7 2
45 1 0
45 2 7
45 3 0
45 4 5
45 5 4
45 6 0
45 7 5
46 1 0
46 2 8
46 3 0
46 4 7
46 5 4
46 6 0
46 7 6
47 1 0
47 2 4
47 3 0
47 4 3
47 5 2
47 6 0
47 7 3
48 1 0
48 2 8
48 3 0
48 4 6
48 5 4
48 6 0
48 7 5
49 1 0
49 2 8
49 3 0
49 4 5
49 5 3
49 6 0
49 7 5
50 1 0
50 2 8
50 3 0
50 4 6
50 5 4
50 6 0
50 7 6
51 1 0
51 2 9
51 3 0
51 4 6
51 5 4
51 6 0
51 7 5
52 1 0
52 2 8
52 3 0
52 4 6
52 5 4
52 6 0
52 7 5
53 1 0
53 2 7
53 3 0
53 4 6
53 5 4
53 6 0
53 7 5
54 1 0
54 2 9
54 3 0
54 4 6
54 5 4
54 6 0
54 7 5
55 1 0
55 2 7
55 3 0
55 4 6
55 5 3
55 6 0
55 7 5
56 1 0
56 2 10
56 3 0
56 4 6
56 5 4
56 6 0
56 7 6
57 1 0
57 2 7
57 3 0
57 4 7
57 5 4
57 6 0
57 7 6
58 1 0
58 2 7
58 3 0
58 4 5
58 5 4
58 6 0
58 7 4
59 1 0
59 2 8
59 3 0
59 4 6
59 5 4
59 6 0
59 7 5
60 1 0
60 2 8
60 3 0
60 4 5
60 5 4
60 6 0
60 7 5
61 1 0
61 2 9
61 3 0
61 4 5
61 5 4
61 6 0
61 7 5
62 1 0
62 2 8
62 3 0
62 4 6
62 5 4
62 6 0
62 7 5
63 1 0
63 2 7
63 3 0
63 4 6
63 5 3
63 6 0
63 7 5
64 1 0
64 2 11
64 3 0
64 4 7
64 5 4
64 6 0
64 7 6
65 1 0
65 2 9
65 3 0
65 4 6
65 5 4
65 6 0
65 7 5
66 1 0
66 2 1
66 3 0
66 4 1
66 5 1
66 6 0
66 7 1
67 1 0
67 2 9
67 3 0
67 4 7
67 5 4
67 6 0
67 7 6
68 1 0
68 2 8
68 3 0
68 4 6
68 5 4
68 6 0
68 7 6
69 1 0
69 2 9
69 3 0
69 4 6
69 5 4
69 6 0
69 7 5
70 1 0
70 2 7
70 3 0
70 4 6
70 5 4
70 6 0
70 7 5
71 1 0
71 2 8
71 3 0
71 4 6
71 5 4
71 6 0
71 7 5
72 1 0
72 2 2
72 3 0
72 4 2
72 5 1
72 6 0
72 7 2
73 1 0
73 2 7
73 3 0
73 4 6
73 5 4
73 6 0
73 7 5
74 1 0
74 2 3
74 3 0
74 4 3
74 5 2
74 6 0
74 7 3
75 1 0
75 2 9
75 3 0
75 4 7
75 5 4
75 6 0
75 7 6

# Precedence Relations
1 2
1 3
1 4
1 5
1 6
1 7
2 15
3 13
3 24
4 8
4 14
4 16
5 12
5 15
6 9
6 10
6 11
6 13
9 20
9 24
10 18
12 19
13 22
15 17
15 20
15 23
16 21
16 26
17 30
18 26
18 30
20 27
21 33
24 25
25 28
25 30
25 33
25 34
26 31
26 32
26 41
27 29
27 35
27 36
31 37
31 39
32 44
32 45
33 41
35 38
35 42
36 40
36 43
39 51
40 46
42 47
43 48
43 50
46 51
46 48
47 49
47 50
47 52
47 53
49 59
49 61
49 62
50 54
50 55
50 60
50 62
52 56
52 57
53 58
55 63
58 65
59 64
59 66
62 67
66 68
68 69
68 70
68 71
68 72
68 73
68 74
68 75

# Parameters
R_e = 0.0500
T = 600.0
C_s = 4.0
C_w = 36.0
C_c = 5.0
