# Tasks
1 2 3 4 5 6 7 8 9 10 11 12 13 14 15 16 17 18 19 20

# Workstations
1 2 3 4 5 6 7 8 9 10 11 12 13 14 15 16 17 18 19 20

# Modes
1 2 3 4 5 6 7

# Processing Times
1 1 570
1 2 536
1 3 518
1 4 487
1 5 203
1 6 613
1 7 577
2 1 504
2 2 474
2 3 458
2 4 431
2 5 180
2 6 542
2 7 510
3 1 232
3 2 218
3 3 211
3 4 198
3 5 83
3 6 250
3 7 235
4 1 336
4 2 316
4 3 305
4 4 287
4 5 120
4 6 362
4 7 340
5 1 724
5 2 681
5 3 658
5 4 619
5 5 258
5 6 779
5 7 732
6 1 463
6 2 435
6 3 421
6 4 395
6 5 165
6 6 498
6 7 468
7 1 537
7 2 505
7 3 488
7 4 459
7 5 192
7 6 578
7 7 543
8 1 553
8 2 520
8 3 502
8 4 472
8 5 197
8 6 595
8 7 559
9 1 669
9 2 629
9 3 608
9 4 571
9 5 239
9 6 719
9 7 676
10 1 350
10 2 329
10 3 318
10 4 299
10 5 125
10 6 377
10 7 354
11 1 463
11 2 435
11 3 421
11 4 395
11 5 165
11 6 498
11 7 468
12 1 365
12 2 343
12 3 332
12 4 312
12 5 130
12 6 393
12 7 369
13 1 422
13 2 397
13 3 384
13 4 361
13 5 151
13 6 454
13 7 427
14 1 544
14 2 512
14 3 494
14 4 465
14 5 194
14 6 585
14 7 551
15 1 483
15 2 454
15 3 439
15 4 413
15 5 172
15 6 520
15 7 488
16 1 380
16 2 357
16 3 345
16 4 325
16 5 136
16 6 409
16 7 384
17 1 535
17 2 503
17 3 486
17 4 457
17 5 191
17 6 575
17 7 541
18 1 628
18 2 590
18 3 570
18 4 536
18 5 224
18 6 675
18 7 635
19 1 437
19 2 411
19 3 397
19 4 374
19 5 156
19 6 470
19 7 442
20 1 283
20 2 266
20 3 257
20 4 242
20 5 101
20 6 305
20 7 286

# Energy Consumption
1 1 0
1 2 134
1 3 0
1 4 95
1 5 31
1 6 0
1 7 83
2 1 0
2 2 112
2 3 0
2 4 88
2 5 28
2 6 0
2 7 71
3 1 0
3 2 53
3 3 0
3 4 36
3 5 13
3 6 0
3 7 35
4 1 0
4 2 93
4 3 0
4 4 53
4 5 18
4 6 0
4 7 50
5 1 0
5 2 204
5 3 0
5 4 126
5 5 38
5 6 0
5 7 102
6 1 0
6 2 126
6 3 0
6 4 74
6 5 24
6 6 0
6 7 64
7 1 0
7 2 116
7 3 0
7 4 98
7 5 29
7 6 0
7 7 79
8 1 0
8 2 153
8 3 0
8 4 98
8 5 29
8 6 0
8 7 76
9 1 0
9 2 155
9 3 0
9 4 119
9 5 37
9 6 0
9 7 99
10 1 0
10 2 83
10 3 0
10 4 64
10 5 19
10 6 0
10 7 48
11 1 0
11 2 104
11 3 0
11 4 84
11 5 26
11 6 0
11 7 67
12 1 0
12 2 85
12 3 0
12 4 66
12 5 21
12 6 0
12 7 54
13 1 0
13 2 97
13 3 0
13 4 71
13 5 25
13 6 0
13 7 56
14 1 0
14 2 124
14 3 0
14 4 87
14 5 30
14 6 0
14 7 67
15 1 0
15 2 135
15 3 0
15 4 91
15 5 28
15 6 0
15 7 62
16 1 0
16 2 81
16 3 0
16 4 62
16 5 20
16 6 0
16 7 51
17 1 0
17 2 141
17 3 0
17 4 95
17 5 27
17 6 0
17 7 81
18 1 0
18 2 134
18 3 0
18 4 113
18 5 33
18 6 0
18 7 87
19 1 0
19 2 91
19 3 0
19 4 81
19 5 25
19 6 0
19 7 64
20 1 0
20 2 70
20 3 0
20 4 47
20 5 15
20 6 0
20 7 42

# Precedence Relations
1 10
2 10
3 10
4 6
4 8
4 12
5 7
5 9
5 10
5 11
6 10
7 18
8 11
9 12
9 17
9 18
10 13
10 14
10 15
10 16
11 17
11 18
13 20
14 17
15 17
16 18
17 19
17 20
18 19

# Parameters
R_e = 0.0500
T = 1000.0
C_s = 4.0
C_w = 36.0
C_c = 5.0
