# Tasks
1 2 3 4 5 6 7 8 9 10 11 12 13 14 15 16 17 18 19 20 21 22 23 24 25 26 27 28 29 30 31 32 33 34 35 36 37 38 39 40 41 42 43 44 45

# Workstations
1 2 3 4 5 6 7 8 9 10 11 12 13 14 15 16 17 18 19 20 21 22 23 24 25 26 27 28 29 30 31 32 33 34 35 36 37 38 39 40 41 42 43 44 45

# Modes
1 2 3 4 5 6 7

# Processing Times
1 1 9
1 2 9
1 3 10
1 4 10
1 5 9
1 6 13
1 7 13
2 1 9
2 2 9
2 3 10
2 4 10
2 5 8
2 6 12
2 7 12
3 1 10
3 2 11
3 3 11
3 4 12
3 5 9
3 6 13
3 7 14
4 1 10
4 2 10
4 3 11
4 4 11
4 5 9
4 6 15
4 7 15
5 1 17
5 2 19
5 3 19
5 4 21
5 5 15
5 6 24
5 7 27
6 1 17
6 2 16
6 3 19
6 4 18
6 5 15
6 6 25
6 7 24
7 1 13
7 2 13
7 3 15
7 4 15
7 5 12
7 6 17
7 7 17
8 1 13
8 2 14
8 3 14
8 4 15
8 5 13
8 6 18
8 7 19
9 1 20
9 2 22
9 3 22
9 4 24
9 5 17
9 6 28
9 7 31
10 1 20
10 2 20
10 3 22
10 4 22
10 5 19
10 6 28
10 7 28
11 1 10
11 2 11
11 3 11
11 4 12
11 5 9
11 6 13
11 7 15
12 1 11
12 2 10
12 3 12
12 4 11
12 5 10
12 6 15
12 7 14
13 1 6
13 2 6
13 3 7
13 4 7
13 5 6
13 6 8
13 7 8
14 1 22
14 2 21
14 3 24
14 4 23
14 5 19
14 6 32
14 7 30
15 1 11
15 2 11
15 3 13
15 4 13
15 5 10
15 6 15
15 7 15
16 1 19
16 2 21
16 3 20
16 4 23
16 5 18
16 6 28
16 7 31
17 1 12
17 2 12
17 3 14
17 4 14
17 5 11
17 6 18
17 7 18
18 1 3
18 2 3
18 3 4
18 4 4
18 5 3
18 6 5
18 7 5
19 1 7
19 2 8
19 3 8
19 4 9
19 5 6
19 6 10
19 7 12
20 1 4
20 2 4
20 3 5
20 4 5
20 5 4
20 6 6
20 7 6
21 1 55
21 2 53
21 3 60
21 4 58
21 5 53
21 6 70
21 7 68
22 1 14
22 2 13
22 3 16
22 4 15
22 5 12
22 6 18
22 7 17
23 1 27
23 2 29
23 3 29
23 4 31
23 5 24
23 6 39
23 7 42
24 1 29
24 2 27
24 3 32
24 4 29
24 5 26
24 6 40
24 7 38
25 1 26
25 2 27
25 3 28
25 4 29
25 5 23
25 6 35
25 7 36
26 1 6
26 2 7
26 3 7
26 4 8
26 5 6
26 6 9
26 7 10
27 1 5
27 2 5
27 3 6
27 4 6
27 5 5
27 6 8
27 7 8
28 1 24
28 2 21
28 3 26
28 4 23
28 5 21
28 6 33
28 7 29
29 1 4
29 2 4
29 3 5
29 4 5
29 5 4
29 6 6
29 7 6
30 1 5
30 2 5
30 3 6
30 4 6
30 5 5
30 6 7
30 7 7
31 1 7
31 2 8
31 3 8
31 4 9
31 5 6
31 6 10
31 7 11
32 1 4
32 2 4
32 3 5
32 4 5
32 5 4
32 6 6
32 7 6
33 1 15
33 2 15
33 3 16
33 4 16
33 5 14
33 6 22
33 7 22
34 1 3
34 2 3
34 3 4
34 4 4
34 5 3
34 6 5
34 7 5
35 1 7
35 2 7
35 3 8
35 4 8
35 5 6
35 6 10
35 7 10
36 1 9
36 2 9
36 3 10
36 4 10
36 5 9
36 6 13
36 7 13
37 1 4
37 2 5
37 3 5
37 4 6
37 5 4
37 6 6
37 7 7
38 1 7
38 2 7
38 3 8
38 4 8
38 5 6
38 6 10
38 7 10
39 1 5
39 2 6
39 3 6
39 4 7
39 5 5
39 6 7
39 7 9
40 1 4
40 2 4
40 3 5
40 4 5
40 5 4
40 6 6
40 7 6
41 1 21
41 2 23
41 3 23
41 4 25
41 5 20
41 6 28
41 7 30
42 1 12
42 2 13
42 3 14
42 4 15
42 5 11
42 6 16
42 7 17
43 1 6
43 2 6
43 3 7
43 4 7
43 5 6
43 6 9
43 7 9
44 1 5
44 2 6
44 3 6
44 4 7
44 5 5
44 6 8
44 7 9
45 1 5
45 2 5
45 3 6
45 4 6
45 5 5
45 6 7
45 7 7

# Energy Consumption
1 1 0
1 2 2
1 3 0
1 4 3
1 5 2
1 6 0
1 7 2
2 1 0
2 2 3
2 3 0
2 4 3
2 5 2
2 6 0
2 7 2
3 1 0
3 2 3
3 3 0
3 4 3
3 5 2
3 6 0
3 7 2
4 1 0
4 2 3
4 3 0
4 4 3
4 5 2
4 6 0
4 7 2
5 1 0
5 2 5
5 3 0
5 4 5
5 5 3
5 6 0
5 7 4
6 1 0
6 2 4
6 3 0
6 4 4
6 5 3
6 6 0
6 7 4
7 1 0
7 2 4
7 3 0
7 4 3
7 5 2
7 6 0
7 7 3
8 1 0
8 2 4
8 3 0
8 4 4
8 5 3
8 6 0
8 7 3
9 1 0
9 2 6
9 3 0
9 4 6
9 5 3
9 6 0
9 7 4
10 1 0
10 2 5
10 3 0
10 4 5
10 5 3
10 6 0
10 7 4
11 1 0
11 2 3
11 3 0
11 4 3
11 5 2
11 6 0
11 7 3
12 1 0
12 2 3
12 3 0
12 4 3
12 5 2
12 6 0
12 7 2
13 1 0
13 2 2
13 3 0
13 4 2
13 5 1
13 6 0
13 7 2
14 1 0
14 2 6
14 3 0
14 4 5
14 5 4
14 6 0
14 7 4
15 1 0
15 2 4
15 3 0
15 4 3
15 5 2
15 6 0
15 7 2
16 1 0
16 2 6
16 3 0
16 4 5
16 5 3
16 6 0
16 7 5
17 1 0
17 2 3
17 3 0
17 4 3
17 5 2
17 6 0
17 7 3
18 1 0
18 2 1
18 3 0
18 4 1
18 5 1
18 6 0
18 7 1
19 1 0
19 2 2
19 3 0
19 4 2
19 5 1
19 6 0
19 7 2
20 1 0
20 2 1
20 3 0
20 4 2
20 5 1
20 6 0
20 7 1
21 1 0
21 2 15
21 3 0
21 4 12
21 5 9
21 6 0
21 7 10
22 1 0
22 2 4
22 3 0
22 4 4
22 5 2
22 6 0
22 7 3
23 1 0
23 2 8
23 3 0
23 4 7
23 5 4
23 6 0
23 7 6
24 1 0
24 2 7
24 3 0
24 4 6
24 5 5
24 6 0
24 7 6
25 1 0
25 2 8
25 3 0
25 4 7
25 5 4
25 6 0
25 7 5
26 1 0
26 2 2
26 3 0
26 4 2
26 5 1
26 6 0
26 7 2
27 1 0
27 2 2
27 3 0
27 4 2
27 5 1
27 6 0
27 7 2
28 1 0
28 2 6
28 3 0
28 4 5
28 5 4
28 6 0
28 7 4
29 1 0
29 2 1
29 3 0
29 4 1
29 5 1
29 6 0
29 7 1
30 1 0
30 2 2
30 3 0
30 4 2
30 5 1
30 6 0
30 7 1
31 1 0
31 2 3
31 3 0
31 4 2
31 5 1
31 6 0
31 7 2
32 1 0
32 2 2
32 3 0
32 4 1
32 5 1
32 6 0
32 7 1
33 1 0
33 2 5
33 3 0
33 4 4
33 5 3
33 6 0
33 7 4
34 1 0
34 2 1
34 3 0
34 4 1
34 5 1
34 6 0
34 7 1
35 1 0
35 2 2
35 3 0
35 4 2
35 5 1
35 6 0
35 7 2
36 1 0
36 2 3
36 3 0
36 4 3
36 5 2
36 6 0
36 7 2
37 1 0
37 2 2
37 3 0
37 4 2
37 5 1
37 6 0
37 7 1
38 1 0
38 2 2
38 3 0
38 4 2
38 5 1
38 6 0
38 7 2
39 1 0
39 2 2
39 3 0
39 4 2
39 5 1
39 6 0
39 7 2
40 1 0
40 2 2
40 3 0
40 4 1
40 5 1
40 6 0
40 7 1
41 1 0
41 2 6
41 3 0
41 4 5
41 5 3
41 6 0
41 7 4
42 1 0
42 2 3
42 3 0
42 4 3
42 5 2
42 6 0
42 7 3
43 1 0
43 2 2
43 3 0
43 4 2
43 5 1
43 6 0
43 7 2
44 1 0
44 2 2
44 3 0
44 4 2
44 5 1
44 6 0
44 7 2
45 1 0
45 2 2
45 3 0
45 4 2
45 5 1
45 6 0
45 7 2

# Precedence Relations
1 3
1 7
2 4
2 8
3 5
4 6
5 9
6 10
7 9
7 14
8 10
8 14
9 41
10 41
11 13
12 13
12 37
13 14
13 15
14 17
14 25
14 29
14 30
14 31
14 32
15 16
15 18
15 23
15 24
16 19
17 26
17 27
18 19
19 20
19 33
20 21
21 22
22 28
23 33
24 33
25 26
26 38
27 28
27 33
28 38
29 41
30 41
31 41
32 41
33 34
33 35
33 36
34 38
35 40
36 38
37 43
38 40
39 41
40 41
41 42
42 44
42 45

# Parameters
R_e = 0.0500
T = 600.0
C_s = 4.0
C_w = 36.0
C_c = 5.0
