# Tasks
1 2 3 4 5 6 7 8 9 10 11

# Workstations
1 2 3 4 5 6 7 8 9 10 11

# Modes
1 2 3 4 5 6 7

# Processing Times
1 1 4
1 2 10
1 3 5
1 4 11
1 5 3
1 6 5
1 7 11
2 1 38
2 2 95
2 3 39
2 4 98
2 5 22
2 6 40
2 7 100
3 1 45
3 2 112
3 3 47
3 4 115
3 5 26
3 6 48
3 7 118
4 1 12
4 2 30
4 3 13
4 4 31
4 5 7
4 6 13
4 7 32
5 1 10
5 2 25
5 3 11
5 4 26
5 5 6
5 6 11
5 7 27
6 1 8
6 2 20
6 3 9
6 4 21
6 5 5
6 6 9
6 7 21
7 1 12
7 2 30
7 3 13
7 4 31
7 5 7
7 6 13
7 7 32
8 1 10
8 2 25
8 3 11
8 4 26
8 5 6
8 6 11
8 7 27
9 1 2
9 2 5
9 3 3
9 4 6
9 5 2
9 6 3
9 7 6
10 1 10
10 2 25
10 3 11
10 4 26
10 5 6
10 6 11
10 7 27
11 1 34
11 2 85
11 3 35
11 4 88
11 5 20
11 6 36
11 7 90

# Energy Consumption
1 1 0
1 2 3
1 3 0
1 4 3
1 5 1
1 6 0
1 7 2
2 1 0
2 2 28
2 3 0
2 4 22
2 5 4
2 6 0
2 7 14
3 1 0
3 2 34
3 3 0
3 4 24
3 5 4
3 6 0
3 7 16
4 1 0
4 2 8
4 3 0
4 4 6
4 5 2
4 6 0
4 7 4
5 1 0
5 2 6
5 3 0
5 4 5
5 5 1
5 6 0
5 7 4
6 1 0
6 2 6
6 3 0
6 4 4
6 5 1
6 6 0
6 7 4
7 1 0
7 2 9
7 3 0
7 4 7
7 5 2
7 6 0
7 7 5
8 1 0
8 2 6
8 3 0
8 4 6
8 5 1
8 6 0
8 7 4
9 1 0
9 2 2
9 3 0
9 4 2
9 5 1
9 6 0
9 7 1
10 1 0
10 2 8
10 3 0
10 4 6
10 5 1
10 6 0
10 7 4
11 1 0
11 2 24
11 3 0
11 4 19
11 5 4
11 6 0
11 7 12

# Precedence Relations
1 4
2 4
2 5
3 11
4 6
5 7
6 8
7 9
8 10
9 10
10 11

# Parameters
R_e = 0.0500
T = 600.0
C_s = 4.0
C_w = 36.0
C_c = 5.0
