# Tasks
1 2 3 4 5 6 7 8 9 10 11 12 13 14 15 16 17 18 19 20 21 22 23 24 25 26 27 28 29 30 31 32 33 34 35 36 37 38 39 40 41 42 43 44 45 46 47 48 49 50 51 52 53 54 55 56 57 58 59 60 61 62 63 64 65 66 67 68 69 70 71 72 73 74 75 76 77 78 79 80 81 82 83 84 85 86 87 88 89 90 91 92 93 94

# Workstations
1 2 3 4 5 6 7 8 9 10 11 12 13 14 15 16 17 18 19 20 21 22 23 24 25 26 27 28 29 30 31 32 33 34 35 36 37 38 39 40 41 42 43 44 45 46 47 48 49 50 51 52 53 54 55 56 57 58 59 60 61 62 63 64 65 66 67 68 69 70 71 72 73 74 75 76 77 78 79 80 81 82 83 84 85 86 87 88 89 90 91 92 93 94

# Modes
1 2 3 4 5 6 7

# Processing Times
1 1 158
1 2 196
1 3 154
1 4 191
1 5 59
1 6 219
1 7 272
2 1 42
2 2 53
2 3 41
2 4 52
2 5 16
2 6 59
2 7 74
3 1 17
3 2 22
3 3 17
3 4 22
3 5 7
3 6 24
3 7 31
4 1 24
4 2 30
4 3 24
4 4 30
4 5 9
4 6 34
4 7 42
5 1 71
5 2 88
5 3 69
5 4 86
5 5 27
5 6 99
5 7 122
6 1 66
6 2 82
6 3 64
6 4 80
6 5 25
6 6 92
6 7 114
7 1 50
7 2 62
7 3 49
7 4 61
7 5 19
7 6 70
7 7 86
8 1 55
8 2 69
8 3 54
8 4 67
8 5 21
8 6 77
8 7 96
9 1 30
9 2 38
9 3 30
9 4 37
9 5 12
9 6 42
9 7 53
10 1 28
10 2 35
10 3 28
10 4 34
10 5 11
10 6 39
10 7 49
11 1 113
11 2 141
11 3 110
11 4 137
11 5 43
11 6 157
11 7 196
12 1 114
12 2 142
12 3 111
12 4 138
12 5 43
12 6 158
12 7 197
13 1 57
13 2 71
13 3 56
13 4 69
13 5 22
13 6 79
13 7 99
14 1 65
14 2 81
14 3 64
14 4 79
14 5 25
14 6 91
14 7 113
15 1 15
15 2 19
15 3 15
15 4 19
15 5 6
15 6 21
15 7 27
16 1 11
16 2 14
16 3 11
16 4 14
16 5 5
16 6 16
16 7 20
17 1 10
17 2 13
17 3 10
17 4 13
17 5 4
17 6 14
17 7 19
18 1 19
18 2 24
18 3 19
18 4 24
18 5 8
18 6 27
18 7 34
19 1 8
19 2 10
19 3 8
19 4 10
19 5 3
19 6 12
19 7 14
20 1 17
20 2 22
20 3 17
20 4 22
20 5 7
20 6 24
20 7 31
21 1 57
21 2 71
21 3 56
21 4 69
21 5 22
21 6 79
21 7 99
22 1 40
22 2 50
22 3 39
22 4 49
22 5 15
22 6 56
22 7 70
23 1 17
23 2 22
23 3 17
23 4 22
23 5 7
23 6 24
23 7 31
24 1 11
24 2 14
24 3 11
24 4 14
24 5 5
24 6 16
24 7 20
25 1 17
25 2 22
25 3 17
25 4 22
25 5 7
25 6 24
25 7 31
26 1 27
26 2 34
26 3 27
26 4 33
26 5 11
26 6 38
26 7 48
27 1 17
27 2 22
27 3 17
27 4 22
27 5 7
27 6 24
27 7 31
28 1 18
28 2 23
28 3 18
28 4 23
28 5 7
28 6 25
28 7 32
29 1 16
29 2 20
29 3 16
29 4 20
29 5 6
29 6 23
29 7 28
30 1 18
30 2 23
30 3 18
30 4 23
30 5 7
30 6 25
30 7 32
31 1 50
31 2 62
31 3 49
31 4 61
31 5 19
31 6 70
31 7 86
32 1 18
32 2 23
32 3 18
32 4 23
32 5 7
32 6 25
32 7 32
33 1 13
33 2 17
33 3 13
33 4 17
33 5 5
33 6 19
33 7 24
34 1 21
34 2 27
34 3 21
34 4 27
34 5 8
34 6 30
34 7 38
35 1 63
35 2 79
35 3 62
35 4 77
35 5 24
35 6 88
35 7 110
36 1 8
36 2 10
36 3 8
36 4 10
36 5 3
36 6 12
36 7 14
37 1 63
37 2 79
37 3 62
37 4 77
37 5 24
37 6 88
37 7 110
38 1 9
38 2 12
38 3 9
38 4 12
38 5 4
38 6 13
38 7 17
39 1 20
39 2 25
39 3 20
39 4 25
39 5 8
39 6 28
39 7 35
40 1 72
40 2 90
40 3 70
40 4 88
40 5 27
40 6 100
40 7 125
41 1 30
41 2 38
41 3 30
41 4 37
41 5 12
41 6 42
41 7 53
42 1 69
42 2 86
42 3 67
42 4 84
42 5 26
42 6 96
42 7 120
43 1 27
43 2 34
43 3 27
43 4 33
43 5 11
43 6 38
43 7 48
44 1 9
44 2 12
44 3 9
44 4 12
44 5 4
44 6 13
44 7 17
45 1 41
45 2 51
45 3 40
45 4 50
45 5 16
45 6 57
45 7 71
46 1 38
46 2 48
46 3 37
46 4 47
46 5 15
46 6 53
46 7 67
47 1 76
47 2 95
47 3 74
47 4 93
47 5 29
47 6 106
47 7 132
48 1 31
48 2 39
48 3 31
48 4 38
48 5 12
48 6 43
48 7 55
49 1 11
49 2 14
49 3 11
49 4 14
49 5 5
49 6 16
49 7 20
50 1 29
50 2 36
50 3 29
50 4 35
50 5 11
50 6 41
50 7 50
51 1 48
51 2 60
51 3 47
51 4 59
51 5 18
51 6 67
51 7 84
52 1 8
52 2 10
52 3 8
52 4 10
52 5 3
52 6 12
52 7 14
53 1 171
53 2 212
53 3 166
53 4 206
53 5 64
53 6 237
53 7 294
54 1 48
54 2 60
54 3 47
54 4 59
54 5 18
54 6 67
54 7 84
55 1 43
55 2 54
55 3 42
55 4 53
55 5 16
55 6 60
55 7 75
56 1 18
56 2 23
56 3 18
56 4 23
56 5 7
56 6 25
56 7 32
57 1 94
57 2 117
57 3 92
57 4 114
57 5 35
57 6 131
57 7 163
58 1 9
58 2 12
58 3 9
58 4 12
58 5 4
58 6 13
58 7 17
59 1 19
59 2 24
59 3 19
59 4 24
59 5 8
59 6 27
59 7 34
60 1 24
60 2 30
60 3 24
60 4 30
60 5 9
60 6 34
60 7 42
61 1 8
61 2 10
61 3 8
61 4 10
61 5 3
61 6 12
61 7 14
62 1 34
62 2 43
62 3 33
62 4 42
62 5 13
62 6 48
62 7 60
63 1 62
63 2 77
63 3 61
63 4 75
63 5 24
63 6 86
63 7 107
64 1 12
64 2 15
64 3 12
64 4 15
64 5 5
64 6 17
64 7 21
65 1 8
65 2 10
65 3 8
65 4 10
65 5 3
65 6 12
65 7 14
66 1 47
66 2 59
66 3 46
66 4 58
66 5 18
66 6 66
66 7 82
67 1 27
67 2 34
67 3 27
67 4 33
67 5 11
67 6 38
67 7 48
68 1 18
68 2 23
68 3 18
68 4 23
68 5 7
68 6 25
68 7 32
69 1 52
69 2 65
69 3 51
69 4 64
69 5 20
69 6 73
69 7 91
70 1 65
70 2 81
70 3 64
70 4 79
70 5 25
70 6 91
70 7 113
71 1 72
71 2 90
71 3 70
71 4 88
71 5 27
71 6 100
71 7 125
72 1 51
72 2 64
72 3 50
72 4 63
72 5 19
72 6 71
72 7 89
73 1 58
73 2 72
73 3 57
73 4 70
73 5 22
73 6 81
73 7 100
74 1 53
74 2 66
74 3 52
74 4 64
74 5 20
74 6 74
74 7 92
75 1 76
75 2 95
75 3 74
75 4 93
75 5 29
75 6 106
75 7 132
76 1 93
76 2 116
76 3 91
76 4 113
76 5 35
76 6 129
76 7 161
77 1 86
77 2 107
77 3 84
77 4 104
77 5 32
77 6 120
77 7 149
78 1 76
78 2 95
78 3 74
78 4 93
78 5 29
78 6 106
78 7 132
79 1 9
79 2 12
79 3 9
79 4 12
79 5 4
79 6 13
79 7 17
80 1 14
80 2 18
80 3 14
80 4 18
80 5 6
80 6 20
80 7 25
81 1 55
81 2 69
81 3 54
81 4 67
81 5 21
81 6 77
81 7 96
82 1 32
82 2 40
82 3 32
82 4 39
82 5 12
82 6 45
82 7 56
83 1 22
83 2 28
83 3 22
83 4 28
83 5 9
83 6 31
83 7 39
84 1 35
84 2 44
84 3 34
84 4 43
84 5 14
84 6 49
84 7 61
85 1 63
85 2 79
85 3 62
85 4 77
85 5 24
85 6 88
85 7 110
86 1 59
86 2 74
86 3 58
86 4 72
86 5 22
86 6 82
86 7 103
87 1 149
87 2 185
87 3 145
87 4 180
87 5 56
87 6 207
87 7 257
88 1 40
88 2 50
88 3 39
88 4 49
88 5 15
88 6 56
88 7 70
89 1 24
89 2 30
89 3 24
89 4 30
89 5 9
89 6 34
89 7 42
90 1 123
90 2 153
90 3 120
90 4 149
90 5 46
90 6 171
90 7 212
91 1 25
91 2 31
91 3 25
91 4 31
91 5 10
91 6 35
91 7 43
92 1 115
92 2 143
92 3 112
92 4 139
92 5 43
92 6 160
92 7 199
93 1 103
93 2 128
93 3 100
93 4 125
93 5 39
93 6 143
93 7 178
94 1 54
94 2 67
94 3 53
94 4 65
94 5 21
94 6 75
94 7 93

# Energy Consumption
1 1 0
1 2 45
1 3 0
1 4 39
1 5 9
1 6 0
1 7 39
2 1 0
2 2 12
2 3 0
2 4 11
2 5 3
2 6 0
2 7 10
3 1 0
3 2 7
3 3 0
3 4 5
3 5 2
3 6 0
3 7 4
4 1 0
4 2 8
4 3 0
4 4 7
4 5 2
4 6 0
4 7 6
5 1 0
5 2 24
5 3 0
5 4 17
5 5 5
5 6 0
5 7 17
6 1 0
6 2 23
6 3 0
6 4 17
6 5 4
6 6 0
6 7 16
7 1 0
7 2 17
7 3 0
7 4 14
7 5 3
7 6 0
7 7 12
8 1 0
8 2 19
8 3 0
8 4 15
8 5 4
8 6 0
8 7 12
9 1 0
9 2 10
9 3 0
9 4 7
9 5 2
9 6 0
9 7 7
10 1 0
10 2 9
10 3 0
10 4 7
10 5 2
10 6 0
10 7 7
11 1 0
11 2 41
11 3 0
11 4 26
11 5 7
11 6 0
11 7 28
12 1 0
12 2 36
12 3 0
12 4 29
12 5 7
12 6 0
12 7 24
13 1 0
13 2 18
13 3 0
13 4 15
13 5 4
13 6 0
13 7 14
14 1 0
14 2 20
14 3 0
14 4 15
14 5 4
14 6 0
14 7 17
15 1 0
15 2 6
15 3 0
15 4 4
15 5 1
15 6 0
15 7 4
16 1 0
16 2 4
16 3 0
16 4 3
16 5 1
16 6 0
16 7 3
17 1 0
17 2 4
17 3 0
17 4 3
17 5 1
17 6 0
17 7 3
18 1 0
18 2 6
18 3 0
18 4 6
18 5 2
18 6 0
18 7 5
19 1 0
19 2 3
19 3 0
19 4 2
19 5 1
19 6 0
19 7 3
20 1 0
20 2 7
20 3 0
20 4 5
20 5 2
20 6 0
20 7 4
21 1 0
21 2 18
21 3 0
21 4 14
21 5 4
21 6 0
21 7 14
22 1 0
22 2 12
22 3 0
22 4 10
22 5 3
22 6 0
22 7 11
23 1 0
23 2 6
23 3 0
23 4 5
23 5 1
23 6 0
23 7 4
24 1 0
24 2 4
24 3 0
24 4 3
24 5 1
24 6 0
24 7 3
25 1 0
25 2 6
25 3 0
25 4 5
25 5 2
25 6 0
25 7 5
26 1 0
26 2 8
26 3 0
26 4 8
26 5 2
26 6 0
26 7 6
27 1 0
27 2 7
27 3 0
27 4 5
27 5 2
27 6 0
27 7 5
28 1 0
28 2 7
28 3 0
28 4 5
28 5 2
28 6 0
28 7 4
29 1 0
29 2 6
29 3 0
29 4 4
29 5 1
29 6 0
29 7 4
30 1 0
30 2 7
30 3 0
30 4 5
30 5 2
30 6 0
30 7 5
31 1 0
31 2 16
31 3 0
31 4 12
31 5 4
31 6 0
31 7 11
32 1 0
32 2 7
32 3 0
32 4 5
32 5 2
32 6 0
32 7 5
33 1 0
33 2 5
33 3 0
33 4 4
33 5 1
33 6 0
33 7 4
34 1 0
34 2 7
34 3 0
34 4 6
34 5 2
34 6 0
34 7 5
35 1 0
35 2 21
35 3 0
35 4 14
35 5 4
35 6 0
35 7 14
36 1 0
36 2 3
36 3 0
36 4 2
36 5 1
36 6 0
36 7 2
37 1 0
37 2 22
37 3 0
37 4 17
37 5 4
37 6 0
37 7 16
38 1 0
38 2 4
38 3 0
38 4 3
38 5 1
38 6 0
38 7 3
39 1 0
39 2 6
39 3 0
39 4 5
39 5 2
39 6 0
39 7 5
40 1 0
40 2 22
40 3 0
40 4 18
40 5 5
40 6 0
40 7 19
41 1 0
41 2 12
41 3 0
41 4 9
41 5 2
41 6 0
41 7 8
42 1 0
42 2 24
42 3 0
42 4 17
42 5 5
42 6 0
42 7 15
43 1 0
43 2 11
43 3 0
43 4 7
43 5 2
43 6 0
43 7 7
44 1 0
44 2 4
44 3 0
44 4 3
44 5 1
44 6 0
44 7 3
45 1 0
45 2 14
45 3 0
45 4 11
45 5 3
45 6 0
45 7 10
46 1 0
46 2 13
46 3 0
46 4 9
46 5 3
46 6 0
46 7 10
47 1 0
47 2 26
47 3 0
47 4 18
47 5 5
47 6 0
47 7 16
48 1 0
48 2 11
48 3 0
48 4 9
48 5 2
48 6 0
48 7 8
49 1 0
49 2 4
49 3 0
49 4 3
49 5 1
49 6 0
49 7 3
50 1 0
50 2 11
50 3 0
50 4 8
50 5 2
50 6 0
50 7 8
51 1 0
51 2 14
51 3 0
51 4 13
51 5 3
51 6 0
51 7 12
52 1 0
52 2 3
52 3 0
52 4 2
52 5 1
52 6 0
52 7 2
53 1 0
53 2 62
53 3 0
53 4 38
53 5 11
53 6 0
53 7 37
54 1 0
54 2 16
54 3 0
54 4 12
54 5 3
54 6 0
54 7 13
55 1 0
55 2 13
55 3 0
55 4 10
55 5 3
55 6 0
55 7 11
56 1 0
56 2 6
56 3 0
56 4 5
56 5 2
56 6 0
56 7 5
57 1 0
57 2 31
57 3 0
57 4 22
57 5 5
57 6 0
57 7 22
58 1 0
58 2 3
58 3 0
58 4 3
58 5 1
58 6 0
58 7 3
59 1 0
59 2 7
59 3 0
59 4 6
59 5 2
59 6 0
59 7 5
60 1 0
60 2 9
60 3 0
60 4 7
60 5 2
60 6 0
60 7 6
61 1 0
61 2 3
61 3 0
61 4 2
61 5 1
61 6 0
61 7 2
62 1 0
62 2 13
62 3 0
62 4 9
62 5 3
62 6 0
62 7 9
63 1 0
63 2 19
63 3 0
63 4 16
63 5 4
63 6 0
63 7 16
64 1 0
64 2 5
64 3 0
64 4 4
64 5 1
64 6 0
64 7 4
65 1 0
65 2 3
65 3 0
65 4 2
65 5 1
65 6 0
65 7 2
66 1 0
66 2 15
66 3 0
66 4 12
66 5 3
66 6 0
66 7 12
67 1 0
67 2 10
67 3 0
67 4 7
67 5 2
67 6 0
67 7 7
68 1 0
68 2 7
68 3 0
68 4 5
68 5 2
68 6 0
68 7 5
69 1 0
69 2 20
69 3 0
69 4 14
69 5 4
69 6 0
69 7 12
70 1 0
70 2 23
70 3 0
70 4 15
70 5 4
70 6 0
70 7 17
71 1 0
71 2 24
71 3 0
71 4 17
71 5 5
71 6 0
71 7 17
72 1 0
72 2 18
72 3 0
72 4 14
72 5 3
72 6 0
72 7 13
73 1 0
73 2 18
73 3 0
73 4 16
73 5 4
73 6 0
73 7 14
74 1 0
74 2 16
74 3 0
74 4 13
74 5 4
74 6 0
74 7 12
75 1 0
75 2 28
75 3 0
75 4 19
75 5 5
75 6 0
75 7 17
76 1 0
76 2 31
76 3 0
76 4 23
76 5 6
76 6 0
76 7 21
77 1 0
77 2 31
77 3 0
77 4 21
77 5 6
77 6 0
77 7 22
78 1 0
78 2 22
78 3 0
78 4 19
78 5 5
78 6 0
78 7 17
79 1 0
79 2 4
79 3 0
79 4 3
79 5 1
79 6 0
79 7 3
80 1 0
80 2 5
80 3 0
80 4 4
80 5 1
80 6 0
80 7 4
81 1 0
81 2 21
81 3 0
81 4 14
81 5 3
81 6 0
81 7 13
82 1 0
82 2 11
82 3 0
82 4 8
82 5 2
82 6 0
82 7 7
83 1 0
83 2 8
83 3 0
83 4 6
83 5 2
83 6 0
83 7 5
84 1 0
84 2 13
84 3 0
84 4 9
84 5 3
84 6 0
84 7 8
85 1 0
85 2 21
85 3 0
85 4 17
85 5 4
85 6 0
85 7 15
86 1 0
86 2 18
86 3 0
86 4 15
86 5 4
86 6 0
86 7 15
87 1 0
87 2 45
87 3 0
87 4 39
87 5 9
87 6 0
87 7 35
88 1 0
88 2 14
88 3 0
88 4 10
88 5 3
88 6 0
88 7 9
89 1 0
89 2 8
89 3 0
89 4 7
89 5 2
89 6 0
89 7 7
90 1 0
90 2 42
90 3 0
90 4 29
90 5 7
90 6 0
90 7 26
91 1 0
91 2 9
91 3 0
91 4 7
91 5 2
91 6 0
91 7 7
92 1 0
92 2 43
92 3 0
92 4 29
92 5 7
92 6 0
92 7 27
93 1 0
93 2 38
93 3 0
93 4 28
93 5 6
93 6 0
93 7 24
94 1 0
94 2 15
94 3 0
94 4 15
94 5 4
94 6 0
94 7 13

# Precedence Relations
1 2
1 3
1 4
1 5
1 6
1 7
1 8
1 9
1 10
2 11
2 17
3 12
4 11
4 16
5 11
5 13
5 18
5 16
6 11
6 15
6 13
6 19
7 42
8 29
9 11
10 19
10 37
10 48
10 50
11 14
12 20
12 61
12 52
13 82
14 25
14 23
14 30
14 31
14 24
14 32
14 22
14 21
14 26
14 28
14 27
14 29
15 81
16 75
17 82
18 75
19 75
20 78
21 71
21 60
21 53
21 39
21 40
21 41
22 38
22 72
22 49
22 58
23 34
23 35
24 37
24 44
25 57
25 63
25 33
25 73
25 60
25 65
25 56
26 41
26 43
27 62
27 58
27 54
27 55
27 56
28 33
28 35
28 40
28 43
28 49
28 51
28 52
28 54
29 75
30 59
30 42
30 36
31 74
32 36
32 47
32 44
32 60
32 45
32 69
32 46
32 48
32 50
33 78
34 78
35 78
36 82
37 61
37 73
37 64
37 66
37 67
37 68
37 69
37 70
37 71
37 72
37 62
38 82
39 82
40 78
41 78
42 74
43 78
44 75
45 75
46 75
46 76
47 75
48 75
49 78
50 75
51 78
52 78
53 76
53 77
54 78
55 77
56 77
57 76
57 77
58 77
59 82
60 77
61 77
62 77
63 77
64 74
65 74
66 75
66 76
67 74
68 82
69 77
69 75
70 77
70 76
71 76
72 76
73 77
74 82
75 82
76 82
77 78
78 79
78 80
79 81
80 81
81 82
82 83
83 84
83 85
84 86
85 86
86 87
87 88
88 89
88 90
89 92
90 91
90 93
92 94

# Parameters
R_e = 0.0500
T = 600.0
C_s = 4.0
C_w = 36.0
C_c = 5.0
