# Tasks
1 2 3 4 5 6 7 8 9 10 11 12 13 14 15 16 17 18 19 20 21 22 23 24 25 26 27 28 29 30 31 32 33 34 35 36 37 38 39 40 41 42 43 44 45 46 47 48 49 50 51 52 53 54 55 56 57 58 59 60 61 62 63 64 65 66 67 68 69 70 71 72 73 74 75 76 77 78 79 80 81 82 83 84 85 86 87 88 89 90 91 92 93 94 95 96 97 98 99 100

# Workstations
1 2 3 4 5 6 7 8 9 10 11 12 13 14 15 16 17 18 19 20 21 22 23 24 25 26 27 28 29 30 31 32 33 34 35 36 37 38 39 40 41 42 43 44 45 46 47 48 49 50 51 52 53 54 55 56 57 58 59 60 61 62 63 64 65 66 67 68 69 70 71 72 73 74 75 76 77 78 79 80 81 82 83 84 85 86 87 88 89 90 91 92 93 94 95 96 97 98 99 100

# Modes
1 2 3 4 5 6 7

# Processing Times
1 1 124
1 2 128
1 3 129
1 4 133
1 5 87
1 6 155
1 7 160
2 1 461
2 2 465
2 3 481
2 4 486
2 5 289
2 6 568
2 7 573
3 1 193
3 2 198
3 3 188
3 4 192
3 5 122
3 6 230
3 7 236
4 1 190
4 2 164
4 3 184
4 4 159
4 5 127
4 6 227
4 7 196
5 1 113
5 2 98
5 3 119
5 4 103
5 5 77
5 6 128
5 7 111
6 1 201
6 2 219
6 3 199
6 4 217
6 5 126
6 6 234
6 7 255
7 1 368
7 2 335
7 3 351
7 4 319
7 5 241
7 6 430
7 7 392
8 1 160
8 2 156
8 3 166
8 4 162
8 5 111
8 6 189
8 7 184
9 1 430
9 2 385
9 3 442
9 4 396
9 5 294
9 6 521
9 7 467
10 1 56
10 2 54
10 3 55
10 4 53
10 5 35
10 6 69
10 7 67
11 1 580
11 2 502
11 3 561
11 4 486
11 5 360
11 6 663
11 7 574
12 1 367
12 2 404
12 3 380
12 4 419
12 5 218
12 6 416
12 7 458
13 1 263
13 2 271
13 3 266
13 4 274
13 5 169
13 6 311
13 7 320
14 1 37
14 2 39
14 3 38
14 4 40
14 5 25
14 6 47
14 7 49
15 1 47
15 2 45
15 3 49
15 4 47
15 5 26
15 6 57
15 7 55
16 1 263
16 2 269
16 3 251
16 4 256
16 5 155
16 6 298
16 7 305
17 1 492
17 2 476
17 3 483
17 4 467
17 5 329
17 6 589
17 7 569
18 1 143
18 2 153
18 3 148
18 4 158
18 5 90
18 6 170
18 7 182
19 1 221
19 2 193
19 3 229
19 4 200
19 5 133
19 6 253
19 7 221
20 1 140
20 2 141
20 3 134
20 4 135
20 5 82
20 6 169
20 7 171
21 1 530
21 2 532
21 3 540
21 4 542
21 5 296
21 6 597
21 7 600
22 1 129
22 2 123
22 3 135
22 4 129
22 5 72
22 6 147
22 7 140
23 1 66
23 2 65
23 3 69
23 4 68
23 5 40
23 6 77
23 7 76
24 1 85
24 2 74
24 3 89
24 4 78
24 5 53
24 6 107
24 7 93
25 1 206
25 2 217
25 3 198
25 4 208
25 5 126
25 6 244
25 7 257
26 1 171
26 2 162
26 3 180
26 4 170
26 5 104
26 6 210
26 7 199
27 1 109
27 2 108
27 3 111
27 4 110
27 5 68
27 6 123
27 7 122
28 1 481
28 2 463
28 3 499
28 4 481
28 5 336
28 6 542
28 7 522
29 1 34
29 2 34
29 3 34
29 4 34
29 5 20
29 6 41
29 7 41
30 1 527
30 2 547
30 3 514
30 4 534
30 5 316
30 6 583
30 7 605
31 1 179
31 2 191
31 3 188
31 4 200
31 5 112
31 6 222
31 7 237
32 1 83
32 2 85
32 3 81
32 4 82
32 5 50
32 6 102
32 7 105
33 1 91
33 2 81
33 3 94
33 4 84
33 5 61
33 6 102
33 7 91
34 1 318
34 2 333
34 3 316
34 4 331
34 5 210
34 6 367
34 7 385
35 1 267
35 2 284
35 3 275
35 4 293
35 5 186
35 6 311
35 7 330
36 1 26
36 2 23
36 3 27
36 4 24
36 5 16
36 6 32
36 7 28
37 1 425
37 2 459
37 3 422
37 4 455
37 5 296
37 6 512
37 7 553
38 1 214
38 2 186
38 3 208
38 4 181
38 5 142
38 6 266
38 7 231
39 1 72
39 2 79
39 3 74
39 4 82
39 5 47
39 6 83
39 7 91
40 1 441
40 2 481
40 3 440
40 4 480
40 5 263
40 6 539
40 7 588
41 1 619
41 2 555
41 3 618
41 4 554
41 5 390
41 6 755
41 7 677
42 1 196
42 2 211
42 3 191
42 4 205
42 5 131
42 6 220
42 7 237
43 1 256
43 2 232
43 3 260
43 4 236
43 5 156
43 6 292
43 7 264
44 1 219
44 2 226
44 3 230
44 4 237
44 5 142
44 6 245
44 7 253
45 1 487
45 2 450
45 3 506
45 4 468
45 5 286
45 6 540
45 7 499
46 1 216
46 2 217
46 3 219
46 4 220
46 5 122
46 6 240
46 7 241
47 1 160
47 2 172
47 3 158
47 4 170
47 5 92
47 6 192
47 7 206
48 1 165
48 2 160
48 3 166
48 4 161
48 5 106
48 6 188
48 7 182
49 1 79
49 2 79
49 3 79
49 4 79
49 5 48
49 6 88
49 7 88
50 1 145
50 2 128
50 3 147
50 4 130
50 5 88
50 6 178
50 7 157
51 1 124
51 2 110
51 3 127
51 4 113
51 5 69
51 6 142
51 7 126
52 1 96
52 2 102
52 3 101
52 4 107
52 5 56
52 6 118
52 7 125
53 1 238
53 2 252
53 3 250
53 4 265
53 5 154
53 6 272
53 7 288
54 1 356
54 2 365
54 3 373
54 4 383
54 5 212
54 6 423
54 7 434
55 1 422
55 2 444
55 3 435
55 4 458
55 5 263
55 6 527
55 7 555
56 1 145
56 2 129
56 3 147
56 4 130
56 5 85
56 6 165
56 7 147
57 1 99
57 2 108
57 3 103
57 4 113
57 5 59
57 6 118
57 7 129
58 1 73
58 2 64
58 3 71
58 4 63
58 5 50
58 6 91
58 7 79
59 1 199
59 2 218
59 3 191
59 4 209
59 5 132
59 6 229
59 7 251
60 1 56
60 2 61
60 3 54
60 4 59
60 5 39
60 6 66
60 7 72
61 1 83
61 2 88
61 3 82
61 4 87
61 5 50
61 6 98
61 7 104
62 1 85
62 2 80
62 3 90
62 4 84
62 5 59
62 6 100
62 7 94
63 1 122
63 2 106
63 3 118
63 4 103
63 5 81
63 6 144
63 7 125
64 1 276
64 2 279
64 3 284
64 4 287
64 5 162
64 6 311
64 7 315
65 1 224
65 2 213
65 3 230
65 4 219
65 5 157
65 6 255
65 7 243
66 1 79
66 2 80
66 3 79
66 4 80
66 5 52
66 6 98
66 7 99
67 1 208
67 2 227
67 3 211
67 4 231
67 5 126
67 6 240
67 7 262
68 1 97
68 2 85
68 3 94
68 4 82
68 5 62
68 6 121
68 7 106
69 1 195
69 2 168
69 3 191
69 4 164
69 5 121
69 6 236
69 7 204
70 1 273
70 2 293
70 3 262
70 4 281
70 5 174
70 6 331
70 7 355
71 1 188
71 2 205
71 3 185
71 4 202
71 5 131
71 6 217
71 7 237
72 1 240
72 2 228
72 3 241
72 4 229
72 5 167
72 6 277
72 7 263
73 1 340
73 2 291
73 3 337
73 4 289
73 5 192
73 6 418
73 7 358
74 1 384
74 2 353
74 3 366
74 4 336
74 5 248
74 6 476
74 7 437
75 1 564
75 2 529
75 3 560
75 4 525
75 5 315
75 6 672
75 7 630
76 1 139
76 2 149
76 3 139
76 4 149
76 5 86
76 6 155
76 7 166
77 1 90
77 2 97
77 3 91
77 4 98
77 5 61
77 6 103
77 7 111
78 1 123
78 2 131
78 3 123
78 4 131
78 5 79
78 6 147
78 7 157
79 1 183
79 2 189
79 3 193
79 4 199
79 5 102
79 6 204
79 7 211
80 1 530
80 2 514
80 3 553
80 4 536
80 5 318
80 6 610
80 7 591
81 1 153
81 2 134
81 3 154
81 4 135
81 5 99
81 6 182
81 7 159
82 1 77
82 2 74
82 3 77
82 4 74
82 5 51
82 6 95
82 7 92
83 1 254
83 2 235
83 3 261
83 4 242
83 5 163
83 6 297
83 7 275
84 1 250
84 2 229
84 3 262
84 4 240
84 5 151
84 6 295
84 7 270
85 1 491
85 2 474
85 3 475
85 4 459
85 5 276
85 6 552
85 7 533
86 1 103
86 2 98
86 3 107
86 4 101
86 5 69
86 6 127
86 7 121
87 1 104
87 2 91
87 3 105
87 4 92
87 5 70
87 6 117
87 7 103
88 1 125
88 2 136
88 3 130
88 4 141
88 5 77
88 6 144
88 7 157
89 1 124
89 2 123
89 3 120
89 4 119
89 5 73
89 6 145
89 7 144
90 1 51
90 2 49
90 3 50
90 4 48
90 5 32
90 6 58
90 7 56
91 1 91
91 2 91
91 3 89
91 4 89
91 5 60
91 6 114
91 7 114
92 1 256
92 2 264
92 3 258
92 4 266
92 5 178
92 6 302
92 7 311
93 1 604
93 2 627
93 3 602
93 4 625
93 5 354
93 6 729
93 7 757
94 1 517
94 2 495
94 3 528
94 4 506
94 5 293
94 6 608
94 7 582
95 1 159
95 2 171
95 3 152
95 4 163
95 5 94
95 6 181
95 7 194
96 1 92
96 2 99
96 3 97
96 4 104
96 5 56
96 6 102
96 7 110
97 1 210
97 2 201
97 3 201
97 4 192
97 5 117
97 6 256
97 7 245
98 1 231
98 2 207
98 3 236
98 4 211
98 5 161
98 6 263
98 7 236
99 1 249
99 2 268
99 3 243
99 4 262
99 5 165
99 6 279
99 7 300
100 1 123
100 2 121
100 3 126
100 4 124
100 5 86
100 6 136
100 7 134

# Energy Consumption
1 1 0
1 2 34
1 3 0
1 4 26
1 5 14
1 6 0
1 7 20
2 1 0
2 2 112
2 3 0
2 4 106
2 5 43
2 6 0
2 7 71
3 1 0
3 2 52
3 3 0
3 4 40
3 5 19
3 6 0
3 7 35
4 1 0
4 2 49
4 3 0
4 4 31
4 5 19
4 6 0
4 7 28
5 1 0
5 2 23
5 3 0
5 4 21
5 5 12
5 6 0
5 7 15
6 1 0
6 2 53
6 3 0
6 4 44
6 5 20
6 6 0
6 7 32
7 1 0
7 2 75
7 3 0
7 4 60
7 5 36
7 6 0
7 7 50
8 1 0
8 2 47
8 3 0
8 4 34
8 5 18
8 6 0
8 7 27
9 1 0
9 2 104
9 3 0
9 4 87
9 5 47
9 6 0
9 7 63
10 1 0
10 2 16
10 3 0
10 4 11
10 5 6
10 6 0
10 7 9
11 1 0
11 2 131
11 3 0
11 4 92
11 5 53
11 6 0
11 7 81
12 1 0
12 2 107
12 3 0
12 4 87
12 5 35
12 6 0
12 7 60
13 1 0
13 2 78
13 3 0
13 4 59
13 5 25
13 6 0
13 7 43
14 1 0
14 2 12
14 3 0
14 4 8
14 5 4
14 6 0
14 7 8
15 1 0
15 2 14
15 3 0
15 4 9
15 5 4
15 6 0
15 7 8
16 1 0
16 2 69
16 3 0
16 4 55
16 5 24
16 6 0
16 7 44
17 1 0
17 2 125
17 3 0
17 4 97
17 5 48
17 6 0
17 7 74
18 1 0
18 2 42
18 3 0
18 4 31
18 5 15
18 6 0
18 7 27
19 1 0
19 2 44
19 3 0
19 4 40
19 5 20
19 6 0
19 7 31
20 1 0
20 2 39
20 3 0
20 4 28
20 5 13
20 6 0
20 7 22
21 1 0
21 2 153
21 3 0
21 4 100
21 5 44
21 6 0
21 7 87
22 1 0
22 2 34
22 3 0
22 4 26
22 5 12
22 6 0
22 7 21
23 1 0
23 2 18
23 3 0
23 4 13
23 5 7
23 6 0
23 7 10
24 1 0
24 2 20
24 3 0
24 4 17
24 5 9
24 6 0
24 7 13
25 1 0
25 2 58
25 3 0
25 4 39
25 5 19
25 6 0
25 7 33
26 1 0
26 2 49
26 3 0
26 4 33
26 5 16
26 6 0
26 7 28
27 1 0
27 2 28
27 3 0
27 4 21
27 5 10
27 6 0
27 7 16
28 1 0
28 2 134
28 3 0
28 4 98
28 5 52
28 6 0
28 7 78
29 1 0
29 2 9
29 3 0
29 4 8
29 5 4
29 6 0
29 7 6
30 1 0
30 2 158
30 3 0
30 4 103
30 5 51
30 6 0
30 7 83
31 1 0
31 2 45
31 3 0
31 4 41
31 5 17
31 6 0
31 7 35
32 1 0
32 2 22
32 3 0
32 4 16
32 5 8
32 6 0
32 7 14
33 1 0
33 2 21
33 3 0
33 4 18
33 5 10
33 6 0
33 7 12
34 1 0
34 2 77
34 3 0
34 4 73
34 5 34
34 6 0
34 7 50
35 1 0
35 2 64
35 3 0
35 4 55
35 5 29
35 6 0
35 7 41
36 1 0
36 2 6
36 3 0
36 4 5
36 5 3
36 6 0
36 7 5
37 1 0
37 2 120
37 3 0
37 4 94
37 5 44
37 6 0
37 7 67
38 1 0
38 2 50
38 3 0
38 4 39
38 5 21
38 6 0
38 7 29
39 1 0
39 2 21
39 3 0
39 4 16
39 5 8
39 6 0
39 7 13
40 1 0
40 2 112
40 3 0
40 4 90
40 5 41
40 6 0
40 7 79
41 1 0
41 2 141
41 3 0
41 4 122
41 5 60
41 6 0
41 7 87
42 1 0
42 2 53
42 3 0
42 4 39
42 5 19
42 6 0
42 7 34
43 1 0
43 2 56
43 3 0
43 4 50
43 5 24
43 6 0
43 7 37
44 1 0
44 2 56
44 3 0
44 4 44
44 5 21
44 6 0
44 7 33
45 1 0
45 2 135
45 3 0
45 4 103
45 5 42
45 6 0
45 7 72
46 1 0
46 2 52
46 3 0
46 4 42
46 5 20
46 6 0
46 7 30
47 1 0
47 2 42
47 3 0
47 4 33
47 5 14
47 6 0
47 7 29
48 1 0
48 2 41
48 3 0
48 4 34
48 5 16
48 6 0
48 7 28
49 1 0
49 2 22
49 3 0
49 4 16
49 5 8
49 6 0
49 7 13
50 1 0
50 2 38
50 3 0
50 4 25
50 5 13
50 6 0
50 7 21
51 1 0
51 2 32
51 3 0
51 4 21
51 5 10
51 6 0
51 7 16
52 1 0
52 2 24
52 3 0
52 4 20
52 5 9
52 6 0
52 7 17
53 1 0
53 2 69
53 3 0
53 4 56
53 5 22
53 6 0
53 7 41
54 1 0
54 2 108
54 3 0
54 4 72
54 5 31
54 6 0
54 7 62
55 1 0
55 2 109
55 3 0
55 4 92
55 5 41
55 6 0
55 7 77
56 1 0
56 2 39
56 3 0
56 4 27
56 5 13
56 6 0
56 7 19
57 1 0
57 2 26
57 3 0
57 4 22
57 5 9
57 6 0
57 7 16
58 1 0
58 2 16
58 3 0
58 4 13
58 5 8
58 6 0
58 7 11
59 1 0
59 2 57
59 3 0
59 4 43
59 5 21
59 6 0
59 7 37
60 1 0
60 2 15
60 3 0
60 4 12
60 5 6
60 6 0
60 7 11
61 1 0
61 2 24
61 3 0
61 4 18
61 5 8
61 6 0
61 7 15
62 1 0
62 2 19
62 3 0
62 4 16
62 5 9
62 6 0
62 7 14
63 1 0
63 2 30
63 3 0
63 4 22
63 5 13
63 6 0
63 7 18
64 1 0
64 2 65
64 3 0
64 4 61
64 5 26
64 6 0
64 7 39
65 1 0
65 2 61
65 3 0
65 4 40
65 5 23
65 6 0
65 7 35
66 1 0
66 2 20
66 3 0
66 4 18
66 5 8
66 6 0
66 7 13
67 1 0
67 2 56
67 3 0
67 4 50
67 5 20
67 6 0
67 7 32
68 1 0
68 2 19
68 3 0
68 4 17
68 5 10
68 6 0
68 7 16
69 1 0
69 2 40
69 3 0
69 4 32
69 5 18
69 6 0
69 7 30
70 1 0
70 2 78
70 3 0
70 4 54
70 5 27
70 6 0
70 7 51
71 1 0
71 2 55
71 3 0
71 4 37
71 5 20
71 6 0
71 7 31
72 1 0
72 2 57
72 3 0
72 4 43
72 5 25
72 6 0
72 7 35
73 1 0
73 2 66
73 3 0
73 4 61
73 5 28
73 6 0
73 7 51
74 1 0
74 2 94
74 3 0
74 4 73
74 5 40
74 6 0
74 7 57
75 1 0
75 2 145
75 3 0
75 4 115
75 5 48
75 6 0
75 7 84
76 1 0
76 2 42
76 3 0
76 4 28
76 5 13
76 6 0
76 7 22
77 1 0
77 2 29
77 3 0
77 4 22
77 5 10
77 6 0
77 7 16
78 1 0
78 2 35
78 3 0
78 4 27
78 5 13
78 6 0
78 7 21
79 1 0
79 2 45
79 3 0
79 4 38
79 5 17
79 6 0
79 7 29
80 1 0
80 2 150
80 3 0
80 4 102
80 5 48
80 6 0
80 7 84
81 1 0
81 2 35
81 3 0
81 4 25
81 5 16
81 6 0
81 7 24
82 1 0
82 2 22
82 3 0
82 4 15
82 5 8
82 6 0
82 7 12
83 1 0
83 2 62
83 3 0
83 4 47
83 5 24
83 6 0
83 7 36
84 1 0
84 2 59
84 3 0
84 4 53
84 5 22
84 6 0
84 7 36
85 1 0
85 2 141
85 3 0
85 4 85
85 5 39
85 6 0
85 7 68
86 1 0
86 2 24
86 3 0
86 4 22
86 5 11
86 6 0
86 7 17
87 1 0
87 2 27
87 3 0
87 4 17
87 5 11
87 6 0
87 7 14
88 1 0
88 2 34
88 3 0
88 4 29
88 5 13
88 6 0
88 7 21
89 1 0
89 2 35
89 3 0
89 4 25
89 5 11
89 6 0
89 7 20
90 1 0
90 2 13
90 3 0
90 4 10
90 5 5
90 6 0
90 7 8
91 1 0
91 2 22
91 3 0
91 4 19
91 5 9
91 6 0
91 7 17
92 1 0
92 2 70
92 3 0
92 4 57
92 5 26
92 6 0
92 7 44
93 1 0
93 2 166
93 3 0
93 4 115
93 5 51
93 6 0
93 7 100
94 1 0
94 2 139
94 3 0
94 4 102
94 5 47
94 6 0
94 7 84
95 1 0
95 2 39
95 3 0
95 4 34
95 5 15
95 6 0
95 7 27
96 1 0
96 2 25
96 3 0
96 4 21
96 5 9
96 6 0
96 7 14
97 1 0
97 2 58
97 3 0
97 4 36
97 5 18
97 6 0
97 7 37
98 1 0
98 2 56
98 3 0
98 4 40
98 5 25
98 6 0
98 7 31
99 1 0
99 2 64
99 3 0
99 4 48
99 5 25
99 6 0
99 7 45
100 1 0
100 2 32
100 3 0
100 4 24
100 5 13
100 6 0
100 7 17

# Precedence Relations
1 7
2 8
3 10
4 9
4 11
4 12
4 13
4 15
4 31
5 24
6 14
7 19
8 16
9 18
10 19
11 17
11 20
11 23
11 89
11 90
13 91
13 92
14 21
14 24
15 22
16 25
17 27
18 29
19 31
20 26
21 28
21 32
21 44
22 30
22 33
22 34
24 33
24 34
24 91
25 42
26 35
27 37
28 38
29 39
30 40
31 36
31 44
31 72
33 41
34 43
35 49
36 47
37 49
38 50
39 52
40 48
41 45
41 69
42 53
43 46
43 51
43 98
44 60
45 54
46 55
47 56
48 58
49 59
51 57
52 60
52 61
54 65
55 63
56 64
57 62
58 67
58 68
60 69
61 66
62 73
63 70
64 71
66 72
66 75
67 98
69 74
69 80
70 76
71 77
72 78
72 81
73 79
73 80
73 87
76 82
77 83
78 85
79 84
79 89
80 86
80 90
80 92
81 87
81 88
81 91
82 94
83 95
84 93
85 94
86 96
87 97
88 98
90 99
90 100

# Parameters
R_e = 0.0500
T = 1000.0
C_s = 4.0
C_w = 36.0
C_c = 5.0
