# Tasks
1 2 3 4 5 6 7 8 9 10 11 12 13 14 15 16 17 18 19 20 21 22 23 24 25 26 27 28 29 30 31 32 33 34 35 36 37 38 39 40 41 42 43 44 45

# Workstations
1 2 3 4 5 6 7 8 9 10 11 12 13 14 15 16 17 18 19 20 21 22 23 24 25 26 27 28 29 30 31 32 33 34 35 36 37 38 39 40 41 42 43 44 45

# Modes
1 2 3 4 5 6 7

# Processing Times
1 1 9
1 2 23
1 3 8
1 4 21
1 5 6
1 6 13
1 7 32
2 1 9
2 2 22
2 3 9
2 4 21
2 5 6
2 6 12
2 7 29
3 1 10
3 2 24
3 3 10
3 4 22
3 5 7
3 6 14
3 7 32
4 1 10
4 2 23
4 3 9
4 4 21
4 5 7
4 6 14
4 7 33
5 1 17
5 2 34
5 3 16
5 4 32
5 5 11
5 6 22
5 7 44
6 1 17
6 2 38
6 3 15
6 4 34
6 5 12
6 6 22
6 7 48
7 1 13
7 2 30
7 3 12
7 4 27
7 5 10
7 6 17
7 7 38
8 1 13
8 2 25
8 3 12
8 4 22
8 5 9
8 6 17
8 7 33
9 1 20
9 2 38
9 3 18
9 4 34
9 5 12
9 6 28
9 7 53
10 1 20
10 2 40
10 3 18
10 4 35
10 5 13
10 6 29
10 7 57
11 1 10
11 2 22
11 3 9
11 4 20
11 5 7
11 6 14
11 7 29
12 1 11
12 2 21
12 3 10
12 4 19
12 5 7
12 6 14
12 7 27
13 1 6
13 2 13
13 3 6
13 4 13
13 5 4
13 6 8
13 7 17
14 1 22
14 2 46
14 3 21
14 4 43
14 5 15
14 6 30
14 7 63
15 1 11
15 2 28
15 3 11
15 4 27
15 5 7
15 6 15
15 7 37
16 1 19
16 2 37
16 3 17
16 4 33
16 5 14
16 6 27
16 7 53
17 1 12
17 2 22
17 3 11
17 4 19
17 5 9
17 6 16
17 7 29
18 1 3
18 2 8
18 3 3
18 4 8
18 5 2
18 6 5
18 7 12
19 1 7
19 2 13
19 3 7
19 4 13
19 5 5
19 6 10
19 7 17
20 1 4
20 2 9
20 3 4
20 4 9
20 5 3
20 6 6
20 7 13
21 1 55
21 2 124
21 3 47
21 4 106
21 5 38
21 6 71
21 7 160
22 1 14
22 2 34
22 3 13
22 4 32
22 5 9
22 6 19
22 7 45
23 1 27
23 2 60
23 3 26
23 4 57
23 5 17
23 6 37
23 7 81
24 1 29
24 2 73
24 3 28
24 4 69
24 5 17
24 6 37
24 7 92
25 1 26
25 2 47
25 3 24
25 4 44
25 5 17
25 6 37
25 7 67
26 1 6
26 2 14
26 3 6
26 4 13
26 5 5
26 6 9
26 7 19
27 1 5
27 2 12
27 3 5
27 4 12
27 5 4
27 6 8
27 7 18
28 1 24
28 2 53
28 3 22
28 4 48
28 5 15
28 6 35
28 7 77
29 1 4
29 2 9
29 3 4
29 4 8
29 5 3
29 6 6
29 7 12
30 1 5
30 2 11
30 3 5
30 4 11
30 5 4
30 6 7
30 7 16
31 1 7
31 2 15
31 3 7
31 4 14
31 5 4
31 6 10
31 7 20
32 1 4
32 2 9
32 3 4
32 4 9
32 5 3
32 6 6
32 7 13
33 1 15
33 2 32
33 3 15
33 4 30
33 5 9
33 6 19
33 7 41
34 1 3
34 2 8
34 3 3
34 4 8
34 5 2
34 6 4
34 7 11
35 1 7
35 2 16
35 3 7
35 4 15
35 5 5
35 6 10
35 7 21
36 1 9
36 2 19
36 3 8
36 4 17
36 5 6
36 6 13
36 7 27
37 1 4
37 2 9
37 3 4
37 4 9
37 5 3
37 6 6
37 7 12
38 1 7
38 2 18
38 3 7
38 4 17
38 5 5
38 6 11
38 7 26
39 1 5
39 2 12
39 3 5
39 4 11
39 5 3
39 6 8
39 7 17
40 1 4
40 2 9
40 3 4
40 4 9
40 5 3
40 6 6
40 7 13
41 1 21
41 2 40
41 3 19
41 4 36
41 5 15
41 6 30
41 7 57
42 1 12
42 2 22
42 3 12
42 4 21
42 5 9
42 6 17
42 7 30
43 1 6
43 2 14
43 3 6
43 4 13
43 5 4
43 6 9
43 7 20
44 1 5
44 2 12
44 3 5
44 4 11
44 5 3
44 6 8
44 7 17
45 1 5
45 2 11
45 3 5
45 4 10
45 5 4
45 6 8
45 7 16

# Energy Consumption
1 1 0
1 2 7
1 3 0
1 4 5
1 5 1
1 6 0
1 7 4
2 1 0
2 2 6
2 3 0
2 4 4
2 5 1
2 6 0
2 7 5
3 1 0
3 2 7
3 3 0
3 4 5
3 5 1
3 6 0
3 7 5
4 1 0
4 2 6
4 3 0
4 4 5
4 5 2
4 6 0
4 7 5
5 1 0
5 2 9
5 3 0
5 4 7
5 5 2
5 6 0
5 7 6
6 1 0
6 2 10
6 3 0
6 4 8
6 5 2
6 6 0
6 7 7
7 1 0
7 2 8
7 3 0
7 4 6
7 5 2
7 6 0
7 7 6
8 1 0
8 2 7
8 3 0
8 4 5
8 5 2
8 6 0
8 7 5
9 1 0
9 2 9
9 3 0
9 4 7
9 5 2
9 6 0
9 7 7
10 1 0
10 2 11
10 3 0
10 4 8
10 5 2
10 6 0
10 7 7
11 1 0
11 2 6
11 3 0
11 4 4
11 5 1
11 6 0
11 7 4
12 1 0
12 2 6
12 3 0
12 4 4
12 5 2
12 6 0
12 7 4
13 1 0
13 2 4
13 3 0
13 4 3
13 5 1
13 6 0
13 7 3
14 1 0
14 2 14
14 3 0
14 4 9
14 5 3
14 6 0
14 7 10
15 1 0
15 2 7
15 3 0
15 4 6
15 5 2
15 6 0
15 7 5
16 1 0
16 2 9
16 3 0
16 4 8
16 5 3
16 6 0
16 7 7
17 1 0
17 2 6
17 3 0
17 4 4
17 5 2
17 6 0
17 7 4
18 1 0
18 2 3
18 3 0
18 4 2
18 5 1
18 6 0
18 7 2
19 1 0
19 2 4
19 3 0
19 4 3
19 5 1
19 6 0
19 7 3
20 1 0
20 2 3
20 3 0
20 4 2
20 5 1
20 6 0
20 7 2
21 1 0
21 2 32
21 3 0
21 4 24
21 5 6
21 6 0
21 7 23
22 1 0
22 2 10
22 3 0
22 4 7
22 5 2
22 6 0
22 7 6
23 1 0
23 2 17
23 3 0
23 4 13
23 5 3
23 6 0
23 7 11
24 1 0
24 2 18
24 3 0
24 4 14
24 5 3
24 6 0
24 7 14
25 1 0
25 2 14
25 3 0
25 4 9
25 5 3
25 6 0
25 7 10
26 1 0
26 2 4
26 3 0
26 4 3
26 5 1
26 6 0
26 7 3
27 1 0
27 2 3
27 3 0
27 4 3
27 5 1
27 6 0
27 7 3
28 1 0
28 2 13
28 3 0
28 4 10
28 5 3
28 6 0
28 7 12
29 1 0
29 2 3
29 3 0
29 4 2
29 5 1
29 6 0
29 7 2
30 1 0
30 2 3
30 3 0
30 4 3
30 5 1
30 6 0
30 7 3
31 1 0
31 2 5
31 3 0
31 4 3
31 5 1
31 6 0
31 7 3
32 1 0
32 2 3
32 3 0
32 4 2
32 5 1
32 6 0
32 7 2
33 1 0
33 2 9
33 3 0
33 4 7
33 5 2
33 6 0
33 7 6
34 1 0
34 2 3
34 3 0
34 4 2
34 5 1
34 6 0
34 7 2
35 1 0
35 2 5
35 3 0
35 4 3
35 5 1
35 6 0
35 7 3
36 1 0
36 2 6
36 3 0
36 4 4
36 5 1
36 6 0
36 7 4
37 1 0
37 2 3
37 3 0
37 4 2
37 5 1
37 6 0
37 7 2
38 1 0
38 2 6
38 3 0
38 4 4
38 5 1
38 6 0
38 7 4
39 1 0
39 2 4
39 3 0
39 4 3
39 5 1
39 6 0
39 7 3
40 1 0
40 2 3
40 3 0
40 4 2
40 5 1
40 6 0
40 7 2
41 1 0
41 2 12
41 3 0
41 4 8
41 5 3
41 6 0
41 7 8
42 1 0
42 2 7
42 3 0
42 4 5
42 5 2
42 6 0
42 7 5
43 1 0
43 2 4
43 3 0
43 4 3
43 5 1
43 6 0
43 7 3
44 1 0
44 2 4
44 3 0
44 4 3
44 5 1
44 6 0
44 7 3
45 1 0
45 2 3
45 3 0
45 4 2
45 5 1
45 6 0
45 7 3

# Precedence Relations
1 3
1 7
2 4
2 8
3 5
4 6
5 9
6 10
7 9
7 14
8 10
8 14
9 41
10 41
11 13
12 13
12 37
13 14
13 15
14 17
14 25
14 29
14 30
14 31
14 32
15 16
15 18
15 23
15 24
16 19
17 26
17 27
18 19
19 20
19 33
20 21
21 22
22 28
23 33
24 33
25 26
26 38
27 28
27 33
28 38
29 41
30 41
31 41
32 41
33 34
33 35
33 36
34 38
35 40
36 38
37 43
38 40
39 41
40 41
41 42
42 44
42 45

# Parameters
R_e = 0.0500
T = 85.0
C_s = 4.0
C_w = 36.0
C_c = 5.0
