# Tasks
1 2 3 4 5 6 7 8 9 10 11 12 13 14 15 16 17 18 19 20

# Workstations
1 2 3 4 5 6 7 8 9 10 11 12 13 14 15 16 17 18 19 20

# Modes
1 2 3 4 5 6 7

# Processing Times
1 1 730
1 2 947
1 3 793
1 4 1029
1 5 473
1 6 787
1 7 1021
2 1 589
2 2 765
2 3 640
2 4 831
2 5 382
2 6 635
2 7 825
3 1 474
3 2 615
3 3 515
3 4 668
3 5 307
3 6 511
3 7 663
4 1 390
4 2 506
4 3 424
4 4 550
4 5 253
4 6 421
4 7 546
5 1 462
5 2 600
5 3 502
5 4 652
5 5 300
5 6 498
5 7 647
6 1 496
6 2 644
6 3 539
6 4 700
6 5 322
6 6 535
6 7 694
7 1 480
7 2 623
7 3 522
7 4 677
7 5 311
7 6 518
7 7 672
8 1 425
8 2 552
8 3 462
8 4 600
8 5 276
8 6 458
8 7 595
9 1 545
9 2 707
9 3 592
9 4 768
9 5 353
9 6 588
9 7 762
10 1 562
10 2 730
10 3 611
10 4 793
10 5 364
10 6 606
10 7 787
11 1 438
11 2 569
11 3 476
11 4 618
11 5 284
11 6 472
11 7 613
12 1 702
12 2 911
12 3 763
12 4 990
12 5 455
12 6 757
12 7 982
13 1 439
13 2 570
13 3 477
13 4 620
13 5 285
13 6 473
13 7 615
14 1 285
14 2 370
14 3 310
14 4 402
14 5 185
14 6 308
14 7 399
15 1 511
15 2 663
15 3 555
15 4 721
15 5 331
15 6 551
15 7 715
16 1 483
16 2 627
16 3 525
16 4 681
16 5 313
16 6 521
16 7 676
17 1 468
17 2 608
17 3 509
17 4 661
17 5 304
17 6 505
17 7 655
18 1 654
18 2 849
18 3 711
18 4 923
18 5 424
18 6 705
18 7 915
19 1 534
19 2 693
19 3 580
19 4 753
19 5 346
19 6 576
19 7 747
20 1 552
20 2 717
20 3 600
20 4 779
20 5 358
20 6 595
20 7 773

# Energy Consumption
1 1 0
1 2 227
1 3 0
1 4 212
1 5 74
1 6 0
1 7 147
2 1 0
2 2 193
2 3 0
2 4 165
2 5 58
2 6 0
2 7 117
3 1 0
3 2 172
3 3 0
3 4 131
3 5 49
3 6 0
3 7 91
4 1 0
4 2 126
4 3 0
4 4 121
4 5 36
4 6 0
4 7 79
5 1 0
5 2 146
5 3 0
5 4 137
5 5 47
5 6 0
5 7 89
6 1 0
6 2 142
6 3 0
6 4 149
6 5 49
6 6 0
6 7 96
7 1 0
7 2 140
7 3 0
7 4 146
7 5 45
7 6 0
7 7 95
8 1 0
8 2 141
8 3 0
8 4 126
8 5 41
8 6 0
8 7 84
9 1 0
9 2 188
9 3 0
9 4 164
9 5 56
9 6 0
9 7 115
10 1 0
10 2 209
10 3 0
10 4 164
10 5 55
10 6 0
10 7 111
11 1 0
11 2 127
11 3 0
11 4 114
11 5 44
11 6 0
11 7 89
12 1 0
12 2 231
12 3 0
12 4 217
12 5 65
12 6 0
12 7 135
13 1 0
13 2 137
13 3 0
13 4 124
13 5 43
13 6 0
13 7 85
14 1 0
14 2 110
14 3 0
14 4 82
14 5 29
14 6 0
14 7 54
15 1 0
15 2 170
15 3 0
15 4 133
15 5 51
15 6 0
15 7 88
16 1 0
16 2 178
16 3 0
16 4 145
16 5 48
16 6 0
16 7 87
17 1 0
17 2 164
17 3 0
17 4 145
17 5 47
17 6 0
17 7 83
18 1 0
18 2 206
18 3 0
18 4 185
18 5 65
18 6 0
18 7 114
19 1 0
19 2 191
19 3 0
19 4 154
19 5 54
19 6 0
19 7 112
20 1 0
20 2 184
20 3 0
20 4 171
20 5 56
20 6 0
20 7 97

# Precedence Relations
1 13
2 3
2 4
2 5
2 6
3 13
4 13
5 7
5 8
6 9
6 14
7 13
8 9
8 10
8 11
8 12
9 13
10 20
11 13
11 14
11 15
12 13
13 16
13 17
13 18
13 19
14 20

# Parameters
R_e = 0.0500
T = 1080.45
C_s = 4.0
C_w = 36.0
C_c = 5.0
