# Tasks
1 2 3 4 5 6 7 8 9 10 11 12 13 14 15 16 17 18 19 20 21 22 23 24 25 26 27 28 29 30 31 32 33 34 35 36 37 38 39 40 41 42 43 44 45 46 47 48 49 50

# Workstations
1 2 3 4 5 6 7 8 9 10 11 12 13 14 15 16 17 18 19 20 21 22 23 24 25 26 27 28 29 30 31 32 33 34 35 36 37 38 39 40 41 42 43 44 45 46 47 48 49 50

# Modes
1 2 3 4 5 6 7

# Processing Times
1 1 192
1 2 188
1 3 204
1 4 200
1 5 159
1 6 275
1 7 269
2 1 342
2 2 320
2 3 370
2 4 347
2 5 290
2 6 490
2 7 458
3 1 36
3 2 38
3 3 40
3 4 42
3 5 34
3 6 49
3 7 51
4 1 323
4 2 317
4 3 340
4 4 334
4 5 266
4 6 453
4 7 445
5 1 120
5 2 129
5 3 132
5 4 142
5 5 111
5 6 172
5 7 185
6 1 473
6 2 424
6 3 498
6 4 446
6 5 406
6 6 598
6 7 537
7 1 494
7 2 488
7 3 540
7 4 534
7 5 423
7 6 632
7 7 625
8 1 120
8 2 121
8 3 130
8 4 131
8 5 101
8 6 171
8 7 173
9 1 214
9 2 227
9 3 227
9 4 241
9 5 182
9 6 295
9 7 313
10 1 199
10 2 196
10 3 216
10 4 213
10 5 165
10 6 261
10 7 257
11 1 96
11 2 99
11 3 104
11 4 107
11 5 90
11 6 130
11 7 134
12 1 600
12 2 514
12 3 655
12 4 561
12 5 540
12 6 866
12 7 742
13 1 277
13 2 262
13 3 295
13 4 279
13 5 245
13 6 371
13 7 351
14 1 170
14 2 162
14 3 183
14 4 174
14 5 146
14 6 228
14 7 218
15 1 222
15 2 213
15 3 235
15 4 225
15 5 190
15 6 286
15 7 274
16 1 84
16 2 92
16 3 92
16 4 101
16 5 80
16 6 113
16 7 124
17 1 222
17 2 205
17 3 236
17 4 218
17 5 188
17 6 317
17 7 293
18 1 169
18 2 153
18 3 183
18 4 166
18 5 145
18 6 244
18 7 221
19 1 102
19 2 112
19 3 112
19 4 123
19 5 91
19 6 145
19 7 159
20 1 116
20 2 100
20 3 124
20 4 107
20 5 100
20 6 165
20 7 142
21 1 29
21 2 28
21 3 32
21 4 31
21 5 26
21 6 40
21 7 39
22 1 208
22 2 192
22 3 226
22 4 209
22 5 176
22 6 266
22 7 246
23 1 403
23 2 428
23 3 427
23 4 453
23 5 351
23 6 571
23 7 607
24 1 446
24 2 401
24 3 470
24 4 423
24 5 414
24 6 601
24 7 540
25 1 604
25 2 608
25 3 640
25 4 644
25 5 535
25 6 838
25 7 844
26 1 518
26 2 545
26 3 553
26 4 582
26 5 431
26 6 673
26 7 708
27 1 32
27 2 30
27 3 36
27 4 33
27 5 30
27 6 42
27 7 39
28 1 276
28 2 237
28 3 293
28 4 252
28 5 241
28 6 373
28 7 320
29 1 47
29 2 42
29 3 51
29 4 46
29 5 45
29 6 68
29 7 61
30 1 539
30 2 476
30 3 567
30 4 501
30 5 456
30 6 712
30 7 628
31 1 71
31 2 74
31 3 76
31 4 79
31 5 67
31 6 91
31 7 95
32 1 191
32 2 186
32 3 208
32 4 203
32 5 156
32 6 248
32 7 241
33 1 178
33 2 168
33 3 196
33 4 185
33 5 146
33 6 228
33 7 215
34 1 58
34 2 55
34 3 63
34 4 59
34 5 47
34 6 81
34 7 77
35 1 210
35 2 207
35 3 225
35 4 222
35 5 169
35 6 288
35 7 284
36 1 137
36 2 134
36 3 151
36 4 147
36 5 130
36 6 180
36 7 176
37 1 542
37 2 554
37 3 571
37 4 583
37 5 486
37 6 766
37 7 783
38 1 135
38 2 129
38 3 143
38 4 136
38 5 116
38 6 172
38 7 164
39 1 123
39 2 129
39 3 135
39 4 142
39 5 107
39 6 177
39 7 185
40 1 126
40 2 118
40 3 138
40 4 129
40 5 108
40 6 175
40 7 164
41 1 228
41 2 239
41 3 251
41 4 263
41 5 215
41 6 318
41 7 333
42 1 238
42 2 248
42 3 253
42 4 263
42 5 222
42 6 305
42 7 318
43 1 268
43 2 261
43 3 287
43 4 279
43 5 223
43 6 346
43 7 337
44 1 412
44 2 433
44 3 448
44 4 471
44 5 335
44 6 567
44 7 596
45 1 146
45 2 127
45 3 159
45 4 138
45 5 125
45 6 193
45 7 168
46 1 294
46 2 310
46 3 312
46 4 329
46 5 252
46 6 410
46 7 432
47 1 92
47 2 85
47 3 99
47 4 91
47 5 82
47 6 127
47 7 118
48 1 48
48 2 47
48 3 51
48 4 50
48 5 40
48 6 64
48 7 62
49 1 114
49 2 110
49 3 125
49 4 121
49 5 102
49 6 153
49 7 148
50 1 526
50 2 486
50 3 566
50 4 523
50 5 473
50 6 758
50 7 700

# Energy Consumption
1 1 0
1 2 42
1 3 0
1 4 44
1 5 26
1 6 0
1 7 39
2 1 0
2 2 86
2 3 0
2 4 76
2 5 45
2 6 0
2 7 65
3 1 0
3 2 9
3 3 0
3 4 9
3 5 5
3 6 0
3 7 7
4 1 0
4 2 95
4 3 0
4 4 65
4 5 39
4 6 0
4 7 58
5 1 0
5 2 33
5 3 0
5 4 29
5 5 18
5 6 0
5 7 25
6 1 0
6 2 103
6 3 0
6 4 84
6 5 64
6 6 0
6 7 74
7 1 0
7 2 141
7 3 0
7 4 107
7 5 65
7 6 0
7 7 94
8 1 0
8 2 32
8 3 0
8 4 27
8 5 16
8 6 0
8 7 22
9 1 0
9 2 62
9 3 0
9 4 52
9 5 29
9 6 0
9 7 39
10 1 0
10 2 49
10 3 0
10 4 47
10 5 26
10 6 0
10 7 33
11 1 0
11 2 26
11 3 0
11 4 20
11 5 13
11 6 0
11 7 19
12 1 0
12 2 116
12 3 0
12 4 124
12 5 83
12 6 0
12 7 96
13 1 0
13 2 70
13 3 0
13 4 53
13 5 38
13 6 0
13 7 49
14 1 0
14 2 44
14 3 0
14 4 34
14 5 24
14 6 0
14 7 29
15 1 0
15 2 59
15 3 0
15 4 49
15 5 30
15 6 0
15 7 36
16 1 0
16 2 26
16 3 0
16 4 20
16 5 13
16 6 0
16 7 18
17 1 0
17 2 51
17 3 0
17 4 45
17 5 30
17 6 0
17 7 44
18 1 0
18 2 41
18 3 0
18 4 34
18 5 23
18 6 0
18 7 28
19 1 0
19 2 26
19 3 0
19 4 25
19 5 14
19 6 0
19 7 20
20 1 0
20 2 25
20 3 0
20 4 23
20 5 15
20 6 0
20 7 20
21 1 0
21 2 8
21 3 0
21 4 7
21 5 4
21 6 0
21 7 6
22 1 0
22 2 50
22 3 0
22 4 44
22 5 26
22 6 0
22 7 37
23 1 0
23 2 118
23 3 0
23 4 96
23 5 55
23 6 0
23 7 82
24 1 0
24 2 104
24 3 0
24 4 79
24 5 66
24 6 0
24 7 72
25 1 0
25 2 161
25 3 0
25 4 136
25 5 75
25 6 0
25 7 107
26 1 0
26 2 156
26 3 0
26 4 128
26 5 66
26 6 0
26 7 92
27 1 0
27 2 8
27 3 0
27 4 7
27 5 5
27 6 0
27 7 6
28 1 0
28 2 60
28 3 0
28 4 54
28 5 37
28 6 0
28 7 41
29 1 0
29 2 11
29 3 0
29 4 10
29 5 7
29 6 0
29 7 9
30 1 0
30 2 129
30 3 0
30 4 104
30 5 70
30 6 0
30 7 77
31 1 0
31 2 20
31 3 0
31 4 15
31 5 10
31 6 0
31 7 15
32 1 0
32 2 52
32 3 0
32 4 37
32 5 25
32 6 0
32 7 31
33 1 0
33 2 50
33 3 0
33 4 36
33 5 23
33 6 0
33 7 31
34 1 0
34 2 16
34 3 0
34 4 13
34 5 7
34 6 0
34 7 10
35 1 0
35 2 57
35 3 0
35 4 46
35 5 26
35 6 0
35 7 35
36 1 0
36 2 32
36 3 0
36 4 30
36 5 21
36 6 0
36 7 25
37 1 0
37 2 152
37 3 0
37 4 128
37 5 73
37 6 0
37 7 103
38 1 0
38 2 29
38 3 0
38 4 28
38 5 18
38 6 0
38 7 21
39 1 0
39 2 38
39 3 0
39 4 30
39 5 16
39 6 0
39 7 23
40 1 0
40 2 33
40 3 0
40 4 24
40 5 17
40 6 0
40 7 22
41 1 0
41 2 59
41 3 0
41 4 53
41 5 31
41 6 0
41 7 44
42 1 0
42 2 58
42 3 0
42 4 52
42 5 33
42 6 0
42 7 41
43 1 0
43 2 58
43 3 0
43 4 61
43 5 32
43 6 0
43 7 48
44 1 0
44 2 107
44 3 0
44 4 104
44 5 49
44 6 0
44 7 87
45 1 0
45 2 36
45 3 0
45 4 25
45 5 19
45 6 0
45 7 26
46 1 0
46 2 93
46 3 0
46 4 69
46 5 36
46 6 0
46 7 61
47 1 0
47 2 21
47 3 0
47 4 19
47 5 14
47 6 0
47 7 16
48 1 0
48 2 15
48 3 0
48 4 10
48 5 7
48 6 0
48 7 8
49 1 0
49 2 29
49 3 0
49 4 26
49 5 16
49 6 0
49 7 21
50 1 0
50 2 139
50 3 0
50 4 106
50 5 72
50 6 0
50 7 99

# Precedence Relations
1 8
2 7
2 9
2 11
2 12
5 10
7 36
8 14
9 15
10 16
11 17
11 20
12 13
12 18
12 19
12 21
13 36
14 25
15 22
16 24
17 23
18 26
19 27
22 36
23 29
24 30
25 28
25 31
26 28
26 34
26 35
27 32
27 33
28 36
29 38
30 38
31 37
32 39
33 40
36 41
36 42
36 43
36 44
36 45
36 47
37 46
41 48
46 49
46 50

# Parameters
R_e = 0.0500
T = 1000.0
C_s = 4.0
C_w = 36.0
C_c = 5.0
