# Tasks
1 2 3 4 5 6 7 8 9 10 11 12 13 14 15 16 17 18 19 20

# Workstations
1 2 3 4 5 6 7 8 9 10 11 12 13 14 15 16 17 18 19 20

# Modes
1 2 3 4 5 6 7

# Processing Times
1 1 209
1 2 407
1 3 207
1 4 403
1 5 195
1 6 221
1 7 429
2 1 93
2 2 184
2 3 97
2 4 191
2 5 88
2 6 97
2 7 192
3 1 197
3 2 404
3 3 191
3 4 391
3 5 186
3 6 213
3 7 437
4 1 223
4 2 498
4 3 228
4 4 508
4 5 193
4 6 226
4 7 503
5 1 75
5 2 140
5 3 77
5 4 143
5 5 64
5 6 82
5 7 153
6 1 92
6 2 203
6 3 90
6 4 197
6 5 83
6 6 96
6 7 212
7 1 36
7 2 76
7 3 35
7 4 74
7 5 34
7 6 37
7 7 78
8 1 27
8 2 58
8 3 28
8 4 60
8 5 23
8 6 29
8 7 61
9 1 26
9 2 54
9 3 26
9 4 54
9 5 21
9 6 28
9 7 58
10 1 114
10 2 248
10 3 119
10 4 257
10 5 94
10 6 119
10 7 258
11 1 128
11 2 291
11 3 130
11 4 295
11 5 113
11 6 136
11 7 308
12 1 229
12 2 505
12 3 227
12 4 499
12 5 203
12 6 230
12 7 506
13 1 383
13 2 889
13 3 391
13 4 907
13 5 346
13 6 418
13 7 970
14 1 113
14 2 207
14 3 108
14 4 198
14 5 99
14 6 120
14 7 220
15 1 217
15 2 511
15 3 227
15 4 533
15 5 204
15 6 225
15 7 530
16 1 306
16 2 759
16 3 318
16 4 788
16 5 284
16 6 315
16 7 780
17 1 50
17 2 92
17 3 51
17 4 94
17 5 42
17 6 54
17 7 98
18 1 125
18 2 304
18 3 126
18 4 306
18 5 113
18 6 127
18 7 307
19 1 68
19 2 138
19 3 69
19 4 140
19 5 61
19 6 70
19 7 141
20 1 120
20 2 263
20 3 117
20 4 257
20 5 114
20 6 131
20 7 286

# Energy Consumption
1 1 0
1 2 104
1 3 0
1 4 83
1 5 29
1 6 0
1 7 64
2 1 0
2 2 47
2 3 0
2 4 41
2 5 14
2 6 0
2 7 28
3 1 0
3 2 104
3 3 0
3 4 82
3 5 30
3 6 0
3 7 55
4 1 0
4 2 134
4 3 0
4 4 103
4 5 30
4 6 0
4 7 63
5 1 0
5 2 34
5 3 0
5 4 26
5 5 11
5 6 0
5 7 19
6 1 0
6 2 55
6 3 0
6 4 38
6 5 13
6 6 0
6 7 28
7 1 0
7 2 19
7 3 0
7 4 14
7 5 6
7 6 0
7 7 12
8 1 0
8 2 17
8 3 0
8 4 13
8 5 4
8 6 0
8 7 9
9 1 0
9 2 16
9 3 0
9 4 11
9 5 4
9 6 0
9 7 8
10 1 0
10 2 72
10 3 0
10 4 55
10 5 15
10 6 0
10 7 37
11 1 0
11 2 65
11 3 0
11 4 62
11 5 18
11 6 0
11 7 38
12 1 0
12 2 118
12 3 0
12 4 110
12 5 33
12 6 0
12 7 70
13 1 0
13 2 255
13 3 0
13 4 167
13 5 54
13 6 0
13 7 144
14 1 0
14 2 54
14 3 0
14 4 37
14 5 16
14 6 0
14 7 27
15 1 0
15 2 132
15 3 0
15 4 104
15 5 32
15 6 0
15 7 68
16 1 0
16 2 194
16 3 0
16 4 154
16 5 42
16 6 0
16 7 100
17 1 0
17 2 25
17 3 0
17 4 18
17 5 7
17 6 0
17 7 12
18 1 0
18 2 89
18 3 0
18 4 62
18 5 18
18 6 0
18 7 44
19 1 0
19 2 41
19 3 0
19 4 26
19 5 10
19 6 0
19 7 22
20 1 0
20 2 63
20 3 0
20 4 52
20 5 17
20 6 0
20 7 43

# Precedence Relations
1 10
2 10
4 9
6 7
6 8
7 10
8 10
9 11
9 12
9 13
9 14
10 15
10 16
10 17
10 18
10 19
18 20

# Parameters
R_e = 0.0500
T = 1000.0
C_s = 4.0
C_w = 36.0
C_c = 5.0
