# Tasks
1 2 3 4 5 6 7 8 9 10 11 12 13 14 15 16 17 18 19 20 21 22 23 24 25 26 27 28 29 30 31 32 33 34 35 36 37 38 39 40 41 42 43 44 45 46 47 48 49 50 51 52 53 54 55 56 57 58 59 60 61 62 63 64 65 66 67 68 69 70 71 72 73 74 75 76 77 78 79 80 81 82 83 84 85 86 87 88 89 90 91 92 93 94

# Workstations
1 2 3 4 5 6 7 8 9 10 11 12 13 14 15 16 17 18 19 20 21 22 23 24 25 26 27 28 29 30 31 32 33 34 35 36 37 38 39 40 41 42 43 44 45 46 47 48 49 50 51 52 53 54 55 56 57 58 59 60 61 62 63 64 65 66 67 68 69 70 71 72 73 74 75 76 77 78 79 80 81 82 83 84 85 86 87 88 89 90 91 92 93 94

# Modes
1 2 3 4 5 6 7

# Processing Times
1 1 158
1 2 323
1 3 169
1 4 346
1 5 71
1 6 194
1 7 395
2 1 42
2 2 86
2 3 45
2 4 92
2 5 19
2 6 52
2 7 106
3 1 17
3 2 35
3 3 19
3 4 38
3 5 8
3 6 21
3 7 43
4 1 24
4 2 49
4 3 26
4 4 53
4 5 11
4 6 30
4 7 60
5 1 71
5 2 145
5 3 76
5 4 155
5 5 32
5 6 87
5 7 178
6 1 66
6 2 135
6 3 71
6 4 145
6 5 30
6 6 81
6 7 166
7 1 50
7 2 103
7 3 54
7 4 111
7 5 23
7 6 62
7 7 126
8 1 55
8 2 113
8 3 59
8 4 121
8 5 25
8 6 68
8 7 139
9 1 30
9 2 62
9 3 33
9 4 67
9 5 14
9 6 37
9 7 76
10 1 28
10 2 58
10 3 30
10 4 62
10 5 13
10 6 35
10 7 71
11 1 113
11 2 231
11 3 121
11 4 247
11 5 51
11 6 139
11 7 283
12 1 114
12 2 233
12 3 122
12 4 249
12 5 51
12 6 140
12 7 285
13 1 57
13 2 117
13 3 61
13 4 125
13 5 26
13 6 70
13 7 144
14 1 65
14 2 133
14 3 70
14 4 143
14 5 29
14 6 80
14 7 163
15 1 15
15 2 31
15 3 17
15 4 34
15 5 7
15 6 19
15 7 38
16 1 11
16 2 23
16 3 12
16 4 25
16 5 5
16 6 14
16 7 29
17 1 10
17 2 21
17 3 11
17 4 23
17 5 5
17 6 13
17 7 26
18 1 19
18 2 39
18 3 21
18 4 42
18 5 9
18 6 24
18 7 48
19 1 8
19 2 17
19 3 9
19 4 19
19 5 4
19 6 10
19 7 21
20 1 17
20 2 35
20 3 19
20 4 38
20 5 8
20 6 21
20 7 43
21 1 57
21 2 117
21 3 61
21 4 125
21 5 26
21 6 70
21 7 144
22 1 40
22 2 82
22 3 43
22 4 88
22 5 18
22 6 49
22 7 101
23 1 17
23 2 35
23 3 19
23 4 38
23 5 8
23 6 21
23 7 43
24 1 11
24 2 23
24 3 12
24 4 25
24 5 5
24 6 14
24 7 29
25 1 17
25 2 35
25 3 19
25 4 38
25 5 8
25 6 21
25 7 43
26 1 27
26 2 56
26 3 29
26 4 60
26 5 12
26 6 34
26 7 69
27 1 17
27 2 35
27 3 19
27 4 38
27 5 8
27 6 21
27 7 43
28 1 18
28 2 37
28 3 20
28 4 40
28 5 8
28 6 23
28 7 46
29 1 16
29 2 33
29 3 18
29 4 36
29 5 8
29 6 20
29 7 41
30 1 18
30 2 37
30 3 20
30 4 40
30 5 8
30 6 23
30 7 46
31 1 50
31 2 103
31 3 54
31 4 111
31 5 23
31 6 62
31 7 126
32 1 18
32 2 37
32 3 20
32 4 40
32 5 8
32 6 23
32 7 46
33 1 13
33 2 27
33 3 14
33 4 29
33 5 6
33 6 16
33 7 34
34 1 21
34 2 43
34 3 23
34 4 46
34 5 10
34 6 26
34 7 53
35 1 63
35 2 129
35 3 68
35 4 138
35 5 28
35 6 78
35 7 158
36 1 8
36 2 17
36 3 9
36 4 19
36 5 4
36 6 10
36 7 21
37 1 63
37 2 129
37 3 68
37 4 138
37 5 28
37 6 78
37 7 158
38 1 9
38 2 19
38 3 10
38 4 21
38 5 4
38 6 12
38 7 24
39 1 20
39 2 41
39 3 22
39 4 44
39 5 9
39 6 25
39 7 51
40 1 72
40 2 147
40 3 77
40 4 158
40 5 32
40 6 89
40 7 180
41 1 30
41 2 62
41 3 33
41 4 67
41 5 14
41 6 37
41 7 76
42 1 69
42 2 141
42 3 74
42 4 151
42 5 31
42 6 85
42 7 173
43 1 27
43 2 56
43 3 29
43 4 60
43 5 12
43 6 34
43 7 69
44 1 9
44 2 19
44 3 10
44 4 21
44 5 4
44 6 12
44 7 24
45 1 41
45 2 84
45 3 44
45 4 90
45 5 19
45 6 51
45 7 103
46 1 38
46 2 78
46 3 41
46 4 84
46 5 17
46 6 47
46 7 96
47 1 76
47 2 156
47 3 82
47 4 167
47 5 34
47 6 93
47 7 191
48 1 31
48 2 64
48 3 34
48 4 69
48 5 14
48 6 38
48 7 79
49 1 11
49 2 23
49 3 12
49 4 25
49 5 5
49 6 14
49 7 29
50 1 29
50 2 60
50 3 31
50 4 65
50 5 13
50 6 36
50 7 74
51 1 48
51 2 98
51 3 52
51 4 105
51 5 22
51 6 59
51 7 120
52 1 8
52 2 17
52 3 9
52 4 19
52 5 4
52 6 10
52 7 21
53 1 171
53 2 350
53 3 183
53 4 374
53 5 76
53 6 210
53 7 429
54 1 48
54 2 98
54 3 52
54 4 105
54 5 22
54 6 59
54 7 120
55 1 43
55 2 88
55 3 46
55 4 95
55 5 20
55 6 53
55 7 108
56 1 18
56 2 37
56 3 20
56 4 40
56 5 8
56 6 23
56 7 46
57 1 94
57 2 192
57 3 101
57 4 206
57 5 42
57 6 115
57 7 235
58 1 9
58 2 19
58 3 10
58 4 21
58 5 4
58 6 12
58 7 24
59 1 19
59 2 39
59 3 21
59 4 42
59 5 9
59 6 24
59 7 48
60 1 24
60 2 49
60 3 26
60 4 53
60 5 11
60 6 30
60 7 60
61 1 8
61 2 17
61 3 9
61 4 19
61 5 4
61 6 10
61 7 21
62 1 34
62 2 70
62 3 37
62 4 75
62 5 16
62 6 42
62 7 86
63 1 62
63 2 127
63 3 67
63 4 136
63 5 28
63 6 76
63 7 156
64 1 12
64 2 25
64 3 13
64 4 27
64 5 6
64 6 15
64 7 31
65 1 8
65 2 17
65 3 9
65 4 19
65 5 4
65 6 10
65 7 21
66 1 47
66 2 96
66 3 51
66 4 103
66 5 21
66 6 58
66 7 118
67 1 27
67 2 56
67 3 29
67 4 60
67 5 12
67 6 34
67 7 69
68 1 18
68 2 37
68 3 20
68 4 40
68 5 8
68 6 23
68 7 46
69 1 52
69 2 107
69 3 56
69 4 115
69 5 24
69 6 64
69 7 131
70 1 65
70 2 133
70 3 70
70 4 143
70 5 29
70 6 80
70 7 163
71 1 72
71 2 147
71 3 77
71 4 158
71 5 32
71 6 89
71 7 180
72 1 51
72 2 105
72 3 55
72 4 113
72 5 23
72 6 63
72 7 129
73 1 58
73 2 119
73 3 62
73 4 128
73 5 26
73 6 71
73 7 146
74 1 53
74 2 109
74 3 57
74 4 117
74 5 24
74 6 65
74 7 134
75 1 76
75 2 156
75 3 82
75 4 167
75 5 34
75 6 93
75 7 191
76 1 93
76 2 190
76 3 100
76 4 203
76 5 42
76 6 114
76 7 233
77 1 86
77 2 176
77 3 92
77 4 189
77 5 39
77 6 106
77 7 216
78 1 76
78 2 156
78 3 82
78 4 167
78 5 34
78 6 93
78 7 191
79 1 9
79 2 19
79 3 10
79 4 21
79 5 4
79 6 12
79 7 24
80 1 14
80 2 29
80 3 15
80 4 31
80 5 7
80 6 18
80 7 36
81 1 55
81 2 113
81 3 59
81 4 121
81 5 25
81 6 68
81 7 139
82 1 32
82 2 66
82 3 35
82 4 71
82 5 15
82 6 40
82 7 81
83 1 22
83 2 45
83 3 24
83 4 49
83 5 10
83 6 27
83 7 56
84 1 35
84 2 72
84 3 38
84 4 77
84 5 16
84 6 43
84 7 89
85 1 63
85 2 129
85 3 68
85 4 138
85 5 28
85 6 78
85 7 158
86 1 59
86 2 121
86 3 64
86 4 130
86 5 27
86 6 73
86 7 148
87 1 149
87 2 305
87 3 160
87 4 326
87 5 67
87 6 183
87 7 373
88 1 40
88 2 82
88 3 43
88 4 88
88 5 18
88 6 49
88 7 101
89 1 24
89 2 49
89 3 26
89 4 53
89 5 11
89 6 30
89 7 60
90 1 123
90 2 252
90 3 132
90 4 270
90 5 55
90 6 151
90 7 309
91 1 25
91 2 52
91 3 27
91 4 56
91 5 12
91 6 31
91 7 64
92 1 115
92 2 235
92 3 123
92 4 252
92 5 52
92 6 141
92 7 288
93 1 103
93 2 211
93 3 111
93 4 226
93 5 46
93 6 126
93 7 259
94 1 54
94 2 111
94 3 58
94 4 119
94 5 24
94 6 67
94 7 136

# Energy Consumption
1 1 0
1 2 80
1 3 0
1 4 76
1 5 11
1 6 0
1 7 58
2 1 0
2 2 22
2 3 0
2 4 20
2 5 3
2 6 0
2 7 15
3 1 0
3 2 8
3 3 0
3 4 8
3 5 2
3 6 0
3 7 6
4 1 0
4 2 14
4 3 0
4 4 12
4 5 2
4 6 0
4 7 8
5 1 0
5 2 38
5 3 0
5 4 33
5 5 5
5 6 0
5 7 24
6 1 0
6 2 31
6 3 0
6 4 28
6 5 5
6 6 0
6 7 23
7 1 0
7 2 30
7 3 0
7 4 23
7 5 4
7 6 0
7 7 18
8 1 0
8 2 30
8 3 0
8 4 24
8 5 4
8 6 0
8 7 20
9 1 0
9 2 17
9 3 0
9 4 15
9 5 2
9 6 0
9 7 12
10 1 0
10 2 15
10 3 0
10 4 13
10 5 2
10 6 0
10 7 10
11 1 0
11 2 53
11 3 0
11 4 45
11 5 8
11 6 0
11 7 43
12 1 0
12 2 56
12 3 0
12 4 47
12 5 9
12 6 0
12 7 40
13 1 0
13 2 31
13 3 0
13 4 26
13 5 4
13 6 0
13 7 19
14 1 0
14 2 40
14 3 0
14 4 29
14 5 5
14 6 0
14 7 24
15 1 0
15 2 10
15 3 0
15 4 8
15 5 2
15 6 0
15 7 5
16 1 0
16 2 6
16 3 0
16 4 6
16 5 1
16 6 0
16 7 4
17 1 0
17 2 6
17 3 0
17 4 5
17 5 1
17 6 0
17 7 4
18 1 0
18 2 10
18 3 0
18 4 9
18 5 2
18 6 0
18 7 7
19 1 0
19 2 5
19 3 0
19 4 4
19 5 1
19 6 0
19 7 3
20 1 0
20 2 10
20 3 0
20 4 8
20 5 2
20 6 0
20 7 7
21 1 0
21 2 33
21 3 0
21 4 28
21 5 4
21 6 0
21 7 19
22 1 0
22 2 22
22 3 0
22 4 16
22 5 3
22 6 0
22 7 15
23 1 0
23 2 9
23 3 0
23 4 7
23 5 2
23 6 0
23 7 7
24 1 0
24 2 6
24 3 0
24 4 6
24 5 1
24 6 0
24 7 4
25 1 0
25 2 10
25 3 0
25 4 8
25 5 2
25 6 0
25 7 6
26 1 0
26 2 14
26 3 0
26 4 12
26 5 2
26 6 0
26 7 10
27 1 0
27 2 11
27 3 0
27 4 8
27 5 2
27 6 0
27 7 6
28 1 0
28 2 11
28 3 0
28 4 9
28 5 2
28 6 0
28 7 7
29 1 0
29 2 10
29 3 0
29 4 8
29 5 2
29 6 0
29 7 6
30 1 0
30 2 11
30 3 0
30 4 9
30 5 2
30 6 0
30 7 7
31 1 0
31 2 24
31 3 0
31 4 22
31 5 4
31 6 0
31 7 18
32 1 0
32 2 9
32 3 0
32 4 9
32 5 2
32 6 0
32 7 6
33 1 0
33 2 7
33 3 0
33 4 6
33 5 1
33 6 0
33 7 5
34 1 0
34 2 11
34 3 0
34 4 10
34 5 2
34 6 0
34 7 8
35 1 0
35 2 34
35 3 0
35 4 31
35 5 5
35 6 0
35 7 20
36 1 0
36 2 5
36 3 0
36 4 4
36 5 1
36 6 0
36 7 3
37 1 0
37 2 30
37 3 0
37 4 29
37 5 5
37 6 0
37 7 22
38 1 0
38 2 6
38 3 0
38 4 4
38 5 1
38 6 0
38 7 4
39 1 0
39 2 11
39 3 0
39 4 9
39 5 2
39 6 0
39 7 7
40 1 0
40 2 42
40 3 0
40 4 34
40 5 5
40 6 0
40 7 23
41 1 0
41 2 15
41 3 0
41 4 13
41 5 3
41 6 0
41 7 11
42 1 0
42 2 42
42 3 0
42 4 30
42 5 5
42 6 0
42 7 26
43 1 0
43 2 14
43 3 0
43 4 14
43 5 2
43 6 0
43 7 9
44 1 0
44 2 5
44 3 0
44 4 5
44 5 1
44 6 0
44 7 4
45 1 0
45 2 24
45 3 0
45 4 18
45 5 3
45 6 0
45 7 14
46 1 0
46 2 23
46 3 0
46 4 19
46 5 3
46 6 0
46 7 12
47 1 0
47 2 38
47 3 0
47 4 32
47 5 6
47 6 0
47 7 28
48 1 0
48 2 18
48 3 0
48 4 14
48 5 3
48 6 0
48 7 11
49 1 0
49 2 7
49 3 0
49 4 5
49 5 1
49 6 0
49 7 4
50 1 0
50 2 15
50 3 0
50 4 14
50 5 3
50 6 0
50 7 9
51 1 0
51 2 24
51 3 0
51 4 20
51 5 4
51 6 0
51 7 18
52 1 0
52 2 5
52 3 0
52 4 4
52 5 1
52 6 0
52 7 3
53 1 0
53 2 87
53 3 0
53 4 74
53 5 12
53 6 0
53 7 56
54 1 0
54 2 29
54 3 0
54 4 23
54 5 4
54 6 0
54 7 18
55 1 0
55 2 24
55 3 0
55 4 21
55 5 4
55 6 0
55 7 16
56 1 0
56 2 11
56 3 0
56 4 8
56 5 2
56 6 0
56 7 6
57 1 0
57 2 47
57 3 0
57 4 40
57 5 7
57 6 0
57 7 34
58 1 0
58 2 5
58 3 0
58 4 5
58 5 1
58 6 0
58 7 4
59 1 0
59 2 10
59 3 0
59 4 9
59 5 2
59 6 0
59 7 7
60 1 0
60 2 15
60 3 0
60 4 11
60 5 2
60 6 0
60 7 9
61 1 0
61 2 5
61 3 0
61 4 5
61 5 1
61 6 0
61 7 3
62 1 0
62 2 19
62 3 0
62 4 14
62 5 3
62 6 0
62 7 12
63 1 0
63 2 30
63 3 0
63 4 26
63 5 5
63 6 0
63 7 21
64 1 0
64 2 8
64 3 0
64 4 6
64 5 1
64 6 0
64 7 4
65 1 0
65 2 5
65 3 0
65 4 4
65 5 1
65 6 0
65 7 4
66 1 0
66 2 24
66 3 0
66 4 22
66 5 4
66 6 0
66 7 17
67 1 0
67 2 15
67 3 0
67 4 13
67 5 2
67 6 0
67 7 9
68 1 0
68 2 11
68 3 0
68 4 9
68 5 2
68 6 0
68 7 6
69 1 0
69 2 32
69 3 0
69 4 26
69 5 4
69 6 0
69 7 19
70 1 0
70 2 39
70 3 0
70 4 30
70 5 5
70 6 0
70 7 23
71 1 0
71 2 45
71 3 0
71 4 34
71 5 5
71 6 0
71 7 24
72 1 0
72 2 26
72 3 0
72 4 24
72 5 4
72 6 0
72 7 16
73 1 0
73 2 28
73 3 0
73 4 28
73 5 5
73 6 0
73 7 21
74 1 0
74 2 32
74 3 0
74 4 26
74 5 4
74 6 0
74 7 18
75 1 0
75 2 44
75 3 0
75 4 31
75 5 6
75 6 0
75 7 24
76 1 0
76 2 53
76 3 0
76 4 42
76 5 7
76 6 0
76 7 33
77 1 0
77 2 42
77 3 0
77 4 40
77 5 7
77 6 0
77 7 33
78 1 0
78 2 43
78 3 0
78 4 31
78 5 6
78 6 0
78 7 28
79 1 0
79 2 6
79 3 0
79 4 4
79 5 1
79 6 0
79 7 4
80 1 0
80 2 8
80 3 0
80 4 6
80 5 2
80 6 0
80 7 6
81 1 0
81 2 31
81 3 0
81 4 26
81 5 4
81 6 0
81 7 18
82 1 0
82 2 19
82 3 0
82 4 14
82 5 3
82 6 0
82 7 11
83 1 0
83 2 13
83 3 0
83 4 10
83 5 2
83 6 0
83 7 7
84 1 0
84 2 17
84 3 0
84 4 16
84 5 3
84 6 0
84 7 12
85 1 0
85 2 37
85 3 0
85 4 29
85 5 5
85 6 0
85 7 20
86 1 0
86 2 36
86 3 0
86 4 24
86 5 5
86 6 0
86 7 22
87 1 0
87 2 79
87 3 0
87 4 69
87 5 11
87 6 0
87 7 56
88 1 0
88 2 24
88 3 0
88 4 18
88 5 3
88 6 0
88 7 15
89 1 0
89 2 15
89 3 0
89 4 11
89 5 2
89 6 0
89 7 8
90 1 0
90 2 57
90 3 0
90 4 53
90 5 9
90 6 0
90 7 39
91 1 0
91 2 15
91 3 0
91 4 12
91 5 2
91 6 0
91 7 9
92 1 0
92 2 58
92 3 0
92 4 48
92 5 8
92 6 0
92 7 42
93 1 0
93 2 61
93 3 0
93 4 46
93 5 8
93 6 0
93 7 38
94 1 0
94 2 26
94 3 0
94 4 26
94 5 4
94 6 0
94 7 21

# Precedence Relations
1 2
1 3
1 4
1 5
1 6
1 7
1 8
1 9
1 10
2 11
2 17
3 12
4 11
4 16
5 11
5 13
5 18
5 16
6 11
6 15
6 13
6 19
7 42
8 29
9 11
10 19
10 37
10 48
10 50
11 14
12 20
12 61
12 52
13 82
14 25
14 23
14 30
14 31
14 24
14 32
14 22
14 21
14 26
14 28
14 27
14 29
15 81
16 75
17 82
18 75
19 75
20 78
21 71
21 60
21 53
21 39
21 40
21 41
22 38
22 72
22 49
22 58
23 34
23 35
24 37
24 44
25 57
25 63
25 33
25 73
25 60
25 65
25 56
26 41
26 43
27 62
27 58
27 54
27 55
27 56
28 33
28 35
28 40
28 43
28 49
28 51
28 52
28 54
29 75
30 59
30 42
30 36
31 74
32 36
32 47
32 44
32 60
32 45
32 69
32 46
32 48
32 50
33 78
34 78
35 78
36 82
37 61
37 73
37 64
37 66
37 67
37 68
37 69
37 70
37 71
37 72
37 62
38 82
39 82
40 78
41 78
42 74
43 78
44 75
45 75
46 75
46 76
47 75
48 75
49 78
50 75
51 78
52 78
53 76
53 77
54 78
55 77
56 77
57 76
57 77
58 77
59 82
60 77
61 77
62 77
63 77
64 74
65 74
66 75
66 76
67 74
68 82
69 77
69 75
70 77
70 76
71 76
72 76
73 77
74 82
75 82
76 82
77 78
78 79
78 80
79 81
80 81
81 82
82 83
83 84
83 85
84 86
85 86
86 87
87 88
88 89
88 90
89 92
90 91
90 93
92 94

# Parameters
R_e = 0.0500
T = 600.0
C_s = 4.0
C_w = 36.0
C_c = 5.0
