# Tasks
1 2 3 4 5 6 7 8 9 10 11 12 13 14 15 16 17 18 19 20

# Workstations
1 2 3 4 5 6 7 8 9 10 11 12 13 14 15 16 17 18 19 20

# Modes
1 2 3 4 5 6 7

# Processing Times
1 1 209
1 2 423
1 3 223
1 4 452
1 5 67
1 6 237
1 7 479
2 1 93
2 2 195
2 3 99
2 4 208
2 5 40
2 6 112
2 7 234
3 1 197
3 2 369
3 3 216
3 4 404
3 5 87
3 6 225
3 7 421
4 1 223
4 2 497
4 3 237
4 4 528
4 5 90
4 6 258
4 7 575
5 1 75
5 2 159
5 3 83
5 4 175
5 5 32
5 6 91
5 7 193
6 1 92
6 2 226
6 3 99
6 4 244
6 5 29
6 6 105
6 7 258
7 1 36
7 2 90
7 3 39
7 4 97
7 5 13
7 6 44
7 7 108
8 1 27
8 2 63
8 3 29
8 4 68
8 5 12
8 6 31
8 7 71
9 1 26
9 2 64
9 3 29
9 4 70
9 5 10
9 6 31
9 7 75
10 1 114
10 2 264
10 3 120
10 4 278
10 5 46
10 6 143
10 7 330
11 1 128
11 2 239
11 3 139
11 4 258
11 5 48
11 6 160
11 7 298
12 1 229
12 2 525
12 3 250
12 4 572
12 5 82
12 6 280
12 7 641
13 1 383
13 2 739
13 3 417
13 4 803
13 5 140
13 6 452
13 7 871
14 1 113
14 2 222
14 3 122
14 4 239
14 5 35
14 6 137
14 7 268
15 1 217
15 2 476
15 3 233
15 4 511
15 5 90
15 6 263
15 7 577
16 1 306
16 2 623
16 3 335
16 4 682
16 5 118
16 6 375
16 7 764
17 1 50
17 2 99
17 3 55
17 4 109
17 5 18
17 6 61
17 7 120
18 1 125
18 2 276
18 3 134
18 4 296
18 5 53
18 6 152
18 7 334
19 1 68
19 2 155
19 3 73
19 4 165
19 5 25
19 6 84
19 7 192
20 1 120
20 2 254
20 3 129
20 4 273
20 5 41
20 6 138
20 7 291

# Energy Consumption
1 1 0
1 2 105
1 3 0
1 4 99
1 5 10
1 6 0
1 7 70
2 1 0
2 2 49
2 3 0
2 4 45
2 5 7
2 6 0
2 7 33
3 1 0
3 2 84
3 3 0
3 4 78
3 5 14
3 6 0
3 7 52
4 1 0
4 2 141
4 3 0
4 4 114
4 5 14
4 6 0
4 7 75
5 1 0
5 2 41
5 3 0
5 4 37
5 5 5
5 6 0
5 7 26
6 1 0
6 2 52
6 3 0
6 4 46
6 5 5
6 6 0
6 7 36
7 1 0
7 2 27
7 3 0
7 4 20
7 5 2
7 6 0
7 7 16
8 1 0
8 2 17
8 3 0
8 4 14
8 5 2
8 6 0
8 7 10
9 1 0
9 2 18
9 3 0
9 4 16
9 5 2
9 6 0
9 7 12
10 1 0
10 2 68
10 3 0
10 4 57
10 5 7
10 6 0
10 7 44
11 1 0
11 2 55
11 3 0
11 4 47
11 5 8
11 6 0
11 7 45
12 1 0
12 2 125
12 3 0
12 4 108
12 5 14
12 6 0
12 7 88
13 1 0
13 2 191
13 3 0
13 4 162
13 5 20
13 6 0
13 7 113
14 1 0
14 2 66
14 3 0
14 4 48
14 5 6
14 6 0
14 7 39
15 1 0
15 2 140
15 3 0
15 4 107
15 5 15
15 6 0
15 7 72
16 1 0
16 2 151
16 3 0
16 4 145
16 5 17
16 6 0
16 7 95
17 1 0
17 2 28
17 3 0
17 4 22
17 5 3
17 6 0
17 7 17
18 1 0
18 2 68
18 3 0
18 4 58
18 5 9
18 6 0
18 7 48
19 1 0
19 2 40
19 3 0
19 4 34
19 5 4
19 6 0
19 7 27
20 1 0
20 2 72
20 3 0
20 4 54
20 5 7
20 6 0
20 7 42

# Precedence Relations
1 10
2 10
4 9
6 7
6 8
7 10
8 10
9 11
9 12
9 13
9 14
10 15
10 16
10 17
10 18
10 19
18 20

# Parameters
R_e = 0.0500
T = 1000.0
C_s = 4.0
C_w = 36.0
C_c = 5.0
