# Tasks
1 2 3 4 5 6 7 8 9 10 11 12 13 14 15 16 17 18 19 20

# Workstations
1 2 3 4 5 6 7 8 9 10 11 12 13 14 15 16 17 18 19 20

# Modes
1 2 3 4 5 6 7

# Processing Times
1 1 46
1 2 94
1 3 50
1 4 101
1 5 15
1 6 53
1 7 107
2 1 135
2 2 283
2 3 144
2 4 302
2 5 59
2 6 162
2 7 339
3 1 114
3 2 214
3 3 125
3 4 235
3 5 50
3 6 130
3 7 244
4 1 140
4 2 313
4 3 149
4 4 333
4 5 57
4 6 162
4 7 362
5 1 58
5 2 123
5 3 64
5 4 135
5 5 25
5 6 71
5 7 149
6 1 244
6 2 598
6 3 263
6 4 644
6 5 76
6 6 279
6 7 682
7 1 158
7 2 393
7 3 169
7 4 420
7 5 57
7 6 190
7 7 471
8 1 27
8 2 63
8 3 29
8 4 68
8 5 12
8 6 31
8 7 71
9 1 142
9 2 346
9 3 154
9 4 375
9 5 53
9 6 165
9 7 402
10 1 190
10 2 439
10 3 200
10 4 462
10 5 76
10 6 238
10 7 548
11 1 31
11 2 58
11 3 34
11 4 63
11 5 12
11 6 39
11 7 73
12 1 120
12 2 275
12 3 131
12 4 300
12 5 43
12 6 147
12 7 336
13 1 186
13 2 359
13 3 203
13 4 390
13 5 68
13 6 220
13 7 424
14 1 67
14 2 132
14 3 73
14 4 143
14 5 21
14 6 81
14 7 160
15 1 300
15 2 658
15 3 322
15 4 706
15 5 124
15 6 364
15 7 797
16 1 147
16 2 299
16 3 161
16 4 328
16 5 57
16 6 181
16 7 367
17 1 276
17 2 543
17 3 302
17 4 593
17 5 99
17 6 335
17 7 659
18 1 146
18 2 323
18 3 157
18 4 346
18 5 62
18 6 177
18 7 391
19 1 52
19 2 119
19 3 56
19 4 127
19 5 19
19 6 65
19 7 147
20 1 93
20 2 197
20 3 100
20 4 212
20 5 32
20 6 107
20 7 226

# Energy Consumption
1 1 0
1 2 24
1 3 0
1 4 23
1 5 3
1 6 0
1 7 16
2 1 0
2 2 71
2 3 0
2 4 66
2 5 10
2 6 0
2 7 47
3 1 0
3 2 49
3 3 0
3 4 46
3 5 8
3 6 0
3 7 30
4 1 0
4 2 89
4 3 0
4 4 72
4 5 9
4 6 0
4 7 47
5 1 0
5 2 32
5 3 0
5 4 29
5 5 4
5 6 0
5 7 20
6 1 0
6 2 137
6 3 0
6 4 121
6 5 12
6 6 0
6 7 95
7 1 0
7 2 114
7 3 0
7 4 85
7 5 9
7 6 0
7 7 66
8 1 0
8 2 17
8 3 0
8 4 14
8 5 2
8 6 0
8 7 10
9 1 0
9 2 95
9 3 0
9 4 81
9 5 8
9 6 0
9 7 60
10 1 0
10 2 113
10 3 0
10 4 95
10 5 11
10 6 0
10 7 72
11 1 0
11 2 14
11 3 0
11 4 12
11 5 2
11 6 0
11 7 11
12 1 0
12 2 66
12 3 0
12 4 57
12 5 7
12 6 0
12 7 46
13 1 0
13 2 93
13 3 0
13 4 79
13 5 10
13 6 0
13 7 55
14 1 0
14 2 40
14 3 0
14 4 29
14 5 4
14 6 0
14 7 24
15 1 0
15 2 193
15 3 0
15 4 148
15 5 20
15 6 0
15 7 99
16 1 0
16 2 73
16 3 0
16 4 70
16 5 9
16 6 0
16 7 46
17 1 0
17 2 151
17 3 0
17 4 119
17 5 15
17 6 0
17 7 92
18 1 0
18 2 80
18 3 0
18 4 68
18 5 10
18 6 0
18 7 56
19 1 0
19 2 31
19 3 0
19 4 26
19 5 3
19 6 0
19 7 21
20 1 0
20 2 56
20 3 0
20 4 42
20 5 5
20 6 0
20 7 32

# Precedence Relations
1 5
2 6
3 7
5 11
6 8
6 9
6 10
6 12
8 15
9 13
10 14
11 16
12 17
13 18
14 19
15 20

# Parameters
R_e = 0.0500
T = 1000.0
C_s = 4.0
C_w = 36.0
C_c = 5.0
