# Tasks
1 2 3 4 5 6 7 8 9 10 11 12 13 14 15 16 17 18 19 20

# Workstations
1 2 3 4 5 6 7 8 9 10 11 12 13 14 15 16 17 18 19 20

# Modes
1 2 3 4 5 6 7

# Processing Times
1 1 165
1 2 210
1 3 150
1 4 191
1 5 154
1 6 197
1 7 250
2 1 79
2 2 101
2 3 72
2 4 92
2 5 74
2 6 94
2 7 120
3 1 84
3 2 107
3 3 77
3 4 98
3 5 79
3 6 100
3 7 128
4 1 234
4 2 297
4 3 213
4 4 270
4 5 219
4 6 278
4 7 353
5 1 79
5 2 101
5 3 72
5 4 92
5 5 74
5 6 94
5 7 120
6 1 241
6 2 306
6 3 219
6 4 278
6 5 225
6 6 287
6 7 364
7 1 74
7 2 94
7 3 68
7 4 86
7 5 70
7 6 88
7 7 112
8 1 96
8 2 122
8 3 88
8 4 111
8 5 90
8 6 115
8 7 145
9 1 44
9 2 56
9 3 40
9 4 51
9 5 42
9 6 53
9 7 67
10 1 225
10 2 286
10 3 205
10 4 260
10 5 210
10 6 268
10 7 340
11 1 77
11 2 98
11 3 70
11 4 89
11 5 72
11 6 92
11 7 117
12 1 124
12 2 158
12 3 113
12 4 144
12 5 116
12 6 148
12 7 188
13 1 119
13 2 151
13 3 108
13 4 138
13 5 112
13 6 142
13 7 180
14 1 160
14 2 203
14 3 146
14 4 185
14 5 150
14 6 191
14 7 242
15 1 41
15 2 53
15 3 38
15 4 49
15 5 39
15 6 49
15 7 63
16 1 204
16 2 259
16 3 186
16 4 235
16 5 191
16 6 243
16 7 308
17 1 319
17 2 405
17 3 290
17 4 368
17 5 298
17 6 379
17 7 482
18 1 248
18 2 315
18 3 226
18 4 286
18 5 232
18 6 295
18 7 375
19 1 127
19 2 162
19 3 116
19 4 147
19 5 119
19 6 151
19 7 193
20 1 84
20 2 107
20 3 77
20 4 98
20 5 79
20 6 100
20 7 128

# Energy Consumption
1 1 0
1 2 50
1 3 0
1 4 42
1 5 24
1 6 0
1 7 35
2 1 0
2 2 25
2 3 0
2 4 19
2 5 11
2 6 0
2 7 18
3 1 0
3 2 31
3 3 0
3 4 18
3 5 12
3 6 0
3 7 18
4 1 0
4 2 84
4 3 0
4 4 57
4 5 34
4 6 0
4 7 49
5 1 0
5 2 26
5 3 0
5 4 18
5 5 11
5 6 0
5 7 18
6 1 0
6 2 74
6 3 0
6 4 57
6 5 36
6 6 0
6 7 54
7 1 0
7 2 24
7 3 0
7 4 18
7 5 12
7 6 0
7 7 17
8 1 0
8 2 29
8 3 0
8 4 24
8 5 13
8 6 0
8 7 22
9 1 0
9 2 16
9 3 0
9 4 11
9 5 7
9 6 0
9 7 10
10 1 0
10 2 75
10 3 0
10 4 57
10 5 32
10 6 0
10 7 51
11 1 0
11 2 29
11 3 0
11 4 18
11 5 12
11 6 0
11 7 15
12 1 0
12 2 40
12 3 0
12 4 31
12 5 18
12 6 0
12 7 28
13 1 0
13 2 41
13 3 0
13 4 30
13 5 16
13 6 0
13 7 25
14 1 0
14 2 46
14 3 0
14 4 40
14 5 22
14 6 0
14 7 32
15 1 0
15 2 13
15 3 0
15 4 11
15 5 6
15 6 0
15 7 10
16 1 0
16 2 58
16 3 0
16 4 52
16 5 30
16 6 0
16 7 38
17 1 0
17 2 117
17 3 0
17 4 67
17 5 46
17 6 0
17 7 66
18 1 0
18 2 92
18 3 0
18 4 54
18 5 36
18 6 0
18 7 55
19 1 0
19 2 38
19 3 0
19 4 27
19 5 17
19 6 0
19 7 25
20 1 0
20 2 26
20 3 0
20 4 20
20 5 12
20 6 0
20 7 19

# Precedence Relations
1 11
2 7
3 6
3 7
4 5
4 6
5 11
7 8
7 9
7 10
8 11
9 11
10 12
10 13
11 14
11 15
11 16
11 17
15 19
15 20
16 18
17 19

# Parameters
R_e = 0.0500
T = 1000.0
C_s = 4.0
C_w = 36.0
C_c = 5.0
