# Tasks
1 2 3 4 5 6 7 8 9 10 11 12 13 14 15 16 17 18 19 20 21 22 23 24 25 26 27 28 29 30 31 32 33 34 35 36 37 38 39 40 41 42 43 44 45 46 47 48 49 50 51 52 53 54 55 56 57 58 59 60 61 62 63 64 65 66 67 68 69 70 71 72 73 74 75

# Workstations
1 2 3 4 5 6 7 8 9 10 11 12 13 14 15 16 17 18 19 20 21 22 23 24 25 26 27 28 29 30 31 32 33 34 35 36 37 38 39 40 41 42 43 44 45 46 47 48 49 50 51 52 53 54 55 56 57 58 59 60 61 62 63 64 65 66 67 68 69 70 71 72 73 74 75

# Modes
1 2 3 4 5 6 7

# Processing Times
1 1 23
1 2 35
1 3 24
1 4 36
1 5 9
1 6 29
1 7 44
2 1 24
2 2 32
2 3 24
2 4 31
2 5 10
2 6 35
2 7 46
3 1 25
3 2 39
3 3 27
3 4 41
3 5 10
3 6 33
3 7 51
4 1 26
4 2 37
4 3 26
4 4 37
4 5 10
4 6 36
4 7 52
5 1 23
5 2 34
5 3 23
5 4 34
5 5 10
5 6 32
5 7 47
6 1 22
6 2 28
6 3 23
6 4 29
6 5 7
6 6 29
6 7 37
7 1 6
7 2 8
7 3 7
7 4 9
7 5 3
7 6 9
7 7 12
8 1 22
8 2 30
8 3 22
8 4 29
8 5 8
8 6 32
8 7 44
9 1 23
9 2 36
9 3 23
9 4 36
9 5 9
9 6 30
9 7 47
10 1 21
10 2 28
10 3 22
10 4 29
10 5 7
10 6 28
10 7 37
11 1 22
11 2 32
11 3 22
11 4 32
11 5 9
11 6 30
11 7 43
12 1 15
12 2 22
12 3 16
12 4 23
12 5 7
12 6 20
12 7 30
13 1 5
13 2 8
13 3 5
13 4 8
13 5 2
13 6 8
13 7 12
14 1 23
14 2 37
14 3 23
14 4 37
14 5 9
14 6 30
14 7 48
15 1 4
15 2 7
15 3 4
15 4 7
15 5 2
15 6 6
15 7 10
16 1 26
16 2 40
16 3 26
16 4 40
16 5 10
16 6 36
16 7 55
17 1 21
17 2 33
17 3 22
17 4 35
17 5 9
17 6 28
17 7 44
18 1 5
18 2 7
18 3 5
18 4 7
18 5 2
18 6 7
18 7 10
19 1 24
19 2 37
19 3 25
19 4 38
19 5 8
19 6 31
19 7 47
20 1 25
20 2 36
20 3 26
20 4 37
20 5 10
20 6 35
20 7 50
21 1 26
21 2 41
21 3 28
21 4 43
21 5 10
21 6 37
21 7 57
22 1 26
22 2 38
22 3 25
22 4 37
22 5 9
22 6 37
22 7 54
23 1 24
23 2 33
23 3 25
23 4 35
23 5 8
23 6 33
23 7 46
24 1 27
24 2 42
24 3 28
24 4 44
24 5 9
24 6 37
24 7 57
25 1 20
25 2 27
25 3 21
25 4 28
25 5 9
25 6 26
25 7 35
26 1 23
26 2 29
26 3 23
26 4 29
26 5 10
26 6 30
26 7 38
27 1 25
27 2 32
27 3 27
27 4 34
27 5 11
27 6 34
27 7 43
28 1 13
28 2 21
28 3 13
28 4 20
28 5 6
28 6 19
28 7 30
29 1 3
29 2 5
29 3 4
29 4 6
29 5 1
29 6 4
29 7 7
30 1 11
30 2 16
30 3 12
30 4 17
30 5 4
30 6 16
30 7 24
31 1 21
31 2 32
31 3 21
31 4 32
31 5 7
31 6 27
31 7 41
32 1 22
32 2 29
32 3 23
32 4 30
32 5 10
32 6 29
32 7 38
33 1 21
33 2 28
33 3 21
33 4 28
33 5 8
33 6 28
33 7 37
34 1 22
34 2 33
34 3 22
34 4 33
34 5 8
34 6 31
34 7 46
35 1 25
35 2 31
35 3 26
35 4 32
35 5 10
35 6 34
35 7 42
36 1 8
36 2 11
36 3 9
36 4 12
36 5 4
36 6 12
36 7 16
37 1 22
37 2 31
37 3 24
37 4 33
37 5 8
37 6 28
37 7 40
38 1 24
38 2 36
38 3 24
38 4 36
38 5 11
38 6 34
38 7 51
39 1 22
39 2 29
39 3 21
39 4 28
39 5 7
39 6 28
39 7 37
40 1 21
40 2 30
40 3 22
40 4 31
40 5 10
40 6 30
40 7 43
41 1 6
41 2 9
41 3 6
41 4 9
41 5 3
41 6 9
41 7 13
42 1 26
42 2 40
42 3 27
42 4 41
42 5 10
42 6 33
42 7 51
43 1 22
43 2 31
43 3 23
43 4 32
43 5 9
43 6 29
43 7 41
44 1 6
44 2 9
44 3 6
44 4 9
44 5 3
44 6 9
44 7 13
45 1 21
45 2 30
45 3 22
45 4 31
45 5 8
45 6 29
45 7 41
46 1 25
46 2 31
46 3 26
46 4 32
46 5 11
46 6 34
46 7 41
47 1 11
47 2 15
47 3 11
47 4 15
47 5 4
47 6 15
47 7 21
48 1 22
48 2 32
48 3 23
48 4 33
48 5 7
48 6 30
48 7 43
49 1 21
49 2 27
49 3 22
49 4 28
49 5 7
49 6 27
49 7 35
50 1 25
50 2 36
50 3 26
50 4 37
50 5 9
50 6 36
50 7 52
51 1 22
51 2 32
51 3 23
51 4 33
51 5 7
51 6 31
51 7 44
52 1 22
52 2 34
52 3 22
52 4 33
52 5 9
52 6 32
52 7 49
53 1 23
53 2 35
53 3 24
53 4 36
53 5 10
53 6 30
53 7 46
54 1 22
54 2 31
54 3 22
54 4 31
54 5 7
54 6 29
54 7 40
55 1 22
55 2 35
55 3 23
55 4 36
55 5 9
55 6 28
55 7 45
56 1 25
56 2 36
56 3 26
56 4 37
56 5 11
56 6 37
56 7 52
57 1 23
57 2 34
57 3 24
57 4 35
57 5 9
57 6 33
57 7 49
58 1 21
58 2 32
58 3 22
58 4 33
58 5 7
58 6 27
58 7 41
59 1 22
59 2 30
59 3 23
59 4 31
59 5 8
59 6 30
59 7 41
60 1 22
60 2 30
60 3 22
60 4 29
60 5 9
60 6 31
60 7 42
61 1 22
61 2 31
61 3 21
61 4 30
61 5 10
61 6 30
61 7 42
62 1 22
62 2 27
62 3 23
62 4 29
62 5 9
62 6 30
62 7 37
63 1 21
63 2 30
63 3 21
63 4 30
63 5 9
63 6 29
63 7 41
64 1 27
64 2 41
64 3 27
64 4 41
64 5 9
64 6 38
64 7 57
65 1 23
65 2 37
65 3 24
65 4 39
65 5 9
65 6 29
65 7 47
66 1 2
66 2 3
66 3 3
66 4 4
66 5 1
66 6 3
66 7 5
67 1 26
67 2 38
67 3 27
67 4 39
67 5 12
67 6 35
67 7 51
68 1 25
68 2 38
68 3 27
68 4 40
68 5 9
68 6 36
68 7 55
69 1 24
69 2 37
69 3 25
69 4 39
69 5 9
69 6 33
69 7 51
70 1 22
70 2 33
70 3 23
70 4 35
70 5 8
70 6 32
70 7 48
71 1 24
71 2 34
71 3 25
71 4 35
71 5 10
71 6 34
71 7 47
72 1 4
72 2 7
72 3 5
72 4 8
72 5 2
72 6 6
72 7 10
73 1 22
73 2 29
73 3 24
73 4 31
73 5 10
73 6 30
73 7 39
74 1 10
74 2 15
74 3 11
74 4 16
74 5 4
74 6 15
74 7 22
75 1 25
75 2 38
75 3 25
75 4 38
75 5 8
75 6 36
75 7 55

# Energy Consumption
1 1 0
1 2 8
1 3 0
1 4 8
1 5 2
1 6 0
1 7 7
2 1 0
2 2 8
2 3 0
2 4 7
2 5 2
2 6 0
2 7 6
3 1 0
3 2 12
3 3 0
3 4 8
3 5 2
3 6 0
3 7 7
4 1 0
4 2 9
4 3 0
4 4 8
4 5 2
4 6 0
4 7 8
5 1 0
5 2 10
5 3 0
5 4 7
5 5 2
5 6 0
5 7 7
6 1 0
6 2 8
6 3 0
6 4 7
6 5 2
6 6 0
6 7 5
7 1 0
7 2 3
7 3 0
7 4 2
7 5 1
7 6 0
7 7 2
8 1 0
8 2 9
8 3 0
8 4 7
8 5 2
8 6 0
8 7 6
9 1 0
9 2 9
9 3 0
9 4 7
9 5 2
9 6 0
9 7 6
10 1 0
10 2 8
10 3 0
10 4 6
10 5 2
10 6 0
10 7 6
11 1 0
11 2 10
11 3 0
11 4 6
11 5 2
11 6 0
11 7 6
12 1 0
12 2 6
12 3 0
12 4 5
12 5 2
12 6 0
12 7 4
13 1 0
13 2 3
13 3 0
13 4 2
13 5 1
13 6 0
13 7 2
14 1 0
14 2 9
14 3 0
14 4 8
14 5 2
14 6 0
14 7 8
15 1 0
15 2 2
15 3 0
15 4 2
15 5 1
15 6 0
15 7 2
16 1 0
16 2 10
16 3 0
16 4 8
16 5 2
16 6 0
16 7 7
17 1 0
17 2 10
17 3 0
17 4 7
17 5 2
17 6 0
17 7 7
18 1 0
18 2 2
18 3 0
18 4 2
18 5 1
18 6 0
18 7 2
19 1 0
19 2 11
19 3 0
19 4 8
19 5 2
19 6 0
19 7 7
20 1 0
20 2 11
20 3 0
20 4 8
20 5 2
20 6 0
20 7 7
21 1 0
21 2 11
21 3 0
21 4 9
21 5 2
21 6 0
21 7 8
22 1 0
22 2 9
22 3 0
22 4 7
22 5 2
22 6 0
22 7 8
23 1 0
23 2 8
23 3 0
23 4 7
23 5 2
23 6 0
23 7 6
24 1 0
24 2 11
24 3 0
24 4 8
24 5 2
24 6 0
24 7 8
25 1 0
25 2 7
25 3 0
25 4 6
25 5 2
25 6 0
25 7 5
26 1 0
26 2 7
26 3 0
26 4 7
26 5 2
26 6 0
26 7 5
27 1 0
27 2 10
27 3 0
27 4 7
27 5 2
27 6 0
27 7 6
28 1 0
28 2 6
28 3 0
28 4 4
28 5 1
28 6 0
28 7 4
29 1 0
29 2 2
29 3 0
29 4 2
29 5 1
29 6 0
29 7 1
30 1 0
30 2 5
30 3 0
30 4 4
30 5 1
30 6 0
30 7 4
31 1 0
31 2 9
31 3 0
31 4 7
31 5 2
31 6 0
31 7 6
32 1 0
32 2 8
32 3 0
32 4 6
32 5 2
32 6 0
32 7 5
33 1 0
33 2 7
33 3 0
33 4 6
33 5 2
33 6 0
33 7 6
34 1 0
34 2 9
34 3 0
34 4 7
34 5 2
34 6 0
34 7 6
35 1 0
35 2 9
35 3 0
35 4 6
35 5 2
35 6 0
35 7 6
36 1 0
36 2 3
36 3 0
36 4 3
36 5 1
36 6 0
36 7 3
37 1 0
37 2 9
37 3 0
37 4 8
37 5 2
37 6 0
37 7 6
38 1 0
38 2 10
38 3 0
38 4 8
38 5 2
38 6 0
38 7 7
39 1 0
39 2 7
39 3 0
39 4 6
39 5 2
39 6 0
39 7 5
40 1 0
40 2 8
40 3 0
40 4 7
40 5 2
40 6 0
40 7 7
41 1 0
41 2 3
41 3 0
41 4 2
41 5 1
41 6 0
41 7 2
42 1 0
42 2 12
42 3 0
42 4 9
42 5 2
42 6 0
42 7 7
43 1 0
43 2 10
43 3 0
43 4 7
43 5 2
43 6 0
43 7 6
44 1 0
44 2 3
44 3 0
44 4 2
44 5 1
44 6 0
44 7 2
45 1 0
45 2 8
45 3 0
45 4 7
45 5 2
45 6 0
45 7 6
46 1 0
46 2 8
46 3 0
46 4 6
46 5 2
46 6 0
46 7 6
47 1 0
47 2 5
47 3 0
47 4 3
47 5 1
47 6 0
47 7 3
48 1 0
48 2 9
48 3 0
48 4 8
48 5 2
48 6 0
48 7 7
49 1 0
49 2 7
49 3 0
49 4 6
49 5 2
49 6 0
49 7 5
50 1 0
50 2 11
50 3 0
50 4 8
50 5 2
50 6 0
50 7 8
51 1 0
51 2 8
51 3 0
51 4 8
51 5 1
51 6 0
51 7 6
52 1 0
52 2 9
52 3 0
52 4 7
52 5 2
52 6 0
52 7 7
53 1 0
53 2 11
53 3 0
53 4 7
53 5 2
53 6 0
53 7 6
54 1 0
54 2 9
54 3 0
54 4 6
54 5 2
54 6 0
54 7 6
55 1 0
55 2 9
55 3 0
55 4 7
55 5 2
55 6 0
55 7 7
56 1 0
56 2 10
56 3 0
56 4 7
56 5 2
56 6 0
56 7 8
57 1 0
57 2 9
57 3 0
57 4 7
57 5 2
57 6 0
57 7 7
58 1 0
58 2 8
58 3 0
58 4 8
58 5 2
58 6 0
58 7 5
59 1 0
59 2 8
59 3 0
59 4 7
59 5 2
59 6 0
59 7 6
60 1 0
60 2 9
60 3 0
60 4 7
60 5 2
60 6 0
60 7 6
61 1 0
61 2 8
61 3 0
61 4 6
61 5 2
61 6 0
61 7 6
62 1 0
62 2 8
62 3 0
62 4 6
62 5 2
62 6 0
62 7 6
63 1 0
63 2 8
63 3 0
63 4 7
63 5 2
63 6 0
63 7 7
64 1 0
64 2 11
64 3 0
64 4 9
64 5 2
64 6 0
64 7 9
65 1 0
65 2 11
65 3 0
65 4 8
65 5 2
65 6 0
65 7 7
66 1 0
66 2 1
66 3 0
66 4 1
66 5 1
66 6 0
66 7 1
67 1 0
67 2 11
67 3 0
67 4 9
67 5 2
67 6 0
67 7 8
68 1 0
68 2 10
68 3 0
68 4 8
68 5 2
68 6 0
68 7 8
69 1 0
69 2 12
69 3 0
69 4 8
69 5 2
69 6 0
69 7 7
70 1 0
70 2 10
70 3 0
70 4 7
70 5 2
70 6 0
70 7 8
71 1 0
71 2 9
71 3 0
71 4 7
71 5 2
71 6 0
71 7 7
72 1 0
72 2 2
72 3 0
72 4 2
72 5 1
72 6 0
72 7 2
73 1 0
73 2 8
73 3 0
73 4 7
73 5 2
73 6 0
73 7 6
74 1 0
74 2 4
74 3 0
74 4 4
74 5 1
74 6 0
74 7 3
75 1 0
75 2 11
75 3 0
75 4 8
75 5 2
75 6 0
75 7 7

# Precedence Relations
1 2
1 3
1 4
1 5
1 6
1 7
2 15
3 13
3 24
4 8
4 14
4 16
5 12
5 15
6 9
6 10
6 11
6 13
9 20
9 24
10 18
12 19
13 22
15 17
15 20
15 23
16 21
16 26
17 30
18 26
18 30
20 27
21 33
24 25
25 28
25 30
25 33
25 34
26 31
26 32
26 41
27 29
27 35
27 36
31 37
31 39
32 44
32 45
33 41
35 38
35 42
36 40
36 43
39 51
40 46
42 47
43 48
43 50
46 51
46 48
47 49
47 50
47 52
47 53
49 59
49 61
49 62
50 54
50 55
50 60
50 62
52 56
52 57
53 58
55 63
58 65
59 64
59 66
62 67
66 68
68 69
68 70
68 71
68 72
68 73
68 74
68 75

# Parameters
R_e = 0.0500
T = 39.0
C_s = 4.0
C_w = 36.0
C_c = 5.0
