# Tasks
1 2 3 4 5 6 7 8 9 10 11 12 13 14 15 16 17 18 19 20

# Workstations
1 2 3 4 5 6 7 8 9 10 11 12 13 14 15 16 17 18 19 20

# Modes
1 2 3 4 5 6 7

# Processing Times
1 1 570
1 2 1346
1 3 538
1 4 1269
1 5 341
1 6 720
1 7 1700
2 1 504
2 2 1191
2 3 475
2 4 1123
2 5 302
2 6 637
2 7 1504
3 1 232
3 2 548
3 3 219
3 4 517
3 5 139
3 6 293
3 7 692
4 1 336
4 2 794
4 3 317
4 4 749
4 5 201
4 6 425
4 7 1003
5 1 724
5 2 1710
5 3 683
5 4 1612
5 5 433
5 6 915
5 7 2160
6 1 463
6 2 1094
6 3 437
6 4 1031
6 5 277
6 6 585
6 7 1382
7 1 537
7 2 1269
7 3 507
7 4 1196
7 5 321
7 6 679
7 7 1603
8 1 553
8 2 1306
8 3 522
8 4 1231
8 5 331
8 6 699
8 7 1649
9 1 669
9 2 1580
9 3 631
9 4 1489
9 5 400
9 6 845
9 7 1995
10 1 350
10 2 827
10 3 330
10 4 780
10 5 210
10 6 442
10 7 1045
11 1 463
11 2 1094
11 3 437
11 4 1031
11 5 277
11 6 585
11 7 1382
12 1 365
12 2 862
12 3 344
12 4 813
12 5 219
12 6 461
12 7 1089
13 1 422
13 2 997
13 3 398
13 4 940
13 5 253
13 6 533
13 7 1259
14 1 544
14 2 1285
14 3 513
14 4 1211
14 5 325
14 6 687
14 7 1623
15 1 483
15 2 1141
15 3 456
15 4 1076
15 5 289
15 6 610
15 7 1441
16 1 380
16 2 898
16 3 359
16 4 847
16 5 227
16 6 480
16 7 1134
17 1 535
17 2 1264
17 3 505
17 4 1192
17 5 320
17 6 676
17 7 1596
18 1 628
18 2 1483
18 3 592
18 4 1398
18 5 376
18 6 793
18 7 1873
19 1 437
19 2 1032
19 3 412
19 4 973
19 5 262
19 6 552
19 7 1304
20 1 283
20 2 669
20 3 267
20 4 631
20 5 170
20 6 358
20 7 845

# Energy Consumption
1 1 0
1 2 383
1 3 0
1 4 245
1 5 55
1 6 0
1 7 208
2 1 0
2 2 278
2 3 0
2 4 213
2 5 45
2 6 0
2 7 218
3 1 0
3 2 138
3 3 0
3 4 104
3 5 20
3 6 0
3 7 95
4 1 0
4 2 195
4 3 0
4 4 153
4 5 31
4 6 0
4 7 128
5 1 0
5 2 413
5 3 0
5 4 337
5 5 63
5 6 0
5 7 274
6 1 0
6 2 266
6 3 0
6 4 226
6 5 42
6 6 0
6 7 180
7 1 0
7 2 321
7 3 0
7 4 246
7 5 50
7 6 0
7 7 223
8 1 0
8 2 342
8 3 0
8 4 261
8 5 48
8 6 0
8 7 240
9 1 0
9 2 351
9 3 0
9 4 287
9 5 62
9 6 0
9 7 242
10 1 0
10 2 213
10 3 0
10 4 164
10 5 32
10 6 0
10 7 128
11 1 0
11 2 262
11 3 0
11 4 195
11 5 40
11 6 0
11 7 172
12 1 0
12 2 215
12 3 0
12 4 157
12 5 33
12 6 0
12 7 132
13 1 0
13 2 292
13 3 0
13 4 177
13 5 39
13 6 0
13 7 176
14 1 0
14 2 371
14 3 0
14 4 230
14 5 51
14 6 0
14 7 232
15 1 0
15 2 264
15 3 0
15 4 205
15 5 45
15 6 0
15 7 185
16 1 0
16 2 215
16 3 0
16 4 183
16 5 33
16 6 0
16 7 137
17 1 0
17 2 332
17 3 0
17 4 230
17 5 47
17 6 0
17 7 193
18 1 0
18 2 379
18 3 0
18 4 263
18 5 58
18 6 0
18 7 265
19 1 0
19 2 271
19 3 0
19 4 176
19 5 42
19 6 0
19 7 183
20 1 0
20 2 173
20 3 0
20 4 118
20 5 24
20 6 0
20 7 121

# Precedence Relations
1 10
2 10
3 10
4 6
4 8
4 12
5 7
5 9
5 10
5 11
6 10
7 18
8 11
9 12
9 17
9 18
10 13
10 14
10 15
10 16
11 17
11 18
13 20
14 17
15 17
16 18
17 19
17 20
18 19

# Parameters
R_e = 0.0500
T = 2268.0
C_s = 4.0
C_w = 36.0
C_c = 5.0
