# Tasks
1 2 3 4 5 6 7 8 9 10 11 12 13 14 15 16 17 18 19 20 21 22 23 24 25 26 27 28

# Workstations
1 2 3 4 5 6 7 8 9 10 11 12 13 14 15 16 17 18 19 20 21 22 23 24 25 26 27 28

# Modes
1 2 3 4 5 6 7

# Processing Times
1 1 70
1 2 97
1 3 74
1 4 102
1 5 41
1 6 72
1 7 99
2 1 59
2 2 89
2 3 63
2 4 95
2 5 38
2 6 64
2 7 96
3 1 33
3 2 41
3 3 36
3 4 45
3 5 20
3 6 35
3 7 43
4 1 6
4 2 9
4 3 7
4 4 10
4 5 4
4 6 7
4 7 10
5 1 1
5 2 2
5 3 2
5 4 3
5 5 1
5 6 2
5 7 3
6 1 27
6 2 41
6 3 30
6 4 45
6 5 18
6 6 28
6 7 42
7 1 17
7 2 26
7 3 19
7 4 28
7 5 10
7 6 19
7 7 29
8 1 62
8 2 96
8 3 68
8 4 106
8 5 42
8 6 63
8 7 97
9 1 31
9 2 41
9 3 34
9 4 44
9 5 22
9 6 33
9 7 44
10 1 53
10 2 80
10 3 58
10 4 87
10 5 31
10 6 54
10 7 81
11 1 21
11 2 33
11 3 23
11 4 36
11 5 13
11 6 22
11 7 34
12 1 19
12 2 28
12 3 21
12 4 31
12 5 12
12 6 20
12 7 30
13 1 108
13 2 159
13 3 114
13 4 168
13 5 64
13 6 110
13 7 162
14 1 52
14 2 70
14 3 55
14 4 74
14 5 29
14 6 53
14 7 71
15 1 5
15 2 7
15 3 6
15 4 8
15 5 4
15 6 6
15 7 8
16 1 8
16 2 10
16 3 9
16 4 11
16 5 5
16 6 9
16 7 11
17 1 97
17 2 138
17 3 106
17 4 151
17 5 59
17 6 106
17 7 150
18 1 8
18 2 12
18 3 9
18 4 13
18 5 6
18 6 9
18 7 13
19 1 47
19 2 66
19 3 50
19 4 70
19 5 33
19 6 48
19 7 67
20 1 67
20 2 88
20 3 73
20 4 95
20 5 44
20 6 74
20 7 97
21 1 17
21 2 24
21 3 18
21 4 26
21 5 12
21 6 19
21 7 27
22 1 8
22 2 11
22 3 9
22 4 13
22 5 5
22 6 9
22 7 12
23 1 3
23 2 5
23 3 4
23 4 6
23 5 3
23 6 4
23 7 6
24 1 21
24 2 32
24 3 23
24 4 35
24 5 13
24 6 22
24 7 33
25 1 107
25 2 137
25 3 118
25 4 151
25 5 69
25 6 111
25 7 143
26 1 3
26 2 5
26 3 4
26 4 6
26 5 2
26 6 4
26 7 6
27 1 2
27 2 3
27 3 3
27 4 4
27 5 2
27 6 3
27 7 4
28 1 72
28 2 114
28 3 77
28 4 122
28 5 47
28 6 74
28 7 118

# Energy Consumption
1 1 0
1 2 24
1 3 0
1 4 22
1 5 7
1 6 0
1 7 15
2 1 0
2 2 23
2 3 0
2 4 19
2 5 6
2 6 0
2 7 14
3 1 0
3 2 12
3 3 0
3 4 9
3 5 4
3 6 0
3 7 6
4 1 0
4 2 3
4 3 0
4 4 3
4 5 1
4 6 0
4 7 2
5 1 0
5 2 1
5 3 0
5 4 1
5 5 1
5 6 0
5 7 1
6 1 0
6 2 10
6 3 0
6 4 10
6 5 3
6 6 0
6 7 6
7 1 0
7 2 6
7 3 0
7 4 7
7 5 2
7 6 0
7 7 5
8 1 0
8 2 25
8 3 0
8 4 23
8 5 7
8 6 0
8 7 14
9 1 0
9 2 11
9 3 0
9 4 10
9 5 4
9 6 0
9 7 7
10 1 0
10 2 23
10 3 0
10 4 18
10 5 5
10 6 0
10 7 12
11 1 0
11 2 8
11 3 0
11 4 7
11 5 2
11 6 0
11 7 5
12 1 0
12 2 8
12 3 0
12 4 7
12 5 2
12 6 0
12 7 5
13 1 0
13 2 39
13 3 0
13 4 34
13 5 10
13 6 0
13 7 23
14 1 0
14 2 21
14 3 0
14 4 16
14 5 5
14 6 0
14 7 10
15 1 0
15 2 2
15 3 0
15 4 2
15 5 1
15 6 0
15 7 1
16 1 0
16 2 3
16 3 0
16 4 3
16 5 1
16 6 0
16 7 2
17 1 0
17 2 38
17 3 0
17 4 34
17 5 10
17 6 0
17 7 19
18 1 0
18 2 3
18 3 0
18 4 3
18 5 1
18 6 0
18 7 2
19 1 0
19 2 19
19 3 0
19 4 15
19 5 6
19 6 0
19 7 10
20 1 0
20 2 23
20 3 0
20 4 21
20 5 7
20 6 0
20 7 13
21 1 0
21 2 6
21 3 0
21 4 6
21 5 2
21 6 0
21 7 4
22 1 0
22 2 3
22 3 0
22 4 3
22 5 1
22 6 0
22 7 2
23 1 0
23 2 2
23 3 0
23 4 2
23 5 1
23 6 0
23 7 1
24 1 0
24 2 8
24 3 0
24 4 8
24 5 2
24 6 0
24 7 5
25 1 0
25 2 36
25 3 0
25 4 29
25 5 10
25 6 0
25 7 19
26 1 0
26 2 2
26 3 0
26 4 2
26 5 1
26 6 0
26 7 1
27 1 0
27 2 1
27 3 0
27 4 1
27 5 1
27 6 0
27 7 1
28 1 0
28 2 26
28 3 0
28 4 23
28 5 8
28 6 0
28 7 16

# Precedence Relations
1 3
1 4
1 5
1 8
1 19
1 21
1 22
1 23
1 24
1 26
2 6
2 17
3 28
4 28
5 28
6 7
7 18
8 9
9 10
10 11
10 12
11 15
12 13
13 14
13 16
14 28
15 28
16 28
17 28
18 28
19 20
20 28
21 28
22 28
23 28
24 25
25 28
26 27
27 28

# Parameters
R_e = 0.0500
T = 236.0
C_s = 4.0
C_w = 36.0
C_c = 5.0
