# Tasks
1 2 3 4 5 6 7 8

# Workstations
1 2 3 4 5 6 7 8

# Modes
1 2 3 4 5 6 7

# Processing Times
1 1 11
1 2 23
1 3 12
1 4 25
1 5 5
1 6 14
1 7 29
2 1 17
2 2 36
2 3 19
2 4 39
2 5 7
2 6 19
2 7 40
3 1 9
3 2 17
3 3 10
3 4 19
3 5 3
3 6 11
3 7 20
4 1 5
4 2 12
4 3 6
4 4 13
4 5 3
4 6 7
4 7 15
5 1 8
5 2 17
5 3 9
5 4 18
5 5 3
5 6 10
5 7 20
6 1 12
6 2 30
6 3 14
6 4 33
6 5 5
6 6 15
6 7 36
7 1 10
7 2 25
7 3 11
7 4 28
7 5 4
7 6 12
7 7 30
8 1 3
8 2 7
8 3 4
8 4 8
8 5 2
8 6 4
8 7 9

# Energy Consumption
1 1 0
1 2 6
1 3 0
1 4 6
1 5 1
1 6 0
1 7 5
2 1 0
2 2 9
2 3 0
2 4 9
2 5 2
2 6 0
2 7 6
3 1 0
3 2 4
3 3 0
3 4 4
3 5 1
3 6 0
3 7 3
4 1 0
4 2 4
4 3 0
4 4 3
4 5 1
4 6 0
4 7 2
5 1 0
5 2 5
5 3 0
5 4 4
5 5 1
5 6 0
5 7 3
6 1 0
6 2 7
6 3 0
6 4 7
6 5 1
6 6 0
6 7 5
7 1 0
7 2 8
7 3 0
7 4 6
7 5 1
7 6 0
7 7 5
8 1 0
8 2 2
8 3 0
8 4 2
8 5 1
8 6 0
8 7 2

# Precedence Relations
1 2
2 3
2 4
3 5
3 6
4 6
5 7
6 8

# Parameters
R_e = 0.0500
T = 20.0
C_s = 4.0
C_w = 36.0
C_c = 5.0
