# Tasks
1 2 3 4 5 6 7 8 9 10 11 12 13 14 15 16 17 18 19 20 21 22 23 24 25 26 27 28 29 30 31 32 33 34 35 36 37 38 39 40 41 42 43 44 45 46 47 48 49 50 51 52 53 54 55 56 57 58 59 60 61 62 63 64 65 66 67 68 69 70 71 72 73 74 75 76 77 78 79 80 81 82 83

# Workstations
1 2 3 4 5 6 7 8 9 10 11 12 13 14 15 16 17 18 19 20 21 22 23 24 25 26 27 28 29 30 31 32 33 34 35 36 37 38 39 40 41 42 43 44 45 46 47 48 49 50 51 52 53 54 55 56 57 58 59 60 61 62 63 64 65 66 67 68 69 70 71 72 73 74 75 76 77 78 79 80 81 82 83

# Modes
1 2 3 4 5 6 7

# Processing Times
1 1 1673
1 2 2122
1 3 1518
1 4 1926
1 5 1561
1 6 1988
1 7 2521
2 1 985
2 2 1250
2 3 894
2 4 1135
2 5 920
2 6 1171
2 7 1485
3 1 1836
3 2 2329
3 3 1666
3 4 2114
3 5 1713
3 6 2182
3 7 2767
4 1 973
4 2 1235
4 3 883
4 4 1121
4 5 908
4 6 1156
4 7 1468
5 1 1700
5 2 2157
5 3 1543
5 4 1958
5 5 1587
5 6 2020
5 7 2563
6 1 2881
6 2 3654
6 3 2614
6 4 3316
6 5 2688
6 6 3423
6 7 4341
7 1 2231
7 2 2830
7 3 2025
7 4 2568
7 5 2082
7 6 2651
7 7 3363
8 1 1040
8 2 1320
8 3 944
8 4 1198
8 5 971
8 6 1236
8 7 1569
9 1 1793
9 2 2275
9 3 1627
9 4 2065
9 5 1673
9 6 2131
9 7 2703
10 1 1250
10 2 1586
10 3 1135
10 4 1439
10 5 1167
10 6 1485
10 7 1885
11 1 700
11 2 888
11 3 636
11 4 806
11 5 654
11 6 832
11 7 1055
12 1 464
12 2 589
12 3 421
12 4 535
12 5 433
12 6 552
12 7 700
13 1 500
13 2 635
13 3 454
13 4 577
13 5 467
13 6 594
13 7 755
14 1 1133
14 2 1437
14 3 1028
14 4 1304
14 5 1058
14 6 1347
14 7 1708
15 1 577
15 2 732
15 3 524
15 4 665
15 5 539
15 6 686
15 7 870
16 1 483
16 2 613
16 3 439
16 4 557
16 5 451
16 6 574
16 7 729
17 1 880
17 2 1117
17 3 799
17 4 1014
17 5 822
17 6 1046
17 7 1327
18 1 667
18 2 846
18 3 606
18 4 768
18 5 623
18 6 793
18 7 1006
19 1 600
19 2 761
19 3 545
19 4 691
19 5 560
19 6 713
19 7 905
20 1 233
20 2 296
20 3 212
20 4 269
20 5 218
20 6 277
20 7 352
21 1 408
21 2 518
21 3 371
21 4 470
21 5 381
21 6 485
21 7 616
22 1 847
22 2 1075
22 3 769
22 4 976
22 5 791
22 6 1007
22 7 1278
23 1 767
23 2 973
23 3 696
23 4 883
23 5 716
23 6 912
23 7 1156
24 1 850
24 2 1079
24 3 772
24 4 979
24 5 794
24 6 1010
24 7 1282
25 1 780
25 2 990
25 3 708
25 4 899
25 5 728
25 6 927
25 7 1177
26 1 912
26 2 1157
26 3 828
26 4 1050
26 5 851
26 6 1084
26 7 1375
27 1 748
27 2 949
27 3 679
27 4 862
27 5 698
27 6 889
27 7 1128
28 1 1863
28 2 2363
28 3 1691
28 4 2144
28 5 1739
28 6 2214
28 7 2808
29 1 714
29 2 906
29 3 648
29 4 823
29 5 667
29 6 849
29 7 1077
30 1 1004
30 2 1274
30 3 911
30 4 1156
30 5 937
30 6 1193
30 7 1514
31 1 713
31 2 905
31 3 647
31 4 822
31 5 666
31 6 848
31 7 1076
32 1 642
32 2 815
32 3 583
32 4 740
32 5 599
32 6 763
32 7 969
33 1 629
33 2 798
33 3 571
33 4 725
33 5 587
33 6 748
33 7 949
34 1 1234
34 2 1566
34 3 1120
34 4 1421
34 5 1152
34 6 1466
34 7 1861
35 1 1143
35 2 1450
35 3 1038
35 4 1316
35 5 1067
35 6 1358
35 7 1723
36 1 1266
36 2 1606
36 3 1149
36 4 1458
36 5 1182
36 6 1505
36 7 1908
37 1 792
37 2 1005
37 3 719
37 4 912
37 5 739
37 6 941
37 7 1194
38 1 1251
38 2 1587
38 3 1136
38 4 1440
38 5 1168
38 6 1487
38 7 1886
39 1 1310
39 2 1662
39 3 1189
39 4 1508
39 5 1223
39 6 1557
39 7 1975
40 1 663
40 2 841
40 3 602
40 4 764
40 5 619
40 6 788
40 7 1000
41 1 494
41 2 627
41 3 449
41 4 569
41 5 461
41 6 587
41 7 745
42 1 1288
42 2 1634
42 3 1169
42 4 1483
42 5 1202
42 6 1531
42 7 1942
43 1 792
43 2 1005
43 3 719
43 4 912
43 5 739
43 6 941
43 7 1194
44 1 578
44 2 734
44 3 525
44 4 666
44 5 540
44 6 687
44 7 872
45 1 594
45 2 754
45 3 539
45 4 685
45 5 555
45 6 706
45 7 896
46 1 578
46 2 734
46 3 525
46 4 666
46 5 540
46 6 687
46 7 872
47 1 622
47 2 789
47 3 565
47 4 716
47 5 581
47 6 739
47 7 938
48 1 578
48 2 734
48 3 525
48 4 666
48 5 540
48 6 687
48 7 872
49 1 564
49 2 716
49 3 512
49 4 650
49 5 527
49 6 671
49 7 851
50 1 578
50 2 734
50 3 525
50 4 666
50 5 540
50 6 687
50 7 872
51 1 578
51 2 734
51 3 525
51 4 666
51 5 540
51 6 687
51 7 872
52 1 578
52 2 734
52 3 525
52 4 666
52 5 540
52 6 687
52 7 872
53 1 578
53 2 734
53 3 525
53 4 666
53 5 540
53 6 687
53 7 872
54 1 578
54 2 734
54 3 525
54 4 666
54 5 540
54 6 687
54 7 872
55 1 578
55 2 734
55 3 525
55 4 666
55 5 540
55 6 687
55 7 872
56 1 578
56 2 734
56 3 525
56 4 666
56 5 540
56 6 687
56 7 872
57 1 578
57 2 734
57 3 525
57 4 666
57 5 540
57 6 687
57 7 872
58 1 578
58 2 734
58 3 525
58 4 666
58 5 540
58 6 687
58 7 872
59 1 578
59 2 734
59 3 525
59 4 666
59 5 540
59 6 687
59 7 872
60 1 578
60 2 734
60 3 525
60 4 666
60 5 540
60 6 687
60 7 872
61 1 578
61 2 734
61 3 525
61 4 666
61 5 540
61 6 687
61 7 872
62 1 578
62 2 734
62 3 525
62 4 666
62 5 540
62 6 687
62 7 872
63 1 578
63 2 734
63 3 525
63 4 666
63 5 540
63 6 687
63 7 872
64 1 578
64 2 734
64 3 525
64 4 666
64 5 540
64 6 687
64 7 872
65 1 578
65 2 734
65 3 525
65 4 666
65 5 540
65 6 687
65 7 872
66 1 578
66 2 734
66 3 525
66 4 666
66 5 540
66 6 687
66 7 872
67 1 578
67 2 734
67 3 525
67 4 666
67 5 540
67 6 687
67 7 872
68 1 578
68 2 734
68 3 525
68 4 666
68 5 540
68 6 687
68 7 872
69 1 467
69 2 593
69 3 424
69 4 539
69 5 436
69 6 555
69 7 705
70 1 887
70 2 1125
70 3 805
70 4 1021
70 5 828
70 6 1054
70 7 1337
71 1 396
71 2 503
71 3 360
71 4 457
71 5 370
71 6 471
71 7 598
72 1 1296
72 2 1644
72 3 1176
72 4 1492
72 5 1210
72 6 1540
72 7 1954
73 1 1100
73 2 1396
73 3 999
73 4 1267
73 5 1027
73 6 1307
73 7 1659
74 1 2543
74 2 3226
74 3 2308
74 4 2927
74 5 2373
74 6 3022
74 7 3833
75 1 764
75 2 969
75 3 694
75 4 880
75 5 713
75 6 908
75 7 1152
76 1 357
76 2 453
76 3 324
76 4 412
76 5 334
76 6 425
76 7 539
77 1 701
77 2 890
77 3 637
77 4 808
77 5 655
77 6 833
77 7 1058
78 1 1164
78 2 1477
78 3 1057
78 4 1341
78 5 1087
78 6 1383
78 7 1755
79 1 286
79 2 363
79 3 260
79 4 330
79 5 267
79 6 340
79 7 432
80 1 2100
80 2 2664
80 3 1906
80 4 2418
80 5 1960
80 6 2495
80 7 3165
81 1 450
81 2 571
81 3 409
81 4 519
81 5 420
81 6 535
81 7 679
82 1 1300
82 2 1649
82 3 1180
82 4 1497
82 5 1213
82 6 1545
82 7 1960
83 1 3691
83 2 4682
83 3 3349
83 4 4248
83 5 3444
83 6 4385
83 7 5563

# Energy Consumption
1 1 0
1 2 496
1 3 0
1 4 415
1 5 237
1 6 0
1 7 347
2 1 0
2 2 307
2 3 0
2 4 235
2 5 136
2 6 0
2 7 213
3 1 0
3 2 659
3 3 0
3 4 385
3 5 242
3 6 0
3 7 378
4 1 0
4 2 348
4 3 0
4 4 236
4 5 139
4 6 0
4 7 204
5 1 0
5 2 546
5 3 0
5 4 370
5 5 230
5 6 0
5 7 378
6 1 0
6 2 875
6 3 0
6 4 679
6 5 421
6 6 0
6 7 638
7 1 0
7 2 714
7 3 0
7 4 516
7 5 328
7 6 0
7 7 487
8 1 0
8 2 311
8 3 0
8 4 249
8 5 140
8 6 0
8 7 234
9 1 0
9 2 624
9 3 0
9 4 446
9 5 243
9 6 0
9 7 388
10 1 0
10 2 411
10 3 0
10 4 313
10 5 174
10 6 0
10 7 281
11 1 0
11 2 259
11 3 0
11 4 161
11 5 102
11 6 0
11 7 133
12 1 0
12 2 148
12 3 0
12 4 114
12 5 64
12 6 0
12 7 102
13 1 0
13 2 172
13 3 0
13 4 124
13 5 67
13 6 0
13 7 102
14 1 0
14 2 325
14 3 0
14 4 281
14 5 153
14 6 0
14 7 219
15 1 0
15 2 174
15 3 0
15 4 139
15 5 82
15 6 0
15 7 125
16 1 0
16 2 136
16 3 0
16 4 123
16 5 70
16 6 0
16 7 90
17 1 0
17 2 321
17 3 0
17 4 185
17 5 126
17 6 0
17 7 182
18 1 0
18 2 246
18 3 0
18 4 146
18 5 96
18 6 0
18 7 147
19 1 0
19 2 179
19 3 0
19 4 126
19 5 80
19 6 0
19 7 116
20 1 0
20 2 71
20 3 0
20 4 55
20 5 33
20 6 0
20 7 53
21 1 0
21 2 128
21 3 0
21 4 87
21 5 61
21 6 0
21 7 76
22 1 0
22 2 295
22 3 0
22 4 212
22 5 119
22 6 0
22 7 191
23 1 0
23 2 286
23 3 0
23 4 174
23 5 111
23 6 0
23 7 162
24 1 0
24 2 291
24 3 0
24 4 204
24 5 120
24 6 0
24 7 176
25 1 0
25 2 225
25 3 0
25 4 176
25 5 116
25 6 0
25 7 152
26 1 0
26 2 291
26 3 0
26 4 214
26 5 123
26 6 0
26 7 190
27 1 0
27 2 275
27 3 0
27 4 187
27 5 106
27 6 0
27 7 167
28 1 0
28 2 625
28 3 0
28 4 431
28 5 267
28 6 0
28 7 402
29 1 0
29 2 246
29 3 0
29 4 181
29 5 96
29 6 0
29 7 156
30 1 0
30 2 317
30 3 0
30 4 230
30 5 141
30 6 0
30 7 210
31 1 0
31 2 258
31 3 0
31 4 166
31 5 105
31 6 0
31 7 155
32 1 0
32 2 194
32 3 0
32 4 158
32 5 86
32 6 0
32 7 136
33 1 0
33 2 211
33 3 0
33 4 141
33 5 90
33 6 0
33 7 119
34 1 0
34 2 459
34 3 0
34 4 281
34 5 164
34 6 0
34 7 260
35 1 0
35 2 380
35 3 0
35 4 253
35 5 163
35 6 0
35 7 215
36 1 0
36 2 379
36 3 0
36 4 276
36 5 188
36 6 0
36 7 274
37 1 0
37 2 252
37 3 0
37 4 196
37 5 108
37 6 0
37 7 170
38 1 0
38 2 451
38 3 0
38 4 296
38 5 168
38 6 0
38 7 235
39 1 0
39 2 434
39 3 0
39 4 281
39 5 179
39 6 0
39 7 271
40 1 0
40 2 237
40 3 0
40 4 150
40 5 97
40 6 0
40 7 146
41 1 0
41 2 161
41 3 0
41 4 124
41 5 70
41 6 0
41 7 112
42 1 0
42 2 377
42 3 0
42 4 276
42 5 193
42 6 0
42 7 291
43 1 0
43 2 297
43 3 0
43 4 169
43 5 110
43 6 0
43 7 176
44 1 0
44 2 189
44 3 0
44 4 129
44 5 77
44 6 0
44 7 122
45 1 0
45 2 172
45 3 0
45 4 135
45 5 88
45 6 0
45 7 110
46 1 0
46 2 172
46 3 0
46 4 140
46 5 83
46 6 0
46 7 129
47 1 0
47 2 188
47 3 0
47 4 156
47 5 87
47 6 0
47 7 121
48 1 0
48 2 210
48 3 0
48 4 131
48 5 81
48 6 0
48 7 114
49 1 0
49 2 212
49 3 0
49 4 125
49 5 75
49 6 0
49 7 122
50 1 0
50 2 181
50 3 0
50 4 128
50 5 82
50 6 0
50 7 113
51 1 0
51 2 218
51 3 0
51 4 146
51 5 85
51 6 0
51 7 113
52 1 0
52 2 209
52 3 0
52 4 136
52 5 87
52 6 0
52 7 110
53 1 0
53 2 171
53 3 0
53 4 122
53 5 78
53 6 0
53 7 116
54 1 0
54 2 215
54 3 0
54 4 139
54 5 85
54 6 0
54 7 107
55 1 0
55 2 181
55 3 0
55 4 134
55 5 78
55 6 0
55 7 119
56 1 0
56 2 216
56 3 0
56 4 126
56 5 78
56 6 0
56 7 129
57 1 0
57 2 163
57 3 0
57 4 146
57 5 82
57 6 0
57 7 128
58 1 0
58 2 185
58 3 0
58 4 132
58 5 85
58 6 0
58 7 106
59 1 0
59 2 187
59 3 0
59 4 134
59 5 81
59 6 0
59 7 115
60 1 0
60 2 187
60 3 0
60 4 125
60 5 85
60 6 0
60 7 117
61 1 0
61 2 219
61 3 0
61 4 121
61 5 84
61 6 0
61 7 112
62 1 0
62 2 195
62 3 0
62 4 143
62 5 82
62 6 0
62 7 112
63 1 0
63 2 172
63 3 0
63 4 141
63 5 81
63 6 0
63 7 110
64 1 0
64 2 213
64 3 0
64 4 145
64 5 83
64 6 0
64 7 120
65 1 0
65 2 213
65 3 0
65 4 135
65 5 84
65 6 0
65 7 111
66 1 0
66 2 193
66 3 0
66 4 136
66 5 77
66 6 0
66 7 126
67 1 0
67 2 186
67 3 0
67 4 147
67 5 86
67 6 0
67 7 111
68 1 0
68 2 177
68 3 0
68 4 128
68 5 81
68 6 0
68 7 124
69 1 0
69 2 160
69 3 0
69 4 112
69 5 70
69 6 0
69 7 87
70 1 0
70 2 276
70 3 0
70 4 224
70 5 124
70 6 0
70 7 168
71 1 0
71 2 122
71 3 0
71 4 92
71 5 53
71 6 0
71 7 73
72 1 0
72 2 491
72 3 0
72 4 315
72 5 182
72 6 0
72 7 245
73 1 0
73 2 349
73 3 0
73 4 251
73 5 159
73 6 0
73 7 235
74 1 0
74 2 722
74 3 0
74 4 584
74 5 372
74 6 0
74 7 491
75 1 0
75 2 251
75 3 0
75 4 192
75 5 104
75 6 0
75 7 157
76 1 0
76 2 128
76 3 0
76 4 81
76 5 54
76 6 0
76 7 76
77 1 0
77 2 263
77 3 0
77 4 163
77 5 102
77 6 0
77 7 133
78 1 0
78 2 401
78 3 0
78 4 279
78 5 159
78 6 0
78 7 249
79 1 0
79 2 107
79 3 0
79 4 65
79 5 38
79 6 0
79 7 60
80 1 0
80 2 673
80 3 0
80 4 506
80 5 294
80 6 0
80 7 404
81 1 0
81 2 170
81 3 0
81 4 95
81 5 63
81 6 0
81 7 92
82 1 0
82 2 471
82 3 0
82 4 272
82 5 176
82 6 0
82 7 264
83 1 0
83 2 1043
83 3 0
83 4 866
83 5 484
83 6 0
83 7 821

# Precedence Relations
1 2
2 3
2 4
2 5
3 6
4 6
4 7
5 8
6 9
6 10
7 11
8 77
8 78
9 12
10 13
10 14
10 25
11 15
12 16
13 17
13 18
13 20
14 19
15 20
15 39
16 77
16 78
17 21
17 22
17 28
18 23
19 24
20 26
21 27
22 27
23 74
24 28
24 29
25 32
26 74
27 69
28 32
29 30
30 31
31 39
32 33
32 34
32 35
32 36
33 37
34 77
34 78
35 77
35 78
36 38
36 39
37 40
38 41
39 42
39 43
39 44
39 75
40 77
40 78
41 45
42 77
42 78
43 77
43 78
44 46
45 47
46 48
47 49
48 50
49 69
50 51
51 52
52 53
53 54
54 55
55 56
56 57
57 58
58 59
59 60
60 61
61 62
62 63
63 64
64 65
65 66
66 67
67 68
68 74
68 75
69 70
69 71
70 72
71 73
72 73
73 74
73 75
74 76
75 76
76 77
76 78
77 79
78 79
79 80
79 81
80 82
81 83
82 83

# Parameters
R_e = 0.0500
T = 6000.0
C_s = 4.0
C_w = 36.0
C_c = 5.0
