# Tasks
1 2 3 4 5 6 7 8 9 10 11 12 13 14 15 16 17 18 19 20

# Workstations
1 2 3 4 5 6 7 8 9 10 11 12 13 14 15 16 17 18 19 20

# Modes
1 2 3 4 5 6 7

# Processing Times
1 1 165
1 2 346
1 3 164
1 4 344
1 5 148
1 6 181
1 7 379
2 1 79
2 2 166
2 3 79
2 4 165
2 5 71
2 6 87
2 7 182
3 1 84
3 2 177
3 3 84
3 4 176
3 5 75
3 6 92
3 7 194
4 1 234
4 2 491
4 3 233
4 4 488
4 5 209
4 6 256
4 7 537
5 1 79
5 2 166
5 3 79
5 4 165
5 5 71
5 6 87
5 7 182
6 1 241
6 2 506
6 3 240
6 4 503
6 5 216
6 6 264
6 7 553
7 1 74
7 2 156
7 3 74
7 4 156
7 5 67
7 6 81
7 7 171
8 1 96
8 2 202
8 3 96
8 4 201
8 5 86
8 6 105
8 7 221
9 1 44
9 2 93
9 3 44
9 4 93
9 5 40
9 6 49
9 7 102
10 1 225
10 2 472
10 3 224
10 4 469
10 5 201
10 6 246
10 7 516
11 1 77
11 2 162
11 3 77
11 4 161
11 5 69
11 6 85
11 7 178
12 1 124
12 2 260
12 3 124
12 4 259
12 5 111
12 6 136
12 7 285
13 1 119
13 2 250
13 3 119
13 4 249
13 5 107
13 6 131
13 7 274
14 1 160
14 2 336
14 3 159
14 4 334
14 5 143
14 6 175
14 7 368
15 1 41
15 2 86
15 3 41
15 4 86
15 5 37
15 6 45
15 7 94
16 1 204
16 2 428
16 3 203
16 4 426
16 5 183
16 6 223
16 7 468
17 1 319
17 2 669
17 3 317
17 4 665
17 5 285
17 6 349
17 7 731
18 1 248
18 2 520
18 3 247
18 4 517
18 5 222
18 6 271
18 7 569
19 1 127
19 2 267
19 3 127
19 4 266
19 5 114
19 6 139
19 7 292
20 1 84
20 2 177
20 3 84
20 4 176
20 5 75
20 6 92
20 7 194

# Energy Consumption
1 1 0
1 2 88
1 3 0
1 4 71
1 5 23
1 6 0
1 7 57
2 1 0
2 2 42
2 3 0
2 4 36
2 5 12
2 6 0
2 7 26
3 1 0
3 2 46
3 3 0
3 4 37
3 5 12
3 6 0
3 7 25
4 1 0
4 2 132
4 3 0
4 4 99
4 5 32
4 6 0
4 7 67
5 1 0
5 2 41
5 3 0
5 4 30
5 5 12
5 6 0
5 7 23
6 1 0
6 2 137
6 3 0
6 4 95
6 5 33
6 6 0
6 7 72
7 1 0
7 2 39
7 3 0
7 4 29
7 5 11
7 6 0
7 7 26
8 1 0
8 2 60
8 3 0
8 4 42
8 5 14
8 6 0
8 7 32
9 1 0
9 2 27
9 3 0
9 4 18
9 5 6
9 6 0
9 7 14
10 1 0
10 2 136
10 3 0
10 4 100
10 5 32
10 6 0
10 7 73
11 1 0
11 2 36
11 3 0
11 4 34
11 5 11
11 6 0
11 7 22
12 1 0
12 2 61
12 3 0
12 4 57
12 5 18
12 6 0
12 7 39
13 1 0
13 2 72
13 3 0
13 4 46
13 5 17
13 6 0
13 7 41
14 1 0
14 2 87
14 3 0
14 4 62
14 5 23
14 6 0
14 7 45
15 1 0
15 2 23
15 3 0
15 4 17
15 5 6
15 6 0
15 7 12
16 1 0
16 2 110
16 3 0
16 4 83
16 5 27
16 6 0
16 7 60
17 1 0
17 2 177
17 3 0
17 4 127
17 5 46
17 6 0
17 7 88
18 1 0
18 2 152
18 3 0
18 4 105
18 5 34
18 6 0
18 7 81
19 1 0
19 2 78
19 3 0
19 4 49
19 5 17
19 6 0
19 7 44
20 1 0
20 2 43
20 3 0
20 4 36
20 5 11
20 6 0
20 7 29

# Precedence Relations
1 11
2 7
3 6
3 7
4 5
4 6
5 11
7 8
7 9
7 10
8 11
9 11
10 12
10 13
11 14
11 15
11 16
11 17
15 19
15 20
16 18
17 19

# Parameters
R_e = 0.0500
T = 1000.0
C_s = 4.0
C_w = 36.0
C_c = 5.0
