# Tasks
1 2 3 4 5 6 7 8 9 10 11 12 13 14 15 16 17 18 19 20

# Workstations
1 2 3 4 5 6 7 8 9 10 11 12 13 14 15 16 17 18 19 20

# Modes
1 2 3 4 5 6 7

# Processing Times
1 1 136
1 2 143
1 3 118
1 4 124
1 5 51
1 6 138
1 7 145
2 1 106
2 2 115
2 3 99
2 4 107
2 5 42
2 6 116
2 7 126
3 1 251
3 2 261
3 3 219
3 4 227
3 5 82
3 6 257
3 7 267
4 1 272
4 2 271
4 3 243
4 4 242
4 5 83
4 6 285
4 7 284
5 1 38
5 2 42
5 3 36
5 4 40
5 5 16
5 6 41
5 7 45
6 1 132
6 2 118
6 3 120
6 4 108
6 5 53
6 6 137
6 7 122
7 1 207
7 2 185
7 3 195
7 4 174
7 5 63
7 6 222
7 7 198
8 1 105
8 2 105
8 3 97
8 4 97
8 5 42
8 6 112
8 7 112
9 1 175
9 2 176
9 3 164
9 4 165
9 5 67
9 6 182
9 7 183
10 1 207
10 2 178
10 3 193
10 4 166
10 5 74
10 6 212
10 7 182
11 1 89
11 2 82
11 3 83
11 4 76
11 5 33
11 6 93
11 7 85
12 1 133
12 2 143
12 3 126
12 4 135
12 5 52
12 6 140
12 7 150
13 1 168
13 2 165
13 3 150
13 4 148
13 5 68
13 6 169
13 7 166
14 1 43
14 2 42
14 3 39
14 4 38
14 5 19
14 6 46
14 7 45
15 1 221
15 2 213
15 3 194
15 4 187
15 5 88
15 6 227
15 7 219
16 1 121
16 2 109
16 3 105
16 4 95
16 5 50
16 6 123
16 7 111
17 1 61
17 2 56
17 3 53
17 4 49
17 5 23
17 6 64
17 7 59
18 1 30
18 2 33
18 3 26
18 4 29
18 5 11
18 6 33
18 7 36
19 1 262
19 2 280
19 3 227
19 4 242
19 5 91
19 6 275
19 7 294
20 1 153
20 2 155
20 3 131
20 4 133
20 5 67
20 6 158
20 7 160

# Energy Consumption
1 1 0
1 2 36
1 3 0
1 4 25
1 5 8
1 6 0
1 7 21
2 1 0
2 2 27
2 3 0
2 4 22
2 5 7
2 6 0
2 7 18
3 1 0
3 2 63
3 3 0
3 4 41
3 5 12
3 6 0
3 7 40
4 1 0
4 2 80
4 3 0
4 4 45
4 5 13
4 6 0
4 7 42
5 1 0
5 2 13
5 3 0
5 4 9
5 5 3
5 6 0
5 7 7
6 1 0
6 2 35
6 3 0
6 4 21
6 5 8
6 6 0
6 7 17
7 1 0
7 2 43
7 3 0
7 4 37
7 5 10
7 6 0
7 7 29
8 1 0
8 2 31
8 3 0
8 4 21
8 5 7
8 6 0
8 7 16
9 1 0
9 2 44
9 3 0
9 4 35
9 5 11
9 6 0
9 7 27
10 1 0
10 2 45
10 3 0
10 4 36
10 5 11
10 6 0
10 7 25
11 1 0
11 2 20
11 3 0
11 4 17
11 5 6
11 6 0
11 7 13
12 1 0
12 2 36
12 3 0
12 4 29
12 5 9
12 6 0
12 7 22
13 1 0
13 2 41
13 3 0
13 4 29
13 5 11
13 6 0
13 7 22
14 1 0
14 2 11
14 3 0
14 4 8
14 5 3
14 6 0
14 7 6
15 1 0
15 2 64
15 3 0
15 4 41
15 5 14
15 6 0
15 7 28
16 1 0
16 2 25
16 3 0
16 4 18
16 5 8
16 6 0
16 7 15
17 1 0
17 2 16
17 3 0
17 4 11
17 5 4
17 6 0
17 7 9
18 1 0
18 2 8
18 3 0
18 4 7
18 5 2
18 6 0
18 7 5
19 1 0
19 2 62
19 3 0
19 4 53
19 5 15
19 6 0
19 7 43
20 1 0
20 2 41
20 3 0
20 4 26
20 5 10
20 6 0
20 7 24

# Precedence Relations
1 7
2 6
2 15
3 11
4 8
5 8
6 10
7 9
8 11
9 12
10 13
11 14
11 15
12 17
13 17
14 16
15 17
16 18
17 18
17 19
17 20

# Parameters
R_e = 0.0500
T = 1000.0
C_s = 4.0
C_w = 36.0
C_c = 5.0
