# Tasks
1 2 3 4 5 6 7 8 9 10 11 12 13 14 15 16 17 18 19 20 21 22 23 24 25 26 27 28 29 30 31 32 33 34 35 36 37 38 39 40 41 42 43 44 45 46 47 48 49 50 51 52 53 54 55 56 57 58 59 60 61 62 63 64 65 66 67 68 69 70 71 72 73 74 75 76 77 78 79 80 81 82 83 84 85 86 87 88 89 90 91 92 93 94 95 96 97 98 99 100

# Workstations
1 2 3 4 5 6 7 8 9 10 11 12 13 14 15 16 17 18 19 20 21 22 23 24 25 26 27 28 29 30 31 32 33 34 35 36 37 38 39 40 41 42 43 44 45 46 47 48 49 50 51 52 53 54 55 56 57 58 59 60 61 62 63 64 65 66 67 68 69 70 71 72 73 74 75 76 77 78 79 80 81 82 83 84 85 86 87 88 89 90 91 92 93 94 95 96 97 98 99 100

# Modes
1 2 3 4 5 6 7

# Processing Times
1 1 124
1 2 172
1 3 131
1 4 182
1 5 84
1 6 130
1 7 180
2 1 461
2 2 695
2 3 494
2 4 744
2 5 282
2 6 469
2 7 706
3 1 193
3 2 237
3 3 213
3 4 261
3 5 108
3 6 197
3 7 241
4 1 190
4 2 271
4 3 209
4 4 298
4 5 131
4 6 196
4 7 280
5 1 113
5 2 158
5 3 123
5 4 172
5 5 78
5 6 124
5 7 173
6 1 201
6 2 305
6 3 216
6 4 328
6 5 129
6 6 217
6 7 329
7 1 368
7 2 560
7 3 402
7 4 612
7 5 236
7 6 373
7 7 567
8 1 160
8 2 247
8 3 169
8 4 261
8 5 89
8 6 163
8 7 252
9 1 430
9 2 567
9 3 453
9 4 598
9 5 261
9 6 467
9 7 615
10 1 56
10 2 84
10 3 62
10 4 93
10 5 35
10 6 61
10 7 92
11 1 580
11 2 893
11 3 631
11 4 971
11 5 328
11 6 590
11 7 908
12 1 367
12 2 534
12 3 403
12 4 587
12 5 217
12 6 368
12 7 535
13 1 263
13 2 387
13 3 283
13 4 416
13 5 159
13 6 285
13 7 419
14 1 37
14 2 50
14 3 40
14 4 54
14 5 22
14 6 38
14 7 51
15 1 47
15 2 62
15 3 51
15 4 67
15 5 32
15 6 50
15 7 66
16 1 263
16 2 326
16 3 278
16 4 345
16 5 157
16 6 279
16 7 346
17 1 492
17 2 696
17 3 535
17 4 757
17 5 319
17 6 513
17 7 725
18 1 143
18 2 206
18 3 157
18 4 226
18 5 92
18 6 154
18 7 221
19 1 221
19 2 309
19 3 242
19 4 339
19 5 151
19 6 240
19 7 335
20 1 140
20 2 182
20 3 149
20 4 193
20 5 93
20 6 153
20 7 198
21 1 530
21 2 743
21 3 561
21 4 786
21 5 366
21 6 574
21 7 804
22 1 129
22 2 171
22 3 138
22 4 183
22 5 82
22 6 131
22 7 173
23 1 66
23 2 101
23 3 72
23 4 109
23 5 38
23 6 72
23 7 109
24 1 85
24 2 128
24 3 92
24 4 139
24 5 57
24 6 92
24 7 138
25 1 206
25 2 262
25 3 221
25 4 280
25 5 127
25 6 226
25 7 288
26 1 171
26 2 241
26 3 188
26 4 264
26 5 105
26 6 184
26 7 259
27 1 109
27 2 143
27 3 120
27 4 157
27 5 77
27 6 116
27 7 152
28 1 481
28 2 757
28 3 516
28 4 812
28 5 279
28 6 500
28 7 786
29 1 34
29 2 44
29 3 37
29 4 48
29 5 21
29 6 37
29 7 48
30 1 527
30 2 743
30 3 571
30 4 805
30 5 305
30 6 565
30 7 796
31 1 179
31 2 240
31 3 197
31 4 264
31 5 121
31 6 190
31 7 254
32 1 83
32 2 117
32 3 88
32 4 124
32 5 54
32 6 85
32 7 119
33 1 91
33 2 127
33 3 98
33 4 137
33 5 52
33 6 93
33 7 130
34 1 318
34 2 466
34 3 342
34 4 501
34 5 183
34 6 346
34 7 507
35 1 267
35 2 347
35 3 285
35 4 370
35 5 181
35 6 272
35 7 354
36 1 26
36 2 40
36 3 28
36 4 43
36 5 15
36 6 27
36 7 41
37 1 425
37 2 679
37 3 459
37 4 733
37 5 261
37 6 446
37 7 712
38 1 214
38 2 270
38 3 229
38 4 289
38 5 139
38 6 222
38 7 280
39 1 72
39 2 100
39 3 78
39 4 108
39 5 44
39 6 77
39 7 107
40 1 441
40 2 569
40 3 469
40 4 605
40 5 268
40 6 485
40 7 626
41 1 619
41 2 806
41 3 673
41 4 876
41 5 388
41 6 667
41 7 869
42 1 196
42 2 238
42 3 215
42 4 261
42 5 133
42 6 200
42 7 242
43 1 256
43 2 379
43 3 272
43 4 403
43 5 143
43 6 282
43 7 417
44 1 219
44 2 294
44 3 237
44 4 318
44 5 128
44 6 240
44 7 323
45 1 487
45 2 657
45 3 529
45 4 713
45 5 300
45 6 505
45 7 681
46 1 216
46 2 319
46 3 237
46 4 350
46 5 140
46 6 226
46 7 334
47 1 160
47 2 249
47 3 169
47 4 263
47 5 106
47 6 172
47 7 268
48 1 165
48 2 244
48 3 181
48 4 267
48 5 113
48 6 174
48 7 257
49 1 79
49 2 127
49 3 87
49 4 140
49 5 48
49 6 84
49 7 134
50 1 145
50 2 201
50 3 158
50 4 219
50 5 86
50 6 149
50 7 207
51 1 124
51 2 192
51 3 133
51 4 206
51 5 77
51 6 133
51 7 205
52 1 96
52 2 123
52 3 105
52 4 134
52 5 61
52 6 98
52 7 126
53 1 238
53 2 343
53 3 257
53 4 370
53 5 148
53 6 239
53 7 345
54 1 356
54 2 476
54 3 385
54 4 515
54 5 247
54 6 380
54 7 507
55 1 422
55 2 655
55 3 451
55 4 699
55 5 266
55 6 434
55 7 674
56 1 145
56 2 213
56 3 160
56 4 234
56 5 91
56 6 156
56 7 228
57 1 99
57 2 119
57 3 108
57 4 129
57 5 65
57 6 106
57 7 127
58 1 73
58 2 97
58 3 79
58 4 105
58 5 43
58 6 75
58 7 100
59 1 199
59 2 296
59 3 210
59 4 313
59 5 111
59 6 216
59 7 320
60 1 56
60 2 75
60 3 60
60 4 80
60 5 40
60 6 58
60 7 78
61 1 83
61 2 118
61 3 88
61 4 126
61 5 52
61 6 89
61 7 126
62 1 85
62 2 124
62 3 91
62 4 132
62 5 50
62 6 87
62 7 127
63 1 122
63 2 172
63 3 135
63 4 190
63 5 72
63 6 124
63 7 175
64 1 276
64 2 429
64 3 291
64 4 452
64 5 187
64 6 280
64 7 435
65 1 224
65 2 300
65 3 245
65 4 328
65 5 147
65 6 246
65 7 329
66 1 79
66 2 113
66 3 87
66 4 125
66 5 44
66 6 85
66 7 122
67 1 208
67 2 308
67 3 224
67 4 331
67 5 129
67 6 216
67 7 319
68 1 97
68 2 149
68 3 106
68 4 162
68 5 60
68 6 106
68 7 162
69 1 195
69 2 240
69 3 208
69 4 256
69 5 114
69 6 199
69 7 245
70 1 273
70 2 340
70 3 294
70 4 366
70 5 184
70 6 297
70 7 369
71 1 188
71 2 283
71 3 207
71 4 311
71 5 125
71 6 202
71 7 304
72 1 240
72 2 320
72 3 261
72 4 348
72 5 134
72 6 243
72 7 324
73 1 340
73 2 522
73 3 358
73 4 550
73 5 234
73 6 355
73 7 545
74 1 384
74 2 513
74 3 416
74 4 555
74 5 242
74 6 415
74 7 555
75 1 564
75 2 689
75 3 610
75 4 746
75 5 320
75 6 604
75 7 737
76 1 139
76 2 199
76 3 148
76 4 211
76 5 87
76 6 142
76 7 203
77 1 90
77 2 112
77 3 96
77 4 119
77 5 56
77 6 98
77 7 122
78 1 123
78 2 196
78 3 136
78 4 216
78 5 85
78 6 134
78 7 213
79 1 183
79 2 267
79 3 195
79 4 285
79 5 124
79 6 187
79 7 273
80 1 530
80 2 789
80 3 579
80 4 862
80 5 306
80 6 583
80 7 868
81 1 153
81 2 242
81 3 168
81 4 266
81 5 103
81 6 161
81 7 254
82 1 77
82 2 100
82 3 82
82 4 107
82 5 50
82 6 83
82 7 107
83 1 254
83 2 394
83 3 275
83 4 426
83 5 150
83 6 258
83 7 400
84 1 250
84 2 332
84 3 268
84 4 355
84 5 153
84 6 269
84 7 357
85 1 491
85 2 621
85 3 530
85 4 670
85 5 341
85 6 535
85 7 676
86 1 103
86 2 154
86 3 110
86 4 164
86 5 69
86 6 108
86 7 162
87 1 104
87 2 140
87 3 113
87 4 151
87 5 66
87 6 114
87 7 153
88 1 125
88 2 158
88 3 137
88 4 173
88 5 88
88 6 133
88 7 168
89 1 124
89 2 164
89 3 137
89 4 181
89 5 75
89 6 136
89 7 179
90 1 51
90 2 62
90 3 56
90 4 67
90 5 34
90 6 53
90 7 64
91 1 91
91 2 144
91 3 99
91 4 156
91 5 57
91 6 100
91 7 158
92 1 256
92 2 310
92 3 272
92 4 329
92 5 142
92 6 272
92 7 329
93 1 604
93 2 868
93 3 656
93 4 942
93 5 381
93 6 621
93 7 893
94 1 517
94 2 623
94 3 567
94 4 683
94 5 308
94 6 534
94 7 643
95 1 159
95 2 204
95 3 174
95 4 224
95 5 93
95 6 170
95 7 219
96 1 92
96 2 129
96 3 99
96 4 138
96 5 58
96 6 97
96 7 136
97 1 210
97 2 266
97 3 226
97 4 286
97 5 144
97 6 213
97 7 270
98 1 231
98 2 287
98 3 250
98 4 311
98 5 156
98 6 254
98 7 316
99 1 249
99 2 325
99 3 273
99 4 356
99 5 153
99 6 271
99 7 353
100 1 123
100 2 173
100 3 132
100 4 185
100 5 74
100 6 131
100 7 183

# Energy Consumption
1 1 0
1 2 42
1 3 0
1 4 38
1 5 13
1 6 0
1 7 26
2 1 0
2 2 175
2 3 0
2 4 148
2 5 43
2 6 0
2 7 100
3 1 0
3 2 66
3 3 0
3 4 51
3 5 17
3 6 0
3 7 33
4 1 0
4 2 68
4 3 0
4 4 66
4 5 19
4 6 0
4 7 41
5 1 0
5 2 39
5 3 0
5 4 36
5 5 13
5 6 0
5 7 24
6 1 0
6 2 68
6 3 0
6 4 70
6 5 20
6 6 0
6 7 46
7 1 0
7 2 126
7 3 0
7 4 132
7 5 35
7 6 0
7 7 81
8 1 0
8 2 63
8 3 0
8 4 55
8 5 14
8 6 0
8 7 36
9 1 0
9 2 151
9 3 0
9 4 128
9 5 42
9 6 0
9 7 93
10 1 0
10 2 24
10 3 0
10 4 20
10 5 6
10 6 0
10 7 13
11 1 0
11 2 198
11 3 0
11 4 179
11 5 50
11 6 0
11 7 131
12 1 0
12 2 136
12 3 0
12 4 129
12 5 31
12 6 0
12 7 74
13 1 0
13 2 93
13 3 0
13 4 84
13 5 24
13 6 0
13 7 58
14 1 0
14 2 15
14 3 0
14 4 11
14 5 4
14 6 0
14 7 7
15 1 0
15 2 16
15 3 0
15 4 13
15 5 5
15 6 0
15 7 9
16 1 0
16 2 93
16 3 0
16 4 74
16 5 24
16 6 0
16 7 45
17 1 0
17 2 188
17 3 0
17 4 166
17 5 50
17 6 0
17 7 92
18 1 0
18 2 50
18 3 0
18 4 46
18 5 15
18 6 0
18 7 28
19 1 0
19 2 86
19 3 0
19 4 70
19 5 24
19 6 0
19 7 50
20 1 0
20 2 47
20 3 0
20 4 43
20 5 15
20 6 0
20 7 25
21 1 0
21 2 164
21 3 0
21 4 165
21 5 56
21 6 0
21 7 114
22 1 0
22 2 42
22 3 0
22 4 39
22 5 13
22 6 0
22 7 25
23 1 0
23 2 27
23 3 0
23 4 22
23 5 6
23 6 0
23 7 16
24 1 0
24 2 30
24 3 0
24 4 29
24 5 9
24 6 0
24 7 20
25 1 0
25 2 68
25 3 0
25 4 53
25 5 19
25 6 0
25 7 37
26 1 0
26 2 70
26 3 0
26 4 50
26 5 16
26 6 0
26 7 33
27 1 0
27 2 41
27 3 0
27 4 34
27 5 11
27 6 0
27 7 19
28 1 0
28 2 167
28 3 0
28 4 147
28 5 43
28 6 0
28 7 105
29 1 0
29 2 12
29 3 0
29 4 11
29 5 4
29 6 0
29 7 8
30 1 0
30 2 198
30 3 0
30 4 175
30 5 45
30 6 0
30 7 100
31 1 0
31 2 59
31 3 0
31 4 51
31 5 20
31 6 0
31 7 38
32 1 0
32 2 30
32 3 0
32 4 26
32 5 9
32 6 0
32 7 16
33 1 0
33 2 28
33 3 0
33 4 28
33 5 8
33 6 0
33 7 18
34 1 0
34 2 121
34 3 0
34 4 97
34 5 27
34 6 0
34 7 72
35 1 0
35 2 103
35 3 0
35 4 69
35 5 28
35 6 0
35 7 53
36 1 0
36 2 12
36 3 0
36 4 9
36 5 3
36 6 0
36 7 6
37 1 0
37 2 202
37 3 0
37 4 145
37 5 41
37 6 0
37 7 88
38 1 0
38 2 74
38 3 0
38 4 54
38 5 21
38 6 0
38 7 37
39 1 0
39 2 26
39 3 0
39 4 21
39 5 7
39 6 0
39 7 14
40 1 0
40 2 143
40 3 0
40 4 119
40 5 43
40 6 0
40 7 85
41 1 0
41 2 231
41 3 0
41 4 185
41 5 58
41 6 0
41 7 123
42 1 0
42 2 63
42 3 0
42 4 48
42 5 21
42 6 0
42 7 33
43 1 0
43 2 89
43 3 0
43 4 74
43 5 21
43 6 0
43 7 52
44 1 0
44 2 82
44 3 0
44 4 58
44 5 18
44 6 0
44 7 46
45 1 0
45 2 167
45 3 0
45 4 146
45 5 46
45 6 0
45 7 90
46 1 0
46 2 80
46 3 0
46 4 72
46 5 21
46 6 0
46 7 49
47 1 0
47 2 72
47 3 0
47 4 53
47 5 16
47 6 0
47 7 38
48 1 0
48 2 59
48 3 0
48 4 52
48 5 17
48 6 0
48 7 37
49 1 0
49 2 31
49 3 0
49 4 26
49 5 7
49 6 0
49 7 17
50 1 0
50 2 61
50 3 0
50 4 43
50 5 14
50 6 0
50 7 26
51 1 0
51 2 52
51 3 0
51 4 43
51 5 11
51 6 0
51 7 27
52 1 0
52 2 37
52 3 0
52 4 26
52 5 9
52 6 0
52 7 16
53 1 0
53 2 88
53 3 0
53 4 68
53 5 24
53 6 0
53 7 48
54 1 0
54 2 141
54 3 0
54 4 99
54 5 39
54 6 0
54 7 72
55 1 0
55 2 163
55 3 0
55 4 152
55 5 42
55 6 0
55 7 92
56 1 0
56 2 64
56 3 0
56 4 50
56 5 14
56 6 0
56 7 33
57 1 0
57 2 31
57 3 0
57 4 25
57 5 10
57 6 0
57 7 17
58 1 0
58 2 23
58 3 0
58 4 23
58 5 7
58 6 0
58 7 13
59 1 0
59 2 82
59 3 0
59 4 63
59 5 17
59 6 0
59 7 42
60 1 0
60 2 17
60 3 0
60 4 18
60 5 7
60 6 0
60 7 12
61 1 0
61 2 31
61 3 0
61 4 27
61 5 9
61 6 0
61 7 18
62 1 0
62 2 38
62 3 0
62 4 28
62 5 8
62 6 0
62 7 17
63 1 0
63 2 46
63 3 0
63 4 38
63 5 12
63 6 0
63 7 25
64 1 0
64 2 127
64 3 0
64 4 92
64 5 29
64 6 0
64 7 61
65 1 0
65 2 77
65 3 0
65 4 63
65 5 21
65 6 0
65 7 46
66 1 0
66 2 28
66 3 0
66 4 24
66 5 7
66 6 0
66 7 15
67 1 0
67 2 70
67 3 0
67 4 63
67 5 19
67 6 0
67 7 46
68 1 0
68 2 45
68 3 0
68 4 32
68 5 9
68 6 0
68 7 20
69 1 0
69 2 57
69 3 0
69 4 47
69 5 17
69 6 0
69 7 31
70 1 0
70 2 101
70 3 0
70 4 77
70 5 28
70 6 0
70 7 45
71 1 0
71 2 85
71 3 0
71 4 68
71 5 20
71 6 0
71 7 40
72 1 0
72 2 85
72 3 0
72 4 68
72 5 20
72 6 0
72 7 45
73 1 0
73 2 121
73 3 0
73 4 120
73 5 36
73 6 0
73 7 66
74 1 0
74 2 144
74 3 0
74 4 110
74 5 35
74 6 0
74 7 76
75 1 0
75 2 189
75 3 0
75 4 161
75 5 47
75 6 0
75 7 100
76 1 0
76 2 47
76 3 0
76 4 40
76 5 14
76 6 0
76 7 31
77 1 0
77 2 32
77 3 0
77 4 26
77 5 9
77 6 0
77 7 17
78 1 0
78 2 48
78 3 0
78 4 48
78 5 13
78 6 0
78 7 29
79 1 0
79 2 62
79 3 0
79 4 56
79 5 19
79 6 0
79 7 39
80 1 0
80 2 196
80 3 0
80 4 188
80 5 45
80 6 0
80 7 113
81 1 0
81 2 54
81 3 0
81 4 50
81 5 17
81 6 0
81 7 34
82 1 0
82 2 27
82 3 0
82 4 23
82 5 8
82 6 0
82 7 15
83 1 0
83 2 104
83 3 0
83 4 86
83 5 23
83 6 0
83 7 60
84 1 0
84 2 93
84 3 0
84 4 65
84 5 24
84 6 0
84 7 46
85 1 0
85 2 185
85 3 0
85 4 121
85 5 49
85 6 0
85 7 94
86 1 0
86 2 42
86 3 0
86 4 33
86 5 11
86 6 0
86 7 24
87 1 0
87 2 34
87 3 0
87 4 28
87 5 10
87 6 0
87 7 21
88 1 0
88 2 38
88 3 0
88 4 33
88 5 14
88 6 0
88 7 24
89 1 0
89 2 47
89 3 0
89 4 38
89 5 12
89 6 0
89 7 27
90 1 0
90 2 18
90 3 0
90 4 14
90 5 5
90 6 0
90 7 8
91 1 0
91 2 34
91 3 0
91 4 35
91 5 9
91 6 0
91 7 20
92 1 0
92 2 88
92 3 0
92 4 61
92 5 23
92 6 0
92 7 43
93 1 0
93 2 250
93 3 0
93 4 183
93 5 59
93 6 0
93 7 126
94 1 0
94 2 157
94 3 0
94 4 125
94 5 46
94 6 0
94 7 91
95 1 0
95 2 61
95 3 0
95 4 44
95 5 14
95 6 0
95 7 30
96 1 0
96 2 32
96 3 0
96 4 29
96 5 9
96 6 0
96 7 19
97 1 0
97 2 60
97 3 0
97 4 58
97 5 22
97 6 0
97 7 33
98 1 0
98 2 75
98 3 0
98 4 57
98 5 25
98 6 0
98 7 39
99 1 0
99 2 98
99 3 0
99 4 73
99 5 24
99 6 0
99 7 48
100 1 0
100 2 41
100 3 0
100 4 39
100 5 12
100 6 0
100 7 26

# Precedence Relations
1 7
2 8
3 10
4 9
4 11
4 12
4 13
4 15
4 31
5 24
6 14
7 19
8 16
9 18
10 19
11 17
11 20
11 23
11 89
11 90
13 91
13 92
14 21
14 24
15 22
16 25
17 27
18 29
19 31
20 26
21 28
21 32
21 44
22 30
22 33
22 34
24 33
24 34
24 91
25 42
26 35
27 37
28 38
29 39
30 40
31 36
31 44
31 72
33 41
34 43
35 49
36 47
37 49
38 50
39 52
40 48
41 45
41 69
42 53
43 46
43 51
43 98
44 60
45 54
46 55
47 56
48 58
49 59
51 57
52 60
52 61
54 65
55 63
56 64
57 62
58 67
58 68
60 69
61 66
62 73
63 70
64 71
66 72
66 75
67 98
69 74
69 80
70 76
71 77
72 78
72 81
73 79
73 80
73 87
76 82
77 83
78 85
79 84
79 89
80 86
80 90
80 92
81 87
81 88
81 91
82 94
83 95
84 93
85 94
86 96
87 97
88 98
90 99
90 100

# Parameters
R_e = 0.0500
T = 1000.0
C_s = 4.0
C_w = 36.0
C_c = 5.0
