# Tasks
1 2 3 4 5 6 7 8 9 10 11 12 13 14 15 16 17 18 19 20

# Workstations
1 2 3 4 5 6 7 8 9 10 11 12 13 14 15 16 17 18 19 20

# Modes
1 2 3 4 5 6 7

# Processing Times
1 1 471
1 2 962
1 3 504
1 4 1028
1 5 210
1 6 576
1 7 1177
2 1 570
2 2 1164
2 3 609
2 4 1244
2 5 253
2 6 698
2 7 1424
3 1 335
3 2 684
3 3 358
3 4 731
3 5 149
3 6 410
3 7 837
4 1 590
4 2 1205
4 3 631
4 4 1288
4 5 262
4 6 722
4 7 1474
5 1 564
5 2 1152
5 3 603
5 4 1231
5 5 251
5 6 690
5 7 1409
6 1 599
6 2 1223
6 3 640
6 4 1307
6 5 266
6 6 733
6 7 1496
7 1 494
7 2 1009
7 3 528
7 4 1078
7 5 220
7 6 605
7 7 1234
8 1 547
8 2 1117
8 3 585
8 4 1194
8 5 243
8 6 669
8 7 1366
9 1 714
9 2 1458
9 3 763
9 4 1558
9 5 317
9 6 874
9 7 1783
10 1 524
10 2 1070
10 3 560
10 4 1144
10 5 233
10 6 641
10 7 1309
11 1 646
11 2 1319
11 3 691
11 4 1410
11 5 287
11 6 790
11 7 1614
12 1 564
12 2 1152
12 3 603
12 4 1231
12 5 251
12 6 690
12 7 1409
13 1 314
13 2 641
13 3 336
13 4 685
13 5 140
13 6 384
13 7 784
14 1 372
14 2 760
14 3 398
14 4 812
14 5 166
14 6 455
14 7 930
15 1 653
15 2 1334
15 3 698
15 4 1426
15 5 290
15 6 799
15 7 1632
16 1 732
16 2 1495
16 3 782
16 4 1598
16 5 325
16 6 896
16 7 1829
17 1 471
17 2 962
17 3 504
17 4 1028
17 5 210
17 6 576
17 7 1177
18 1 281
18 2 574
18 3 301
18 4 614
18 5 125
18 6 344
18 7 702
19 1 381
19 2 778
19 3 408
19 4 832
19 5 170
19 6 466
19 7 952
20 1 638
20 2 1303
20 3 682
20 4 1392
20 5 284
20 6 781
20 7 1594

# Energy Consumption
1 1 0
1 2 239
1 3 0
1 4 225
1 5 31
1 6 0
1 7 171
2 1 0
2 2 291
2 3 0
2 4 268
2 5 40
2 6 0
2 7 197
3 1 0
3 2 155
3 3 0
3 4 141
3 5 23
3 6 0
3 7 103
4 1 0
4 2 342
4 3 0
4 4 279
4 5 40
4 6 0
4 7 191
5 1 0
5 2 296
5 3 0
5 4 259
5 5 39
5 6 0
5 7 188
6 1 0
6 2 279
6 3 0
6 4 244
6 5 40
6 6 0
6 7 207
7 1 0
7 2 292
7 3 0
7 4 216
7 5 31
7 6 0
7 7 173
8 1 0
8 2 292
8 3 0
8 4 234
8 5 35
8 6 0
8 7 193
9 1 0
9 2 399
9 3 0
9 4 335
9 5 45
9 6 0
9 7 265
10 1 0
10 2 276
10 3 0
10 4 233
10 5 34
10 6 0
10 7 172
11 1 0
11 2 301
11 3 0
11 4 255
11 5 44
11 6 0
11 7 242
12 1 0
12 2 275
12 3 0
12 4 232
12 5 40
12 6 0
12 7 193
13 1 0
13 2 166
13 3 0
13 4 138
13 5 20
13 6 0
13 7 102
14 1 0
14 2 226
14 3 0
14 4 162
14 5 24
14 6 0
14 7 135
15 1 0
15 2 390
15 3 0
15 4 298
15 5 46
15 6 0
15 7 202
16 1 0
16 2 361
16 3 0
16 4 339
16 5 47
16 6 0
16 7 227
17 1 0
17 2 267
17 3 0
17 4 206
17 5 31
17 6 0
17 7 164
18 1 0
18 2 142
18 3 0
18 4 120
18 5 20
18 6 0
18 7 100
19 1 0
19 2 198
19 3 0
19 4 170
19 5 27
19 6 0
19 7 131
20 1 0
20 2 365
20 3 0
20 4 271
20 5 44
20 6 0
20 7 226

# Precedence Relations
1 5
1 6
2 5
3 4
4 14
5 7
5 8
5 9
7 10
7 11
8 12
8 13
10 14
11 14
12 14
13 15
14 16
14 17
14 18
14 19
14 20

# Parameters
R_e = 0.0500
T = 1920.45
C_s = 4.0
C_w = 36.0
C_c = 5.0
