# Tasks
1 2 3 4 5 6 7 8 9 10 11 12 13 14 15 16 17 18 19 20

# Workstations
1 2 3 4 5 6 7 8 9 10 11 12 13 14 15 16 17 18 19 20

# Modes
1 2 3 4 5 6 7

# Processing Times
1 1 85
1 2 166
1 3 85
1 4 165
1 5 80
1 6 90
1 7 175
2 1 262
2 2 518
2 3 272
2 4 537
2 5 248
2 6 273
2 7 540
3 1 34
3 2 70
3 3 33
3 4 68
3 5 33
3 6 37
3 7 76
4 1 93
4 2 208
4 3 95
4 4 212
4 5 81
4 6 94
4 7 210
5 1 40
5 2 75
5 3 41
5 4 77
5 5 34
5 6 44
5 7 82
6 1 149
6 2 328
6 3 145
6 4 318
6 5 134
6 6 155
6 7 341
7 1 56
7 2 117
7 3 55
7 4 114
7 5 53
7 6 58
7 7 120
8 1 103
8 2 220
8 3 105
8 4 224
8 5 86
8 6 108
8 7 229
9 1 53
9 2 109
9 3 53
9 4 108
9 5 43
9 6 57
9 7 116
10 1 41
10 2 89
10 3 43
10 4 93
10 5 34
10 6 43
10 7 93
11 1 118
11 2 269
11 3 120
11 4 273
11 5 104
11 6 125
11 7 285
12 1 121
12 2 267
12 3 120
12 4 264
12 5 107
12 6 122
12 7 268
13 1 124
13 2 288
13 3 127
13 4 294
13 5 112
13 6 136
13 7 315
14 1 44
14 2 81
14 3 43
14 4 78
14 5 39
14 6 47
14 7 86
15 1 199
15 2 469
15 3 208
15 4 489
15 5 187
15 6 207
15 7 486
16 1 95
16 2 236
16 3 99
16 4 245
16 5 89
16 6 98
16 7 243
17 1 27
17 2 50
17 3 28
17 4 51
17 5 23
17 6 29
17 7 54
18 1 151
18 2 368
18 3 152
18 4 370
18 5 137
18 6 153
18 7 372
19 1 43
19 2 87
19 3 44
19 4 88
19 5 39
19 6 44
19 7 89
20 1 95
20 2 208
20 3 93
20 4 203
20 5 90
20 6 104
20 7 227

# Energy Consumption
1 1 0
1 2 43
1 3 0
1 4 34
1 5 12
1 6 0
1 7 26
2 1 0
2 2 131
2 3 0
2 4 116
2 5 40
2 6 0
2 7 77
3 1 0
3 2 18
3 3 0
3 4 15
3 5 6
3 6 0
3 7 10
4 1 0
4 2 56
4 3 0
4 4 43
4 5 13
4 6 0
4 7 26
5 1 0
5 2 19
5 3 0
5 4 14
5 5 6
5 6 0
5 7 10
6 1 0
6 2 89
6 3 0
6 4 60
6 5 20
6 6 0
6 7 44
7 1 0
7 2 29
7 3 0
7 4 21
7 5 9
7 6 0
7 7 18
8 1 0
8 2 65
8 3 0
8 4 47
8 5 14
8 6 0
8 7 33
9 1 0
9 2 32
9 3 0
9 4 21
9 5 7
9 6 0
9 7 16
10 1 0
10 2 26
10 3 0
10 4 20
10 5 6
10 6 0
10 7 14
11 1 0
11 2 60
11 3 0
11 4 58
11 5 17
11 6 0
11 7 35
12 1 0
12 2 63
12 3 0
12 4 59
12 5 18
12 6 0
12 7 37
13 1 0
13 2 83
13 3 0
13 4 55
13 5 18
13 6 0
13 7 47
14 1 0
14 2 21
14 3 0
14 4 15
14 5 7
14 6 0
14 7 11
15 1 0
15 2 121
15 3 0
15 4 96
15 5 29
15 6 0
15 7 62
16 1 0
16 2 61
16 3 0
16 4 48
16 5 13
16 6 0
16 7 31
17 1 0
17 2 14
17 3 0
17 4 10
17 5 4
17 6 0
17 7 7
18 1 0
18 2 108
18 3 0
18 4 75
18 5 21
18 6 0
18 7 53
19 1 0
19 2 26
19 3 0
19 4 16
19 5 6
19 6 0
19 7 14
20 1 0
20 2 50
20 3 0
20 4 41
20 5 13
20 6 0
20 7 34

# Precedence Relations
1 11
2 11
3 4
3 5
4 11
5 6
5 7
5 8
5 9
5 10
6 11
7 11
8 20
9 12
10 12
11 13
11 14
11 15
11 16
12 19
14 18
14 20
15 17
16 19
16 20

# Parameters
R_e = 0.0500
T = 1000.0
C_s = 4.0
C_w = 36.0
C_c = 5.0
