# Tasks
1 2 3 4 5 6 7 8 9 10 11

# Workstations
1 2 3 4 5 6 7 8 9 10 11

# Modes
1 2 3 4 5 6 7

# Processing Times
1 1 4
1 2 7
1 3 4
1 4 7
1 5 4
1 6 5
1 7 9
2 1 38
2 2 52
2 3 34
2 4 47
2 5 35
2 6 48
2 7 65
3 1 45
3 2 59
3 3 40
3 4 52
3 5 40
3 6 51
3 7 67
4 1 12
4 2 19
4 3 11
4 4 17
4 5 11
4 6 15
4 7 24
5 1 10
5 2 13
5 3 10
5 4 13
5 5 9
5 6 12
5 7 15
6 1 8
6 2 11
6 3 7
6 4 10
6 5 7
6 6 10
6 7 14
7 1 12
7 2 15
7 3 12
7 4 14
7 5 12
7 6 14
7 7 18
8 1 10
8 2 15
8 3 9
8 4 14
8 5 9
8 6 12
8 7 18
9 1 2
9 2 3
9 3 2
9 4 3
9 5 2
9 6 3
9 7 4
10 1 10
10 2 16
10 3 9
10 4 14
10 5 9
10 6 12
10 7 20
11 1 34
11 2 45
11 3 30
11 4 40
11 5 28
11 6 41
11 7 54

# Energy Consumption
1 1 0
1 2 2
1 3 0
1 4 2
1 5 1
1 6 0
1 7 2
2 1 0
2 2 13
2 3 0
2 4 10
2 5 6
2 6 0
2 7 10
3 1 0
3 2 17
3 3 0
3 4 10
3 5 6
3 6 0
3 7 10
4 1 0
4 2 6
4 3 0
4 4 4
4 5 2
4 6 0
4 7 4
5 1 0
5 2 4
5 3 0
5 4 3
5 5 2
5 6 0
5 7 3
6 1 0
6 2 3
6 3 0
6 4 3
6 5 2
6 6 0
6 7 3
7 1 0
7 2 4
7 3 0
7 4 3
7 5 2
7 6 0
7 7 3
8 1 0
8 2 4
8 3 0
8 4 3
8 5 2
8 6 0
8 7 3
9 1 0
9 2 1
9 3 0
9 4 1
9 5 1
9 6 0
9 7 1
10 1 0
10 2 5
10 3 0
10 4 4
10 5 2
10 6 0
10 7 3
11 1 0
11 2 14
11 3 0
11 4 8
11 5 5
11 6 0
11 7 7

# Precedence Relations
1 4
2 4
2 5
3 11
4 6
5 7
6 8
7 9
8 10
9 10
10 11

# Parameters
R_e = 0.0500
T = 62.0
C_s = 4.0
C_w = 36.0
C_c = 5.0
