# Tasks
1 2 3 4 5 6 7 8 9 10 11 12 13 14 15 16 17 18 19 20

# Workstations
1 2 3 4 5 6 7 8 9 10 11 12 13 14 15 16 17 18 19 20

# Modes
1 2 3 4 5 6 7

# Processing Times
1 1 209
1 2 216
1 3 203
1 4 210
1 5 134
1 6 257
1 7 265
2 1 93
2 2 94
2 3 97
2 4 98
2 5 57
2 6 108
2 7 109
3 1 197
3 2 202
3 3 192
3 4 197
3 5 124
3 6 219
3 7 225
4 1 223
4 2 192
4 3 228
4 4 197
4 5 125
4 6 267
4 7 230
5 1 75
5 2 65
5 3 74
5 4 64
5 5 51
5 6 88
5 7 76
6 1 92
6 2 100
6 3 94
6 4 102
6 5 56
6 6 110
6 7 120
7 1 36
7 2 33
7 3 38
7 4 35
7 5 23
7 6 45
7 7 42
8 1 27
8 2 27
8 3 27
8 4 27
8 5 17
8 6 31
8 7 31
9 1 26
9 2 24
9 3 27
9 4 25
9 5 17
9 6 29
9 7 27
10 1 114
10 2 110
10 3 110
10 4 106
10 5 76
10 6 141
10 7 136
11 1 128
11 2 111
11 3 124
11 4 107
11 5 87
11 6 160
11 7 138
12 1 229
12 2 252
12 3 237
12 4 261
12 5 150
12 6 266
12 7 293
13 1 383
13 2 395
13 3 396
13 4 409
13 5 220
13 6 423
13 7 436
14 1 113
14 2 117
14 3 116
14 4 120
14 5 76
14 6 129
14 7 134
15 1 217
15 2 205
15 3 224
15 4 212
15 5 147
15 6 251
15 7 237
16 1 306
16 2 313
16 3 296
16 4 303
16 5 175
16 6 378
16 7 386
17 1 50
17 2 49
17 3 53
17 4 52
17 5 35
17 6 62
17 7 61
18 1 125
18 2 134
18 3 120
18 4 129
18 5 71
18 6 154
18 7 165
19 1 68
19 2 60
19 3 72
19 4 63
19 5 48
19 6 83
19 7 73
20 1 120
20 2 121
20 3 125
20 4 126
20 5 84
20 6 141
20 7 142

# Energy Consumption
1 1 0
1 2 57
1 3 0
1 4 41
1 5 21
1 6 0
1 7 33
2 1 0
2 2 23
2 3 0
2 4 22
2 5 9
2 6 0
2 7 14
3 1 0
3 2 53
3 3 0
3 4 41
3 5 19
3 6 0
3 7 34
4 1 0
4 2 57
4 3 0
4 4 38
4 5 19
4 6 0
4 7 32
5 1 0
5 2 16
5 3 0
5 4 13
5 5 8
5 6 0
5 7 10
6 1 0
6 2 25
6 3 0
6 4 21
6 5 9
6 6 0
6 7 15
7 1 0
7 2 8
7 3 0
7 4 7
7 5 4
7 6 0
7 7 6
8 1 0
8 2 8
8 3 0
8 4 6
8 5 3
8 6 0
8 7 5
9 1 0
9 2 7
9 3 0
9 4 6
9 5 3
9 6 0
9 7 4
10 1 0
10 2 31
10 3 0
10 4 22
10 5 12
10 6 0
10 7 18
11 1 0
11 2 29
11 3 0
11 4 21
11 5 13
11 6 0
11 7 20
12 1 0
12 2 67
12 3 0
12 4 54
12 5 24
12 6 0
12 7 39
13 1 0
13 2 113
13 3 0
13 4 87
13 5 33
13 6 0
13 7 59
14 1 0
14 2 35
14 3 0
14 4 24
14 5 12
14 6 0
14 7 20
15 1 0
15 2 61
15 3 0
15 4 41
15 5 22
15 6 0
15 7 35
16 1 0
16 2 80
16 3 0
16 4 65
16 5 27
16 6 0
16 7 55
17 1 0
17 2 13
17 3 0
17 4 11
17 5 6
17 6 0
17 7 8
18 1 0
18 2 36
18 3 0
18 4 26
18 5 12
18 6 0
18 7 24
19 1 0
19 2 14
19 3 0
19 4 13
19 5 8
19 6 0
19 7 11
20 1 0
20 2 34
20 3 0
20 4 26
20 5 14
20 6 0
20 7 18

# Precedence Relations
1 10
2 10
4 9
6 7
6 8
7 10
8 10
9 11
9 12
9 13
9 14
10 15
10 16
10 17
10 18
10 19
18 20

# Parameters
R_e = 0.0500
T = 1000.0
C_s = 4.0
C_w = 36.0
C_c = 5.0
