# Tasks
1 2 3 4 5 6 7 8 9 10 11 12 13 14 15 16 17 18 19 20

# Workstations
1 2 3 4 5 6 7 8 9 10 11 12 13 14 15 16 17 18 19 20

# Modes
1 2 3 4 5 6 7

# Processing Times
1 1 464
1 2 436
1 3 422
1 4 396
1 5 166
1 6 499
1 7 469
2 1 154
2 2 145
2 3 140
2 4 132
2 5 55
2 6 166
2 7 156
3 1 506
3 2 476
3 3 460
3 4 433
3 5 181
3 6 544
3 7 512
4 1 476
4 2 448
4 3 433
4 4 407
4 5 170
4 6 512
4 7 482
5 1 77
5 2 73
5 3 70
5 4 67
5 5 28
5 6 83
5 7 79
6 1 155
6 2 146
6 3 141
6 4 133
6 5 56
6 6 167
6 7 157
7 1 340
7 2 320
7 3 309
7 4 291
7 5 121
7 6 366
7 7 344
8 1 467
8 2 439
8 3 424
8 4 399
8 5 167
8 6 502
8 7 472
9 1 94
9 2 89
9 3 86
9 4 81
9 5 34
9 6 102
9 7 96
10 1 65
10 2 62
10 3 59
10 4 57
10 5 24
10 6 70
10 7 67
11 1 192
11 2 181
11 3 175
11 4 165
11 5 69
11 6 207
11 7 195
12 1 127
12 2 120
12 3 116
12 4 109
12 5 46
12 6 137
12 7 129
13 1 204
13 2 192
13 3 186
13 4 175
13 5 73
13 6 220
13 7 207
14 1 108
14 2 102
14 3 99
14 4 93
14 5 39
14 6 117
14 7 110
15 1 481
15 2 452
15 3 437
15 4 411
15 5 172
15 6 517
15 7 486
16 1 213
16 2 201
16 3 194
16 4 183
16 5 76
16 6 229
16 7 217
17 1 116
17 2 109
17 3 106
17 4 99
17 5 42
17 6 125
17 7 118
18 1 74
18 2 70
18 3 68
18 4 64
18 5 27
18 6 80
18 7 76
19 1 220
19 2 207
19 3 200
19 4 188
19 5 79
19 6 237
19 7 223
20 1 117
20 2 110
20 3 107
20 4 100
20 5 42
20 6 126
20 7 119

# Energy Consumption
1 1 0
1 2 109
1 3 0
1 4 78
1 5 26
1 6 0
1 7 67
2 1 0
2 2 35
2 3 0
2 4 27
2 5 9
2 6 0
2 7 22
3 1 0
3 2 115
3 3 0
3 4 79
3 5 27
3 6 0
3 7 76
4 1 0
4 2 131
4 3 0
4 4 75
4 5 26
4 6 0
4 7 71
5 1 0
5 2 22
5 3 0
5 4 14
5 5 5
5 6 0
5 7 11
6 1 0
6 2 43
6 3 0
6 4 25
6 5 9
6 6 0
6 7 22
7 1 0
7 2 73
7 3 0
7 4 62
7 5 19
7 6 0
7 7 50
8 1 0
8 2 129
8 3 0
8 4 83
8 5 25
8 6 0
8 7 64
9 1 0
9 2 22
9 3 0
9 4 17
9 5 6
9 6 0
9 7 14
10 1 0
10 2 16
10 3 0
10 4 13
10 5 4
10 6 0
10 7 9
11 1 0
11 2 43
11 3 0
11 4 36
11 5 11
11 6 0
11 7 28
12 1 0
12 2 30
12 3 0
12 4 23
12 5 8
12 6 0
12 7 19
13 1 0
13 2 47
13 3 0
13 4 34
13 5 12
13 6 0
13 7 27
14 1 0
14 2 25
14 3 0
14 4 18
14 5 6
14 6 0
14 7 14
15 1 0
15 2 134
15 3 0
15 4 90
15 5 28
15 6 0
15 7 62
16 1 0
16 2 46
16 3 0
16 4 35
16 5 11
16 6 0
16 7 29
17 1 0
17 2 31
17 3 0
17 4 21
17 5 6
17 6 0
17 7 18
18 1 0
18 2 16
18 3 0
18 4 14
18 5 4
18 6 0
18 7 11
19 1 0
19 2 46
19 3 0
19 4 41
19 5 13
19 6 0
19 7 32
20 1 0
20 2 29
20 3 0
20 4 20
20 5 7
20 6 0
20 7 18

# Precedence Relations
1 9
2 9
3 9
4 9
5 11
5 12
8 10
9 13
9 14
9 15
9 16
14 17
15 18
17 20
18 19

# Parameters
R_e = 0.0500
T = 1000.0
C_s = 4.0
C_w = 36.0
C_c = 5.0
