# Tasks
1 2 3 4 5 6 7 8 9 10 11 12 13 14 15 16 17 18 19 20 21 22 23 24 25 26 27 28 29 30 31 32 33 34 35 36 37 38 39 40 41 42 43 44 45 46 47 48 49 50 51 52 53 54 55 56 57 58 59 60 61 62 63 64 65 66 67 68 69 70 71 72 73 74 75

# Workstations
1 2 3 4 5 6 7 8 9 10 11 12 13 14 15 16 17 18 19 20 21 22 23 24 25 26 27 28 29 30 31 32 33 34 35 36 37 38 39 40 41 42 43 44 45 46 47 48 49 50 51 52 53 54 55 56 57 58 59 60 61 62 63 64 65 66 67 68 69 70 71 72 73 74 75

# Modes
1 2 3 4 5 6 7

# Processing Times
1 1 23
1 2 32
1 3 25
1 4 35
1 5 15
1 6 26
1 7 35
2 1 24
2 2 37
2 3 26
2 4 40
2 5 14
2 6 27
2 7 41
3 1 25
3 2 31
3 3 27
3 4 34
3 5 18
3 6 27
3 7 33
4 1 26
4 2 38
4 3 29
4 4 42
4 5 17
4 6 28
4 7 41
5 1 23
5 2 33
5 3 25
5 4 36
5 5 16
5 6 25
5 7 36
6 1 22
6 2 34
6 3 24
6 4 37
6 5 16
6 6 25
6 7 38
7 1 6
7 2 10
7 3 7
7 4 11
7 5 4
7 6 7
7 7 11
8 1 22
8 2 34
8 3 24
8 4 37
8 5 15
8 6 23
8 7 36
9 1 23
9 2 31
9 3 25
9 4 33
9 5 14
9 6 25
9 7 33
10 1 21
10 2 32
10 3 24
10 4 36
10 5 13
10 6 22
10 7 33
11 1 22
11 2 34
11 3 24
11 4 37
11 5 15
11 6 23
11 7 35
12 1 15
12 2 22
12 3 16
12 4 24
12 5 10
12 6 16
12 7 24
13 1 5
13 2 8
13 3 6
13 4 9
13 5 3
13 6 6
13 7 9
14 1 23
14 2 31
14 3 26
14 4 34
14 5 14
14 6 25
14 7 33
15 1 4
15 2 6
15 3 5
15 4 7
15 5 3
15 6 5
15 7 7
16 1 26
16 2 33
16 3 28
16 4 35
16 5 19
16 6 28
16 7 36
17 1 21
17 2 30
17 3 23
17 4 33
17 5 12
17 6 23
17 7 33
18 1 5
18 2 8
18 3 6
18 4 9
18 5 4
18 6 6
18 7 9
19 1 24
19 2 34
19 3 26
19 4 37
19 5 14
19 6 26
19 7 37
20 1 25
20 2 33
20 3 28
20 4 36
20 5 15
20 6 27
20 7 36
21 1 26
21 2 37
21 3 29
21 4 41
21 5 17
21 6 29
21 7 41
22 1 26
22 2 35
22 3 28
22 4 37
22 5 15
22 6 27
22 7 36
23 1 24
23 2 37
23 3 27
23 4 41
23 5 14
23 6 27
23 7 41
24 1 27
24 2 41
24 3 30
24 4 45
24 5 16
24 6 30
24 7 45
25 1 20
25 2 26
25 3 22
25 4 28
25 5 13
25 6 22
25 7 29
26 1 23
26 2 33
26 3 25
26 4 36
26 5 16
26 6 24
26 7 35
27 1 25
27 2 33
27 3 27
27 4 36
27 5 16
27 6 27
27 7 36
28 1 13
28 2 21
28 3 15
28 4 24
28 5 8
28 6 14
28 7 23
29 1 3
29 2 4
29 3 4
29 4 5
29 5 3
29 6 4
29 7 5
30 1 11
30 2 16
30 3 12
30 4 17
30 5 8
30 6 12
30 7 17
31 1 21
31 2 29
31 3 23
31 4 32
31 5 14
31 6 23
31 7 32
32 1 22
32 2 31
32 3 24
32 4 34
32 5 15
32 6 24
32 7 34
33 1 21
33 2 30
33 3 23
33 4 32
33 5 12
33 6 23
33 7 32
34 1 22
34 2 33
34 3 24
34 4 36
34 5 14
34 6 23
34 7 34
35 1 25
35 2 33
35 3 28
35 4 37
35 5 16
35 6 26
35 7 34
36 1 8
36 2 13
36 3 9
36 4 15
36 5 5
36 6 9
36 7 14
37 1 22
37 2 36
37 3 24
37 4 39
37 5 13
37 6 23
37 7 38
38 1 24
38 2 31
38 3 27
38 4 35
38 5 15
38 6 27
38 7 35
39 1 22
39 2 31
39 3 24
39 4 34
39 5 14
39 6 23
39 7 32
40 1 21
40 2 28
40 3 23
40 4 31
40 5 15
40 6 23
40 7 31
41 1 6
41 2 8
41 3 7
41 4 9
41 5 4
41 6 7
41 7 9
42 1 26
42 2 32
42 3 28
42 4 34
42 5 17
42 6 28
42 7 34
43 1 22
43 2 33
43 3 24
43 4 36
43 5 15
43 6 24
43 7 36
44 1 6
44 2 9
44 3 7
44 4 10
44 5 5
44 6 7
44 7 10
45 1 21
45 2 29
45 3 23
45 4 31
45 5 14
45 6 23
45 7 31
46 1 25
46 2 37
46 3 27
46 4 40
46 5 18
46 6 28
46 7 41
47 1 11
47 2 18
47 3 13
47 4 20
47 5 7
47 6 12
47 7 20
48 1 22
48 2 33
48 3 24
48 4 36
48 5 13
48 6 23
48 7 34
49 1 21
49 2 34
49 3 23
49 4 37
49 5 14
49 6 23
49 7 37
50 1 25
50 2 35
50 3 27
50 4 38
50 5 16
50 6 27
50 7 38
51 1 22
51 2 34
51 3 24
51 4 36
51 5 14
51 6 23
51 7 35
52 1 22
52 2 29
52 3 24
52 4 32
52 5 16
52 6 23
52 7 30
53 1 23
53 2 34
53 3 26
53 4 38
53 5 14
53 6 26
53 7 38
54 1 22
54 2 30
54 3 25
54 4 33
54 5 14
54 6 23
54 7 31
55 1 22
55 2 35
55 3 24
55 4 38
55 5 13
55 6 24
55 7 38
56 1 25
56 2 37
56 3 27
56 4 40
56 5 17
56 6 28
56 7 41
57 1 23
57 2 28
57 3 26
57 4 31
57 5 15
57 6 24
57 7 29
58 1 21
58 2 28
58 3 23
58 4 30
58 5 12
58 6 23
58 7 30
59 1 22
59 2 33
59 3 24
59 4 35
59 5 13
59 6 23
59 7 35
60 1 22
60 2 30
60 3 25
60 4 33
60 5 15
60 6 24
60 7 32
61 1 22
61 2 32
61 3 24
61 4 35
61 5 13
61 6 23
61 7 33
62 1 22
62 2 33
62 3 25
62 4 37
62 5 14
62 6 24
62 7 35
63 1 21
63 2 30
63 3 23
63 4 33
63 5 14
63 6 23
63 7 33
64 1 27
64 2 42
64 3 29
64 4 45
64 5 17
64 6 30
64 7 47
65 1 23
65 2 31
65 3 25
65 4 34
65 5 14
65 6 25
65 7 33
66 1 2
66 2 3
66 3 3
66 4 4
66 5 2
66 6 3
66 7 4
67 1 26
67 2 39
67 3 29
67 4 43
67 5 18
67 6 27
67 7 40
68 1 25
68 2 39
68 3 28
68 4 43
68 5 14
68 6 27
68 7 42
69 1 24
69 2 30
69 3 27
69 4 33
69 5 14
69 6 27
69 7 33
70 1 22
70 2 28
70 3 24
70 4 30
70 5 14
70 6 24
70 7 31
71 1 24
71 2 37
71 3 26
71 4 40
71 5 16
71 6 25
71 7 39
72 1 4
72 2 6
72 3 5
72 4 7
72 5 3
72 6 5
72 7 7
73 1 22
73 2 34
73 3 24
73 4 37
73 5 15
73 6 24
73 7 37
74 1 10
74 2 14
74 3 11
74 4 16
74 5 6
74 6 11
74 7 16
75 1 25
75 2 31
75 3 27
75 4 34
75 5 15
75 6 26
75 7 32

# Energy Consumption
1 1 0
1 2 8
1 3 0
1 4 8
1 5 3
1 6 0
1 7 6
2 1 0
2 2 10
2 3 0
2 4 8
2 5 3
2 6 0
2 7 6
3 1 0
3 2 9
3 3 0
3 4 7
3 5 3
3 6 0
3 7 5
4 1 0
4 2 10
4 3 0
4 4 10
4 5 3
4 6 0
4 7 6
5 1 0
5 2 9
5 3 0
5 4 8
5 5 3
5 6 0
5 7 5
6 1 0
6 2 8
6 3 0
6 4 8
6 5 3
6 6 0
6 7 6
7 1 0
7 2 3
7 3 0
7 4 3
7 5 1
7 6 0
7 7 2
8 1 0
8 2 9
8 3 0
8 4 8
8 5 3
8 6 0
8 7 6
9 1 0
9 2 9
9 3 0
9 4 8
9 5 3
9 6 0
9 7 5
10 1 0
10 2 10
10 3 0
10 4 8
10 5 2
10 6 0
10 7 5
11 1 0
11 2 8
11 3 0
11 4 7
11 5 3
11 6 0
11 7 6
12 1 0
12 2 6
12 3 0
12 4 6
12 5 2
12 6 0
12 7 4
13 1 0
13 2 2
13 3 0
13 4 2
13 5 1
13 6 0
13 7 2
14 1 0
14 2 10
14 3 0
14 4 7
14 5 3
14 6 0
14 7 5
15 1 0
15 2 2
15 3 0
15 4 2
15 5 1
15 6 0
15 7 1
16 1 0
16 2 10
16 3 0
16 4 8
16 5 3
16 6 0
16 7 5
17 1 0
17 2 9
17 3 0
17 4 8
17 5 2
17 6 0
17 7 5
18 1 0
18 2 2
18 3 0
18 4 2
18 5 1
18 6 0
18 7 2
19 1 0
19 2 10
19 3 0
19 4 8
19 5 3
19 6 0
19 7 6
20 1 0
20 2 9
20 3 0
20 4 8
20 5 3
20 6 0
20 7 5
21 1 0
21 2 9
21 3 0
21 4 9
21 5 3
21 6 0
21 7 6
22 1 0
22 2 9
22 3 0
22 4 8
22 5 3
22 6 0
22 7 6
23 1 0
23 2 10
23 3 0
23 4 9
23 5 2
23 6 0
23 7 7
24 1 0
24 2 10
24 3 0
24 4 10
24 5 3
24 6 0
24 7 7
25 1 0
25 2 7
25 3 0
25 4 6
25 5 2
25 6 0
25 7 4
26 1 0
26 2 10
26 3 0
26 4 7
26 5 3
26 6 0
26 7 5
27 1 0
27 2 10
27 3 0
27 4 8
27 5 3
27 6 0
27 7 5
28 1 0
28 2 5
28 3 0
28 4 5
28 5 2
28 6 0
28 7 4
29 1 0
29 2 2
29 3 0
29 4 2
29 5 1
29 6 0
29 7 1
30 1 0
30 2 5
30 3 0
30 4 4
30 5 2
30 6 0
30 7 3
31 1 0
31 2 8
31 3 0
31 4 7
31 5 3
31 6 0
31 7 5
32 1 0
32 2 8
32 3 0
32 4 8
32 5 3
32 6 0
32 7 5
33 1 0
33 2 7
33 3 0
33 4 7
33 5 2
33 6 0
33 7 5
34 1 0
34 2 9
34 3 0
34 4 7
34 5 3
34 6 0
34 7 5
35 1 0
35 2 10
35 3 0
35 4 7
35 5 3
35 6 0
35 7 6
36 1 0
36 2 4
36 3 0
36 4 4
36 5 1
36 6 0
36 7 2
37 1 0
37 2 11
37 3 0
37 4 8
37 5 3
37 6 0
37 7 5
38 1 0
38 2 9
38 3 0
38 4 7
38 5 3
38 6 0
38 7 5
39 1 0
39 2 8
39 3 0
39 4 7
39 5 3
39 6 0
39 7 5
40 1 0
40 2 8
40 3 0
40 4 7
40 5 3
40 6 0
40 7 5
41 1 0
41 2 3
41 3 0
41 4 2
41 5 1
41 6 0
41 7 2
42 1 0
42 2 9
42 3 0
42 4 7
42 5 3
42 6 0
42 7 5
43 1 0
43 2 8
43 3 0
43 4 7
43 5 3
43 6 0
43 7 5
44 1 0
44 2 3
44 3 0
44 4 2
44 5 1
44 6 0
44 7 2
45 1 0
45 2 8
45 3 0
45 4 7
45 5 3
45 6 0
45 7 5
46 1 0
46 2 10
46 3 0
46 4 9
46 5 3
46 6 0
46 7 6
47 1 0
47 2 6
47 3 0
47 4 5
47 5 2
47 6 0
47 7 3
48 1 0
48 2 8
48 3 0
48 4 7
48 5 2
48 6 0
48 7 5
49 1 0
49 2 9
49 3 0
49 4 7
49 5 2
49 6 0
49 7 5
50 1 0
50 2 11
50 3 0
50 4 8
50 5 3
50 6 0
50 7 5
51 1 0
51 2 10
51 3 0
51 4 8
51 5 2
51 6 0
51 7 5
52 1 0
52 2 9
52 3 0
52 4 7
52 5 3
52 6 0
52 7 4
53 1 0
53 2 9
53 3 0
53 4 7
53 5 3
53 6 0
53 7 6
54 1 0
54 2 9
54 3 0
54 4 7
54 5 3
54 6 0
54 7 5
55 1 0
55 2 9
55 3 0
55 4 9
55 5 3
55 6 0
55 7 6
56 1 0
56 2 12
56 3 0
56 4 9
56 5 3
56 6 0
56 7 6
57 1 0
57 2 8
57 3 0
57 4 6
57 5 3
57 6 0
57 7 4
58 1 0
58 2 7
58 3 0
58 4 7
58 5 2
58 6 0
58 7 4
59 1 0
59 2 10
59 3 0
59 4 8
59 5 2
59 6 0
59 7 5
60 1 0
60 2 7
60 3 0
60 4 8
60 5 3
60 6 0
60 7 5
61 1 0
61 2 9
61 3 0
61 4 8
61 5 3
61 6 0
61 7 5
62 1 0
62 2 10
62 3 0
62 4 8
62 5 2
62 6 0
62 7 5
63 1 0
63 2 8
63 3 0
63 4 7
63 5 3
63 6 0
63 7 5
64 1 0
64 2 13
64 3 0
64 4 10
64 5 3
64 6 0
64 7 7
65 1 0
65 2 8
65 3 0
65 4 7
65 5 2
65 6 0
65 7 5
66 1 0
66 2 1
66 3 0
66 4 1
66 5 1
66 6 0
66 7 1
67 1 0
67 2 9
67 3 0
67 4 9
67 5 3
67 6 0
67 7 6
68 1 0
68 2 12
68 3 0
68 4 9
68 5 3
68 6 0
68 7 6
69 1 0
69 2 8
69 3 0
69 4 6
69 5 3
69 6 0
69 7 5
70 1 0
70 2 9
70 3 0
70 4 7
70 5 3
70 6 0
70 7 4
71 1 0
71 2 12
71 3 0
71 4 9
71 5 3
71 6 0
71 7 6
72 1 0
72 2 2
72 3 0
72 4 2
72 5 1
72 6 0
72 7 1
73 1 0
73 2 8
73 3 0
73 4 9
73 5 3
73 6 0
73 7 5
74 1 0
74 2 4
74 3 0
74 4 4
74 5 1
74 6 0
74 7 3
75 1 0
75 2 9
75 3 0
75 4 8
75 5 3
75 6 0
75 7 5

# Precedence Relations
1 2
1 3
1 4
1 5
1 6
1 7
2 15
3 13
3 24
4 8
4 14
4 16
5 12
5 15
6 9
6 10
6 11
6 13
9 20
9 24
10 18
12 19
13 22
15 17
15 20
15 23
16 21
16 26
17 30
18 26
18 30
20 27
21 33
24 25
25 28
25 30
25 33
25 34
26 31
26 32
26 41
27 29
27 35
27 36
31 37
31 39
32 44
32 45
33 41
35 38
35 42
36 40
36 43
39 51
40 46
42 47
43 48
43 50
46 51
46 48
47 49
47 50
47 52
47 53
49 59
49 61
49 62
50 54
50 55
50 60
50 62
52 56
52 57
53 58
55 63
58 65
59 64
59 66
62 67
66 68
68 69
68 70
68 71
68 72
68 73
68 74
68 75

# Parameters
R_e = 0.0500
T = 39.0
C_s = 4.0
C_w = 36.0
C_c = 5.0
