# Tasks
1 2 3 4 5 6 7 8 9 10 11 12 13 14 15 16 17 18 19 20

# Workstations
1 2 3 4 5 6 7 8 9 10 11 12 13 14 15 16 17 18 19 20

# Modes
1 2 3 4 5 6 7

# Processing Times
1 1 22
1 2 23
1 3 22
1 4 23
1 5 15
1 6 27
1 7 29
2 1 128
2 2 129
2 3 134
2 4 135
2 5 78
2 6 148
2 7 149
3 1 104
3 2 107
3 3 102
3 4 104
3 5 66
3 6 116
3 7 119
4 1 54
4 2 47
4 3 56
4 4 48
4 5 31
4 6 65
4 7 57
5 1 133
5 2 115
5 3 131
5 4 113
5 5 90
5 6 155
5 7 134
6 1 78
6 2 85
6 3 79
6 4 86
6 5 48
6 6 94
6 7 102
7 1 89
7 2 81
7 3 93
7 4 85
7 5 57
7 6 111
7 7 101
8 1 252
8 2 245
8 3 252
8 4 245
8 5 156
8 6 281
8 7 273
9 1 274
9 2 245
9 3 277
9 4 248
9 5 176
9 6 304
9 7 271
10 1 134
10 2 130
10 3 129
10 4 125
10 5 89
10 6 166
10 7 161
11 1 212
11 2 184
11 3 204
11 4 177
11 5 144
11 6 264
11 7 229
12 1 95
12 2 105
12 3 99
12 4 109
12 5 63
12 6 111
12 7 122
13 1 288
13 2 297
13 3 298
13 4 307
13 5 166
13 6 318
13 7 328
14 1 225
14 2 233
14 3 230
14 4 238
14 5 151
14 6 257
14 7 266
15 1 146
15 2 138
15 3 151
15 4 143
15 5 99
15 6 169
15 7 160
16 1 82
16 2 84
16 3 80
16 4 82
16 5 47
16 6 102
16 7 104
17 1 110
17 2 107
17 3 115
17 4 112
17 5 76
17 6 136
17 7 132
18 1 198
18 2 211
18 3 190
18 4 202
18 5 112
18 6 244
18 7 260
19 1 125
19 2 110
19 3 131
19 4 116
19 5 87
19 6 151
19 7 133
20 1 26
20 2 27
20 3 28
20 4 29
20 5 19
20 6 31
20 7 32

# Energy Consumption
1 1 0
1 2 7
1 3 0
1 4 5
1 5 3
1 6 0
1 7 4
2 1 0
2 2 32
2 3 0
2 4 30
2 5 12
2 6 0
2 7 19
3 1 0
3 2 28
3 3 0
3 4 22
3 5 10
3 6 0
3 7 18
4 1 0
4 2 14
4 3 0
4 4 10
4 5 5
4 6 0
4 7 8
5 1 0
5 2 27
5 3 0
5 4 23
5 5 14
5 6 0
5 7 18
6 1 0
6 2 21
6 3 0
6 4 18
6 5 8
6 6 0
6 7 13
7 1 0
7 2 18
7 3 0
7 4 16
7 5 9
7 6 0
7 7 13
8 1 0
8 2 73
8 3 0
8 4 51
8 5 25
8 6 0
8 7 40
9 1 0
9 2 67
9 3 0
9 4 55
9 5 28
9 6 0
9 7 37
10 1 0
10 2 37
10 3 0
10 4 26
10 5 14
10 6 0
10 7 21
11 1 0
11 2 48
11 3 0
11 4 34
11 5 22
11 6 0
11 7 33
12 1 0
12 2 28
12 3 0
12 4 23
12 5 11
12 6 0
12 7 16
13 1 0
13 2 85
13 3 0
13 4 66
13 5 25
13 6 0
13 7 44
14 1 0
14 2 69
14 3 0
14 4 48
14 5 23
14 6 0
14 7 40
15 1 0
15 2 41
15 3 0
15 4 28
15 5 15
15 6 0
15 7 24
16 1 0
16 2 22
16 3 0
16 4 18
16 5 8
16 6 0
16 7 15
17 1 0
17 2 28
17 3 0
17 4 24
17 5 11
17 6 0
17 7 17
18 1 0
18 2 57
18 3 0
18 4 40
18 5 18
18 6 0
18 7 38
19 1 0
19 2 25
19 3 0
19 4 24
19 5 14
19 6 0
19 7 19
20 1 0
20 2 8
20 3 0
20 4 6
20 5 3
20 6 0
20 7 4

# Precedence Relations
1 2
1 3
1 4
2 5
2 6
3 5
3 6
4 7
5 7
5 8
6 7
6 8
6 9
7 10
7 11
8 10
9 11
10 12
10 13
11 12
11 14
12 15
12 16
13 14
13 15
14 17
14 18
15 18
17 19
17 20

# Parameters
R_e = 0.0500
T = 1000.0
C_s = 4.0
C_w = 36.0
C_c = 5.0
