# Tasks
1 2 3 4 5 6 7 8 9 10 11 12 13 14 15 16 17 18 19 20 21 22 23 24 25 26 27 28

# Workstations
1 2 3 4 5 6 7 8 9 10 11 12 13 14 15 16 17 18 19 20 21 22 23 24 25 26 27 28

# Modes
1 2 3 4 5 6 7

# Processing Times
1 1 70
1 2 174
1 3 62
1 4 153
1 5 45
1 6 92
1 7 229
2 1 59
2 2 143
2 3 53
2 4 127
2 5 37
2 6 84
2 7 203
3 1 33
3 2 77
3 3 31
3 4 71
3 5 20
3 6 48
3 7 111
4 1 6
4 2 14
4 3 6
4 4 13
4 5 4
4 6 9
4 7 20
5 1 1
5 2 2
5 3 1
5 4 2
5 5 1
5 6 2
5 7 3
6 1 27
6 2 60
6 3 26
6 4 57
6 5 19
6 6 39
6 7 87
7 1 17
7 2 39
7 3 15
7 4 35
7 5 11
7 6 23
7 7 51
8 1 62
8 2 119
8 3 59
8 4 113
8 5 38
8 6 88
8 7 169
9 1 31
9 2 58
9 3 29
9 4 53
9 5 20
9 6 42
9 7 79
10 1 53
10 2 106
10 3 50
10 4 99
10 5 37
10 6 69
10 7 138
11 1 21
11 2 45
11 3 19
11 4 40
11 5 14
11 6 30
11 7 64
12 1 19
12 2 36
12 3 17
12 4 32
12 5 13
12 6 25
12 7 48
13 1 108
13 2 218
13 3 94
13 4 189
13 5 61
13 6 140
13 7 283
14 1 52
14 2 108
14 3 48
14 4 100
14 5 29
14 6 67
14 7 139
15 1 5
15 2 13
15 3 5
15 4 13
15 5 4
15 6 7
15 7 18
16 1 8
16 2 16
16 3 8
16 4 16
16 5 6
16 6 11
16 7 21
17 1 97
17 2 176
17 3 86
17 4 156
17 5 62
17 6 125
17 7 226
18 1 8
18 2 20
18 3 8
18 4 19
18 5 6
18 6 11
18 7 26
19 1 47
19 2 85
19 3 42
19 4 76
19 5 30
19 6 67
19 7 121
20 1 67
20 2 150
20 3 58
20 4 128
20 5 47
20 6 95
20 7 211
21 1 17
21 2 39
21 3 17
21 4 37
21 5 12
21 6 25
21 7 57
22 1 8
22 2 20
22 3 8
22 4 18
22 5 6
22 6 11
22 7 26
23 1 3
23 2 7
23 3 3
23 4 7
23 5 3
23 6 4
23 7 9
24 1 21
24 2 53
24 3 20
24 4 49
24 5 15
24 6 29
24 7 72
25 1 107
25 2 193
25 3 94
25 4 169
25 5 67
25 6 155
25 7 280
26 1 3
26 2 7
26 3 3
26 4 7
26 5 2
26 6 5
26 7 10
27 1 2
27 2 5
27 3 2
27 4 5
27 5 2
27 6 3
27 7 7
28 1 72
28 2 157
28 3 63
28 4 136
28 5 50
28 6 101
28 7 219

# Energy Consumption
1 1 0
1 2 50
1 3 0
1 4 30
1 5 8
1 6 0
1 7 28
2 1 0
2 2 34
2 3 0
2 4 25
2 5 6
2 6 0
2 7 30
3 1 0
3 2 20
3 3 0
3 4 15
3 5 3
3 6 0
3 7 16
4 1 0
4 2 4
4 3 0
4 4 3
4 5 1
4 6 0
4 7 3
5 1 0
5 2 1
5 3 0
5 4 1
5 5 1
5 6 0
5 7 1
6 1 0
6 2 15
6 3 0
6 4 13
6 5 3
6 6 0
6 7 12
7 1 0
7 2 10
7 3 0
7 4 8
7 5 2
7 6 0
7 7 8
8 1 0
8 2 32
8 3 0
8 4 24
8 5 6
8 6 0
8 7 25
9 1 0
9 2 13
9 3 0
9 4 11
9 5 4
9 6 0
9 7 10
10 1 0
10 2 28
10 3 0
10 4 21
10 5 6
10 6 0
10 7 17
11 1 0
11 2 11
11 3 0
11 4 8
11 5 2
11 6 0
11 7 8
12 1 0
12 2 9
12 3 0
12 4 7
12 5 2
12 6 0
12 7 6
13 1 0
13 2 64
13 3 0
13 4 36
13 5 10
13 6 0
13 7 40
14 1 0
14 2 32
14 3 0
14 4 19
14 5 5
14 6 0
14 7 20
15 1 0
15 2 3
15 3 0
15 4 3
15 5 1
15 6 0
15 7 3
16 1 0
16 2 4
16 3 0
16 4 4
16 5 1
16 6 0
16 7 3
17 1 0
17 2 47
17 3 0
17 4 31
17 5 10
17 6 0
17 7 28
18 1 0
18 2 6
18 3 0
18 4 4
18 5 1
18 6 0
18 7 4
19 1 0
19 2 23
19 3 0
19 4 14
19 5 5
19 6 0
19 7 17
20 1 0
20 2 39
20 3 0
20 4 24
20 5 7
20 6 0
20 7 31
21 1 0
21 2 11
21 3 0
21 4 9
21 5 2
21 6 0
21 7 8
22 1 0
22 2 6
22 3 0
22 4 4
22 5 1
22 6 0
22 7 4
23 1 0
23 2 2
23 3 0
23 4 2
23 5 1
23 6 0
23 7 2
24 1 0
24 2 13
24 3 0
24 4 10
24 5 3
24 6 0
24 7 11
25 1 0
25 2 54
25 3 0
25 4 32
25 5 10
25 6 0
25 7 41
26 1 0
26 2 2
26 3 0
26 4 2
26 5 1
26 6 0
26 7 2
27 1 0
27 2 2
27 3 0
27 4 1
27 5 1
27 6 0
27 7 1
28 1 0
28 2 39
28 3 0
28 4 27
28 5 8
28 6 0
28 7 33

# Precedence Relations
1 3
1 4
1 5
1 8
1 19
1 21
1 22
1 23
1 24
1 26
2 6
2 17
3 28
4 28
5 28
6 7
7 18
8 9
9 10
10 11
10 12
11 15
12 13
13 14
13 16
14 28
15 28
16 28
17 28
18 28
19 20
20 28
21 28
22 28
23 28
24 25
25 28
26 27
27 28

# Parameters
R_e = 0.0500
T = 236.0
C_s = 4.0
C_w = 36.0
C_c = 5.0
