# Tasks
1 2 3 4 5 6 7 8 9 10 11 12 13 14 15 16 17 18 19 20

# Workstations
1 2 3 4 5 6 7 8 9 10 11 12 13 14 15 16 17 18 19 20

# Modes
1 2 3 4 5 6 7

# Processing Times
1 1 209
1 2 197
1 3 190
1 4 179
1 5 75
1 6 225
1 7 212
2 1 57
2 2 54
2 3 52
2 4 50
2 5 21
2 6 62
2 7 59
3 1 204
3 2 192
3 3 186
3 4 175
3 5 73
3 6 220
3 7 207
4 1 119
4 2 112
4 3 109
4 4 102
4 5 43
4 6 128
4 7 121
5 1 180
5 2 170
5 3 164
5 4 155
5 5 65
5 6 194
5 7 183
6 1 82
6 2 78
6 3 75
6 4 71
6 5 30
6 6 89
6 7 84
7 1 174
7 2 164
7 3 158
7 4 149
7 5 62
7 6 187
7 7 177
8 1 64
8 2 61
8 3 59
8 4 56
8 5 23
8 6 69
8 7 66
9 1 116
9 2 109
9 3 106
9 4 99
9 5 42
9 6 125
9 7 118
10 1 206
10 2 194
10 3 187
10 4 177
10 5 74
10 6 222
10 7 209
11 1 83
11 2 78
11 3 76
11 4 71
11 5 30
11 6 90
11 7 84
12 1 73
12 2 69
12 3 67
12 4 63
12 5 26
12 6 79
12 7 75
13 1 162
13 2 153
13 3 148
13 4 139
13 5 58
13 6 175
13 7 165
14 1 58
14 2 55
14 3 53
14 4 50
14 5 21
14 6 63
14 7 60
15 1 161
15 2 152
15 3 147
15 4 138
15 5 58
15 6 174
15 7 164
16 1 319
16 2 300
16 3 290
16 4 273
16 5 114
16 6 343
16 7 323
17 1 87
17 2 82
17 3 79
17 4 75
17 5 31
17 6 94
17 7 89
18 1 148
18 2 140
18 3 135
18 4 128
18 5 53
18 6 160
18 7 151
19 1 56
19 2 53
19 3 51
19 4 49
19 5 20
19 6 61
19 7 57
20 1 169
20 2 159
20 3 154
20 4 145
20 5 61
20 6 182
20 7 171

# Energy Consumption
1 1 0
1 2 49
1 3 0
1 4 35
1 5 12
1 6 0
1 7 31
2 1 0
2 2 13
2 3 0
2 4 11
2 5 4
2 6 0
2 7 9
3 1 0
3 2 47
3 3 0
3 4 32
3 5 11
3 6 0
3 7 31
4 1 0
4 2 33
4 3 0
4 4 19
4 5 7
4 6 0
4 7 18
5 1 0
5 2 51
5 3 0
5 4 32
5 5 10
5 6 0
5 7 26
6 1 0
6 2 23
6 3 0
6 4 14
6 5 5
6 6 0
6 7 12
7 1 0
7 2 38
7 3 0
7 4 32
7 5 10
7 6 0
7 7 26
8 1 0
8 2 18
8 3 0
8 4 12
8 5 4
8 6 0
8 7 9
9 1 0
9 2 27
9 3 0
9 4 21
9 5 7
9 6 0
9 7 18
10 1 0
10 2 49
10 3 0
10 4 38
10 5 11
10 6 0
10 7 28
11 1 0
11 2 19
11 3 0
11 4 16
11 5 5
11 6 0
11 7 12
12 1 0
12 2 17
12 3 0
12 4 14
12 5 5
12 6 0
12 7 11
13 1 0
13 2 38
13 3 0
13 4 27
13 5 10
13 6 0
13 7 22
14 1 0
14 2 14
14 3 0
14 4 10
14 5 4
14 6 0
14 7 8
15 1 0
15 2 46
15 3 0
15 4 31
15 5 10
15 6 0
15 7 21
16 1 0
16 2 68
16 3 0
16 4 52
16 5 16
16 6 0
16 7 43
17 1 0
17 2 23
17 3 0
17 4 16
17 5 5
17 6 0
17 7 14
18 1 0
18 2 32
18 3 0
18 4 27
18 5 8
18 6 0
18 7 21
19 1 0
19 2 12
19 3 0
19 4 11
19 5 4
19 6 0
19 7 9
20 1 0
20 2 42
20 3 0
20 4 29
20 5 9
20 6 0
20 7 25

# Precedence Relations
1 7
2 7
3 4
3 5
3 6
4 7
5 7
6 8
6 9
6 10
6 16
6 18
7 11
7 12
7 13
7 14
8 15
8 19
9 17
10 17
11 17
12 16
12 18
14 19
16 20
17 19
17 20
18 19

# Parameters
R_e = 0.0500
T = 1000.0
C_s = 4.0
C_w = 36.0
C_c = 5.0
