# Tasks
1 2 3 4 5 6 7 8 9 10 11 12 13 14 15 16 17 18 19 20 21 22 23 24 25 26 27 28 29 30 31 32 33 34 35 36 37 38 39 40 41 42 43 44 45 46 47 48 49 50 51 52 53 54 55 56 57 58 59 60 61 62 63 64 65 66 67 68 69 70 71 72 73 74 75 76 77 78 79 80 81 82 83 84 85 86 87 88 89 90 91 92 93 94 95 96 97 98 99 100

# Workstations
1 2 3 4 5 6 7 8 9 10 11 12 13 14 15 16 17 18 19 20 21 22 23 24 25 26 27 28 29 30 31 32 33 34 35 36 37 38 39 40 41 42 43 44 45 46 47 48 49 50 51 52 53 54 55 56 57 58 59 60 61 62 63 64 65 66 67 68 69 70 71 72 73 74 75 76 77 78 79 80 81 82 83 84 85 86 87 88 89 90 91 92 93 94 95 96 97 98 99 100

# Modes
1 2 3 4 5 6 7

# Processing Times
1 1 113
1 2 281
1 3 104
1 4 259
1 5 65
1 6 152
1 7 378
2 1 98
2 2 237
2 3 84
2 4 203
2 5 56
2 6 125
2 7 303
3 1 238
3 2 555
3 3 226
3 4 526
3 5 161
3 6 299
3 7 696
4 1 175
4 2 391
4 3 162
4 4 361
4 5 117
4 6 231
4 7 516
5 1 99
5 2 197
5 3 85
5 4 169
5 5 69
5 6 137
5 7 271
6 1 188
6 2 412
6 3 176
6 4 386
6 5 109
6 6 241
6 7 528
7 1 207
7 2 463
7 3 194
7 4 434
7 5 115
7 6 264
7 7 591
8 1 125
8 2 239
8 3 117
8 4 224
8 5 79
8 6 171
8 7 326
9 1 126
9 2 234
9 3 117
9 4 217
9 5 88
9 6 159
9 7 294
10 1 106
10 2 212
10 3 93
10 4 186
10 5 72
10 6 154
10 7 307
11 1 43
11 2 91
11 3 39
11 4 82
11 5 24
11 6 58
11 7 122
12 1 175
12 2 324
12 3 153
12 4 284
12 5 115
12 6 223
12 7 412
13 1 53
13 2 107
13 3 50
13 4 100
13 5 37
13 6 68
13 7 138
14 1 29
14 2 61
14 3 27
14 4 56
14 5 21
14 6 40
14 7 83
15 1 181
15 2 451
15 3 156
15 4 387
15 5 119
15 6 245
15 7 611
16 1 164
16 2 313
16 3 150
16 4 286
16 5 105
16 6 232
16 7 442
17 1 230
17 2 416
17 3 208
17 4 375
17 5 156
17 6 291
17 7 526
18 1 134
18 2 331
18 3 116
18 4 285
18 5 84
18 6 185
18 7 457
19 1 186
19 2 336
19 3 167
19 4 301
19 5 106
19 6 265
19 7 479
20 1 150
20 2 335
20 3 133
20 4 297
20 5 101
20 6 191
20 7 425
21 1 86
21 2 193
21 3 74
21 4 166
21 5 51
21 6 119
21 7 266
22 1 182
22 2 434
22 3 163
22 4 389
22 5 120
22 6 244
22 7 581
23 1 184
23 2 403
23 3 163
23 4 357
23 5 125
23 6 267
23 7 584
24 1 131
24 2 327
24 3 125
24 4 311
24 5 79
24 6 172
24 7 429
25 1 197
25 2 355
25 3 179
25 4 323
25 5 117
25 6 279
25 7 502
26 1 115
26 2 253
26 3 105
26 4 230
26 5 66
26 6 147
26 7 323
27 1 198
27 2 446
27 3 188
27 4 422
27 5 130
27 6 280
27 7 629
28 1 125
28 2 272
28 3 116
28 4 251
28 5 82
28 6 162
28 7 352
29 1 31
29 2 68
29 3 30
29 4 64
29 5 20
29 6 43
29 7 94
30 1 80
30 2 173
30 3 70
30 4 152
30 5 50
30 6 109
30 7 236
31 1 79
31 2 159
31 3 69
31 4 138
31 5 49
31 6 113
31 7 228
32 1 240
32 2 496
32 3 222
32 4 458
32 5 165
32 6 345
32 7 712
33 1 80
33 2 170
33 3 73
33 4 155
33 5 54
33 6 110
33 7 233
34 1 235
34 2 574
34 3 215
34 4 524
34 5 135
34 6 341
34 7 832
35 1 43
35 2 97
35 3 39
35 4 87
35 5 25
35 6 61
35 7 136
36 1 348
36 2 727
36 3 304
36 4 634
36 5 228
36 6 494
36 7 1032
37 1 113
37 2 241
37 3 102
37 4 218
37 5 67
37 6 148
37 7 315
38 1 64
38 2 159
38 3 58
38 4 144
38 5 39
38 6 83
38 7 204
39 1 94
39 2 215
39 3 88
39 4 200
39 5 62
39 6 132
39 7 301
40 1 126
40 2 281
40 3 120
40 4 267
40 5 73
40 6 176
40 7 393
41 1 218
41 2 406
41 3 202
41 4 377
41 5 121
41 6 278
41 7 517
42 1 98
42 2 179
42 3 90
42 4 164
42 5 54
42 6 137
42 7 249
43 1 34
43 2 75
43 3 32
43 4 69
43 5 20
43 6 44
43 7 97
44 1 117
44 2 281
44 3 102
44 4 244
44 5 76
44 6 148
44 7 354
45 1 172
45 2 375
45 3 156
45 4 339
45 5 116
45 6 237
45 7 517
46 1 144
46 2 318
46 3 130
46 4 287
46 5 85
46 6 191
46 7 422
47 1 198
47 2 428
47 3 179
47 4 387
47 5 113
47 6 275
47 7 594
48 1 29
48 2 73
48 3 27
48 4 68
48 5 17
48 6 41
48 7 102
49 1 76
49 2 188
49 3 67
49 4 164
49 5 49
49 6 100
49 7 246
50 1 68
50 2 149
50 3 61
50 4 133
50 5 41
50 6 90
50 7 196
51 1 41
51 2 100
51 3 36
51 4 88
51 5 28
51 6 60
51 7 145
52 1 224
52 2 553
52 3 203
52 4 500
52 5 131
52 6 295
52 7 727
53 1 119
53 2 256
53 3 112
53 4 241
53 5 80
53 6 154
53 7 330
54 1 263
54 2 477
54 3 231
54 4 418
54 5 153
54 6 379
54 7 687
55 1 90
55 2 192
55 3 86
55 4 182
55 5 56
55 6 120
55 7 255
56 1 26
56 2 64
56 3 24
56 4 57
56 5 16
56 6 33
56 7 82
57 1 202
57 2 400
57 3 183
57 4 362
57 5 122
57 6 278
57 7 551
58 1 90
58 2 184
58 3 85
58 4 173
58 5 56
58 6 114
58 7 232
59 1 59
59 2 136
59 3 54
59 4 123
59 5 33
59 6 86
59 7 198
60 1 257
60 2 560
60 3 244
60 4 532
60 5 175
60 6 367
60 7 799
61 1 229
61 2 565
61 3 217
61 4 535
61 5 141
61 6 316
61 7 780
62 1 21
62 2 52
62 3 20
62 4 48
62 5 15
62 6 30
62 7 74
63 1 162
63 2 323
63 3 145
63 4 289
63 5 112
63 6 215
63 7 428
64 1 79
64 2 195
64 3 68
64 4 168
64 5 46
64 6 109
64 7 268
65 1 257
65 2 571
65 3 239
65 4 530
65 5 170
65 6 322
65 7 715
66 1 195
66 2 463
66 3 168
66 4 397
66 5 117
66 6 269
66 7 637
67 1 316
67 2 612
67 3 277
67 4 536
67 5 214
67 6 432
67 7 836
68 1 67
68 2 139
68 3 64
68 4 132
68 5 37
68 6 94
68 7 195
69 1 104
69 2 198
69 3 91
69 4 172
69 5 62
69 6 135
69 7 257
70 1 157
70 2 358
70 3 139
70 4 317
70 5 92
70 6 227
70 7 518
71 1 69
71 2 164
71 3 61
71 4 145
71 5 45
71 6 90
71 7 213
72 1 190
72 2 470
72 3 173
72 4 427
72 5 112
72 6 243
72 7 601
73 1 75
73 2 153
73 3 69
73 4 140
73 5 52
73 6 108
73 7 220
74 1 281
74 2 636
74 3 249
74 4 563
74 5 188
74 6 354
74 7 801
75 1 60
75 2 123
75 3 52
75 4 106
75 5 41
75 6 83
75 7 170
76 1 67
76 2 122
76 3 64
76 4 115
76 5 45
76 6 91
76 7 166
77 1 265
77 2 660
77 3 242
77 4 601
77 5 166
77 6 354
77 7 880
78 1 195
78 2 396
78 3 172
78 4 348
78 5 127
78 6 272
78 7 551
79 1 231
79 2 519
79 3 214
79 4 480
79 5 156
79 6 316
79 7 710
80 1 152
80 2 337
80 3 144
80 4 320
80 5 105
80 6 206
80 7 455
81 1 417
81 2 822
81 3 362
81 4 713
81 5 262
81 6 589
81 7 1160
82 1 104
82 2 255
82 3 93
82 4 226
82 5 60
82 6 149
82 7 364
83 1 118
83 2 239
83 3 102
83 4 206
83 5 70
83 6 167
83 7 338
84 1 154
84 2 291
84 3 143
84 4 270
84 5 101
84 6 215
84 7 405
85 1 202
85 2 408
85 3 174
85 4 350
85 5 120
85 6 264
85 7 533
86 1 164
86 2 389
86 3 141
86 4 333
86 5 91
86 6 225
86 7 533
87 1 153
87 2 375
87 3 137
87 4 335
87 5 104
87 6 194
87 7 474
88 1 194
88 2 452
88 3 184
88 4 428
88 5 110
88 6 269
88 7 626
89 1 196
89 2 369
89 3 182
89 4 343
89 5 125
89 6 278
89 7 522
90 1 144
90 2 354
90 3 135
90 4 331
90 5 93
90 6 183
90 7 450
91 1 47
91 2 94
91 3 45
91 4 90
91 5 27
91 6 60
91 7 119
92 1 217
92 2 519
92 3 195
92 4 467
92 5 122
92 6 310
92 7 740
93 1 41
93 2 89
93 3 39
93 4 85
93 5 29
93 6 54
93 7 117
94 1 200
94 2 397
94 3 178
94 4 353
94 5 137
94 6 272
94 7 539
95 1 144
95 2 340
95 3 125
95 4 295
95 5 91
95 6 188
95 7 443
96 1 114
96 2 230
96 3 98
96 4 197
96 5 76
96 6 153
96 7 308
97 1 165
97 2 323
97 3 152
97 4 298
97 5 95
97 6 223
97 7 437
98 1 29
98 2 56
98 3 25
98 4 48
98 5 20
98 6 40
98 7 77
99 1 36
99 2 76
99 3 33
99 4 69
99 5 25
99 6 46
99 7 96
100 1 77
100 2 146
100 3 72
100 4 137
100 5 48
100 6 99
100 7 188

# Energy Consumption
1 1 0
1 2 80
1 3 0
1 4 50
1 5 11
1 6 0
1 7 47
2 1 0
2 2 56
2 3 0
2 4 39
2 5 9
2 6 0
2 7 44
3 1 0
3 2 140
3 3 0
3 4 106
3 5 23
3 6 0
3 7 96
4 1 0
4 2 97
4 3 0
4 4 74
4 5 18
4 6 0
4 7 66
5 1 0
5 2 48
5 3 0
5 4 36
5 5 10
5 6 0
5 7 35
6 1 0
6 2 100
6 3 0
6 4 85
6 5 17
6 6 0
6 7 69
7 1 0
7 2 117
7 3 0
7 4 90
7 5 18
7 6 0
7 7 82
8 1 0
8 2 63
8 3 0
8 4 48
8 5 12
8 6 0
8 7 48
9 1 0
9 2 52
9 3 0
9 4 42
9 5 14
9 6 0
9 7 36
10 1 0
10 2 55
10 3 0
10 4 39
10 5 11
10 6 0
10 7 38
11 1 0
11 2 22
11 3 0
11 4 16
11 5 4
11 6 0
11 7 16
12 1 0
12 2 81
12 3 0
12 4 55
12 5 17
12 6 0
12 7 50
13 1 0
13 2 32
13 3 0
13 4 19
13 5 6
13 6 0
13 7 20
14 1 0
14 2 18
14 3 0
14 4 11
14 5 4
14 6 0
14 7 12
15 1 0
15 2 105
15 3 0
15 4 74
15 5 19
15 6 0
15 7 79
16 1 0
16 2 75
16 3 0
16 4 62
16 5 16
16 6 0
16 7 54
17 1 0
17 2 110
17 3 0
17 4 73
17 5 23
17 6 0
17 7 64
18 1 0
18 2 85
18 3 0
18 4 54
18 5 13
18 6 0
18 7 65
19 1 0
19 2 89
19 3 0
19 4 55
19 5 17
19 6 0
19 7 68
20 1 0
20 2 87
20 3 0
20 4 56
20 5 15
20 6 0
20 7 61
21 1 0
21 2 50
21 3 0
21 4 37
21 5 8
21 6 0
21 7 37
22 1 0
22 2 127
22 3 0
22 4 78
22 5 18
22 6 0
22 7 75
23 1 0
23 2 112
23 3 0
23 4 78
23 5 18
23 6 0
23 7 75
24 1 0
24 2 78
24 3 0
24 4 60
24 5 12
24 6 0
24 7 64
25 1 0
25 2 99
25 3 0
25 4 60
25 5 18
25 6 0
25 7 72
26 1 0
26 2 67
26 3 0
26 4 43
26 5 10
26 6 0
26 7 47
27 1 0
27 2 105
27 3 0
27 4 78
27 5 21
27 6 0
27 7 87
28 1 0
28 2 67
28 3 0
28 4 50
28 5 13
28 6 0
28 7 53
29 1 0
29 2 19
29 3 0
29 4 13
29 5 3
29 6 0
29 7 12
30 1 0
30 2 39
30 3 0
30 4 29
30 5 8
30 6 0
30 7 31
31 1 0
31 2 47
31 3 0
31 4 28
31 5 8
31 6 0
31 7 33
32 1 0
32 2 128
32 3 0
32 4 87
32 5 26
32 6 0
32 7 94
33 1 0
33 2 45
33 3 0
33 4 33
33 5 8
33 6 0
33 7 31
34 1 0
34 2 157
34 3 0
34 4 113
34 5 21
34 6 0
34 7 117
35 1 0
35 2 29
35 3 0
35 4 16
35 5 4
35 6 0
35 7 18
36 1 0
36 2 212
36 3 0
36 4 115
36 5 34
36 6 0
36 7 128
37 1 0
37 2 58
37 3 0
37 4 42
37 5 10
37 6 0
37 7 47
38 1 0
38 2 47
38 3 0
38 4 32
38 5 6
38 6 0
38 7 30
39 1 0
39 2 65
39 3 0
39 4 42
39 5 10
39 6 0
39 7 40
40 1 0
40 2 71
40 3 0
40 4 55
40 5 12
40 6 0
40 7 58
41 1 0
41 2 114
41 3 0
41 4 81
41 5 19
41 6 0
41 7 71
42 1 0
42 2 50
42 3 0
42 4 33
42 5 9
42 6 0
42 7 35
43 1 0
43 2 21
43 3 0
43 4 15
43 5 4
43 6 0
43 7 15
44 1 0
44 2 78
44 3 0
44 4 49
44 5 12
44 6 0
44 7 48
45 1 0
45 2 85
45 3 0
45 4 65
45 5 17
45 6 0
45 7 75
46 1 0
46 2 87
46 3 0
46 4 60
46 5 13
46 6 0
46 7 61
47 1 0
47 2 100
47 3 0
47 4 79
47 5 18
47 6 0
47 7 88
48 1 0
48 2 19
48 3 0
48 4 15
48 5 3
48 6 0
48 7 15
49 1 0
49 2 55
49 3 0
49 4 32
49 5 8
49 6 0
49 7 35
50 1 0
50 2 45
50 3 0
50 4 25
50 5 7
50 6 0
50 7 26
51 1 0
51 2 29
51 3 0
51 4 20
51 5 5
51 6 0
51 7 19
52 1 0
52 2 132
52 3 0
52 4 94
52 5 19
52 6 0
52 7 90
53 1 0
53 2 63
53 3 0
53 4 49
53 5 13
53 6 0
53 7 50
54 1 0
54 2 112
54 3 0
54 4 89
54 5 24
54 6 0
54 7 97
55 1 0
55 2 46
55 3 0
55 4 35
55 5 8
55 6 0
55 7 39
56 1 0
56 2 16
56 3 0
56 4 12
56 5 3
56 6 0
56 7 10
57 1 0
57 2 96
57 3 0
57 4 78
57 5 18
57 6 0
57 7 76
58 1 0
58 2 44
58 3 0
58 4 34
58 5 9
58 6 0
58 7 31
59 1 0
59 2 36
59 3 0
59 4 23
59 5 6
59 6 0
59 7 27
60 1 0
60 2 160
60 3 0
60 4 98
60 5 28
60 6 0
60 7 97
61 1 0
61 2 146
61 3 0
61 4 103
61 5 22
61 6 0
61 7 101
62 1 0
62 2 12
62 3 0
62 4 10
62 5 3
62 6 0
62 7 11
63 1 0
63 2 87
63 3 0
63 4 61
63 5 18
63 6 0
63 7 60
64 1 0
64 2 52
64 3 0
64 4 33
64 5 7
64 6 0
64 7 39
65 1 0
65 2 130
65 3 0
65 4 104
65 5 26
65 6 0
65 7 105
66 1 0
66 2 110
66 3 0
66 4 77
66 5 19
66 6 0
66 7 91
67 1 0
67 2 157
67 3 0
67 4 118
67 5 33
67 6 0
67 7 122
68 1 0
68 2 41
68 3 0
68 4 28
68 5 6
68 6 0
68 7 28
69 1 0
69 2 47
69 3 0
69 4 35
69 5 10
69 6 0
69 7 38
70 1 0
70 2 98
70 3 0
70 4 63
70 5 15
70 6 0
70 7 63
71 1 0
71 2 44
71 3 0
71 4 27
71 5 8
71 6 0
71 7 27
72 1 0
72 2 134
72 3 0
72 4 83
72 5 17
72 6 0
72 7 89
73 1 0
73 2 36
73 3 0
73 4 30
73 5 9
73 6 0
73 7 30
74 1 0
74 2 186
74 3 0
74 4 122
74 5 28
74 6 0
74 7 113
75 1 0
75 2 29
75 3 0
75 4 23
75 5 6
75 6 0
75 7 23
76 1 0
76 2 37
76 3 0
76 4 22
76 5 7
76 6 0
76 7 25
77 1 0
77 2 165
77 3 0
77 4 120
77 5 26
77 6 0
77 7 118
78 1 0
78 2 102
78 3 0
78 4 65
78 5 19
78 6 0
78 7 69
79 1 0
79 2 134
79 3 0
79 4 94
79 5 25
79 6 0
79 7 86
80 1 0
80 2 94
80 3 0
80 4 64
80 5 17
80 6 0
80 7 58
81 1 0
81 2 245
81 3 0
81 4 156
81 5 39
81 6 0
81 7 173
82 1 0
82 2 70
82 3 0
82 4 43
82 5 9
82 6 0
82 7 51
83 1 0
83 2 60
83 3 0
83 4 42
83 5 12
83 6 0
83 7 42
84 1 0
84 2 85
84 3 0
84 4 53
84 5 16
84 6 0
84 7 53
85 1 0
85 2 91
85 3 0
85 4 70
85 5 19
85 6 0
85 7 71
86 1 0
86 2 106
86 3 0
86 4 67
86 5 13
86 6 0
86 7 66
87 1 0
87 2 95
87 3 0
87 4 68
87 5 16
87 6 0
87 7 69
88 1 0
88 2 113
88 3 0
88 4 84
88 5 17
88 6 0
88 7 76
89 1 0
89 2 97
89 3 0
89 4 72
89 5 20
89 6 0
89 7 70
90 1 0
90 2 85
90 3 0
90 4 70
90 5 15
90 6 0
90 7 58
91 1 0
91 2 23
91 3 0
91 4 19
91 5 4
91 6 0
91 7 15
92 1 0
92 2 122
92 3 0
92 4 96
92 5 18
92 6 0
92 7 102
93 1 0
93 2 25
93 3 0
93 4 16
93 5 5
93 6 0
93 7 17
94 1 0
94 2 106
94 3 0
94 4 66
94 5 22
94 6 0
94 7 76
95 1 0
95 2 101
95 3 0
95 4 65
95 5 15
95 6 0
95 7 56
96 1 0
96 2 62
96 3 0
96 4 36
96 5 12
96 6 0
96 7 39
97 1 0
97 2 73
97 3 0
97 4 56
97 5 14
97 6 0
97 7 65
98 1 0
98 2 13
98 3 0
98 4 11
98 5 3
98 6 0
98 7 11
99 1 0
99 2 20
99 3 0
99 4 14
99 5 4
99 6 0
99 7 14
100 1 0
100 2 41
100 3 0
100 4 26
100 5 7
100 6 0
100 7 28

# Precedence Relations
1 41
2 41
3 34
4 10
4 14
5 15
6 16
6 17
6 18
7 13
8 11
8 12
9 19
10 41
11 34
12 34
13 34
14 29
15 22
15 27
16 23
16 26
16 28
16 31
17 24
18 20
18 21
18 25
18 30
20 41
21 41
22 41
23 34
24 34
25 34
26 34
27 35
28 36
29 37
30 32
30 33
30 38
31 39
31 40
32 41
33 41
34 42
34 43
34 44
34 45
35 47
36 46
37 48
41 49
41 50
41 51
41 52
44 56
46 53
48 54
48 55
48 57
49 58
49 59
49 60
50 62
53 61
57 63
58 64
59 65
60 66
61 67
62 68
62 69
62 70
64 73
65 75
66 71
67 72
69 78
70 74
70 76
70 77
70 79
71 82
72 81
74 80
74 84
74 85
79 83
80 87
81 86
82 90
83 88
83 89
83 91
83 92
84 93
86 94
87 96
88 95
90 98
90 100
91 97
92 99

# Parameters
R_e = 0.0500
T = 1000.0
C_s = 4.0
C_w = 36.0
C_c = 5.0
