# Tasks
1 2 3 4 5 6 7 8 9 10 11 12 13 14 15 16 17 18 19 20

# Workstations
1 2 3 4 5 6 7 8 9 10 11 12 13 14 15 16 17 18 19 20

# Modes
1 2 3 4 5 6 7

# Processing Times
1 1 27
1 2 42
1 3 28
1 4 43
1 5 12
1 6 37
1 7 57
2 1 123
2 2 161
2 3 127
2 4 166
2 5 48
2 6 155
2 7 203
3 1 188
3 2 287
3 3 187
3 4 286
3 5 67
3 6 257
3 7 392
4 1 152
4 2 213
4 3 151
4 4 211
4 5 66
4 6 214
4 7 300
5 1 210
5 2 307
5 3 210
5 4 306
5 5 73
5 6 302
5 7 441
6 1 206
6 2 258
6 3 198
6 4 248
6 5 65
6 6 274
6 7 343
7 1 234
7 2 290
7 3 231
7 4 286
7 5 76
7 6 323
7 7 400
8 1 178
8 2 238
8 3 179
8 4 239
8 5 77
8 6 250
8 7 334
9 1 82
9 2 128
9 3 80
9 4 124
9 5 36
9 6 116
9 7 180
10 1 126
10 2 168
10 3 127
10 4 169
10 5 48
10 6 176
10 7 235
11 1 93
11 2 136
11 3 95
11 4 138
11 5 38
11 6 126
11 7 183
12 1 135
12 2 195
12 3 140
12 4 203
12 5 45
12 6 190
12 7 274
13 1 159
13 2 235
13 3 163
13 4 241
13 5 54
13 6 205
13 7 303
14 1 177
14 2 280
14 3 178
14 4 281
14 5 72
14 6 247
14 7 391
15 1 196
15 2 295
15 3 205
15 4 308
15 5 61
15 6 275
15 7 414
16 1 165
16 2 250
16 3 166
16 4 251
16 5 57
16 6 222
16 7 336
17 1 104
17 2 164
17 3 105
17 4 166
17 5 39
17 6 146
17 7 230
18 1 157
18 2 215
18 3 161
18 4 220
18 5 64
18 6 211
18 7 289
19 1 87
19 2 133
19 3 86
19 4 132
19 5 30
19 6 118
19 7 179
20 1 140
20 2 199
20 3 139
20 4 197
20 5 52
20 6 196
20 7 279

# Energy Consumption
1 1 0
1 2 10
1 3 0
1 4 9
1 5 2
1 6 0
1 7 8
2 1 0
2 2 36
2 3 0
2 4 34
2 5 8
2 6 0
2 7 27
3 1 0
3 2 83
3 3 0
3 4 54
3 5 11
3 6 0
3 7 48
4 1 0
4 2 50
4 3 0
4 4 45
4 5 10
4 6 0
4 7 42
5 1 0
5 2 83
5 3 0
5 4 58
5 5 12
5 6 0
5 7 61
6 1 0
6 2 71
6 3 0
6 4 53
6 5 10
6 6 0
6 7 46
7 1 0
7 2 79
7 3 0
7 4 62
7 5 12
7 6 0
7 7 54
8 1 0
8 2 66
8 3 0
8 4 52
8 5 12
8 6 0
8 7 42
9 1 0
9 2 32
9 3 0
9 4 24
9 5 6
9 6 0
9 7 23
10 1 0
10 2 43
10 3 0
10 4 33
10 5 8
10 6 0
10 7 34
11 1 0
11 2 39
11 3 0
11 4 26
11 5 6
11 6 0
11 7 26
12 1 0
12 2 49
12 3 0
12 4 43
12 5 7
12 6 0
12 7 34
13 1 0
13 2 59
13 3 0
13 4 51
13 5 9
13 6 0
13 7 42
14 1 0
14 2 67
14 3 0
14 4 54
14 5 11
14 6 0
14 7 59
15 1 0
15 2 80
15 3 0
15 4 60
15 5 9
15 6 0
15 7 60
16 1 0
16 2 57
16 3 0
16 4 49
16 5 9
16 6 0
16 7 41
17 1 0
17 2 49
17 3 0
17 4 32
17 5 6
17 6 0
17 7 34
18 1 0
18 2 52
18 3 0
18 4 49
18 5 11
18 6 0
18 7 37
19 1 0
19 2 38
19 3 0
19 4 26
19 5 5
19 6 0
19 7 26
20 1 0
20 2 60
20 3 0
20 4 41
20 5 9
20 6 0
20 7 34

# Precedence Relations
1 9
2 9
3 9
4 7
5 6
5 8
6 9
7 9
8 10
8 11
9 12
9 13
9 14
9 15
10 17
12 17
13 16
16 19
16 20
17 18

# Parameters
R_e = 0.0500
T = 1000.0
C_s = 4.0
C_w = 36.0
C_c = 5.0
