# Tasks
1 2 3 4 5 6 7 8 9 10 11 12 13 14 15 16 17 18 19 20 21 22 23 24 25 26 27 28 29 30 31 32 33 34 35

# Workstations
1 2 3 4 5 6 7 8 9 10 11 12 13 14 15 16 17 18 19 20 21 22 23 24 25 26 27 28 29 30 31 32 33 34 35

# Modes
1 2 3 4 5 6 7

# Processing Times
1 1 29
1 2 36
1 3 29
1 4 35
1 5 11
1 6 41
1 7 50
2 1 3
2 2 4
2 3 3
2 4 4
2 5 2
2 6 5
2 7 6
3 1 5
3 2 7
3 3 5
3 4 7
3 5 2
3 6 7
3 7 10
4 1 22
4 2 28
4 3 22
4 4 28
4 5 9
4 6 31
4 7 39
5 1 6
5 2 8
5 3 6
5 4 8
5 5 3
5 6 9
5 7 12
6 1 14
6 2 18
6 3 14
6 4 18
6 5 6
6 6 20
6 7 25
7 1 2
7 2 3
7 3 2
7 4 3
7 5 1
7 6 3
7 7 5
8 1 5
8 2 7
8 3 5
8 4 7
8 5 2
8 6 7
8 7 10
9 1 22
9 2 28
9 3 22
9 4 28
9 5 9
9 6 31
9 7 39
10 1 30
10 2 38
10 3 30
10 4 37
10 5 12
10 6 42
10 7 53
11 1 23
11 2 29
11 3 23
11 4 29
11 5 9
11 6 32
11 7 41
12 1 30
12 2 38
12 3 30
12 4 37
12 5 12
12 6 42
12 7 53
13 1 23
13 2 29
13 3 23
13 4 29
13 5 9
13 6 32
13 7 41
14 1 2
14 2 3
14 3 2
14 4 3
14 5 1
14 6 3
14 7 5
15 1 19
15 2 24
15 3 19
15 4 24
15 5 8
15 6 27
15 7 34
16 1 29
16 2 36
16 3 29
16 4 35
16 5 11
16 6 41
16 7 50
17 1 2
17 2 3
17 3 2
17 4 3
17 5 1
17 6 3
17 7 5
18 1 2
18 2 3
18 3 2
18 4 3
18 5 1
18 6 3
18 7 5
19 1 19
19 2 24
19 3 19
19 4 24
19 5 8
19 6 27
19 7 34
20 1 29
20 2 36
20 3 29
20 4 35
20 5 11
20 6 41
20 7 50
21 1 6
21 2 8
21 3 6
21 4 8
21 5 3
21 6 9
21 7 12
22 1 10
22 2 13
22 3 10
22 4 13
22 5 4
22 6 14
22 7 19
23 1 16
23 2 20
23 3 16
23 4 20
23 5 6
23 6 23
23 7 28
24 1 23
24 2 29
24 3 23
24 4 29
24 5 9
24 6 32
24 7 41
25 1 5
25 2 7
25 3 5
25 4 7
25 5 2
25 6 7
25 7 10
26 1 5
26 2 7
26 3 5
26 4 7
26 5 2
26 6 7
26 7 10
27 1 5
27 2 7
27 3 5
27 4 7
27 5 2
27 6 7
27 7 10
28 1 40
28 2 50
28 3 39
28 4 49
28 5 15
28 6 56
28 7 70
29 1 2
29 2 3
29 3 2
29 4 3
29 5 1
29 6 3
29 7 5
30 1 5
30 2 7
30 3 5
30 4 7
30 5 2
30 6 7
30 7 10
31 1 5
31 2 7
31 3 5
31 4 7
31 5 2
31 6 7
31 7 10
32 1 1
32 2 2
32 3 1
32 4 2
32 5 1
32 6 2
32 7 3
33 1 40
33 2 50
33 3 39
33 4 49
33 5 15
33 6 56
33 7 70
34 1 2
34 2 3
34 3 2
34 4 3
34 5 1
34 6 3
34 7 5
35 1 2
35 2 3
35 3 2
35 4 3
35 5 1
35 6 3
35 7 5

# Energy Consumption
1 1 0
1 2 9
1 3 0
1 4 7
1 5 2
1 6 0
1 7 8
2 1 0
2 2 1
2 3 0
2 4 1
2 5 1
2 6 0
2 7 1
3 1 0
3 2 3
3 3 0
3 4 2
3 5 1
3 6 0
3 7 2
4 1 0
4 2 7
4 3 0
4 4 6
4 5 2
4 6 0
4 7 6
5 1 0
5 2 3
5 3 0
5 4 2
5 5 1
5 6 0
5 7 2
6 1 0
6 2 5
6 3 0
6 4 4
6 5 1
6 6 0
6 7 4
7 1 0
7 2 1
7 3 0
7 4 1
7 5 1
7 6 0
7 7 1
8 1 0
8 2 2
8 3 0
8 4 2
8 5 1
8 6 0
8 7 2
9 1 0
9 2 7
9 3 0
9 4 6
9 5 2
9 6 0
9 7 5
10 1 0
10 2 10
10 3 0
10 4 8
10 5 2
10 6 0
10 7 8
11 1 0
11 2 9
11 3 0
11 4 6
11 5 2
11 6 0
11 7 6
12 1 0
12 2 10
12 3 0
12 4 8
12 5 2
12 6 0
12 7 7
13 1 0
13 2 8
13 3 0
13 4 7
13 5 2
13 6 0
13 7 6
14 1 0
14 2 1
14 3 0
14 4 1
14 5 1
14 6 0
14 7 1
15 1 0
15 2 7
15 3 0
15 4 5
15 5 2
15 6 0
15 7 5
16 1 0
16 2 9
16 3 0
16 4 7
16 5 2
16 6 0
16 7 7
17 1 0
17 2 1
17 3 0
17 4 1
17 5 1
17 6 0
17 7 1
18 1 0
18 2 1
18 3 0
18 4 1
18 5 1
18 6 0
18 7 1
19 1 0
19 2 7
19 3 0
19 4 5
19 5 2
19 6 0
19 7 5
20 1 0
20 2 11
20 3 0
20 4 8
20 5 2
20 6 0
20 7 7
21 1 0
21 2 2
21 3 0
21 4 2
21 5 1
21 6 0
21 7 2
22 1 0
22 2 3
22 3 0
22 4 3
22 5 1
22 6 0
22 7 3
23 1 0
23 2 5
23 3 0
23 4 4
23 5 1
23 6 0
23 7 4
24 1 0
24 2 8
24 3 0
24 4 6
24 5 2
24 6 0
24 7 6
25 1 0
25 2 2
25 3 0
25 4 2
25 5 1
25 6 0
25 7 2
26 1 0
26 2 2
26 3 0
26 4 2
26 5 1
26 6 0
26 7 2
27 1 0
27 2 2
27 3 0
27 4 2
27 5 1
27 6 0
27 7 2
28 1 0
28 2 14
28 3 0
28 4 9
28 5 3
28 6 0
28 7 9
29 1 0
29 2 1
29 3 0
29 4 1
29 5 1
29 6 0
29 7 1
30 1 0
30 2 3
30 3 0
30 4 2
30 5 1
30 6 0
30 7 2
31 1 0
31 2 2
31 3 0
31 4 2
31 5 1
31 6 0
31 7 2
32 1 0
32 2 1
32 3 0
32 4 1
32 5 1
32 6 0
32 7 1
33 1 0
33 2 12
33 3 0
33 4 10
33 5 3
33 6 0
33 7 11
34 1 0
34 2 1
34 3 0
34 4 1
34 5 1
34 6 0
34 7 1
35 1 0
35 2 1
35 3 0
35 4 1
35 5 1
35 6 0
35 7 1

# Precedence Relations
1 2
1 5
1 7
1 10
1 12
2 3
3 4
4 11
5 6
6 7
6 8
7 14
7 18
8 9
9 13
10 14
11 28
11 33
12 18
13 28
13 33
14 15
15 16
16 21
17 20
18 19
19 20
20 21
21 22
21 25
21 30
21 32
22 23
23 24
24 27
25 26
26 27
27 28
27 33
27 34
28 29
30 31
31 32
32 33
33 35

# Parameters
R_e = 0.0500
T = 73.5
C_s = 4.0
C_w = 36.0
C_c = 5.0
