# Tasks
1 2 3 4 5 6 7 8 9 10 11 12 13 14 15 16 17 18 19 20 21 22 23 24 25 26 27 28 29 30 31 32 33 34 35 36 37 38 39 40 41 42 43 44 45 46 47 48 49 50 51 52 53 54 55 56 57 58 59 60 61 62 63 64 65 66 67 68 69 70 71 72 73 74 75 76 77 78 79 80 81 82 83

# Workstations
1 2 3 4 5 6 7 8 9 10 11 12 13 14 15 16 17 18 19 20 21 22 23 24 25 26 27 28 29 30 31 32 33 34 35 36 37 38 39 40 41 42 43 44 45 46 47 48 49 50 51 52 53 54 55 56 57 58 59 60 61 62 63 64 65 66 67 68 69 70 71 72 73 74 75 76 77 78 79 80 81 82 83

# Modes
1 2 3 4 5 6 7

# Processing Times
1 1 1673
1 2 1572
1 3 1519
1 4 1427
1 5 596
1 6 1798
1 7 1690
2 1 985
2 2 926
2 3 894
2 4 841
2 5 351
2 6 1059
2 7 996
3 1 1836
3 2 1725
3 3 1667
3 4 1566
3 5 654
3 6 1974
3 7 1854
4 1 973
4 2 915
4 3 884
4 4 831
4 5 347
4 6 1046
4 7 984
5 1 1700
5 2 1597
5 3 1543
5 4 1450
5 5 605
5 6 1827
5 7 1717
6 1 2881
6 2 2707
6 3 2615
6 4 2457
6 5 1026
6 6 3097
6 7 2910
7 1 2231
7 2 2096
7 3 2025
7 4 1903
7 5 794
7 6 2398
7 7 2253
8 1 1040
8 2 977
8 3 944
8 4 887
8 5 371
8 6 1118
8 7 1050
9 1 1793
9 2 1685
9 3 1628
9 4 1530
9 5 638
9 6 1927
9 7 1811
10 1 1250
10 2 1175
10 3 1135
10 4 1067
10 5 445
10 6 1344
10 7 1263
11 1 700
11 2 658
11 3 636
11 4 598
11 5 250
11 6 753
11 7 708
12 1 464
12 2 436
12 3 422
12 4 396
12 5 166
12 6 499
12 7 469
13 1 500
13 2 470
13 3 454
13 4 427
13 5 178
13 6 538
13 7 506
14 1 1133
14 2 1065
14 3 1029
14 4 967
14 5 404
14 6 1218
14 7 1145
15 1 577
15 2 543
15 3 524
15 4 493
15 5 206
15 6 621
15 7 584
16 1 483
16 2 454
16 3 439
16 4 413
16 5 172
16 6 520
16 7 488
17 1 880
17 2 827
17 3 799
17 4 751
17 5 314
17 6 946
17 7 889
18 1 667
18 2 627
18 3 606
18 4 570
18 5 238
18 6 717
18 7 674
19 1 600
19 2 564
19 3 545
19 4 512
19 5 214
19 6 645
19 7 607
20 1 233
20 2 219
20 3 212
20 4 199
20 5 83
20 6 251
20 7 236
21 1 408
21 2 384
21 3 371
21 4 349
21 5 146
21 6 439
21 7 413
22 1 847
22 2 796
22 3 769
22 4 723
22 5 302
22 6 911
22 7 856
23 1 767
23 2 721
23 3 697
23 4 655
23 5 273
23 6 825
23 7 775
24 1 850
24 2 799
24 3 772
24 4 726
24 5 303
24 6 914
24 7 859
25 1 780
25 2 733
25 3 708
25 4 666
25 5 278
25 6 839
25 7 788
26 1 912
26 2 857
26 3 828
26 4 778
26 5 325
26 6 981
26 7 922
27 1 748
27 2 703
27 3 679
27 4 639
27 5 267
27 6 804
27 7 756
28 1 1863
28 2 1751
28 3 1691
28 4 1590
28 5 663
28 6 2003
28 7 1882
29 1 714
29 2 671
29 3 649
29 4 609
29 5 255
29 6 768
29 7 722
30 1 1004
30 2 944
30 3 912
30 4 857
30 5 358
30 6 1079
30 7 1015
31 1 713
31 2 670
31 3 648
31 4 609
31 5 254
31 6 767
31 7 721
32 1 642
32 2 604
32 3 583
32 4 549
32 5 229
32 6 690
32 7 650
33 1 629
33 2 591
33 3 571
33 4 537
33 5 224
33 6 676
33 7 636
34 1 1234
34 2 1160
34 3 1120
34 4 1053
34 5 440
34 6 1327
34 7 1247
35 1 1143
35 2 1074
35 3 1038
35 4 975
35 5 407
35 6 1229
35 7 1155
36 1 1266
36 2 1190
36 3 1150
36 4 1081
36 5 451
36 6 1361
36 7 1279
37 1 792
37 2 745
37 3 719
37 4 677
37 5 282
37 6 852
37 7 801
38 1 1251
38 2 1176
38 3 1136
38 4 1068
38 5 446
38 6 1345
38 7 1264
39 1 1310
39 2 1231
39 3 1189
39 4 1118
39 5 467
39 6 1408
39 7 1323
40 1 663
40 2 623
40 3 602
40 4 566
40 5 236
40 6 713
40 7 670
41 1 494
41 2 465
41 3 449
41 4 423
41 5 176
41 6 531
41 7 500
42 1 1288
42 2 1210
42 3 1169
42 4 1099
42 5 459
42 6 1385
42 7 1301
43 1 792
43 2 745
43 3 719
43 4 677
43 5 282
43 6 852
43 7 801
44 1 578
44 2 543
44 3 525
44 4 493
44 5 206
44 6 622
44 7 584
45 1 594
45 2 559
45 3 540
45 4 508
45 5 212
45 6 639
45 7 601
46 1 578
46 2 543
46 3 525
46 4 493
46 5 206
46 6 622
46 7 584
47 1 622
47 2 585
47 3 565
47 4 531
47 5 222
47 6 669
47 7 629
48 1 578
48 2 543
48 3 525
48 4 493
48 5 206
48 6 622
48 7 584
49 1 564
49 2 530
49 3 512
49 4 482
49 5 201
49 6 607
49 7 570
50 1 578
50 2 543
50 3 525
50 4 493
50 5 206
50 6 622
50 7 584
51 1 578
51 2 543
51 3 525
51 4 493
51 5 206
51 6 622
51 7 584
52 1 578
52 2 543
52 3 525
52 4 493
52 5 206
52 6 622
52 7 584
53 1 578
53 2 543
53 3 525
53 4 493
53 5 206
53 6 622
53 7 584
54 1 578
54 2 543
54 3 525
54 4 493
54 5 206
54 6 622
54 7 584
55 1 578
55 2 543
55 3 525
55 4 493
55 5 206
55 6 622
55 7 584
56 1 578
56 2 543
56 3 525
56 4 493
56 5 206
56 6 622
56 7 584
57 1 578
57 2 543
57 3 525
57 4 493
57 5 206
57 6 622
57 7 584
58 1 578
58 2 543
58 3 525
58 4 493
58 5 206
58 6 622
58 7 584
59 1 578
59 2 543
59 3 525
59 4 493
59 5 206
59 6 622
59 7 584
60 1 578
60 2 543
60 3 525
60 4 493
60 5 206
60 6 622
60 7 584
61 1 578
61 2 543
61 3 525
61 4 493
61 5 206
61 6 622
61 7 584
62 1 578
62 2 543
62 3 525
62 4 493
62 5 206
62 6 622
62 7 584
63 1 578
63 2 543
63 3 525
63 4 493
63 5 206
63 6 622
63 7 584
64 1 578
64 2 543
64 3 525
64 4 493
64 5 206
64 6 622
64 7 584
65 1 578
65 2 543
65 3 525
65 4 493
65 5 206
65 6 622
65 7 584
66 1 578
66 2 543
66 3 525
66 4 493
66 5 206
66 6 622
66 7 584
67 1 578
67 2 543
67 3 525
67 4 493
67 5 206
67 6 622
67 7 584
68 1 578
68 2 543
68 3 525
68 4 493
68 5 206
68 6 622
68 7 584
69 1 467
69 2 439
69 3 424
69 4 399
69 5 167
69 6 502
69 7 472
70 1 887
70 2 834
70 3 806
70 4 757
70 5 316
70 6 954
70 7 897
71 1 396
71 2 373
71 3 360
71 4 339
71 5 141
71 6 426
71 7 401
72 1 1296
72 2 1218
72 3 1177
72 4 1106
72 5 462
72 6 1393
72 7 1309
73 1 1100
73 2 1034
73 3 999
73 4 939
73 5 392
73 6 1183
73 7 1112
74 1 2543
74 2 2389
74 3 2309
74 4 2169
74 5 905
74 6 2733
74 7 2568
75 1 764
75 2 718
75 3 694
75 4 652
75 5 272
75 6 822
75 7 772
76 1 357
76 2 336
76 3 325
76 4 305
76 5 128
76 6 384
76 7 362
77 1 701
77 2 659
77 3 637
77 4 599
77 5 250
77 6 754
77 7 709
78 1 1164
78 2 1094
78 3 1057
78 4 993
78 5 415
78 6 1251
78 7 1176
79 1 286
79 2 269
79 3 260
79 4 245
79 5 102
79 6 308
79 7 290
80 1 2100
80 2 1973
80 3 1906
80 4 1791
80 5 748
80 6 2257
80 7 2121
81 1 450
81 2 423
81 3 409
81 4 384
81 5 161
81 6 484
81 7 455
82 1 1300
82 2 1222
82 3 1180
82 4 1110
82 5 463
82 6 1398
82 7 1314
83 1 3691
83 2 3468
83 3 3350
83 4 3148
83 5 1314
83 6 3967
83 7 3728

# Energy Consumption
1 1 0
1 2 391
1 3 0
1 4 279
1 5 91
1 6 0
1 7 241
2 1 0
2 2 218
2 3 0
2 4 172
2 5 53
2 6 0
2 7 138
3 1 0
3 2 416
3 3 0
3 4 283
3 5 95
3 6 0
3 7 272
4 1 0
4 2 267
4 3 0
4 4 152
4 5 52
4 6 0
4 7 144
5 1 0
5 2 477
5 3 0
5 4 294
5 5 89
5 6 0
5 7 237
6 1 0
6 2 783
6 3 0
6 4 459
6 5 148
6 6 0
6 7 395
7 1 0
7 2 478
7 3 0
7 4 403
7 5 119
7 6 0
7 7 326
8 1 0
8 2 286
8 3 0
8 4 184
8 5 54
8 6 0
8 7 142
9 1 0
9 2 415
9 3 0
9 4 318
9 5 99
9 6 0
9 7 264
10 1 0
10 2 297
10 3 0
10 4 226
10 5 65
10 6 0
10 7 169
11 1 0
11 2 156
11 3 0
11 4 128
11 5 40
11 6 0
11 7 101
12 1 0
12 2 108
12 3 0
12 4 84
12 5 26
12 6 0
12 7 68
13 1 0
13 2 114
13 3 0
13 4 83
13 5 29
13 6 0
13 7 66
14 1 0
14 2 258
14 3 0
14 4 180
14 5 62
14 6 0
14 7 139
15 1 0
15 2 161
15 3 0
15 4 108
15 5 33
15 6 0
15 7 74
16 1 0
16 2 103
16 3 0
16 4 78
16 5 25
16 6 0
16 7 65
17 1 0
17 2 232
17 3 0
17 4 155
17 5 45
17 6 0
17 7 133
18 1 0
18 2 142
18 3 0
18 4 120
18 5 35
18 6 0
18 7 92
19 1 0
19 2 125
19 3 0
19 4 111
19 5 35
19 6 0
19 7 87
20 1 0
20 2 58
20 3 0
20 4 39
20 5 12
20 6 0
20 7 35
21 1 0
21 2 92
21 3 0
21 4 64
21 5 23
21 6 0
21 7 50
22 1 0
22 2 184
22 3 0
22 4 158
22 5 47
22 6 0
22 7 119
23 1 0
23 2 210
23 3 0
23 4 135
23 5 41
23 6 0
23 7 116
24 1 0
24 2 209
24 3 0
24 4 146
24 5 44
24 6 0
24 7 117
25 1 0
25 2 178
25 3 0
25 4 126
25 5 43
25 6 0
25 7 107
26 1 0
26 2 216
26 3 0
26 4 159
26 5 46
26 6 0
26 7 120
27 1 0
27 2 202
27 3 0
27 4 140
27 5 41
27 6 0
27 7 105
28 1 0
28 2 500
28 3 0
28 4 346
28 5 101
28 6 0
28 7 230
29 1 0
29 2 165
29 3 0
29 4 131
29 5 38
29 6 0
29 7 99
30 1 0
30 2 251
30 3 0
30 4 180
30 5 57
30 6 0
30 7 141
31 1 0
31 2 173
31 3 0
31 4 111
31 5 37
31 6 0
31 7 105
32 1 0
32 2 166
32 3 0
32 4 118
32 5 37
32 6 0
32 7 79
33 1 0
33 2 139
33 3 0
33 4 116
33 5 35
33 6 0
33 7 81
34 1 0
34 2 322
34 3 0
34 4 209
34 5 67
34 6 0
34 7 165
35 1 0
35 2 298
35 3 0
35 4 196
35 5 64
35 6 0
35 7 154
36 1 0
36 2 282
36 3 0
36 4 228
36 5 66
36 6 0
36 7 175
37 1 0
37 2 214
37 3 0
37 4 145
37 5 40
37 6 0
37 7 120
38 1 0
38 2 271
38 3 0
38 4 219
38 5 67
38 6 0
38 7 169
39 1 0
39 2 336
39 3 0
39 4 207
39 5 67
39 6 0
39 7 184
40 1 0
40 2 155
40 3 0
40 4 124
40 5 34
40 6 0
40 7 82
41 1 0
41 2 108
41 3 0
41 4 85
41 5 26
41 6 0
41 7 71
42 1 0
42 2 302
42 3 0
42 4 233
42 5 74
42 6 0
42 7 170
43 1 0
43 2 189
43 3 0
43 4 140
43 5 42
43 6 0
43 7 99
44 1 0
44 2 152
44 3 0
44 4 97
44 5 32
44 6 0
44 7 80
45 1 0
45 2 168
45 3 0
45 4 102
45 5 31
45 6 0
45 7 81
46 1 0
46 2 144
46 3 0
46 4 95
46 5 32
46 6 0
46 7 81
47 1 0
47 2 159
47 3 0
47 4 98
47 5 36
47 6 0
47 7 84
48 1 0
48 2 122
48 3 0
48 4 91
48 5 33
48 6 0
48 7 74
49 1 0
49 2 152
49 3 0
49 4 103
49 5 32
49 6 0
49 7 79
50 1 0
50 2 146
50 3 0
50 4 95
50 5 30
50 6 0
50 7 83
51 1 0
51 2 121
51 3 0
51 4 90
51 5 32
51 6 0
51 7 87
52 1 0
52 2 130
52 3 0
52 4 89
52 5 33
52 6 0
52 7 80
53 1 0
53 2 134
53 3 0
53 4 94
53 5 32
53 6 0
53 7 85
54 1 0
54 2 163
54 3 0
54 4 95
54 5 33
54 6 0
54 7 78
55 1 0
55 2 121
55 3 0
55 4 92
55 5 31
55 6 0
55 7 72
56 1 0
56 2 142
56 3 0
56 4 91
56 5 30
56 6 0
56 7 81
57 1 0
57 2 123
57 3 0
57 4 105
57 5 29
57 6 0
57 7 71
58 1 0
58 2 140
58 3 0
58 4 107
58 5 30
58 6 0
58 7 72
59 1 0
59 2 132
59 3 0
59 4 93
59 5 32
59 6 0
59 7 72
60 1 0
60 2 147
60 3 0
60 4 90
60 5 33
60 6 0
60 7 77
61 1 0
61 2 128
61 3 0
61 4 98
61 5 31
61 6 0
61 7 78
62 1 0
62 2 146
62 3 0
62 4 102
62 5 30
62 6 0
62 7 80
63 1 0
63 2 157
63 3 0
63 4 102
63 5 32
63 6 0
63 7 82
64 1 0
64 2 124
64 3 0
64 4 99
64 5 33
64 6 0
64 7 84
65 1 0
65 2 148
65 3 0
65 4 103
65 5 30
65 6 0
65 7 80
66 1 0
66 2 155
66 3 0
66 4 104
66 5 33
66 6 0
66 7 86
67 1 0
67 2 124
67 3 0
67 4 103
67 5 31
67 6 0
67 7 76
68 1 0
68 2 132
68 3 0
68 4 108
68 5 32
68 6 0
68 7 82
69 1 0
69 2 101
69 3 0
69 4 79
69 5 25
69 6 0
69 7 64
70 1 0
70 2 197
70 3 0
70 4 165
70 5 48
70 6 0
70 7 130
71 1 0
71 2 112
71 3 0
71 4 72
71 5 21
71 6 0
71 7 58
72 1 0
72 2 319
72 3 0
72 4 204
72 5 65
72 6 0
72 7 169
73 1 0
73 2 238
73 3 0
73 4 195
73 5 57
73 6 0
73 7 162
74 1 0
74 2 661
74 3 0
74 4 422
74 5 142
74 6 0
74 7 329
75 1 0
75 2 162
75 3 0
75 4 128
75 5 41
75 6 0
75 7 102
76 1 0
76 2 85
76 3 0
76 4 62
76 5 19
76 6 0
76 7 50
77 1 0
77 2 153
77 3 0
77 4 114
77 5 36
77 6 0
77 7 88
78 1 0
78 2 269
78 3 0
78 4 211
78 5 62
78 6 0
78 7 173
79 1 0
79 2 69
79 3 0
79 4 50
79 5 15
79 6 0
79 7 42
80 1 0
80 2 545
80 3 0
80 4 336
80 5 116
80 6 0
80 7 296
81 1 0
81 2 99
81 3 0
81 4 72
81 5 25
81 6 0
81 7 56
82 1 0
82 2 299
82 3 0
82 4 240
82 5 71
82 6 0
82 7 177
83 1 0
83 2 847
83 3 0
83 4 667
83 5 206
83 6 0
83 7 499

# Precedence Relations
1 2
2 3
2 4
2 5
3 6
4 6
4 7
5 8
6 9
6 10
7 11
8 77
8 78
9 12
10 13
10 14
10 25
11 15
12 16
13 17
13 18
13 20
14 19
15 20
15 39
16 77
16 78
17 21
17 22
17 28
18 23
19 24
20 26
21 27
22 27
23 74
24 28
24 29
25 32
26 74
27 69
28 32
29 30
30 31
31 39
32 33
32 34
32 35
32 36
33 37
34 77
34 78
35 77
35 78
36 38
36 39
37 40
38 41
39 42
39 43
39 44
39 75
40 77
40 78
41 45
42 77
42 78
43 77
43 78
44 46
45 47
46 48
47 49
48 50
49 69
50 51
51 52
52 53
53 54
54 55
55 56
56 57
57 58
58 59
59 60
60 61
61 62
62 63
63 64
64 65
65 66
66 67
67 68
68 74
68 75
69 70
69 71
70 72
71 73
72 73
73 74
73 75
74 76
75 76
76 77
76 78
77 79
78 79
79 80
79 81
80 82
81 83
82 83

# Parameters
R_e = 0.0500
T = 6000.0
C_s = 4.0
C_w = 36.0
C_c = 5.0
