# Tasks
1 2 3 4 5 6 7 8 9 10 11 12 13 14 15 16 17 18 19 20

# Workstations
1 2 3 4 5 6 7 8 9 10 11 12 13 14 15 16 17 18 19 20

# Modes
1 2 3 4 5 6 7

# Processing Times
1 1 464
1 2 457
1 3 478
1 4 471
1 5 276
1 6 515
1 7 507
2 1 154
2 2 152
2 3 159
2 4 157
2 5 92
2 6 171
2 7 169
3 1 506
3 2 498
3 3 521
3 4 513
3 5 301
3 6 561
3 7 552
4 1 476
4 2 469
4 3 490
4 4 483
4 5 283
4 6 528
4 7 520
5 1 77
5 2 76
5 3 80
5 4 79
5 5 46
5 6 86
5 7 85
6 1 155
6 2 153
6 3 160
6 4 158
6 5 93
6 6 172
6 7 170
7 1 340
7 2 335
7 3 350
7 4 345
7 5 202
7 6 377
7 7 372
8 1 467
8 2 460
8 3 481
8 4 474
8 5 278
8 6 518
8 7 510
9 1 94
9 2 93
9 3 97
9 4 96
9 5 56
9 6 105
9 7 104
10 1 65
10 2 64
10 3 67
10 4 66
10 5 39
10 6 73
10 7 71
11 1 192
11 2 189
11 3 198
11 4 195
11 5 115
11 6 213
11 7 210
12 1 127
12 2 125
12 3 131
12 4 129
12 5 76
12 6 141
12 7 139
13 1 204
13 2 201
13 3 210
13 4 207
13 5 122
13 6 227
13 7 223
14 1 108
14 2 107
14 3 112
14 4 111
14 5 65
14 6 120
14 7 119
15 1 481
15 2 474
15 3 496
15 4 488
15 5 286
15 6 534
15 7 526
16 1 213
16 2 210
16 3 220
16 4 217
16 5 127
16 6 237
16 7 233
17 1 116
17 2 115
17 3 120
17 4 119
17 5 69
17 6 129
17 7 128
18 1 74
18 2 73
18 3 77
18 4 76
18 5 44
18 6 83
18 7 81
19 1 220
19 2 217
19 3 227
19 4 224
19 5 131
19 6 244
19 7 241
20 1 117
20 2 116
20 3 121
20 4 120
20 5 70
20 6 130
20 7 129

# Energy Consumption
1 1 0
1 2 121
1 3 0
1 4 91
1 5 44
1 6 0
1 7 62
2 1 0
2 2 37
2 3 0
2 4 35
2 5 14
2 6 0
2 7 21
3 1 0
3 2 130
3 3 0
3 4 107
3 5 45
3 6 0
3 7 82
4 1 0
4 2 139
4 3 0
4 4 93
4 5 43
4 6 0
4 7 73
5 1 0
5 2 18
5 3 0
5 4 16
5 5 7
5 6 0
5 7 11
6 1 0
6 2 37
6 3 0
6 4 32
6 5 15
6 6 0
6 7 22
7 1 0
7 2 75
7 3 0
7 4 65
7 5 30
7 6 0
7 7 47
8 1 0
8 2 136
8 3 0
8 4 98
8 5 45
8 6 0
8 7 75
9 1 0
9 2 26
9 3 0
9 4 21
9 5 9
9 6 0
9 7 14
10 1 0
10 2 18
10 3 0
10 4 14
10 5 6
10 6 0
10 7 10
11 1 0
11 2 50
11 3 0
11 4 37
11 5 17
11 6 0
11 7 30
12 1 0
12 2 33
12 3 0
12 4 27
12 5 13
12 6 0
12 7 19
13 1 0
13 2 58
13 3 0
13 4 44
13 5 18
13 6 0
13 7 30
14 1 0
14 2 32
14 3 0
14 4 22
14 5 10
14 6 0
14 7 18
15 1 0
15 2 141
15 3 0
15 4 93
15 5 43
15 6 0
15 7 76
16 1 0
16 2 54
16 3 0
16 4 47
16 5 20
16 6 0
16 7 33
17 1 0
17 2 31
17 3 0
17 4 25
17 5 10
17 6 0
17 7 17
18 1 0
18 2 20
18 3 0
18 4 15
18 5 7
18 6 0
18 7 12
19 1 0
19 2 49
19 3 0
19 4 45
19 5 20
19 6 0
19 7 34
20 1 0
20 2 32
20 3 0
20 4 25
20 5 11
20 6 0
20 7 17

# Precedence Relations
1 9
2 9
3 9
4 9
5 11
5 12
8 10
9 13
9 14
9 15
9 16
14 17
15 18
17 20
18 19

# Parameters
R_e = 0.0500
T = 1000.0
C_s = 4.0
C_w = 36.0
C_c = 5.0
