# Tasks
1 2 3 4 5 6 7 8 9 10 11 12 13 14 15 16 17 18 19 20 21 22 23 24 25 26 27 28 29 30 31 32 33 34 35 36 37 38 39 40 41 42 43 44 45 46 47 48 49 50 51 52 53 54 55 56 57 58 59 60 61 62 63 64 65 66 67 68 69 70 71 72 73 74 75 76 77 78 79 80 81 82 83

# Workstations
1 2 3 4 5 6 7 8 9 10 11 12 13 14 15 16 17 18 19 20 21 22 23 24 25 26 27 28 29 30 31 32 33 34 35 36 37 38 39 40 41 42 43 44 45 46 47 48 49 50 51 52 53 54 55 56 57 58 59 60 61 62 63 64 65 66 67 68 69 70 71 72 73 74 75 76 77 78 79 80 81 82 83

# Modes
1 2 3 4 5 6 7

# Processing Times
1 1 1673
1 2 2544
1 3 1736
1 4 2640
1 5 652
1 6 2156
1 7 3278
2 1 985
2 2 1282
2 3 944
2 4 1229
2 5 304
2 6 1267
2 7 1649
3 1 1836
3 2 2802
3 3 1872
3 4 2856
3 5 742
3 6 2457
3 7 3749
4 1 973
4 2 1361
4 3 981
4 4 1371
4 5 404
4 6 1388
4 7 1941
5 1 1700
5 2 2484
5 3 1782
5 4 2604
5 5 653
5 6 2156
5 7 3151
6 1 2881
6 2 3600
6 3 2752
6 4 3438
6 5 1036
6 6 4174
6 7 5216
7 1 2231
7 2 2758
7 3 2315
7 4 2861
7 5 878
7 6 2848
7 7 3521
8 1 1040
8 2 1386
8 3 1074
8 4 1432
8 5 380
8 6 1333
8 7 1776
9 1 1793
9 2 2798
9 3 1833
9 4 2860
9 5 742
9 6 2340
9 7 3652
10 1 1250
10 2 1661
10 3 1222
10 4 1623
10 5 401
10 6 1730
10 7 2299
11 1 700
11 2 1018
11 3 730
11 4 1061
11 5 211
11 6 947
11 7 1377
12 1 464
12 2 670
12 3 442
12 4 638
12 5 185
12 6 673
12 7 972
13 1 500
13 2 739
13 3 515
13 4 761
13 5 187
13 6 631
13 7 933
14 1 1133
14 2 1792
14 3 1154
14 4 1825
14 5 354
14 6 1605
14 7 2538
15 1 577
15 2 867
15 3 567
15 4 851
15 5 189
15 6 727
15 7 1092
16 1 483
16 2 731
16 3 491
16 4 743
16 5 148
16 6 684
16 7 1034
17 1 880
17 2 1382
17 3 866
17 4 1359
17 5 388
17 6 1204
17 7 1891
18 1 667
18 2 912
18 3 663
18 4 906
18 5 277
18 6 839
18 7 1147
19 1 600
19 2 911
19 3 615
19 4 934
19 5 245
19 6 790
19 7 1199
20 1 233
20 2 331
20 3 237
20 4 337
20 5 103
20 6 327
20 7 465
21 1 408
21 2 637
21 3 428
21 4 667
21 5 123
21 6 556
21 7 868
22 1 847
22 2 1218
22 3 835
22 4 1201
22 5 279
22 6 1120
22 7 1610
23 1 767
23 2 1036
23 3 732
23 4 989
23 5 250
23 6 1042
23 7 1407
24 1 850
24 2 1316
24 3 853
24 4 1321
24 5 374
24 6 1125
24 7 1742
25 1 780
25 2 1034
25 3 746
25 4 989
25 5 282
25 6 985
25 7 1305
26 1 912
26 2 1124
26 3 924
26 4 1138
26 5 317
26 6 1297
26 7 1599
27 1 748
27 2 940
27 3 752
27 4 944
27 5 291
27 6 1022
27 7 1285
28 1 1863
28 2 2889
28 3 1832
28 4 2840
28 5 715
28 6 2649
28 7 4107
29 1 714
29 2 1106
29 3 731
29 4 1132
29 5 255
29 6 927
29 7 1436
30 1 1004
30 2 1412
30 3 1033
30 4 1452
30 5 437
30 6 1290
30 7 1814
31 1 713
31 2 1060
31 3 697
31 4 1037
31 5 218
31 6 905
31 7 1345
32 1 642
32 2 827
32 3 647
32 4 833
32 5 280
32 6 927
32 7 1194
33 1 629
33 2 818
33 3 639
33 4 831
33 5 223
33 6 902
33 7 1173
34 1 1234
34 2 1832
34 3 1264
34 4 1876
34 5 458
34 6 1563
34 7 2321
35 1 1143
35 2 1401
35 3 1177
35 4 1442
35 5 454
35 6 1553
35 7 1903
36 1 1266
36 2 1656
36 3 1210
36 4 1583
36 5 511
36 6 1740
36 7 2276
37 1 792
37 2 1108
37 3 812
37 4 1135
37 5 298
37 6 1068
37 7 1494
38 1 1251
38 2 1845
38 3 1212
38 4 1787
38 5 502
38 6 1674
38 7 2469
39 1 1310
39 2 1691
39 3 1313
39 4 1695
39 5 462
39 6 1787
39 7 2307
40 1 663
40 2 921
40 3 667
40 4 926
40 5 210
40 6 918
40 7 1275
41 1 494
41 2 712
41 3 503
41 4 725
41 5 150
41 6 622
41 7 896
42 1 1288
42 2 1941
42 3 1316
42 4 1983
42 5 450
42 6 1868
42 7 2814
43 1 792
43 2 1091
43 3 802
43 4 1104
43 5 247
43 6 1059
43 7 1458
44 1 578
44 2 785
44 3 553
44 4 751
44 5 216
44 6 826
44 7 1122
45 1 594
45 2 824
45 3 565
45 4 783
45 5 238
45 6 815
45 7 1131
46 1 578
46 2 713
46 3 602
46 4 743
46 5 184
46 6 831
46 7 1024
47 1 622
47 2 829
47 3 611
47 4 815
47 5 240
47 6 859
47 7 1145
48 1 578
48 2 816
48 3 577
48 4 814
48 5 254
48 6 746
48 7 1053
49 1 564
49 2 711
49 3 581
49 4 732
49 5 207
49 6 751
49 7 947
50 1 578
50 2 817
50 3 595
50 4 842
50 5 187
50 6 835
50 7 1180
51 1 578
51 2 838
51 3 582
51 4 844
51 5 204
51 6 825
51 7 1196
52 1 578
52 2 893
52 3 604
52 4 933
52 5 212
52 6 803
52 7 1240
53 1 578
53 2 860
53 3 600
53 4 893
53 5 259
53 6 769
53 7 1143
54 1 578
54 2 813
54 3 599
54 4 843
54 5 236
54 6 769
54 7 1082
55 1 578
55 2 907
55 3 589
55 4 925
55 5 244
55 6 787
55 7 1234
56 1 578
56 2 810
56 3 584
56 4 818
56 5 180
56 6 783
56 7 1097
57 1 578
57 2 830
57 3 606
57 4 869
57 5 214
57 6 789
57 7 1132
58 1 578
58 2 855
58 3 589
58 4 871
58 5 189
58 6 754
58 7 1115
59 1 578
59 2 778
59 3 577
59 4 776
59 5 253
59 6 755
59 7 1016
60 1 578
60 2 777
60 3 550
60 4 739
60 5 195
60 6 768
60 7 1033
61 1 578
61 2 798
61 3 602
61 4 831
61 5 201
61 6 837
61 7 1156
62 1 578
62 2 704
62 3 565
62 4 688
62 5 210
62 6 731
62 7 890
63 1 578
63 2 826
63 3 588
63 4 841
63 5 220
63 6 750
63 7 1072
64 1 578
64 2 872
64 3 586
64 4 885
64 5 212
64 6 752
64 7 1135
65 1 578
65 2 907
65 3 560
65 4 879
65 5 260
65 6 773
65 7 1213
66 1 578
66 2 786
66 3 594
66 4 807
66 5 207
66 6 743
66 7 1010
67 1 578
67 2 842
67 3 607
67 4 884
67 5 185
67 6 817
67 7 1189
68 1 578
68 2 869
68 3 563
68 4 847
68 5 222
68 6 795
68 7 1194
69 1 467
69 2 705
69 3 455
69 4 687
69 5 148
69 6 603
69 7 910
70 1 887
70 2 1320
70 3 884
70 4 1315
70 5 397
70 6 1154
70 7 1717
71 1 396
71 2 551
71 3 393
71 4 547
71 5 136
71 6 552
71 7 768
72 1 1296
72 2 1957
72 3 1341
72 4 2025
72 5 459
72 6 1852
72 7 2796
73 1 1100
73 2 1405
73 3 1060
73 4 1354
73 5 452
73 6 1540
73 7 1967
74 1 2543
74 2 3789
74 3 2635
74 4 3925
74 5 962
74 6 3349
74 7 4990
75 1 764
75 2 1150
75 3 766
75 4 1153
75 5 248
75 6 1055
75 7 1588
76 1 357
76 2 494
76 3 354
76 4 490
76 5 130
76 6 504
76 7 697
77 1 701
77 2 1050
77 3 695
77 4 1041
77 5 284
77 6 952
77 7 1425
78 1 1164
78 2 1613
78 3 1115
78 4 1545
78 5 392
78 6 1459
78 7 2022
79 1 286
79 2 398
79 3 290
79 4 403
79 5 112
79 6 387
79 7 539
80 1 2100
80 2 3140
80 3 2142
80 4 3203
80 5 754
80 6 2653
80 7 3967
81 1 450
81 2 549
81 3 461
81 4 562
81 5 164
81 6 632
81 7 771
82 1 1300
82 2 1955
82 3 1313
82 4 1974
82 5 467
82 6 1743
82 7 2621
83 1 3691
83 2 4954
83 3 3682
83 4 4942
83 5 1349
83 6 5065
83 7 6797

# Energy Consumption
1 1 0
1 2 580
1 3 0
1 4 526
1 5 94
1 6 0
1 7 460
2 1 0
2 2 286
2 3 0
2 4 249
2 5 45
2 6 0
2 7 214
3 1 0
3 2 811
3 3 0
3 4 532
3 5 117
3 6 0
3 7 453
4 1 0
4 2 319
4 3 0
4 4 292
4 5 58
4 6 0
4 7 267
5 1 0
5 2 672
5 3 0
5 4 491
5 5 101
5 6 0
5 7 431
6 1 0
6 2 984
6 3 0
6 4 724
6 5 152
6 6 0
6 7 692
7 1 0
7 2 747
7 3 0
7 4 619
7 5 137
7 6 0
7 7 468
8 1 0
8 2 380
8 3 0
8 4 310
8 5 58
8 6 0
8 7 221
9 1 0
9 2 682
9 3 0
9 4 532
9 5 105
9 6 0
9 7 466
10 1 0
10 2 416
10 3 0
10 4 313
10 5 60
10 6 0
10 7 324
11 1 0
11 2 292
11 3 0
11 4 195
11 5 30
11 6 0
11 7 191
12 1 0
12 2 168
12 3 0
12 4 134
12 5 28
12 6 0
12 7 118
13 1 0
13 2 186
13 3 0
13 4 159
13 5 30
13 6 0
13 7 127
14 1 0
14 2 425
14 3 0
14 4 346
14 5 53
14 6 0
14 7 378
15 1 0
15 2 235
15 3 0
15 4 165
15 5 28
15 6 0
15 7 157
16 1 0
16 2 165
16 3 0
16 4 143
16 5 23
16 6 0
16 7 126
17 1 0
17 2 408
17 3 0
17 4 258
17 5 56
17 6 0
17 7 275
18 1 0
18 2 218
18 3 0
18 4 199
18 5 44
18 6 0
18 7 144
19 1 0
19 2 258
19 3 0
19 4 182
19 5 36
19 6 0
19 7 172
20 1 0
20 2 99
20 3 0
20 4 69
20 5 17
20 6 0
20 7 57
21 1 0
21 2 160
21 3 0
21 4 132
21 5 20
21 6 0
21 7 115
22 1 0
22 2 279
22 3 0
22 4 224
22 5 40
22 6 0
22 7 235
23 1 0
23 2 250
23 3 0
23 4 185
23 5 36
23 6 0
23 7 179
24 1 0
24 2 319
24 3 0
24 4 239
24 5 57
24 6 0
24 7 216
25 1 0
25 2 257
25 3 0
25 4 183
25 5 45
25 6 0
25 7 177
26 1 0
26 2 255
26 3 0
26 4 248
26 5 48
26 6 0
26 7 195
27 1 0
27 2 266
27 3 0
27 4 174
27 5 44
27 6 0
27 7 179
28 1 0
28 2 780
28 3 0
28 4 513
28 5 105
28 6 0
28 7 494
29 1 0
29 2 311
29 3 0
29 4 215
29 5 37
29 6 0
29 7 198
30 1 0
30 2 413
30 3 0
30 4 299
30 5 64
30 6 0
30 7 250
31 1 0
31 2 272
31 3 0
31 4 198
31 5 35
31 6 0
31 7 166
32 1 0
32 2 224
32 3 0
32 4 159
32 5 44
32 6 0
32 7 153
33 1 0
33 2 195
33 3 0
33 4 153
33 5 35
33 6 0
33 7 173
34 1 0
34 2 471
34 3 0
34 4 383
34 5 71
34 6 0
34 7 303
35 1 0
35 2 367
35 3 0
35 4 262
35 5 68
35 6 0
35 7 240
36 1 0
36 2 373
36 3 0
36 4 286
36 5 77
36 6 0
36 7 292
37 1 0
37 2 305
37 3 0
37 4 243
37 5 45
37 6 0
37 7 217
38 1 0
38 2 479
38 3 0
38 4 390
38 5 72
38 6 0
38 7 308
39 1 0
39 2 397
39 3 0
39 4 328
39 5 67
39 6 0
39 7 281
40 1 0
40 2 224
40 3 0
40 4 189
40 5 32
40 6 0
40 7 191
41 1 0
41 2 209
41 3 0
41 4 158
41 5 24
41 6 0
41 7 125
42 1 0
42 2 542
42 3 0
42 4 390
42 5 72
42 6 0
42 7 346
43 1 0
43 2 326
43 3 0
43 4 233
43 5 35
43 6 0
43 7 209
44 1 0
44 2 221
44 3 0
44 4 148
44 5 31
44 6 0
44 7 154
45 1 0
45 2 212
45 3 0
45 4 164
45 5 36
45 6 0
45 7 149
46 1 0
46 2 179
46 3 0
46 4 138
46 5 30
46 6 0
46 7 144
47 1 0
47 2 226
47 3 0
47 4 151
47 5 35
47 6 0
47 7 139
48 1 0
48 2 220
48 3 0
48 4 175
48 5 40
48 6 0
48 7 151
49 1 0
49 2 176
49 3 0
49 4 137
49 5 31
49 6 0
49 7 132
50 1 0
50 2 231
50 3 0
50 4 170
50 5 29
50 6 0
50 7 172
51 1 0
51 2 190
51 3 0
51 4 182
51 5 29
51 6 0
51 7 161
52 1 0
52 2 231
52 3 0
52 4 172
52 5 34
52 6 0
52 7 153
53 1 0
53 2 249
53 3 0
53 4 163
53 5 42
53 6 0
53 7 143
54 1 0
54 2 212
54 3 0
54 4 163
54 5 37
54 6 0
54 7 163
55 1 0
55 2 210
55 3 0
55 4 173
55 5 39
55 6 0
55 7 176
56 1 0
56 2 210
56 3 0
56 4 152
56 5 27
56 6 0
56 7 149
57 1 0
57 2 217
57 3 0
57 4 165
57 5 31
57 6 0
57 7 148
58 1 0
58 2 189
58 3 0
58 4 189
58 5 29
58 6 0
58 7 135
59 1 0
59 2 200
59 3 0
59 4 163
59 5 40
59 6 0
59 7 137
60 1 0
60 2 217
60 3 0
60 4 157
60 5 28
60 6 0
60 7 131
61 1 0
61 2 184
61 3 0
61 4 166
61 5 30
61 6 0
61 7 140
62 1 0
62 2 207
62 3 0
62 4 139
62 5 34
62 6 0
62 7 132
63 1 0
63 2 200
63 3 0
63 4 172
63 5 34
63 6 0
63 7 160
64 1 0
64 2 234
64 3 0
64 4 180
64 5 32
64 6 0
64 7 170
65 1 0
65 2 253
65 3 0
65 4 174
65 5 40
65 6 0
65 7 172
66 1 0
66 2 190
66 3 0
66 4 155
66 5 32
66 6 0
66 7 144
67 1 0
67 2 226
67 3 0
67 4 188
67 5 27
67 6 0
67 7 171
68 1 0
68 2 228
68 3 0
68 4 158
68 5 34
68 6 0
68 7 168
69 1 0
69 2 210
69 3 0
69 4 140
69 5 24
69 6 0
69 7 113
70 1 0
70 2 367
70 3 0
70 4 245
70 5 58
70 6 0
70 7 255
71 1 0
71 2 146
71 3 0
71 4 100
71 5 22
71 6 0
71 7 101
72 1 0
72 2 546
72 3 0
72 4 433
72 5 72
72 6 0
72 7 384
73 1 0
73 2 350
73 3 0
73 4 296
73 5 67
73 6 0
73 7 263
74 1 0
74 2 887
74 3 0
74 4 790
74 5 152
74 6 0
74 7 647
75 1 0
75 2 329
75 3 0
75 4 234
75 5 37
75 6 0
75 7 201
76 1 0
76 2 128
76 3 0
76 4 97
76 5 21
76 6 0
76 7 90
77 1 0
77 2 304
77 3 0
77 4 209
77 5 46
77 6 0
77 7 209
78 1 0
78 2 364
78 3 0
78 4 306
78 5 56
78 6 0
78 7 257
79 1 0
79 2 107
79 3 0
79 4 85
79 5 17
79 6 0
79 7 69
80 1 0
80 2 770
80 3 0
80 4 619
80 5 119
80 6 0
80 7 479
81 1 0
81 2 160
81 3 0
81 4 110
81 5 24
81 6 0
81 7 105
82 1 0
82 2 531
82 3 0
82 4 373
82 5 70
82 6 0
82 7 325
83 1 0
83 2 1328
83 3 0
83 4 966
83 5 215
83 6 0
83 7 821

# Precedence Relations
1 2
2 3
2 4
2 5
3 6
4 6
4 7
5 8
6 9
6 10
7 11
8 77
8 78
9 12
10 13
10 14
10 25
11 15
12 16
13 17
13 18
13 20
14 19
15 20
15 39
16 77
16 78
17 21
17 22
17 28
18 23
19 24
20 26
21 27
22 27
23 74
24 28
24 29
25 32
26 74
27 69
28 32
29 30
30 31
31 39
32 33
32 34
32 35
32 36
33 37
34 77
34 78
35 77
35 78
36 38
36 39
37 40
38 41
39 42
39 43
39 44
39 75
40 77
40 78
41 45
42 77
42 78
43 77
43 78
44 46
45 47
46 48
47 49
48 50
49 69
50 51
51 52
52 53
53 54
54 55
55 56
56 57
57 58
58 59
59 60
60 61
61 62
62 63
63 64
64 65
65 66
66 67
67 68
68 74
68 75
69 70
69 71
70 72
71 73
72 73
73 74
73 75
74 76
75 76
76 77
76 78
77 79
78 79
79 80
79 81
80 82
81 83
82 83

# Parameters
R_e = 0.0500
T = 7916.0
C_s = 4.0
C_w = 36.0
C_c = 5.0
