# Tasks
1 2 3 4 5 6 7 8 9 10 11 12 13 14 15 16 17 18 19 20 21 22 23 24 25 26 27 28 29 30 31 32 33 34 35 36 37 38 39 40 41 42 43 44 45 46 47 48 49 50 51 52 53 54 55 56 57 58 59 60 61 62 63 64 65 66 67 68 69 70 71 72 73 74 75 76 77 78 79 80 81 82 83 84 85 86 87 88 89 90 91 92 93 94 95 96 97 98 99 100 101 102 103 104 105 106 107 108 109 110 111

# Workstations
1 2 3 4 5 6 7 8 9 10 11 12 13 14 15 16 17 18 19 20 21 22 23 24 25 26 27 28 29 30 31 32 33 34 35 36 37 38 39 40 41 42 43 44 45 46 47 48 49 50 51 52 53 54 55 56 57 58 59 60 61 62 63 64 65 66 67 68 69 70 71 72 73 74 75 76 77 78 79 80 81 82 83 84 85 86 87 88 89 90 91 92 93 94 95 96 97 98 99 100 101 102 103 104 105 106 107 108 109 110 111

# Modes
1 2 3 4 5 6 7

# Processing Times
1 1 1960
1 2 3021
1 3 1720
1 4 2651
1 5 1734
1 6 2242
1 7 3455
2 1 1715
2 2 2333
2 3 1508
2 4 2051
2 5 1625
2 6 1998
2 7 2718
3 1 735
3 2 948
3 3 686
3 4 884
3 5 606
3 6 891
3 7 1148
4 1 1715
4 2 2631
4 3 1606
4 4 2463
4 5 1418
4 6 2126
4 7 3262
5 1 490
5 2 605
5 3 461
5 4 569
5 5 453
5 6 591
5 7 730
6 1 1225
6 2 1633
6 3 1163
6 4 1550
6 5 1131
6 6 1471
6 7 1961
7 1 169
7 2 209
7 3 145
7 4 179
7 5 161
7 6 192
7 7 237
8 1 2252
8 2 3282
8 3 1965
8 4 2863
8 5 2032
8 6 2529
8 7 3685
9 1 1225
9 2 1563
9 3 1113
9 4 1420
9 5 990
9 6 1506
9 7 1922
10 1 2319
10 2 3657
10 3 2068
10 4 3260
10 5 2011
10 6 2636
10 7 4157
11 1 1715
11 2 2226
11 3 1517
11 4 1969
11 5 1525
11 6 1933
11 7 2509
12 1 980
12 2 1465
12 3 910
12 4 1361
12 5 851
12 6 1186
12 7 1772
13 1 735
13 2 1118
13 3 695
13 4 1056
13 5 660
13 6 809
13 7 1230
14 1 2281
14 2 3274
14 3 1941
14 4 2786
14 5 2046
14 6 2539
14 7 3644
15 1 2750
15 2 4061
15 3 2409
15 4 3558
15 5 2423
15 6 3360
15 7 4962
16 1 77
16 2 110
16 3 68
16 4 97
16 5 71
16 6 97
16 7 138
17 1 89
17 2 108
17 3 82
17 4 99
17 5 76
17 6 111
17 7 134
18 1 51
18 2 79
18 3 45
18 4 69
18 5 49
18 6 60
18 7 92
19 1 364
19 2 519
19 3 312
19 4 445
19 5 312
19 6 427
19 7 608
20 1 405
20 2 557
20 3 384
20 4 528
20 5 325
20 6 506
20 7 695
21 1 3060
21 2 3685
21 3 2826
21 4 3403
21 5 2487
21 6 3442
21 7 4145
22 1 125
22 2 151
22 3 113
22 4 137
22 5 117
22 6 144
22 7 174
23 1 3429
23 2 4428
23 3 3134
23 4 4047
23 5 3146
23 6 4270
23 7 5513
24 1 43
24 2 58
24 3 40
24 4 54
24 5 38
24 6 48
24 7 65
25 1 3430
25 2 4431
25 3 3034
25 4 3919
25 5 2808
25 6 4208
25 7 5436
26 1 1960
26 2 2407
26 3 1774
26 4 2178
26 5 1855
26 6 2317
26 7 2845
27 1 29
27 2 44
27 3 26
27 4 39
27 5 28
27 6 33
27 7 50
28 1 27
28 2 35
28 3 26
28 4 33
28 5 24
28 6 34
28 7 44
29 1 15
29 2 23
29 3 14
29 4 22
29 5 14
29 6 19
29 7 29
30 1 121
30 2 155
30 3 113
30 4 145
30 5 111
30 6 135
30 7 172
31 1 1715
31 2 2648
31 3 1484
31 4 2292
31 5 1530
31 6 1944
31 7 3001
32 1 2127
32 2 2684
32 3 1986
32 4 2505
32 5 2001
32 6 2658
32 7 3354
33 1 1470
33 2 1935
33 3 1373
33 4 1807
33 5 1253
33 6 1716
33 7 2259
34 1 4037
34 2 5548
34 3 3699
34 4 5084
34 5 3741
34 6 4944
34 7 6794
35 1 68
35 2 109
35 3 65
35 4 103
35 5 58
35 6 82
35 7 131
36 1 62
36 2 79
36 3 58
36 4 74
36 5 58
36 6 77
36 7 98
37 1 42
37 2 67
37 3 40
37 4 63
37 5 39
37 6 52
37 7 82
38 1 364
38 2 477
38 3 338
38 4 443
38 5 318
38 6 443
38 7 580
39 1 4998
39 2 7345
39 3 4672
39 4 6866
39 5 4375
39 6 5536
39 7 8135
40 1 1470
40 2 1907
40 3 1312
40 4 1702
40 5 1189
40 6 1698
40 7 2203
41 1 2963
41 2 4041
41 3 2595
41 4 3540
41 5 2795
41 6 3582
41 7 4885
42 1 5689
42 2 7925
42 3 4974
42 4 6929
42 5 4618
42 6 6501
42 7 9056
43 1 68
43 2 100
43 3 62
43 4 91
43 5 59
43 6 78
43 7 115
44 1 18
44 2 27
44 3 16
44 4 24
44 5 15
44 6 22
44 7 33
45 1 10
45 2 16
45 3 9
45 4 14
45 5 9
45 6 12
45 7 20
46 1 81
46 2 120
46 3 76
46 4 112
46 5 74
46 6 99
46 7 147
47 1 5200
47 2 7524
47 3 4663
47 4 6747
47 5 4638
47 6 6167
47 7 8923
48 1 39
48 2 54
48 3 36
48 4 50
48 5 33
48 6 45
48 7 63
49 1 67
49 2 107
49 3 60
49 4 96
49 5 58
49 6 80
49 7 127
50 1 27
50 2 39
50 3 25
50 4 36
50 5 25
50 6 33
50 7 48
51 1 15
51 2 23
51 3 14
51 4 21
51 5 13
51 6 18
51 7 27
52 1 121
52 2 161
52 3 111
52 4 148
52 5 101
52 6 136
52 7 181
53 1 58
53 2 87
53 3 51
53 4 77
53 5 53
53 6 69
53 7 103
54 1 1715
54 2 2684
54 3 1536
54 4 2404
54 5 1512
54 6 1958
54 7 3064
55 1 125
55 2 170
55 3 117
55 4 159
55 5 102
55 6 156
55 7 212
56 1 4010
56 2 4991
56 3 3445
56 4 4288
56 5 3245
56 6 4698
56 7 5847
57 1 1470
57 2 2143
57 3 1251
57 4 1823
57 5 1332
57 6 1751
57 7 2553
58 1 1470
58 2 1961
58 3 1370
58 4 1827
58 5 1271
58 6 1720
58 7 2294
59 1 2303
59 2 3142
59 3 2078
59 4 2836
59 5 2153
59 6 2856
59 7 3896
60 1 1960
60 2 2377
60 3 1720
60 4 2085
60 5 1616
60 6 2281
60 7 2766
61 1 2205
61 2 2997
61 3 2015
61 4 2738
61 5 2070
61 6 2706
61 7 3677
62 1 4018
62 2 4867
62 3 3739
62 4 4529
62 5 3320
62 6 4849
62 7 5873
63 1 2744
63 2 3478
63 3 2401
63 4 3043
63 5 2607
63 6 3230
63 7 4094
64 1 2999
64 2 4303
64 3 2578
64 4 3698
64 5 2823
64 6 3551
64 7 5095
65 1 735
65 2 1168
65 3 695
65 4 1104
65 5 696
65 6 895
65 7 1423
66 1 735
66 2 891
66 3 661
66 4 801
66 5 629
66 6 847
66 7 1026
67 1 735
67 2 900
67 3 655
67 4 801
67 5 651
67 6 879
67 7 1076
68 1 735
68 2 1073
68 3 674
68 4 984
68 5 621
68 6 858
68 7 1252
69 1 545
69 2 790
69 3 465
69 4 675
69 5 493
69 6 652
69 7 945
70 1 3386
70 2 5229
70 3 2992
70 4 4621
70 5 3165
70 6 3731
70 7 5761
71 1 3234
71 2 4992
71 3 2786
71 4 4301
71 5 2848
71 6 3948
71 7 6094
72 1 2205
72 2 3117
72 3 2079
72 4 2938
72 5 1783
72 6 2718
72 7 3842
73 1 2206
73 2 2850
73 3 1876
73 4 2423
73 5 1977
73 6 2533
73 7 3272
74 1 490
74 2 614
74 3 431
74 4 539
74 5 432
74 6 577
74 7 723
75 1 825
75 2 1303
75 3 775
75 4 1224
75 5 683
75 6 1030
75 7 1626
76 1 3528
76 2 4285
76 3 3277
76 4 3980
76 5 3192
76 6 4321
76 7 5248
77 1 3568
77 2 4819
77 3 3217
77 4 4344
77 5 3380
77 6 3951
77 7 5337
78 1 1200
78 2 1903
78 3 1028
78 4 1630
78 5 964
78 6 1420
78 7 2252
79 1 618
79 2 786
79 3 529
79 4 673
79 5 502
79 6 717
79 7 912
80 1 1470
80 2 2030
80 3 1304
80 4 1801
80 5 1238
80 6 1705
80 7 2355
81 1 1715
81 2 2099
81 3 1585
81 4 1939
81 5 1419
81 6 2089
81 7 2557
82 1 735
82 2 1118
82 3 671
82 4 1020
82 5 633
82 6 868
82 7 1319
83 1 1960
83 2 2646
83 3 1790
83 4 2417
83 5 1788
83 6 2220
83 7 2996
84 1 2889
84 2 3492
84 3 2486
84 4 3005
84 5 2320
84 6 3301
84 7 3989
85 1 618
85 2 823
85 3 547
85 4 728
85 5 561
85 6 709
85 7 944
86 1 490
86 2 622
86 3 436
86 4 553
86 5 408
86 6 585
86 7 742
87 1 735
87 2 1084
87 3 689
87 4 1016
87 5 679
87 6 896
87 7 1322
88 1 490
88 2 783
88 3 448
88 4 716
88 5 402
88 6 583
88 7 931
89 1 921
89 2 1462
89 3 866
89 4 1374
89 5 757
89 6 1113
89 7 1767
90 1 326
90 2 401
90 3 298
90 4 367
90 5 297
90 6 376
90 7 462
91 1 5390
91 2 8168
91 3 4970
91 4 7531
91 5 4803
91 6 5963
91 7 9037
92 1 243
92 2 348
92 3 222
92 4 317
92 5 198
92 6 289
92 7 413
93 1 371
93 2 498
93 3 352
93 4 472
93 5 329
93 6 459
93 7 616
94 1 58
94 2 89
94 3 50
94 4 77
94 5 53
94 6 66
94 7 101
95 1 5059
95 2 8078
95 3 4518
95 4 7213
95 5 4656
95 6 5859
95 7 9355
96 1 1225
96 2 1697
96 3 1100
96 4 1524
96 5 1039
96 6 1447
96 7 2004
97 1 769
97 2 931
97 3 708
97 4 857
97 5 710
97 6 893
97 7 1081
98 1 768
98 2 1114
98 3 672
98 4 975
98 5 620
98 6 940
98 7 1363
99 1 1670
99 2 2485
99 3 1521
99 4 2263
99 5 1508
99 6 2032
99 7 3023
100 1 1670
100 2 2314
100 3 1539
100 4 2132
100 5 1429
100 6 1931
100 7 2675
101 1 490
101 2 774
101 3 436
101 4 689
101 5 393
101 6 571
101 7 902
102 1 202
102 2 313
102 3 191
102 4 296
102 5 172
102 6 232
102 7 360
103 1 203
103 2 314
103 3 193
103 4 298
103 5 165
103 6 237
103 7 366
104 1 202
104 2 301
104 3 181
104 4 270
104 5 189
104 6 253
104 7 377
105 1 2744
105 2 4152
105 3 2585
105 4 3911
105 5 2536
105 6 3194
105 7 4833
106 1 162
106 2 223
106 3 153
106 4 210
106 5 130
106 6 199
106 7 274
107 1 324
107 2 502
107 3 292
107 4 452
107 5 302
107 6 380
107 7 588
108 1 162
108 2 245
108 3 151
108 4 228
108 5 148
108 6 202
108 7 305
109 1 121
109 2 151
109 3 115
109 4 143
109 5 115
109 6 137
109 7 171
110 1 162
110 2 226
110 3 146
110 4 203
110 5 135
110 6 180
110 7 251
111 1 91
111 2 135
111 3 86
111 4 127
111 5 78
111 6 106
111 7 157

# Energy Consumption
1 1 0
1 2 706
1 3 0
1 4 572
1 5 263
1 6 0
1 7 476
2 1 0
2 2 572
2 3 0
2 4 424
2 5 240
2 6 0
2 7 390
3 1 0
3 2 269
3 3 0
3 4 161
3 5 86
3 6 0
3 7 157
4 1 0
4 2 741
4 3 0
4 4 517
4 5 216
4 6 0
4 7 452
5 1 0
5 2 154
5 3 0
5 4 108
5 5 66
5 6 0
5 7 108
6 1 0
6 2 392
6 3 0
6 4 317
6 5 178
6 6 0
6 7 288
7 1 0
7 2 53
7 3 0
7 4 36
7 5 26
7 6 0
7 7 35
8 1 0
8 2 772
8 3 0
8 4 595
8 5 293
8 6 0
8 7 548
9 1 0
9 2 429
9 3 0
9 4 307
9 5 144
9 6 0
9 7 276
10 1 0
10 2 948
10 3 0
10 4 707
10 5 299
10 6 0
10 7 618
11 1 0
11 2 649
11 3 0
11 4 393
11 5 237
11 6 0
11 7 316
12 1 0
12 2 367
12 3 0
12 4 289
12 5 125
12 6 0
12 7 257
13 1 0
13 2 302
13 3 0
13 4 227
13 5 95
13 6 0
13 7 166
14 1 0
14 2 740
14 3 0
14 4 599
14 5 295
14 6 0
14 7 468
15 1 0
15 2 964
15 3 0
15 4 741
15 5 366
15 6 0
15 7 713
16 1 0
16 2 25
16 3 0
16 4 22
16 5 11
16 6 0
16 7 17
17 1 0
17 2 31
17 3 0
17 4 19
17 5 12
17 6 0
17 7 19
18 1 0
18 2 23
18 3 0
18 4 14
18 5 8
18 6 0
18 7 14
19 1 0
19 2 122
19 3 0
19 4 81
19 5 45
19 6 0
19 7 78
20 1 0
20 2 132
20 3 0
20 4 108
20 5 50
20 6 0
20 7 104
21 1 0
21 2 909
21 3 0
21 4 629
21 5 398
21 6 0
21 7 509
22 1 0
22 2 42
22 3 0
22 4 30
22 5 18
22 6 0
22 7 26
23 1 0
23 2 1298
23 3 0
23 4 797
23 5 487
23 6 0
23 7 769
24 1 0
24 2 16
24 3 0
24 4 12
24 5 6
24 6 0
24 7 9
25 1 0
25 2 1005
25 3 0
25 4 765
25 5 447
25 6 0
25 7 700
26 1 0
26 2 605
26 3 0
26 4 443
26 5 268
26 6 0
26 7 394
27 1 0
27 2 13
27 3 0
27 4 9
27 5 5
27 6 0
27 7 8
28 1 0
28 2 10
28 3 0
28 4 7
28 5 4
28 6 0
28 7 7
29 1 0
29 2 7
29 3 0
29 4 5
29 5 3
29 6 0
29 7 5
30 1 0
30 2 39
30 3 0
30 4 29
30 5 17
30 6 0
30 7 24
31 1 0
31 2 754
31 3 0
31 4 463
31 5 241
31 6 0
31 7 431
32 1 0
32 2 639
32 3 0
32 4 534
32 5 286
32 6 0
32 7 470
33 1 0
33 2 512
33 3 0
33 4 352
33 5 191
33 6 0
33 7 284
34 1 0
34 2 1623
34 3 0
34 4 1006
34 5 533
34 6 0
34 7 948
35 1 0
35 2 29
35 3 0
35 4 20
35 5 9
35 6 0
35 7 17
36 1 0
36 2 19
36 3 0
36 4 14
36 5 10
36 6 0
36 7 15
37 1 0
37 2 17
37 3 0
37 4 14
37 5 6
37 6 0
37 7 12
38 1 0
38 2 136
38 3 0
38 4 91
38 5 46
38 6 0
38 7 72
39 1 0
39 2 1918
39 3 0
39 4 1277
39 5 640
39 6 0
39 7 1113
40 1 0
40 2 537
40 3 0
40 4 332
40 5 186
40 6 0
40 7 322
41 1 0
41 2 1038
41 3 0
41 4 770
41 5 424
41 6 0
41 7 733
42 1 0
42 2 1827
42 3 0
42 4 1288
42 5 739
42 6 0
42 7 1353
43 1 0
43 2 30
43 3 0
43 4 17
43 5 9
43 6 0
43 7 17
44 1 0
44 2 7
44 3 0
44 4 5
44 5 3
44 6 0
44 7 5
45 1 0
45 2 4
45 3 0
45 4 3
45 5 2
45 6 0
45 7 3
46 1 0
46 2 28
46 3 0
46 4 24
46 5 12
46 6 0
46 7 22
47 1 0
47 2 1791
47 3 0
47 4 1462
47 5 690
47 6 0
47 7 1148
48 1 0
48 2 16
48 3 0
48 4 10
48 5 5
48 6 0
48 7 9
49 1 0
49 2 32
49 3 0
49 4 19
49 5 9
49 6 0
49 7 19
50 1 0
50 2 10
50 3 0
50 4 7
50 5 4
50 6 0
50 7 7
51 1 0
51 2 7
51 3 0
51 4 5
51 5 3
51 6 0
51 7 4
52 1 0
52 2 46
52 3 0
52 4 31
52 5 17
52 6 0
52 7 23
53 1 0
53 2 21
53 3 0
53 4 15
53 5 8
53 6 0
53 7 14
54 1 0
54 2 785
54 3 0
54 4 501
54 5 237
54 6 0
54 7 376
55 1 0
55 2 42
55 3 0
55 4 32
55 5 15
55 6 0
55 7 29
56 1 0
56 2 1464
56 3 0
56 4 811
56 5 466
56 6 0
56 7 865
57 1 0
57 2 475
57 3 0
57 4 399
57 5 202
57 6 0
57 7 374
58 1 0
58 2 494
58 3 0
58 4 361
58 5 200
58 6 0
58 7 278
59 1 0
59 2 798
59 3 0
59 4 570
59 5 320
59 6 0
59 7 510
60 1 0
60 2 606
60 3 0
60 4 390
60 5 253
60 6 0
60 7 369
61 1 0
61 2 893
61 3 0
61 4 496
61 5 322
61 6 0
61 7 471
62 1 0
62 2 1292
62 3 0
62 4 968
62 5 501
62 6 0
62 7 751
63 1 0
63 2 815
63 3 0
63 4 640
63 5 391
63 6 0
63 7 516
64 1 0
64 2 1246
64 3 0
64 4 802
64 5 434
64 6 0
64 7 696
65 1 0
65 2 339
65 3 0
65 4 223
65 5 109
65 6 0
65 7 180
66 1 0
66 2 234
66 3 0
66 4 163
66 5 89
66 6 0
66 7 148
67 1 0
67 2 228
67 3 0
67 4 176
67 5 104
67 6 0
67 7 137
68 1 0
68 2 258
68 3 0
68 4 189
68 5 93
68 6 0
68 7 178
69 1 0
69 2 213
69 3 0
69 4 140
69 5 79
69 6 0
69 7 116
70 1 0
70 2 1283
70 3 0
70 4 1010
70 5 473
70 6 0
70 7 722
71 1 0
71 2 1207
71 3 0
71 4 865
71 5 403
71 6 0
71 7 740
72 1 0
72 2 931
72 3 0
72 4 619
72 5 269
72 6 0
72 7 482
73 1 0
73 2 713
73 3 0
73 4 480
73 5 305
73 6 0
73 7 462
74 1 0
74 2 138
74 3 0
74 4 108
74 5 68
74 6 0
74 7 93
75 1 0
75 2 337
75 3 0
75 4 267
75 5 100
75 6 0
75 7 222
76 1 0
76 2 1208
76 3 0
76 4 783
76 5 508
76 6 0
76 7 733
77 1 0
77 2 1423
77 3 0
77 4 875
77 5 526
77 6 0
77 7 667
78 1 0
78 2 516
78 3 0
78 4 339
78 5 141
78 6 0
78 7 319
79 1 0
79 2 230
79 3 0
79 4 132
79 5 72
79 6 0
79 7 126
80 1 0
80 2 513
80 3 0
80 4 377
80 5 186
80 6 0
80 7 301
81 1 0
81 2 624
81 3 0
81 4 355
81 5 211
81 6 0
81 7 346
82 1 0
82 2 320
82 3 0
82 4 185
82 5 92
82 6 0
82 7 178
83 1 0
83 2 590
83 3 0
83 4 493
83 5 252
83 6 0
83 7 443
84 1 0
84 2 1003
84 3 0
84 4 548
84 5 368
84 6 0
84 7 489
85 1 0
85 2 241
85 3 0
85 4 152
85 5 88
85 6 0
85 7 126
86 1 0
86 2 145
86 3 0
86 4 109
86 5 61
86 6 0
86 7 102
87 1 0
87 2 267
87 3 0
87 4 188
87 5 102
87 6 0
87 7 168
88 1 0
88 2 217
88 3 0
88 4 147
88 5 64
88 6 0
88 7 130
89 1 0
89 2 323
89 3 0
89 4 262
89 5 111
89 6 0
89 7 248
90 1 0
90 2 107
90 3 0
90 4 78
90 5 47
90 6 0
90 7 59
91 1 0
91 2 1878
91 3 0
91 4 1601
91 5 731
91 6 0
91 7 1202
92 1 0
92 2 93
92 3 0
92 4 70
92 5 31
92 6 0
92 7 60
93 1 0
93 2 145
93 3 0
93 4 101
93 5 53
93 6 0
93 7 77
94 1 0
94 2 21
94 3 0
94 4 16
94 5 8
94 6 0
94 7 13
95 1 0
95 2 2414
95 3 0
95 4 1368
95 5 711
95 6 0
95 7 1363
96 1 0
96 2 454
96 3 0
96 4 284
96 5 148
96 6 0
96 7 242
97 1 0
97 2 244
97 3 0
97 4 178
97 5 101
97 6 0
97 7 144
98 1 0
98 2 250
98 3 0
98 4 202
98 5 88
98 6 0
98 7 182
99 1 0
99 2 629
99 3 0
99 4 412
99 5 212
99 6 0
99 7 417
100 1 0
100 2 646
100 3 0
100 4 431
100 5 228
100 6 0
100 7 385
101 1 0
101 2 191
101 3 0
101 4 129
101 5 56
101 6 0
101 7 126
102 1 0
102 2 81
102 3 0
102 4 63
102 5 25
102 6 0
102 7 51
103 1 0
103 2 81
103 3 0
103 4 65
103 5 26
103 6 0
103 7 50
104 1 0
104 2 79
104 3 0
104 4 58
104 5 27
104 6 0
104 7 51
105 1 0
105 2 1174
105 3 0
105 4 784
105 5 393
105 6 0
105 7 636
106 1 0
106 2 60
106 3 0
106 4 41
106 5 20
106 6 0
106 7 41
107 1 0
107 2 123
107 3 0
107 4 98
107 5 47
107 6 0
107 7 79
108 1 0
108 2 56
108 3 0
108 4 42
108 5 22
108 6 0
108 7 38
109 1 0
109 2 44
109 3 0
109 4 27
109 5 17
109 6 0
109 7 23
110 1 0
110 2 60
110 3 0
110 4 43
110 5 21
110 6 0
110 7 38
111 1 0
111 2 33
111 3 0
111 4 26
111 5 12
111 6 0
111 7 21

# Precedence Relations
1 2
2 3
3 4
4 5
4 6
4 7
4 8
4 9
4 10
5 39
6 39
7 83
8 71
9 32
10 11
10 12
11 13
11 14
11 15
11 16
11 17
11 18
11 19
11 20
11 21
12 13
12 14
12 15
12 16
12 17
12 18
12 19
12 20
12 21
13 71
14 22
14 23
14 24
14 25
15 26
16 27
17 28
18 29
19 30
20 91
21 111
22 31
22 83
23 32
23 33
24 69
24 70
25 34
26 82
27 35
28 36
29 37
30 38
31 39
32 41
33 111
34 42
35 43
36 44
36 91
37 45
37 91
38 46
38 91
39 40
40 111
41 69
41 70
42 47
43 48
43 49
44 50
45 51
46 52
47 54
47 55
47 56
47 57
47 58
47 59
47 60
48 53
49 91
50 111
51 111
52 111
53 111
54 69
54 70
55 61
55 62
55 63
56 63
56 64
57 65
57 91
58 66
58 91
59 67
59 91
60 68
60 91
61 69
61 70
62 71
63 111
64 72
65 111
66 111
67 111
68 111
69 77
69 78
70 73
71 91
72 74
73 75
74 76
75 77
75 78
75 79
76 80
76 81
76 82
77 83
78 84
79 85
80 86
80 91
81 87
81 91
82 111
83 91
84 88
84 89
84 91
85 111
86 111
87 90
88 105
89 105
90 111
91 92
91 93
91 94
92 95
93 95
94 95
95 96
95 97
95 98
95 99
95 100
95 104
96 101
97 102
98 103
99 111
100 111
101 105
102 106
102 107
103 107
103 108
104 111
105 111
106 109
107 111
108 110
109 111
110 111

# Parameters
R_e = 0.0500
T = 5838.0
C_s = 4.0
C_w = 36.0
C_c = 5.0
