# Tasks
1 2 3 4 5 6 7 8 9 10 11 12 13 14 15 16 17 18 19 20

# Workstations
1 2 3 4 5 6 7 8 9 10 11 12 13 14 15 16 17 18 19 20

# Modes
1 2 3 4 5 6 7

# Processing Times
1 1 209
1 2 323
1 3 187
1 4 288
1 5 168
1 6 243
1 7 375
2 1 57
2 2 78
2 3 52
2 4 71
2 5 46
2 6 63
2 7 87
3 1 204
3 2 264
3 3 187
3 4 242
3 5 171
3 6 230
3 7 298
4 1 119
4 2 183
4 3 109
4 4 167
4 5 102
4 6 142
4 7 218
5 1 180
5 2 222
5 3 171
5 4 211
5 5 151
5 6 225
5 7 277
6 1 82
6 2 110
6 3 76
6 4 102
6 5 67
6 6 91
6 7 122
7 1 174
7 2 215
7 3 159
7 4 197
7 5 160
7 6 193
7 7 239
8 1 64
8 2 94
8 3 58
8 4 84
8 5 53
8 6 77
8 7 113
9 1 116
9 2 148
9 3 110
9 4 141
9 5 105
9 6 139
9 7 177
10 1 206
10 2 325
10 3 187
10 4 296
10 5 171
10 6 254
10 7 400
11 1 83
11 2 108
11 3 78
11 4 101
11 5 78
11 6 102
11 7 133
12 1 73
12 2 110
12 3 65
12 4 97
12 5 61
12 6 87
12 7 130
13 1 162
13 2 247
13 3 150
13 4 229
13 5 137
13 6 184
13 7 281
14 1 58
14 2 84
14 3 55
14 4 80
14 5 51
14 6 65
14 7 95
15 1 161
15 2 238
15 3 144
15 4 212
15 5 153
15 6 200
15 7 296
16 1 319
16 2 454
16 3 275
16 4 391
16 5 264
16 6 353
16 7 502
17 1 87
17 2 106
17 3 80
17 4 97
17 5 83
17 6 101
17 7 123
18 1 148
18 2 229
18 3 131
18 4 203
18 5 125
18 6 185
18 7 286
19 1 56
19 2 80
19 3 50
19 4 72
19 5 51
19 6 64
19 7 91
20 1 169
20 2 233
20 3 145
20 4 199
20 5 142
20 6 198
20 7 273

# Energy Consumption
1 1 0
1 2 76
1 3 0
1 4 63
1 5 26
1 6 0
1 7 52
2 1 0
2 2 20
2 3 0
2 4 15
2 5 7
2 6 0
2 7 13
3 1 0
3 2 75
3 3 0
3 4 45
3 5 25
3 6 0
3 7 41
4 1 0
4 2 52
4 3 0
4 4 36
4 5 16
4 6 0
4 7 31
5 1 0
5 2 57
5 3 0
5 4 40
5 5 22
5 6 0
5 7 41
6 1 0
6 2 27
6 3 0
6 4 21
6 5 11
6 6 0
6 7 18
7 1 0
7 2 55
7 3 0
7 4 40
7 5 26
7 6 0
7 7 35
8 1 0
8 2 23
8 3 0
8 4 18
8 5 8
8 6 0
8 7 17
9 1 0
9 2 41
9 3 0
9 4 31
9 5 16
9 6 0
9 7 26
10 1 0
10 2 85
10 3 0
10 4 65
10 5 26
10 6 0
10 7 60
11 1 0
11 2 32
11 3 0
11 4 21
11 5 13
11 6 0
11 7 17
12 1 0
12 2 28
12 3 0
12 4 21
12 5 9
12 6 0
12 7 19
13 1 0
13 2 67
13 3 0
13 4 50
13 5 20
13 6 0
13 7 38
14 1 0
14 2 19
14 3 0
14 4 18
14 5 8
14 6 0
14 7 13
15 1 0
15 2 57
15 3 0
15 4 45
15 5 24
15 6 0
15 7 43
16 1 0
16 2 101
16 3 0
16 4 86
16 5 41
16 6 0
16 7 62
17 1 0
17 2 31
17 3 0
17 4 18
17 5 13
17 6 0
17 7 17
18 1 0
18 2 67
18 3 0
18 4 39
18 5 20
18 6 0
18 7 42
19 1 0
19 2 19
19 3 0
19 4 14
19 5 8
19 6 0
19 7 12
20 1 0
20 2 56
20 3 0
20 4 41
20 5 22
20 6 0
20 7 41

# Precedence Relations
1 7
2 7
3 4
3 5
3 6
4 7
5 7
6 8
6 9
6 10
6 16
6 18
7 11
7 12
7 13
7 14
8 15
8 19
9 17
10 17
11 17
12 16
12 18
14 19
16 20
17 19
17 20
18 19

# Parameters
R_e = 0.0500
T = 1000.0
C_s = 4.0
C_w = 36.0
C_c = 5.0
