# Tasks
1 2 3 4 5 6 7 8 9 10 11 12 13 14 15 16 17 18 19 20

# Workstations
1 2 3 4 5 6 7 8 9 10 11 12 13 14 15 16 17 18 19 20

# Modes
1 2 3 4 5 6 7

# Processing Times
1 1 210
1 2 496
1 3 198
1 4 468
1 5 126
1 6 266
1 7 627
2 1 169
2 2 400
2 3 160
2 4 377
2 5 101
2 6 214
2 7 506
3 1 191
3 2 452
3 3 180
3 4 426
3 5 115
3 6 242
3 7 571
4 1 141
4 2 333
4 3 133
4 4 314
4 5 85
4 6 179
4 7 421
5 1 66
5 2 156
5 3 63
5 4 148
5 5 40
5 6 84
5 7 197
6 1 117
6 2 277
6 3 111
6 4 262
6 5 70
6 6 148
6 7 350
7 1 232
7 2 548
7 3 219
7 4 517
7 5 139
7 6 293
7 7 692
8 1 39
8 2 93
8 3 37
8 4 88
8 5 24
8 6 50
8 7 118
9 1 164
9 2 388
9 3 155
9 4 366
9 5 98
9 6 208
9 7 490
10 1 167
10 2 395
10 3 158
10 4 373
10 5 100
10 6 211
10 7 499
11 1 120
11 2 284
11 3 114
11 4 268
11 5 72
11 6 152
11 7 359
12 1 33
12 2 78
12 3 32
12 4 74
12 5 20
12 6 42
12 7 99
13 1 35
13 2 83
13 3 33
13 4 79
13 5 21
13 6 45
13 7 105
14 1 255
14 2 603
14 3 241
14 4 569
14 5 153
14 6 322
14 7 762
15 1 134
15 2 317
15 3 127
15 4 299
15 5 81
15 6 170
15 7 401
16 1 275
16 2 650
16 3 260
16 4 613
16 5 165
16 6 348
16 7 821
17 1 22
17 2 52
17 3 21
17 4 50
17 5 14
17 6 28
17 7 66
18 1 110
18 2 260
18 3 104
18 4 246
18 5 66
18 6 139
18 7 329
19 1 218
19 2 515
19 3 206
19 4 486
19 5 131
19 6 276
19 7 651
20 1 94
20 2 222
20 3 89
20 4 210
20 5 57
20 6 119
20 7 281

# Energy Consumption
1 1 0
1 2 141
1 3 0
1 4 91
1 5 20
1 6 0
1 7 77
2 1 0
2 2 94
2 3 0
2 4 72
2 5 15
2 6 0
2 7 74
3 1 0
3 2 114
3 3 0
3 4 86
3 5 17
3 6 0
3 7 78
4 1 0
4 2 82
4 3 0
4 4 65
4 5 13
4 6 0
4 7 54
5 1 0
5 2 38
5 3 0
5 4 31
5 5 6
5 6 0
5 7 25
6 1 0
6 2 68
6 3 0
6 4 58
6 5 11
6 6 0
6 7 46
7 1 0
7 2 139
7 3 0
7 4 107
7 5 22
7 6 0
7 7 96
8 1 0
8 2 25
8 3 0
8 4 19
8 5 4
8 6 0
8 7 18
9 1 0
9 2 87
9 3 0
9 4 71
9 5 15
9 6 0
9 7 60
10 1 0
10 2 102
10 3 0
10 4 79
10 5 16
10 6 0
10 7 61
11 1 0
11 2 68
11 3 0
11 4 51
11 5 11
11 6 0
11 7 45
12 1 0
12 2 20
12 3 0
12 4 15
12 5 3
12 6 0
12 7 12
13 1 0
13 2 25
13 3 0
13 4 15
13 5 4
13 6 0
13 7 15
14 1 0
14 2 174
14 3 0
14 4 108
14 5 24
14 6 0
14 7 109
15 1 0
15 2 74
15 3 0
15 4 57
15 5 13
15 6 0
15 7 52
16 1 0
16 2 155
16 3 0
16 4 132
16 5 24
16 6 0
16 7 100
17 1 0
17 2 14
17 3 0
17 4 10
17 5 3
17 6 0
17 7 8
18 1 0
18 2 67
18 3 0
18 4 47
18 5 11
18 6 0
18 7 47
19 1 0
19 2 135
19 3 0
19 4 88
19 5 21
19 6 0
19 7 92
20 1 0
20 2 58
20 3 0
20 4 40
20 5 9
20 6 0
20 7 41

# Precedence Relations
1 9
2 3
2 4
2 5
3 9
4 7
4 8
5 6
6 9
7 9
8 10
8 11
8 12
9 13
9 14
9 15
9 16
9 17
13 20
14 18
15 19
16 18
16 19
17 19

# Parameters
R_e = 0.0500
T = 1000.0
C_s = 4.0
C_w = 36.0
C_c = 5.0
