# Tasks
1 2 3 4 5 6 7 8 9 10 11 12 13 14 15 16 17 18 19 20

# Workstations
1 2 3 4 5 6 7 8 9 10 11 12 13 14 15 16 17 18 19 20

# Modes
1 2 3 4 5 6 7

# Processing Times
1 1 374
1 2 352
1 3 340
1 4 320
1 5 134
1 6 402
1 7 379
2 1 318
2 2 299
2 3 289
2 4 272
2 5 114
2 6 342
2 7 322
3 1 153
3 2 144
3 3 139
3 4 131
3 5 55
3 6 165
3 7 155
4 1 182
4 2 171
4 3 166
4 4 156
4 5 65
4 6 196
4 7 184
5 1 168
5 2 158
5 3 153
5 4 144
5 5 60
5 6 181
5 7 170
6 1 313
6 2 295
6 3 285
6 4 268
6 5 112
6 6 337
6 7 318
7 1 159
7 2 150
7 3 145
7 4 137
7 5 57
7 6 171
7 7 162
8 1 166
8 2 156
8 3 151
8 4 142
8 5 60
8 6 179
8 7 168
9 1 55
9 2 52
9 3 50
9 4 48
9 5 20
9 6 60
9 7 56
10 1 242
10 2 228
10 3 220
10 4 207
10 5 87
10 6 261
10 7 246
11 1 76
11 2 72
11 3 69
11 4 66
11 5 28
11 6 82
11 7 78
12 1 177
12 2 167
12 3 161
12 4 152
12 5 63
12 6 191
12 7 180
13 1 166
13 2 156
13 3 151
13 4 142
13 5 60
13 6 179
13 7 168
14 1 119
14 2 112
14 3 109
14 4 102
14 5 43
14 6 128
14 7 121
15 1 150
15 2 141
15 3 137
15 4 128
15 5 54
15 6 162
15 7 152
16 1 303
16 2 285
16 3 276
16 4 259
16 5 108
16 6 326
16 7 307
17 1 138
17 2 130
17 3 126
17 4 118
17 5 50
17 6 149
17 7 140
18 1 52
18 2 49
18 3 48
18 4 45
18 5 19
18 6 56
18 7 53
19 1 48
19 2 46
19 3 44
19 4 42
19 5 18
19 6 52
19 7 50
20 1 146
20 2 138
20 3 133
20 4 126
20 5 52
20 6 157
20 7 149

# Energy Consumption
1 1 0
1 2 88
1 3 0
1 4 63
1 5 21
1 6 0
1 7 54
2 1 0
2 2 71
2 3 0
2 4 56
2 5 18
2 6 0
2 7 45
3 1 0
3 2 35
3 3 0
3 4 24
3 5 8
3 6 0
3 7 23
4 1 0
4 2 50
4 3 0
4 4 29
4 5 10
4 6 0
4 7 27
5 1 0
5 2 48
5 3 0
5 4 30
5 5 9
5 6 0
5 7 24
6 1 0
6 2 86
6 3 0
6 4 51
6 5 17
6 6 0
6 7 44
7 1 0
7 2 35
7 3 0
7 4 29
7 5 9
7 6 0
7 7 24
8 1 0
8 2 46
8 3 0
8 4 30
8 5 9
8 6 0
8 7 23
9 1 0
9 2 13
9 3 0
9 4 10
9 5 4
9 6 0
9 7 9
10 1 0
10 2 58
10 3 0
10 4 44
10 5 13
10 6 0
10 7 33
11 1 0
11 2 18
11 3 0
11 4 15
11 5 5
11 6 0
11 7 12
12 1 0
12 2 42
12 3 0
12 4 32
12 5 10
12 6 0
12 7 26
13 1 0
13 2 38
13 3 0
13 4 28
13 5 10
13 6 0
13 7 22
14 1 0
14 2 28
14 3 0
14 4 19
14 5 7
14 6 0
14 7 15
15 1 0
15 2 42
15 3 0
15 4 28
15 5 9
15 6 0
15 7 20
16 1 0
16 2 65
16 3 0
16 4 49
16 5 16
16 6 0
16 7 41
17 1 0
17 2 37
17 3 0
17 4 25
17 5 8
17 6 0
17 7 21
18 1 0
18 2 12
18 3 0
18 4 10
18 5 3
18 6 0
18 7 8
19 1 0
19 2 11
19 3 0
19 4 10
19 5 3
19 6 0
19 7 8
20 1 0
20 2 37
20 3 0
20 4 25
20 5 8
20 6 0
20 7 22

# Precedence Relations
1 11
2 4
2 5
2 6
3 4
3 6
3 7
4 11
5 8
5 9
5 10
6 20
7 12
7 13
7 18
8 11
9 11
10 12
10 13
11 14
11 15
11 16
11 17
11 18
13 19
15 19
15 20
17 19
17 20
18 19

# Parameters
R_e = 0.0500
T = 1000.0
C_s = 4.0
C_w = 36.0
C_c = 5.0
