# Tasks
1 2 3 4 5 6 7 8 9 10 11 12 13 14 15 16 17 18 19 20 21 22 23 24 25 26 27 28 29 30 31 32 33 34 35 36 37 38 39 40 41 42 43 44 45 46 47 48 49 50 51 52 53 54 55 56 57 58 59 60 61 62 63 64 65 66 67 68 69 70 71 72 73 74 75 76 77 78 79 80 81 82 83 84 85 86 87 88 89 90 91 92 93 94

# Workstations
1 2 3 4 5 6 7 8 9 10 11 12 13 14 15 16 17 18 19 20 21 22 23 24 25 26 27 28 29 30 31 32 33 34 35 36 37 38 39 40 41 42 43 44 45 46 47 48 49 50 51 52 53 54 55 56 57 58 59 60 61 62 63 64 65 66 67 68 69 70 71 72 73 74 75 76 77 78 79 80 81 82 83 84 85 86 87 88 89 90 91 92 93 94

# Modes
1 2 3 4 5 6 7

# Processing Times
1 1 158
1 2 393
1 3 144
1 4 357
1 5 106
1 6 201
1 7 499
2 1 42
2 2 102
2 3 39
2 4 94
2 5 26
2 6 59
2 7 144
3 1 17
3 2 40
3 3 15
3 4 35
3 5 10
3 6 22
3 7 51
4 1 24
4 2 54
4 3 21
4 4 47
4 5 14
4 6 31
4 7 68
5 1 71
5 2 141
5 3 68
5 4 134
5 5 44
5 6 95
5 7 189
6 1 66
6 2 145
6 3 62
6 4 137
6 5 38
6 6 96
6 7 210
7 1 50
7 2 112
7 3 46
7 4 101
7 5 29
7 6 71
7 7 158
8 1 55
8 2 105
8 3 51
8 4 98
8 5 32
8 6 78
8 7 149
9 1 30
9 2 56
9 3 26
9 4 49
9 5 21
9 6 44
9 7 82
10 1 28
10 2 56
10 3 27
10 4 53
10 5 19
10 6 38
10 7 76
11 1 113
11 2 239
11 3 107
11 4 225
11 5 79
11 6 164
11 7 346
12 1 114
12 2 211
12 3 103
12 4 189
12 5 66
12 6 152
12 7 281
13 1 57
13 2 115
13 3 53
13 4 106
13 5 32
13 6 74
13 7 148
14 1 65
14 2 135
14 3 56
14 4 116
14 5 41
14 6 82
14 7 171
15 1 15
15 2 38
15 3 15
15 4 36
15 5 11
15 6 21
15 7 53
16 1 11
16 2 21
16 3 11
16 4 20
16 5 8
16 6 14
16 7 27
17 1 10
17 2 19
17 3 9
17 4 17
17 5 6
17 6 14
17 7 26
18 1 19
18 2 47
18 3 18
18 4 44
18 5 13
18 6 27
18 7 67
19 1 8
19 2 15
19 3 8
19 4 15
19 5 6
19 6 11
19 7 21
20 1 17
20 2 38
20 3 16
20 4 36
20 5 12
20 6 22
20 7 49
21 1 57
21 2 128
21 3 53
21 4 119
21 5 38
21 6 72
21 7 161
22 1 40
22 2 96
22 3 35
22 4 84
22 5 26
22 6 53
22 7 127
23 1 17
23 2 38
23 3 16
23 4 35
23 5 12
23 6 24
23 7 53
24 1 11
24 2 28
24 3 10
24 4 25
24 5 7
24 6 15
24 7 36
25 1 17
25 2 31
25 3 16
25 4 29
25 5 10
25 6 22
25 7 40
26 1 27
26 2 60
26 3 25
26 4 55
26 5 19
26 6 37
26 7 82
27 1 17
27 2 39
27 3 15
27 4 34
27 5 10
27 6 22
27 7 49
28 1 18
28 2 40
28 3 17
28 4 37
28 5 12
28 6 27
28 7 58
29 1 16
29 2 35
29 3 15
29 4 32
29 5 11
29 6 22
29 7 47
30 1 18
30 2 39
30 3 16
30 4 34
30 5 11
30 6 23
30 7 50
31 1 50
31 2 101
31 3 45
31 4 91
31 5 30
31 6 65
31 7 130
32 1 18
32 2 38
32 3 16
32 4 34
32 5 11
32 6 25
32 7 52
33 1 13
33 2 28
33 3 12
33 4 24
33 5 9
33 6 18
33 7 38
34 1 21
34 2 52
34 3 19
34 4 47
34 5 14
34 6 30
34 7 74
35 1 63
35 2 141
35 3 56
35 4 125
35 5 40
35 6 80
35 7 179
36 1 8
36 2 17
36 3 8
36 4 17
36 5 5
36 6 12
36 7 24
37 1 63
37 2 135
37 3 58
37 4 123
37 5 39
37 6 90
37 7 193
38 1 9
38 2 23
38 3 9
38 4 21
38 5 7
38 6 12
38 7 30
39 1 20
39 2 46
39 3 19
39 4 44
39 5 14
39 6 28
39 7 64
40 1 72
40 2 161
40 3 67
40 4 149
40 5 42
40 6 97
40 7 216
41 1 30
41 2 56
41 3 29
41 4 53
41 5 18
41 6 44
41 7 82
42 1 69
42 2 126
42 3 61
42 4 111
42 5 46
42 6 91
42 7 166
43 1 27
43 2 60
43 3 24
43 4 53
43 5 16
43 6 39
43 7 85
44 1 9
44 2 22
44 3 9
44 4 21
44 5 6
44 6 12
44 7 29
45 1 41
45 2 90
45 3 38
45 4 82
45 5 28
45 6 58
45 7 127
46 1 38
46 2 84
46 3 35
46 4 77
46 5 22
46 6 50
46 7 109
47 1 76
47 2 165
47 3 68
47 4 147
47 5 42
47 6 105
47 7 228
48 1 31
48 2 78
48 3 28
48 4 69
48 5 18
48 6 43
48 7 107
49 1 11
49 2 28
49 3 10
49 4 26
49 5 7
49 6 16
49 7 41
50 1 29
50 2 64
50 3 27
50 4 58
50 5 19
50 6 42
50 7 92
51 1 48
51 2 117
51 3 45
51 4 109
51 5 33
51 6 66
51 7 160
52 1 8
52 2 20
52 3 8
52 4 19
52 5 5
52 6 12
52 7 29
53 1 171
53 2 368
53 3 159
53 4 341
53 5 97
53 6 239
53 7 514
54 1 48
54 2 87
54 3 44
54 4 80
54 5 27
54 6 69
54 7 124
55 1 43
55 2 92
55 3 40
55 4 85
55 5 28
55 6 57
55 7 120
56 1 18
56 2 45
56 3 16
56 4 39
56 5 11
56 6 24
56 7 58
57 1 94
57 2 186
57 3 85
57 4 168
57 5 64
57 6 132
57 7 260
58 1 9
58 2 19
58 3 9
58 4 18
58 5 6
58 6 13
58 7 27
59 1 19
59 2 44
59 3 18
59 4 40
59 5 13
59 6 25
59 7 56
60 1 24
60 2 53
60 3 23
60 4 50
60 5 14
60 6 34
60 7 74
61 1 8
61 2 20
61 3 7
61 4 18
61 5 5
61 6 11
61 7 26
62 1 34
62 2 83
62 3 31
62 4 74
62 5 20
62 6 43
62 7 105
63 1 62
63 2 124
63 3 54
63 4 108
63 5 38
63 6 86
63 7 171
64 1 12
64 2 30
64 3 11
64 4 28
64 5 8
64 6 16
64 7 40
65 1 8
65 2 18
65 3 8
65 4 17
65 5 5
65 6 12
65 7 25
66 1 47
66 2 112
66 3 42
66 4 99
66 5 32
66 6 66
66 7 156
67 1 27
67 2 53
67 3 26
67 4 51
67 5 17
67 6 36
67 7 70
68 1 18
68 2 38
68 3 17
68 4 34
68 5 13
68 6 24
68 7 50
69 1 52
69 2 99
69 3 47
69 4 90
69 5 36
69 6 76
69 7 143
70 1 65
70 2 148
70 3 62
70 4 140
70 5 38
70 6 86
70 7 195
71 1 72
71 2 171
71 3 65
71 4 155
71 5 48
71 6 93
71 7 220
72 1 51
72 2 126
72 3 49
72 4 120
72 5 31
72 6 74
72 7 182
73 1 58
73 2 118
73 3 55
73 4 112
73 5 40
73 6 78
73 7 157
74 1 53
74 2 120
74 3 49
74 4 110
74 5 30
74 6 68
74 7 152
75 1 76
75 2 155
75 3 68
75 4 139
75 5 45
75 6 105
75 7 214
76 1 93
76 2 169
76 3 80
76 4 145
76 5 55
76 6 118
76 7 213
77 1 86
77 2 215
77 3 80
77 4 200
77 5 56
77 6 125
77 7 312
78 1 76
78 2 155
78 3 66
78 4 133
78 5 45
78 6 109
78 7 222
79 1 9
79 2 21
79 3 8
79 4 19
79 5 7
79 6 13
79 7 29
80 1 14
80 2 31
80 3 14
80 4 30
80 5 10
80 6 20
80 7 44
81 1 55
81 2 109
81 3 48
81 4 95
81 5 38
81 6 73
81 7 145
82 1 32
82 2 79
82 3 29
82 4 70
82 5 22
82 6 44
82 7 109
83 1 22
83 2 45
83 3 20
83 4 40
83 5 14
83 6 28
83 7 57
84 1 35
84 2 66
84 3 32
84 4 60
84 5 23
84 6 49
84 7 91
85 1 63
85 2 127
85 3 58
85 4 116
85 5 43
85 6 86
85 7 174
86 1 59
86 2 140
86 3 53
86 4 124
86 5 41
86 6 83
86 7 197
87 1 149
87 2 365
87 3 128
87 4 313
87 5 94
87 6 194
87 7 474
88 1 40
88 2 94
88 3 38
88 4 89
88 5 23
88 6 58
88 7 136
89 1 24
89 2 46
89 3 22
89 4 42
89 5 15
89 6 32
89 7 60
90 1 123
90 2 303
90 3 108
90 4 266
90 5 81
90 6 158
90 7 388
91 1 25
91 2 50
91 3 24
91 4 47
91 5 15
91 6 36
91 7 72
92 1 115
92 2 275
92 3 109
92 4 261
92 5 64
92 6 145
92 7 347
93 1 103
93 2 223
93 3 90
93 4 194
93 5 70
93 6 143
93 7 308
94 1 54
94 2 107
94 3 48
94 4 95
94 5 31
94 6 74
94 7 146

# Energy Consumption
1 1 0
1 2 112
1 3 0
1 4 69
1 5 17
1 6 0
1 7 61
2 1 0
2 2 24
2 3 0
2 4 18
2 5 4
2 6 0
2 7 21
3 1 0
3 2 11
3 3 0
3 4 8
3 5 2
3 6 0
3 7 7
4 1 0
4 2 14
4 3 0
4 4 10
4 5 3
4 6 0
4 7 9
5 1 0
5 2 35
5 3 0
5 4 29
5 5 7
5 6 0
5 7 24
6 1 0
6 2 36
6 3 0
6 4 31
6 5 6
6 6 0
6 7 28
7 1 0
7 2 29
7 3 0
7 4 21
7 5 5
7 6 0
7 7 22
8 1 0
8 2 28
8 3 0
8 4 21
8 5 5
8 6 0
8 7 22
9 1 0
9 2 13
9 3 0
9 4 10
9 5 4
9 6 0
9 7 10
10 1 0
10 2 15
10 3 0
10 4 12
10 5 3
10 6 0
10 7 10
11 1 0
11 2 58
11 3 0
11 4 43
11 5 12
11 6 0
11 7 43
12 1 0
12 2 53
12 3 0
12 4 37
12 5 10
12 6 0
12 7 34
13 1 0
13 2 34
13 3 0
13 4 20
13 5 5
13 6 0
13 7 21
14 1 0
14 2 39
14 3 0
14 4 23
14 5 7
14 6 0
14 7 25
15 1 0
15 2 9
15 3 0
15 4 7
15 5 2
15 6 0
15 7 7
16 1 0
16 2 6
16 3 0
16 4 5
16 5 2
16 6 0
16 7 4
17 1 0
17 2 5
17 3 0
17 4 4
17 5 1
17 6 0
17 7 4
18 1 0
18 2 12
18 3 0
18 4 9
18 5 2
18 6 0
18 7 10
19 1 0
19 2 4
19 3 0
19 4 3
19 5 1
19 6 0
19 7 3
20 1 0
20 2 10
20 3 0
20 4 7
20 5 2
20 6 0
20 7 7
21 1 0
21 2 34
21 3 0
21 4 26
21 5 6
21 6 0
21 7 23
22 1 0
22 2 28
22 3 0
22 4 17
22 5 4
22 6 0
22 7 17
23 1 0
23 2 11
23 3 0
23 4 8
23 5 2
23 6 0
23 7 7
24 1 0
24 2 7
24 3 0
24 4 5
24 5 2
24 6 0
24 7 6
25 1 0
25 2 9
25 3 0
25 4 6
25 5 2
25 6 0
25 7 6
26 1 0
26 2 16
26 3 0
26 4 11
26 5 3
26 6 0
26 7 12
27 1 0
27 2 10
27 3 0
27 4 7
27 5 2
27 6 0
27 7 7
28 1 0
28 2 10
28 3 0
28 4 8
28 5 2
28 6 0
28 7 9
29 1 0
29 2 10
29 3 0
29 4 7
29 5 2
29 6 0
29 7 6
30 1 0
30 2 9
30 3 0
30 4 7
30 5 2
30 6 0
30 7 7
31 1 0
31 2 30
31 3 0
31 4 19
31 5 5
31 6 0
31 7 19
32 1 0
32 2 10
32 3 0
32 4 7
32 5 2
32 6 0
32 7 7
33 1 0
33 2 8
33 3 0
33 4 6
33 5 2
33 6 0
33 7 6
34 1 0
34 2 15
34 3 0
34 4 11
34 5 3
34 6 0
34 7 11
35 1 0
35 2 42
35 3 0
35 4 23
35 5 7
35 6 0
35 7 24
36 1 0
36 2 5
36 3 0
36 4 4
36 5 1
36 6 0
36 7 3
37 1 0
37 2 33
37 3 0
37 4 24
37 5 6
37 6 0
37 7 29
38 1 0
38 2 7
38 3 0
38 4 5
38 5 2
38 6 0
38 7 5
39 1 0
39 2 14
39 3 0
39 4 10
39 5 3
39 6 0
39 7 9
40 1 0
40 2 41
40 3 0
40 4 31
40 5 7
40 6 0
40 7 32
41 1 0
41 2 16
41 3 0
41 4 12
41 5 3
41 6 0
41 7 12
42 1 0
42 2 36
42 3 0
42 4 23
42 5 7
42 6 0
42 7 24
43 1 0
43 2 17
43 3 0
43 4 12
43 5 3
43 6 0
43 7 13
44 1 0
44 2 7
44 3 0
44 4 5
44 5 1
44 6 0
44 7 4
45 1 0
45 2 21
45 3 0
45 4 16
45 5 5
45 6 0
45 7 19
46 1 0
46 2 23
46 3 0
46 4 16
46 5 4
46 6 0
46 7 16
47 1 0
47 2 39
47 3 0
47 4 30
47 5 7
47 6 0
47 7 34
48 1 0
48 2 20
48 3 0
48 4 15
48 5 3
48 6 0
48 7 16
49 1 0
49 2 9
49 3 0
49 4 5
49 5 2
49 6 0
49 7 6
50 1 0
50 2 20
50 3 0
50 4 11
50 5 3
50 6 0
50 7 13
51 1 0
51 2 34
51 3 0
51 4 24
51 5 6
51 6 0
51 7 21
52 1 0
52 2 5
52 3 0
52 4 4
52 5 1
52 6 0
52 7 4
53 1 0
53 2 90
53 3 0
53 4 70
53 5 16
53 6 0
53 7 77
54 1 0
54 2 21
54 3 0
54 4 17
54 5 5
54 6 0
54 7 18
55 1 0
55 2 22
55 3 0
55 4 16
55 5 4
55 6 0
55 7 18
56 1 0
56 2 12
56 3 0
56 4 9
56 5 2
56 6 0
56 7 7
57 1 0
57 2 45
57 3 0
57 4 37
57 5 10
57 6 0
57 7 36
58 1 0
58 2 5
58 3 0
58 4 4
58 5 1
58 6 0
58 7 4
59 1 0
59 2 12
59 3 0
59 4 8
59 5 3
59 6 0
59 7 8
60 1 0
60 2 16
60 3 0
60 4 10
60 5 3
60 6 0
60 7 9
61 1 0
61 2 6
61 3 0
61 4 4
61 5 1
61 6 0
61 7 4
62 1 0
62 2 19
62 3 0
62 4 15
62 5 4
62 6 0
62 7 15
63 1 0
63 2 34
63 3 0
63 4 23
63 5 6
63 6 0
63 7 24
64 1 0
64 2 8
64 3 0
64 4 6
64 5 2
64 6 0
64 7 6
65 1 0
65 2 5
65 3 0
65 4 4
65 5 1
65 6 0
65 7 4
66 1 0
66 2 27
66 3 0
66 4 19
66 5 6
66 6 0
66 7 23
67 1 0
67 2 14
67 3 0
67 4 12
67 5 3
67 6 0
67 7 11
68 1 0
68 2 11
68 3 0
68 4 8
68 5 3
68 6 0
68 7 8
69 1 0
69 2 24
69 3 0
69 4 19
69 5 6
69 6 0
69 7 22
70 1 0
70 2 41
70 3 0
70 4 28
70 5 6
70 6 0
70 7 24
71 1 0
71 2 46
71 3 0
71 4 29
71 5 8
71 6 0
71 7 27
72 1 0
72 2 36
72 3 0
72 4 24
72 5 5
72 6 0
72 7 27
73 1 0
73 2 28
73 3 0
73 4 24
73 5 7
73 6 0
73 7 21
74 1 0
74 2 35
74 3 0
74 4 24
74 5 5
74 6 0
74 7 22
75 1 0
75 2 36
75 3 0
75 4 30
75 5 7
75 6 0
75 7 29
76 1 0
76 2 51
76 3 0
76 4 27
76 5 9
76 6 0
76 7 32
77 1 0
77 2 54
77 3 0
77 4 40
77 5 9
77 6 0
77 7 42
78 1 0
78 2 40
78 3 0
78 4 25
78 5 7
78 6 0
78 7 28
79 1 0
79 2 6
79 3 0
79 4 4
79 5 2
79 6 0
79 7 4
80 1 0
80 2 9
80 3 0
80 4 6
80 5 2
80 6 0
80 7 6
81 1 0
81 2 33
81 3 0
81 4 21
81 5 6
81 6 0
81 7 22
82 1 0
82 2 22
82 3 0
82 4 14
82 5 4
82 6 0
82 7 16
83 1 0
83 2 12
83 3 0
83 4 8
83 5 3
83 6 0
83 7 7
84 1 0
84 2 20
84 3 0
84 4 12
84 5 4
84 6 0
84 7 12
85 1 0
85 2 29
85 3 0
85 4 23
85 5 7
85 6 0
85 7 24
86 1 0
86 2 39
86 3 0
86 4 25
86 5 6
86 6 0
86 7 25
87 1 0
87 2 92
87 3 0
87 4 64
87 5 15
87 6 0
87 7 69
88 1 0
88 2 24
88 3 0
88 4 18
88 5 4
88 6 0
88 7 17
89 1 0
89 2 13
89 3 0
89 4 9
89 5 3
89 6 0
89 7 9
90 1 0
90 2 73
90 3 0
90 4 56
90 5 13
90 6 0
90 7 50
91 1 0
91 2 12
91 3 0
91 4 10
91 5 3
91 6 0
91 7 9
92 1 0
92 2 65
92 3 0
92 4 54
92 5 9
92 6 0
92 7 48
93 1 0
93 2 61
93 3 0
93 4 36
93 5 11
93 6 0
93 7 43
94 1 0
94 2 29
94 3 0
94 4 18
94 5 5
94 6 0
94 7 21

# Precedence Relations
1 2
1 3
1 4
1 5
1 6
1 7
1 8
1 9
1 10
2 11
2 17
3 12
4 11
4 16
5 11
5 13
5 18
5 16
6 11
6 15
6 13
6 19
7 42
8 29
9 11
10 19
10 37
10 48
10 50
11 14
12 20
12 61
12 52
13 82
14 25
14 23
14 30
14 31
14 24
14 32
14 22
14 21
14 26
14 28
14 27
14 29
15 81
16 75
17 82
18 75
19 75
20 78
21 71
21 60
21 53
21 39
21 40
21 41
22 38
22 72
22 49
22 58
23 34
23 35
24 37
24 44
25 57
25 63
25 33
25 73
25 60
25 65
25 56
26 41
26 43
27 62
27 58
27 54
27 55
27 56
28 33
28 35
28 40
28 43
28 49
28 51
28 52
28 54
29 75
30 59
30 42
30 36
31 74
32 36
32 47
32 44
32 60
32 45
32 69
32 46
32 48
32 50
33 78
34 78
35 78
36 82
37 61
37 73
37 64
37 66
37 67
37 68
37 69
37 70
37 71
37 72
37 62
38 82
39 82
40 78
41 78
42 74
43 78
44 75
45 75
46 75
46 76
47 75
48 75
49 78
50 75
51 78
52 78
53 76
53 77
54 78
55 77
56 77
57 76
57 77
58 77
59 82
60 77
61 77
62 77
63 77
64 74
65 74
66 75
66 76
67 74
68 82
69 77
69 75
70 77
70 76
71 76
72 76
73 77
74 82
75 82
76 82
77 78
78 79
78 80
79 81
80 81
81 82
82 83
83 84
83 85
84 86
85 86
86 87
87 88
88 89
88 90
89 92
90 91
90 93
92 94

# Parameters
R_e = 0.0500
T = 234.0
C_s = 4.0
C_w = 36.0
C_c = 5.0
