# Tasks
1 2 3 4 5 6 7 8 9 10 11 12 13 14 15 16 17 18 19 20 21 22 23 24 25 26 27 28 29 30 31 32 33 34 35 36 37 38 39 40 41 42 43 44 45 46 47 48 49 50

# Workstations
1 2 3 4 5 6 7 8 9 10 11 12 13 14 15 16 17 18 19 20 21 22 23 24 25 26 27 28 29 30 31 32 33 34 35 36 37 38 39 40 41 42 43 44 45 46 47 48 49 50

# Modes
1 2 3 4 5 6 7

# Processing Times
1 1 68
1 2 71
1 3 72
1 4 75
1 5 39
1 6 75
1 7 79
2 1 348
2 2 351
2 3 349
2 4 352
2 5 236
2 6 394
2 7 397
3 1 107
3 2 110
3 3 108
3 4 111
3 5 73
3 6 129
3 7 132
4 1 110
4 2 95
4 3 113
4 4 98
4 5 72
4 6 126
4 7 109
5 1 49
5 2 43
5 3 51
5 4 45
5 5 33
5 6 58
5 7 51
6 1 124
6 2 135
6 3 124
6 4 135
6 5 71
6 6 141
6 7 153
7 1 197
7 2 179
7 3 201
7 4 183
7 5 137
7 6 225
7 7 204
8 1 289
8 2 281
8 3 302
8 4 294
8 5 162
8 6 356
8 7 346
9 1 76
9 2 68
9 3 79
9 4 71
9 5 53
9 6 92
9 7 83
10 1 163
10 2 157
10 3 162
10 4 156
10 5 112
10 6 201
10 7 193
11 1 193
11 2 167
11 3 193
11 4 167
11 5 131
11 6 222
11 7 192
12 1 34
12 2 38
12 3 34
12 4 38
12 5 21
12 6 43
12 7 47
13 1 208
13 2 215
13 3 211
13 4 218
13 5 117
13 6 251
13 7 260
14 1 148
14 2 154
14 3 153
14 4 159
14 5 96
14 6 169
14 7 176
15 1 197
15 2 186
15 3 188
15 4 177
15 5 121
15 6 246
15 7 233
16 1 129
16 2 132
16 3 126
16 4 129
16 5 83
16 6 155
16 7 159
17 1 187
17 2 181
17 3 193
17 4 187
17 5 130
17 6 216
17 7 209
18 1 105
18 2 112
18 3 106
18 4 113
18 5 60
18 6 125
18 7 134
19 1 114
19 2 100
19 3 113
19 4 99
19 5 64
19 6 134
19 7 117
20 1 24
20 2 25
20 3 24
20 4 25
20 5 17
20 6 29
20 7 30
21 1 200
21 2 201
21 3 192
21 4 192
21 5 139
21 6 249
21 7 250
22 1 132
22 2 125
22 3 126
22 4 119
22 5 81
22 6 165
22 7 156
23 1 184
23 2 181
23 3 180
23 4 177
23 5 102
23 6 205
23 7 202
24 1 307
24 2 266
24 3 307
24 4 266
24 5 182
24 6 367
24 7 318
25 1 266
25 2 280
25 3 264
25 4 278
25 5 161
25 6 295
25 7 311
26 1 96
26 2 91
26 3 95
26 4 90
26 5 66
26 6 112
26 7 106
27 1 262
27 2 260
27 3 262
27 4 260
27 5 179
27 6 322
27 7 319
28 1 122
28 2 118
28 3 128
28 4 124
28 5 83
28 6 146
28 7 141
29 1 65
29 2 65
29 3 63
29 4 63
29 5 43
29 6 72
29 7 72
30 1 271
30 2 281
30 3 267
30 4 277
30 5 169
30 6 312
30 7 323
31 1 202
31 2 215
31 3 203
31 4 216
31 5 114
31 6 242
31 7 257
32 1 26
32 2 27
32 3 26
32 4 27
32 5 16
32 6 32
32 7 33
33 1 57
33 2 51
33 3 59
33 4 53
33 5 34
33 6 68
33 7 61
34 1 220
34 2 231
34 3 225
34 4 237
34 5 130
34 6 254
34 7 267
35 1 119
35 2 127
35 3 125
35 4 134
35 5 74
35 6 133
35 7 142
36 1 198
36 2 175
36 3 194
36 4 171
36 5 121
36 6 242
36 7 214
37 1 253
37 2 274
37 3 265
37 4 287
37 5 142
37 6 308
37 7 334
38 1 209
38 2 182
38 3 215
38 4 187
38 5 145
38 6 244
38 7 212
39 1 110
39 2 121
39 3 112
39 4 123
39 5 70
39 6 125
39 7 137
40 1 33
40 2 36
40 3 33
40 4 36
40 5 21
40 6 39
40 7 43
41 1 93
41 2 84
41 3 94
41 4 85
41 5 60
41 6 113
41 7 102
42 1 66
42 2 71
42 3 68
42 4 73
42 5 44
42 6 83
42 7 89
43 1 93
43 2 85
43 3 92
43 4 84
43 5 62
43 6 106
43 7 97
44 1 58
44 2 60
44 3 59
44 4 61
44 5 36
44 6 65
44 7 67
45 1 223
45 2 206
45 3 218
45 4 201
45 5 153
45 6 254
45 7 235
46 1 40
46 2 41
46 3 39
46 4 40
46 5 28
46 6 47
46 7 48
47 1 298
47 2 321
47 3 288
47 4 310
47 5 183
47 6 329
47 7 355
48 1 239
48 2 231
48 3 242
48 4 234
48 5 138
48 6 298
48 7 288
49 1 170
49 2 170
49 3 168
49 4 168
49 5 117
49 6 207
49 7 207
50 1 27
50 2 24
50 3 27
50 4 24
50 5 17
50 6 34
50 7 30

# Energy Consumption
1 1 0
1 2 19
1 3 0
1 4 15
1 5 7
1 6 0
1 7 10
2 1 0
2 2 85
2 3 0
2 4 77
2 5 36
2 6 0
2 7 49
3 1 0
3 2 29
3 3 0
3 4 24
3 5 11
3 6 0
3 7 20
4 1 0
4 2 28
4 3 0
4 4 19
4 5 11
4 6 0
4 7 16
5 1 0
5 2 11
5 3 0
5 4 9
5 5 5
5 6 0
5 7 7
6 1 0
6 2 33
6 3 0
6 4 27
6 5 11
6 6 0
6 7 19
7 1 0
7 2 40
7 3 0
7 4 35
7 5 21
7 6 0
7 7 26
8 1 0
8 2 83
8 3 0
8 4 61
8 5 26
8 6 0
8 7 51
9 1 0
9 2 19
9 3 0
9 4 16
9 5 9
9 6 0
9 7 12
10 1 0
10 2 44
10 3 0
10 4 32
10 5 17
10 6 0
10 7 25
11 1 0
11 2 44
11 3 0
11 4 32
11 5 20
11 6 0
11 7 27
12 1 0
12 2 10
12 3 0
12 4 8
12 5 4
12 6 0
12 7 7
13 1 0
13 2 62
13 3 0
13 4 47
13 5 18
13 6 0
13 7 35
14 1 0
14 2 46
14 3 0
14 4 32
14 5 15
14 6 0
14 7 27
15 1 0
15 2 56
15 3 0
15 4 34
15 5 18
15 6 0
15 7 34
16 1 0
16 2 34
16 3 0
16 4 28
16 5 13
16 6 0
16 7 23
17 1 0
17 2 48
17 3 0
17 4 39
17 5 19
17 6 0
17 7 27
18 1 0
18 2 31
18 3 0
18 4 22
18 5 10
18 6 0
18 7 20
19 1 0
19 2 23
19 3 0
19 4 20
19 5 10
19 6 0
19 7 17
20 1 0
20 2 7
20 3 0
20 4 6
20 5 3
20 6 0
20 7 4
21 1 0
21 2 58
21 3 0
21 4 36
21 5 21
21 6 0
21 7 36
22 1 0
22 2 34
22 3 0
22 4 24
22 5 13
22 6 0
22 7 23
23 1 0
23 2 48
23 3 0
23 4 34
23 5 17
23 6 0
23 7 27
24 1 0
24 2 71
24 3 0
24 4 58
24 5 28
24 6 0
24 7 43
25 1 0
25 2 74
25 3 0
25 4 52
25 5 24
25 6 0
25 7 39
26 1 0
26 2 28
26 3 0
26 4 18
26 5 10
26 6 0
26 7 15
27 1 0
27 2 66
27 3 0
27 4 49
27 5 27
27 6 0
27 7 40
28 1 0
28 2 35
28 3 0
28 4 26
28 5 13
28 6 0
28 7 21
29 1 0
29 2 17
29 3 0
29 4 14
29 5 7
29 6 0
29 7 10
30 1 0
30 2 81
30 3 0
30 4 54
30 5 27
30 6 0
30 7 45
31 1 0
31 2 51
31 3 0
31 4 44
31 5 17
31 6 0
31 7 38
32 1 0
32 2 7
32 3 0
32 4 6
32 5 3
32 6 0
32 7 5
33 1 0
33 2 14
33 3 0
33 4 11
33 5 6
33 6 0
33 7 8
34 1 0
34 2 53
34 3 0
34 4 53
34 5 21
34 6 0
34 7 35
35 1 0
35 2 29
35 3 0
35 4 25
35 5 12
35 6 0
35 7 18
36 1 0
36 2 39
36 3 0
36 4 33
36 5 19
36 6 0
36 7 32
37 1 0
37 2 72
37 3 0
37 4 60
37 5 21
37 6 0
37 7 41
38 1 0
38 2 49
38 3 0
38 4 40
38 5 22
38 6 0
38 7 27
39 1 0
39 2 32
39 3 0
39 4 24
39 5 11
39 6 0
39 7 19
40 1 0
40 2 9
40 3 0
40 4 7
40 5 4
40 6 0
40 7 6
41 1 0
41 2 22
41 3 0
41 4 19
41 5 10
41 6 0
41 7 14
42 1 0
42 2 18
42 3 0
42 4 14
42 5 7
42 6 0
42 7 13
43 1 0
43 2 21
43 3 0
43 4 18
43 5 10
43 6 0
43 7 14
44 1 0
44 2 15
44 3 0
44 4 12
44 5 6
44 6 0
44 7 9
45 1 0
45 2 62
45 3 0
45 4 44
45 5 23
45 6 0
45 7 34
46 1 0
46 2 10
46 3 0
46 4 8
46 5 5
46 6 0
46 7 6
47 1 0
47 2 78
47 3 0
47 4 61
47 5 27
47 6 0
47 7 49
48 1 0
48 2 60
48 3 0
48 4 50
48 5 21
48 6 0
48 7 44
49 1 0
49 2 46
49 3 0
49 4 34
49 5 19
49 6 0
49 7 29
50 1 0
50 2 7
50 3 0
50 4 5
50 5 3
50 6 0
50 7 4

# Precedence Relations
1 9
2 8
2 12
3 7
3 11
4 6
5 10
5 16
6 32
7 32
8 13
9 14
10 23
11 15
12 16
12 17
12 18
12 19
13 21
14 20
15 22
15 23
15 26
18 24
18 25
20 32
21 27
22 28
24 31
25 29
26 30
27 32
28 34
29 33
29 35
30 36
30 37
32 38
32 39
32 40
32 41
33 43
34 42
35 44
37 45
38 48
41 49
42 46
43 47
45 48
45 50

# Parameters
R_e = 0.0500
T = 1000.0
C_s = 4.0
C_w = 36.0
C_c = 5.0
