# Tasks
1 2 3 4 5 6 7 8 9 10 11 12 13 14 15 16 17 18 19 20

# Workstations
1 2 3 4 5 6 7 8 9 10 11 12 13 14 15 16 17 18 19 20

# Modes
1 2 3 4 5 6 7

# Processing Times
1 1 141
1 2 195
1 3 150
1 4 208
1 5 89
1 6 149
1 7 206
2 1 118
2 2 178
2 3 125
2 4 188
2 5 71
2 6 126
2 7 190
3 1 136
3 2 167
3 3 148
3 4 182
3 5 91
3 6 143
3 7 176
4 1 117
4 2 167
4 3 125
4 4 179
4 5 78
4 6 128
4 7 182
5 1 140
5 2 195
5 3 150
5 4 209
5 5 81
5 6 145
5 7 202
6 1 194
6 2 295
6 3 211
6 4 320
6 5 122
6 6 206
6 7 312
7 1 110
7 2 168
7 3 121
7 4 184
7 5 65
7 6 118
7 7 180
8 1 69
8 2 107
8 3 75
8 4 117
8 5 48
8 6 75
8 7 116
9 1 80
9 2 106
9 3 88
9 4 117
9 5 47
9 6 81
9 7 107
10 1 219
10 2 327
10 3 235
10 4 351
10 5 138
10 6 222
10 7 331
11 1 155
11 2 239
11 3 170
11 4 262
11 5 94
11 6 167
11 7 257
12 1 168
12 2 245
12 3 179
12 4 260
12 5 105
12 6 174
12 7 253
13 1 60
13 2 89
13 3 65
13 4 97
13 5 38
13 6 66
13 7 97
14 1 185
14 2 246
14 3 198
14 4 263
14 5 121
14 6 192
14 7 255
15 1 218
15 2 284
15 3 239
15 4 311
15 5 128
15 6 220
15 7 286
16 1 192
16 2 238
16 3 209
16 4 258
16 5 128
16 6 204
16 7 252
17 1 148
17 2 210
17 3 156
17 4 221
17 5 104
17 6 150
17 7 213
18 1 102
18 2 147
18 3 109
18 4 157
18 5 59
18 6 112
18 7 162
19 1 214
19 2 300
19 3 233
19 4 326
19 5 132
19 6 228
19 7 320
20 1 140
20 2 182
20 3 150
20 4 195
20 5 82
20 6 151
20 7 196

# Energy Consumption
1 1 0
1 2 47
1 3 0
1 4 43
1 5 14
1 6 0
1 7 30
2 1 0
2 2 45
2 3 0
2 4 38
2 5 11
2 6 0
2 7 27
3 1 0
3 2 47
3 3 0
3 4 36
3 5 15
3 6 0
3 7 24
4 1 0
4 2 42
4 3 0
4 4 40
4 5 11
4 6 0
4 7 27
5 1 0
5 2 48
5 3 0
5 4 44
5 5 13
5 6 0
5 7 28
6 1 0
6 2 66
6 3 0
6 4 68
6 5 19
6 6 0
6 7 43
7 1 0
7 2 38
7 3 0
7 4 40
7 5 10
7 6 0
7 7 26
8 1 0
8 2 28
8 3 0
8 4 25
8 5 8
8 6 0
8 7 17
9 1 0
9 2 29
9 3 0
9 4 25
9 5 8
9 6 0
9 7 17
10 1 0
10 2 94
10 3 0
10 4 73
10 5 21
10 6 0
10 7 47
11 1 0
11 2 53
11 3 0
11 4 49
11 5 15
11 6 0
11 7 37
12 1 0
12 2 63
12 3 0
12 4 57
12 5 15
12 6 0
12 7 35
13 1 0
13 2 22
13 3 0
13 4 20
13 5 6
13 6 0
13 7 14
14 1 0
14 2 73
14 3 0
14 4 54
14 5 19
14 6 0
14 7 34
15 1 0
15 2 73
15 3 0
15 4 58
15 5 20
15 6 0
15 7 35
16 1 0
16 2 68
16 3 0
16 4 55
16 5 20
16 6 0
16 7 33
17 1 0
17 2 57
17 3 0
17 4 49
17 5 17
17 6 0
17 7 27
18 1 0
18 2 36
18 3 0
18 4 32
18 5 10
18 6 0
18 7 21
19 1 0
19 2 83
19 3 0
19 4 67
19 5 21
19 6 0
19 7 48
20 1 0
20 2 47
20 3 0
20 4 43
20 5 13
20 6 0
20 7 25

# Precedence Relations
1 5
2 7
3 6
3 10
4 8
4 9
4 10
5 13
6 11
7 12
8 18
9 15
10 13
11 15
12 15
13 14
13 15
14 16
15 17
15 18
15 19
16 20
17 20
18 20
19 20

# Parameters
R_e = 0.0500
T = 1000.0
C_s = 4.0
C_w = 36.0
C_c = 5.0
