# Tasks
1 2 3 4 5 6 7 8 9 10 11 12 13 14 15 16 17 18 19 20

# Workstations
1 2 3 4 5 6 7 8 9 10 11 12 13 14 15 16 17 18 19 20

# Modes
1 2 3 4 5 6 7

# Processing Times
1 1 730
1 2 753
1 3 708
1 4 730
1 5 469
1 6 895
1 7 923
2 1 589
2 2 593
2 3 613
2 4 617
2 5 359
2 6 680
2 7 684
3 1 474
3 2 485
3 3 461
3 4 472
3 5 298
3 6 526
3 7 539
4 1 390
4 2 335
4 3 399
4 4 343
4 5 218
4 6 466
4 7 401
5 1 462
5 2 398
5 3 453
5 4 390
5 5 310
5 6 537
5 7 462
6 1 496
6 2 539
6 3 502
6 4 546
6 5 301
6 6 592
6 7 644
7 1 480
7 2 437
7 3 500
7 4 455
7 5 305
7 6 598
7 7 544
8 1 425
8 2 412
8 3 424
8 4 411
8 5 263
8 6 474
8 7 459
9 1 545
9 2 487
9 3 550
9 4 492
9 5 349
9 6 603
9 7 539
10 1 562
10 2 542
10 3 541
10 4 521
10 5 373
10 6 693
10 7 669
11 1 438
11 2 379
11 3 422
11 4 365
11 5 297
11 6 545
11 7 471
12 1 702
12 2 772
12 3 727
12 4 799
12 5 459
12 6 815
12 7 896
13 1 439
13 2 452
13 3 454
13 4 468
13 5 252
13 6 485
13 7 499
14 1 285
14 2 295
14 3 291
14 4 301
14 5 191
14 6 325
14 7 337
15 1 511
15 2 481
15 3 527
15 4 496
15 5 346
15 6 589
15 7 555
16 1 483
16 2 493
16 3 467
16 4 476
16 5 276
16 6 596
16 7 608
17 1 468
17 2 453
17 3 490
17 4 474
17 5 322
17 6 576
17 7 558
18 1 654
18 2 696
18 3 626
18 4 666
18 5 367
18 6 804
18 7 856
19 1 534
19 2 466
19 3 560
19 4 488
19 5 372
19 6 645
19 7 563
20 1 552
20 2 555
20 3 574
20 4 577
20 5 384
20 6 647
20 7 651

# Energy Consumption
1 1 0
1 2 198
1 3 0
1 4 140
1 5 74
1 6 0
1 7 113
2 1 0
2 2 143
2 3 0
2 4 135
2 5 54
2 6 0
2 7 85
3 1 0
3 2 126
3 3 0
3 4 99
3 5 45
3 6 0
3 7 80
4 1 0
4 2 99
4 3 0
4 4 66
4 5 33
4 6 0
4 7 56
5 1 0
5 2 93
5 3 0
5 4 77
5 5 47
5 6 0
5 7 60
6 1 0
6 2 130
6 3 0
6 4 109
6 5 47
6 6 0
6 7 80
7 1 0
7 2 98
7 3 0
7 4 85
7 5 45
7 6 0
7 7 69
8 1 0
8 2 122
8 3 0
8 4 85
8 5 42
8 6 0
8 7 68
9 1 0
9 2 132
9 3 0
9 4 108
9 5 56
9 6 0
9 7 72
10 1 0
10 2 151
10 3 0
10 4 107
10 5 57
10 6 0
10 7 86
11 1 0
11 2 99
11 3 0
11 4 69
11 5 44
11 6 0
11 7 66
12 1 0
12 2 203
12 3 0
12 4 165
12 5 74
12 6 0
12 7 117
13 1 0
13 2 130
13 3 0
13 4 100
13 5 37
13 6 0
13 7 67
14 1 0
14 2 88
14 3 0
14 4 60
14 5 29
14 6 0
14 7 51
15 1 0
15 2 143
15 3 0
15 4 94
15 5 52
15 6 0
15 7 81
16 1 0
16 2 125
16 3 0
16 4 102
16 5 42
16 6 0
16 7 87
17 1 0
17 2 119
17 3 0
17 4 98
17 5 47
17 6 0
17 7 72
18 1 0
18 2 187
18 3 0
18 4 130
18 5 59
18 6 0
18 7 123
19 1 0
19 2 105
19 3 0
19 4 98
19 5 56
19 6 0
19 7 79
20 1 0
20 2 152
20 3 0
20 4 117
20 5 60
20 6 0
20 7 81

# Precedence Relations
1 13
2 3
2 4
2 5
2 6
3 13
4 13
5 7
5 8
6 9
6 14
7 13
8 9
8 10
8 11
8 12
9 13
10 20
11 13
11 14
11 15
12 13
13 16
13 17
13 18
13 19
14 20

# Parameters
R_e = 0.0500
T = 1000.0
C_s = 4.0
C_w = 36.0
C_c = 5.0
