# Tasks
1 2 3 4 5 6 7 8 9 10 11 12 13 14 15 16 17 18 19 20 21 22 23 24 25 26 27 28 29 30 31 32 33 34 35 36 37 38 39 40 41 42 43 44 45 46 47 48 49 50 51 52 53

# Workstations
1 2 3 4 5 6 7 8 9 10 11 12 13 14 15 16 17 18 19 20 21 22 23 24 25 26 27 28 29 30 31 32 33 34 35 36 37 38 39 40 41 42 43 44 45 46 47 48 49 50 51 52 53

# Modes
1 2 3 4 5 6 7

# Processing Times
1 1 971
1 2 829
1 3 1067
1 4 911
1 5 911
1 6 1364
1 7 1165
2 1 142
2 2 122
2 3 157
2 4 135
2 5 134
2 6 200
2 7 172
3 1 142
3 2 122
3 3 157
3 4 135
3 5 134
3 6 200
3 7 172
4 1 142
4 2 122
4 3 157
4 4 135
4 5 134
4 6 200
4 7 172
5 1 103
5 2 88
5 3 114
5 4 97
5 5 97
5 6 145
5 7 124
6 1 96
6 2 82
6 3 106
6 4 91
6 5 90
6 6 135
6 7 116
7 1 99
7 2 85
7 3 109
7 4 94
7 5 93
7 6 140
7 7 120
8 1 1207
8 2 1030
8 3 1327
8 4 1132
8 5 1132
8 6 1695
8 7 1447
9 1 160
9 2 137
9 3 176
9 4 151
9 5 150
9 6 225
9 7 193
10 1 180
10 2 154
10 3 198
10 4 170
10 5 169
10 6 253
10 7 217
11 1 82
11 2 70
11 3 91
11 4 77
11 5 77
11 6 116
11 7 99
12 1 60
12 2 52
12 3 66
12 4 58
12 5 57
12 6 85
12 7 74
13 1 112
13 2 96
13 3 124
13 4 106
13 5 105
13 6 158
13 7 135
14 1 420
14 2 359
14 3 462
14 4 395
14 5 394
14 6 590
14 7 505
15 1 1556
15 2 1327
15 3 1710
15 4 1459
15 5 1459
15 6 2186
15 7 1864
16 1 236
16 2 202
16 3 260
16 4 222
16 5 222
16 6 332
16 7 284
17 1 259
17 2 221
17 3 285
17 4 243
17 5 243
17 6 364
17 7 311
18 1 125
18 2 107
18 3 138
18 4 118
18 5 118
18 6 176
18 7 151
19 1 601
19 2 513
19 3 661
19 4 564
19 5 564
19 6 844
19 7 721
20 1 80
20 2 69
20 3 88
20 4 76
20 5 75
20 6 113
20 7 97
21 1 80
21 2 69
21 3 88
21 4 76
21 5 75
21 6 113
21 7 97
22 1 70
22 2 60
22 3 77
22 4 66
22 5 66
22 6 99
22 7 85
23 1 89
23 2 76
23 3 98
23 4 84
23 5 84
23 6 125
23 7 107
24 1 89
24 2 76
24 3 98
24 4 84
24 5 84
24 6 125
24 7 107
25 1 105
25 2 90
25 3 116
25 4 99
25 5 99
25 6 148
25 7 127
26 1 330
26 2 282
26 3 363
26 4 310
26 5 310
26 6 464
26 7 397
27 1 132
27 2 113
27 3 146
27 4 125
27 5 124
27 6 186
27 7 159
28 1 69
28 2 59
28 3 76
28 4 65
28 5 65
28 6 97
28 7 83
29 1 99
29 2 85
29 3 109
29 4 94
29 5 93
29 6 140
29 7 120
30 1 70
30 2 60
30 3 77
30 4 66
30 5 66
30 6 99
30 7 85
31 1 70
31 2 60
31 3 77
31 4 66
31 5 66
31 6 99
31 7 85
32 1 158
32 2 135
32 3 174
32 4 149
32 5 149
32 6 222
32 7 190
33 1 191
33 2 163
33 3 210
33 4 180
33 5 180
33 6 269
33 7 229
34 1 70
34 2 60
34 3 77
34 4 66
34 5 66
34 6 99
34 7 85
35 1 53
35 2 46
35 3 59
35 4 51
35 5 50
35 6 75
35 7 65
36 1 50
36 2 43
36 3 55
36 4 48
36 5 47
36 6 71
36 7 61
37 1 125
37 2 107
37 3 138
37 4 118
37 5 118
37 6 176
37 7 151
38 1 353
38 2 302
38 3 388
38 4 332
38 5 331
38 6 496
38 7 425
39 1 70
39 2 60
39 3 77
39 4 66
39 5 66
39 6 99
39 7 85
40 1 128
40 2 110
40 3 141
40 4 121
40 5 120
40 6 180
40 7 155
41 1 65
41 2 56
41 3 72
41 4 62
41 5 61
41 6 92
41 7 79
42 1 1775
42 2 1514
42 3 1951
42 4 1664
42 5 1664
42 6 2493
42 7 2127
43 1 91
43 2 78
43 3 100
43 4 86
43 5 86
43 6 128
43 7 110
44 1 91
44 2 78
44 3 100
44 4 86
44 5 86
44 6 128
44 7 110
45 1 113
45 2 97
45 3 125
45 4 107
45 5 106
45 6 159
45 7 137
46 1 487
46 2 416
46 3 536
46 4 458
46 5 457
46 6 684
46 7 585
47 1 138
47 2 118
47 3 152
47 4 130
47 5 130
47 6 194
47 7 166
48 1 80
48 2 69
48 3 88
48 4 76
48 5 75
48 6 113
48 7 97
49 1 80
49 2 69
49 3 88
49 4 76
49 5 75
49 6 113
49 7 97
50 1 65
50 2 56
50 3 72
50 4 62
50 5 61
50 6 92
50 7 79
51 1 40
51 2 35
51 3 44
51 4 39
51 5 38
51 6 57
51 7 50
52 1 742
52 2 633
52 3 816
52 4 696
52 5 696
52 6 1042
52 7 889
53 1 1085
53 2 926
53 3 1193
53 4 1018
53 5 1017
53 6 1524
53 7 1301

# Energy Consumption
1 1 0
1 2 184
1 3 0
1 4 198
1 5 146
1 6 0
1 7 167
2 1 0
2 2 33
2 3 0
2 4 30
2 5 21
2 6 0
2 7 25
3 1 0
3 2 27
3 3 0
3 4 27
3 5 20
3 6 0
3 7 22
4 1 0
4 2 37
4 3 0
4 4 26
4 5 20
4 6 0
4 7 23
5 1 0
5 2 23
5 3 0
5 4 20
5 5 16
5 6 0
5 7 17
6 1 0
6 2 20
6 3 0
6 4 17
6 5 15
6 6 0
6 7 16
7 1 0
7 2 25
7 3 0
7 4 19
7 5 15
7 6 0
7 7 18
8 1 0
8 2 265
8 3 0
8 4 233
8 5 178
8 6 0
8 7 184
9 1 0
9 2 37
9 3 0
9 4 33
9 5 24
9 6 0
9 7 24
10 1 0
10 2 38
10 3 0
10 4 38
10 5 26
10 6 0
10 7 28
11 1 0
11 2 18
11 3 0
11 4 15
11 5 11
11 6 0
11 7 14
12 1 0
12 2 12
12 3 0
12 4 13
12 5 9
12 6 0
12 7 10
13 1 0
13 2 26
13 3 0
13 4 20
13 5 17
13 6 0
13 7 19
14 1 0
14 2 98
14 3 0
14 4 77
14 5 63
14 6 0
14 7 67
15 1 0
15 2 365
15 3 0
15 4 314
15 5 223
15 6 0
15 7 243
16 1 0
16 2 58
16 3 0
16 4 43
16 5 36
16 6 0
16 7 41
17 1 0
17 2 55
17 3 0
17 4 50
17 5 38
17 6 0
17 7 46
18 1 0
18 2 29
18 3 0
18 4 24
18 5 19
18 6 0
18 7 19
19 1 0
19 2 116
19 3 0
19 4 111
19 5 83
19 6 0
19 7 88
20 1 0
20 2 18
20 3 0
20 4 16
20 5 11
20 6 0
20 7 14
21 1 0
21 2 19
21 3 0
21 4 16
21 5 12
21 6 0
21 7 15
22 1 0
22 2 16
22 3 0
22 4 14
22 5 10
22 6 0
22 7 13
23 1 0
23 2 21
23 3 0
23 4 18
23 5 14
23 6 0
23 7 15
24 1 0
24 2 20
24 3 0
24 4 16
24 5 14
24 6 0
24 7 15
25 1 0
25 2 24
25 3 0
25 4 21
25 5 14
25 6 0
25 7 17
26 1 0
26 2 81
26 3 0
26 4 68
26 5 48
26 6 0
26 7 52
27 1 0
27 2 29
27 3 0
27 4 24
27 5 20
27 6 0
27 7 23
28 1 0
28 2 15
28 3 0
28 4 14
28 5 10
28 6 0
28 7 11
29 1 0
29 2 21
29 3 0
29 4 19
29 5 15
29 6 0
29 7 16
30 1 0
30 2 17
30 3 0
30 4 14
30 5 11
30 6 0
30 7 11
31 1 0
31 2 17
31 3 0
31 4 12
31 5 10
31 6 0
31 7 13
32 1 0
32 2 38
32 3 0
32 4 28
32 5 24
32 6 0
32 7 24
33 1 0
33 2 49
33 3 0
33 4 35
33 5 29
33 6 0
33 7 33
34 1 0
34 2 18
34 3 0
34 4 14
34 5 10
34 6 0
34 7 11
35 1 0
35 2 13
35 3 0
35 4 11
35 5 8
35 6 0
35 7 8
36 1 0
36 2 11
36 3 0
36 4 10
36 5 8
36 6 0
36 7 9
37 1 0
37 2 30
37 3 0
37 4 26
37 5 18
37 6 0
37 7 20
38 1 0
38 2 68
38 3 0
38 4 69
38 5 52
38 6 0
38 7 54
39 1 0
39 2 18
39 3 0
39 4 14
39 5 10
39 6 0
39 7 11
40 1 0
40 2 31
40 3 0
40 4 22
40 5 19
40 6 0
40 7 21
41 1 0
41 2 14
41 3 0
41 4 13
41 5 9
41 6 0
41 7 11
42 1 0
42 2 349
42 3 0
42 4 328
42 5 240
42 6 0
42 7 272
43 1 0
43 2 18
43 3 0
43 4 19
43 5 13
43 6 0
43 7 16
44 1 0
44 2 20
44 3 0
44 4 19
44 5 13
44 6 0
44 7 17
45 1 0
45 2 27
45 3 0
45 4 20
45 5 16
45 6 0
45 7 21
46 1 0
46 2 125
46 3 0
46 4 96
46 5 66
46 6 0
46 7 83
47 1 0
47 2 29
47 3 0
47 4 27
47 5 21
47 6 0
47 7 23
48 1 0
48 2 21
48 3 0
48 4 15
48 5 12
48 6 0
48 7 13
49 1 0
49 2 18
49 3 0
49 4 17
49 5 12
49 6 0
49 7 14
50 1 0
50 2 16
50 3 0
50 4 13
50 5 10
50 6 0
50 7 12
51 1 0
51 2 10
51 3 0
51 4 9
51 5 6
51 6 0
51 7 8
52 1 0
52 2 172
52 3 0
52 4 139
52 5 102
52 6 0
52 7 123
53 1 0
53 2 263
53 3 0
53 4 211
53 5 157
53 6 0
53 7 180

# Precedence Relations
1 2
1 3
1 4
1 5
1 6
1 7
2 36
3 36
4 9
5 9
6 9
7 9
8 9
9 10
10 11
11 12
12 13
12 14
12 15
13 16
13 17
13 18
14 22
15 16
15 17
16 29
16 30
16 31
17 19
18 42
19 20
19 21
19 22
20 23
21 24
22 25
23 36
24 36
25 26
26 27
27 28
28 29
28 30
28 31
28 32
28 33
28 34
29 35
30 35
31 35
32 35
33 35
34 35
35 36
36 37
37 38
37 39
37 40
38 41
39 41
40 41
41 42
42 43
42 44
42 45
42 46
42 47
43 48
44 49
45 51
45 52
46 50
47 51
47 52
48 51
48 52
49 51
49 52
50 51
50 52
51 53
52 53

# Parameters
R_e = 0.0500
T = 10000.0
C_s = 4.0
C_w = 36.0
C_c = 5.0
