# Tasks
1 2 3 4 5 6 7 8 9 10 11 12 13 14 15 16 17 18 19 20

# Workstations
1 2 3 4 5 6 7 8 9 10 11 12 13 14 15 16 17 18 19 20

# Modes
1 2 3 4 5 6 7

# Processing Times
1 1 730
1 2 1814
1 3 627
1 4 1558
1 5 471
1 6 1052
1 7 2613
2 1 589
2 2 1420
2 3 503
2 4 1212
2 5 398
2 6 844
2 7 2034
3 1 474
3 2 1106
3 3 430
3 4 1002
3 5 300
3 6 619
3 7 1443
4 1 390
4 2 871
4 3 365
4 4 815
4 5 273
4 6 562
4 7 1254
5 1 462
5 2 916
5 3 418
5 4 829
5 5 255
5 6 634
5 7 1256
6 1 496
6 2 1087
6 3 451
6 4 988
6 5 315
6 6 702
6 7 1537
7 1 480
7 2 1074
7 3 433
7 4 968
7 5 311
7 6 619
7 7 1385
8 1 425
8 2 812
8 3 404
8 4 772
8 5 268
8 6 565
8 7 1078
9 1 545
9 2 1011
9 3 516
9 4 956
9 5 344
9 6 698
9 7 1294
10 1 562
10 2 1124
10 3 509
10 4 1017
10 5 353
10 6 779
10 7 1558
11 1 438
11 2 925
11 3 412
11 4 870
11 5 260
11 6 620
11 7 1308
12 1 702
12 2 1297
12 3 664
12 4 1227
12 5 426
12 6 1012
12 7 1870
13 1 439
13 2 885
13 3 396
13 4 797
13 5 272
13 6 578
13 7 1164
14 1 285
14 2 591
14 3 243
14 4 504
14 5 196
14 6 394
14 7 817
15 1 511
15 2 1272
15 3 459
15 4 1141
15 5 329
15 6 674
15 7 1677
16 1 483
16 2 920
16 3 456
16 4 868
16 5 296
16 6 606
16 7 1154
17 1 468
17 2 846
17 3 410
17 4 741
17 5 291
17 6 678
17 7 1225
18 1 654
18 2 1613
18 3 579
18 4 1427
18 5 454
18 6 861
18 7 2122
19 1 534
19 2 965
19 3 493
19 4 890
19 5 349
19 6 736
19 7 1329
20 1 552
20 2 1231
20 3 500
20 4 1113
20 5 354
20 6 756
20 7 1685

# Energy Consumption
1 1 0
1 2 516
1 3 0
1 4 301
1 5 75
1 6 0
1 7 319
2 1 0
2 2 331
2 3 0
2 4 230
2 5 59
2 6 0
2 7 295
3 1 0
3 2 278
3 3 0
3 4 202
3 5 43
3 6 0
3 7 198
4 1 0
4 2 214
4 3 0
4 4 167
4 5 41
4 6 0
4 7 159
5 1 0
5 2 222
5 3 0
5 4 174
5 5 37
5 6 0
5 7 160
6 1 0
6 2 264
6 3 0
6 4 217
6 5 48
6 6 0
6 7 200
7 1 0
7 2 272
7 3 0
7 4 199
7 5 48
7 6 0
7 7 192
8 1 0
8 2 213
8 3 0
8 4 164
8 5 39
8 6 0
8 7 157
9 1 0
9 2 225
9 3 0
9 4 184
9 5 53
9 6 0
9 7 157
10 1 0
10 2 289
10 3 0
10 4 214
10 5 54
10 6 0
10 7 191
11 1 0
11 2 222
11 3 0
11 4 165
11 5 37
11 6 0
11 7 163
12 1 0
12 2 323
12 3 0
12 4 237
12 5 63
12 6 0
12 7 226
13 1 0
13 2 259
13 3 0
13 4 150
13 5 42
13 6 0
13 7 163
14 1 0
14 2 171
14 3 0
14 4 96
14 5 31
14 6 0
14 7 117
15 1 0
15 2 294
15 3 0
15 4 217
15 5 51
15 6 0
15 7 215
16 1 0
16 2 220
16 3 0
16 4 187
16 5 43
16 6 0
16 7 140
17 1 0
17 2 223
17 3 0
17 4 143
17 5 43
17 6 0
17 7 148
18 1 0
18 2 412
18 3 0
18 4 268
18 5 70
18 6 0
18 7 301
19 1 0
19 2 253
19 3 0
19 4 161
19 5 56
19 6 0
19 7 187
20 1 0
20 2 317
20 3 0
20 4 208
20 5 50
20 6 0
20 7 241

# Precedence Relations
1 13
2 3
2 4
2 5
2 6
3 13
4 13
5 7
5 8
6 9
6 14
7 13
8 9
8 10
8 11
8 12
9 13
10 20
11 13
11 14
11 15
12 13
13 16
13 17
13 18
13 19
14 20

# Parameters
R_e = 0.0500
T = 2743.65
C_s = 4.0
C_w = 36.0
C_c = 5.0
