# Tasks
1 2 3 4 5 6 7 8 9 10 11 12 13 14 15 16 17 18 19 20

# Workstations
1 2 3 4 5 6 7 8 9 10 11 12 13 14 15 16 17 18 19 20

# Modes
1 2 3 4 5 6 7

# Processing Times
1 1 22
1 2 55
1 3 19
1 4 48
1 5 15
1 6 32
1 7 80
2 1 128
2 2 309
2 3 110
2 4 264
2 5 87
2 6 184
2 7 443
3 1 104
3 2 243
3 3 95
3 4 221
3 5 66
3 6 136
3 7 317
4 1 54
4 2 121
4 3 51
4 4 114
4 5 38
4 6 78
4 7 175
5 1 133
5 2 264
5 3 121
5 4 239
5 5 74
5 6 183
5 7 362
6 1 78
6 2 171
6 3 71
6 4 156
6 5 50
6 6 111
6 7 242
7 1 89
7 2 200
7 3 81
7 4 181
7 5 58
7 6 115
7 7 258
8 1 252
8 2 481
8 3 240
8 4 457
8 5 159
8 6 335
8 7 639
9 1 274
9 2 508
9 3 259
9 4 481
9 5 173
9 6 351
9 7 650
10 1 134
10 2 268
10 3 122
10 4 243
10 5 85
10 6 186
10 7 372
11 1 212
11 2 448
11 3 200
11 4 422
11 5 126
11 6 300
11 7 634
12 1 95
12 2 176
12 3 90
12 4 167
12 5 58
12 6 137
12 7 254
13 1 288
13 2 581
13 3 260
13 4 523
13 5 179
13 6 379
13 7 765
14 1 225
14 2 467
14 3 192
14 4 398
14 5 155
14 6 311
14 7 646
15 1 146
15 2 364
15 3 131
15 4 327
15 5 94
15 6 193
15 7 480
16 1 82
16 2 157
16 3 78
16 4 149
16 5 51
16 6 103
16 7 197
17 1 110
17 2 199
17 3 97
17 4 175
17 5 69
17 6 160
17 7 288
18 1 198
18 2 489
18 3 176
18 4 433
18 5 138
18 6 261
18 7 644
19 1 125
19 2 226
19 3 116
19 4 209
19 5 82
19 6 173
19 7 312
20 1 26
20 2 58
20 3 24
20 4 53
20 5 17
20 6 36
20 7 80

# Energy Consumption
1 1 0
1 2 16
1 3 0
1 4 10
1 5 3
1 6 0
1 7 10
2 1 0
2 2 72
2 3 0
2 4 50
2 5 13
2 6 0
2 7 65
3 1 0
3 2 61
3 3 0
3 4 45
3 5 10
3 6 0
3 7 44
4 1 0
4 2 30
4 3 0
4 4 24
4 5 6
4 6 0
4 7 23
5 1 0
5 2 64
5 3 0
5 4 50
5 5 11
5 6 0
5 7 46
6 1 0
6 2 42
6 3 0
6 4 35
6 5 8
6 6 0
6 7 32
7 1 0
7 2 51
7 3 0
7 4 38
7 5 9
7 6 0
7 7 36
8 1 0
8 2 126
8 3 0
8 4 97
8 5 23
8 6 0
8 7 93
9 1 0
9 2 113
9 3 0
9 4 93
9 5 27
9 6 0
9 7 79
10 1 0
10 2 69
10 3 0
10 4 51
10 5 13
10 6 0
10 7 46
11 1 0
11 2 108
11 3 0
11 4 80
11 5 18
11 6 0
11 7 79
12 1 0
12 2 44
12 3 0
12 4 33
12 5 9
12 6 0
12 7 31
13 1 0
13 2 171
13 3 0
13 4 99
13 5 28
13 6 0
13 7 107
14 1 0
14 2 135
14 3 0
14 4 76
14 5 25
14 6 0
14 7 93
15 1 0
15 2 84
15 3 0
15 4 63
15 5 15
15 6 0
15 7 62
16 1 0
16 2 38
16 3 0
16 4 33
16 5 8
16 6 0
16 7 24
17 1 0
17 2 53
17 3 0
17 4 34
17 5 11
17 6 0
17 7 35
18 1 0
18 2 125
18 3 0
18 4 82
18 5 22
18 6 0
18 7 92
19 1 0
19 2 60
19 3 0
19 4 38
19 5 14
19 6 0
19 7 44
20 1 0
20 2 15
20 3 0
20 4 10
20 5 3
20 6 0
20 7 12

# Precedence Relations
1 2
1 3
1 4
2 5
2 6
3 5
3 6
4 7
5 7
5 8
6 7
6 8
6 9
7 10
7 11
8 10
9 11
10 12
10 13
11 12
11 14
12 15
12 16
13 14
13 15
14 17
14 18
15 18
17 19
17 20

# Parameters
R_e = 0.0500
T = 1000.0
C_s = 4.0
C_w = 36.0
C_c = 5.0
