# Tasks
1 2 3 4 5 6 7 8 9 10 11 12 13 14 15 16 17 18 19 20

# Workstations
1 2 3 4 5 6 7 8 9 10 11 12 13 14 15 16 17 18 19 20

# Modes
1 2 3 4 5 6 7

# Processing Times
1 1 27
1 2 36
1 3 30
1 4 40
1 5 18
1 6 30
1 7 39
2 1 123
2 2 160
2 3 134
2 4 174
2 5 80
2 6 133
2 7 173
3 1 188
3 2 244
3 3 205
3 4 266
3 5 122
3 6 203
3 7 263
4 1 152
4 2 198
4 3 166
4 4 216
4 5 99
4 6 164
4 7 214
5 1 210
5 2 273
5 3 229
5 4 297
5 5 136
5 6 227
5 7 295
6 1 206
6 2 268
6 3 224
6 4 292
6 5 134
6 6 222
6 7 289
7 1 234
7 2 304
7 3 255
7 4 331
7 5 152
7 6 253
7 7 328
8 1 178
8 2 231
8 3 194
8 4 251
8 5 116
8 6 192
8 7 249
9 1 82
9 2 107
9 3 90
9 4 117
9 5 54
9 6 89
9 7 116
10 1 126
10 2 164
10 3 137
10 4 179
10 5 82
10 6 136
10 7 177
11 1 93
11 2 121
11 3 102
11 4 132
11 5 61
11 6 101
11 7 131
12 1 135
12 2 176
12 3 147
12 4 192
12 5 88
12 6 146
12 7 190
13 1 159
13 2 207
13 3 173
13 4 225
13 5 103
13 6 172
13 7 223
14 1 177
14 2 230
14 3 193
14 4 250
14 5 115
14 6 191
14 7 248
15 1 196
15 2 255
15 3 213
15 4 277
15 5 127
15 6 212
15 7 275
16 1 165
16 2 215
16 3 180
16 4 234
16 5 107
16 6 178
16 7 232
17 1 104
17 2 135
17 3 113
17 4 147
17 5 68
17 6 113
17 7 146
18 1 157
18 2 204
18 3 171
18 4 222
18 5 102
18 6 170
18 7 220
19 1 87
19 2 113
19 3 95
19 4 123
19 5 57
19 6 94
19 7 122
20 1 140
20 2 182
20 3 153
20 4 198
20 5 91
20 6 151
20 7 197

# Energy Consumption
1 1 0
1 2 9
1 3 0
1 4 9
1 5 3
1 6 0
1 7 6
2 1 0
2 2 41
2 3 0
2 4 35
2 5 12
2 6 0
2 7 25
3 1 0
3 2 68
3 3 0
3 4 52
3 5 20
3 6 0
3 7 36
4 1 0
4 2 50
4 3 0
4 4 48
4 5 14
4 6 0
4 7 31
5 1 0
5 2 67
5 3 0
5 4 63
5 5 22
5 6 0
5 7 41
6 1 0
6 2 60
6 3 0
6 4 62
6 5 21
6 6 0
6 7 40
7 1 0
7 2 68
7 3 0
7 4 72
7 5 22
7 6 0
7 7 47
8 1 0
8 2 59
8 3 0
8 4 53
8 5 18
8 6 0
8 7 35
9 1 0
9 2 29
9 3 0
9 4 25
9 5 9
9 6 0
9 7 18
10 1 0
10 2 47
10 3 0
10 4 37
10 5 13
10 6 0
10 7 25
11 1 0
11 2 27
11 3 0
11 4 25
11 5 10
11 6 0
11 7 19
12 1 0
12 2 45
12 3 0
12 4 42
12 5 13
12 6 0
12 7 27
13 1 0
13 2 50
13 3 0
13 4 45
13 5 16
13 6 0
13 7 31
14 1 0
14 2 69
14 3 0
14 4 51
14 5 18
14 6 0
14 7 33
15 1 0
15 2 66
15 3 0
15 4 52
15 5 20
15 6 0
15 7 34
16 1 0
16 2 61
16 3 0
16 4 50
16 5 17
16 6 0
16 7 30
17 1 0
17 2 37
17 3 0
17 4 33
17 5 11
17 6 0
17 7 19
18 1 0
18 2 50
18 3 0
18 4 45
18 5 16
18 6 0
18 7 28
19 1 0
19 2 32
19 3 0
19 4 26
19 5 9
19 6 0
19 7 19
20 1 0
20 2 47
20 3 0
20 4 44
20 5 15
20 6 0
20 7 25

# Precedence Relations
1 9
2 9
3 9
4 7
5 6
5 8
6 9
7 9
8 10
8 11
9 12
9 13
9 14
9 15
10 17
12 17
13 16
16 19
16 20
17 18

# Parameters
R_e = 0.0500
T = 1000.0
C_s = 4.0
C_w = 36.0
C_c = 5.0
