# Tasks
1 2 3 4 5 6 7 8 9 10 11 12 13 14 15 16 17 18 19 20 21 22 23 24 25 26 27 28 29 30 31 32

# Workstations
1 2 3 4 5 6 7 8 9 10 11 12 13 14 15 16 17 18 19 20 21 22 23 24 25 26 27 28 29 30 31 32

# Modes
1 2 3 4 5 6 7

# Processing Times
1 1 458
1 2 633
1 3 489
1 4 676
1 5 286
1 6 466
1 7 644
2 1 276
2 2 416
2 3 298
2 4 449
2 5 180
2 6 279
2 7 421
3 1 520
3 2 637
3 3 565
3 4 692
3 5 305
3 6 534
3 7 654
4 1 1400
4 2 1996
4 3 1528
4 4 2178
4 5 932
4 6 1472
4 7 2099
5 1 352
5 2 490
5 3 371
5 4 517
5 5 247
5 6 382
5 7 532
6 1 196
6 2 298
6 3 207
6 4 315
6 5 113
6 6 204
6 7 310
7 1 214
7 2 326
7 3 233
7 4 355
7 5 132
7 6 216
7 7 329
8 1 456
8 2 702
8 3 487
8 4 749
8 5 266
8 6 498
8 7 767
9 1 646
9 2 851
9 3 706
9 4 930
9 5 380
9 6 707
9 7 931
10 1 512
10 2 764
10 3 547
10 4 816
10 5 284
10 6 543
10 7 809
11 1 408
11 2 628
11 3 430
11 4 662
11 5 268
11 6 433
11 7 666
12 1 262
12 2 381
12 3 283
12 4 411
12 5 158
12 6 263
12 7 382
13 1 544
13 2 801
13 3 575
13 4 846
13 5 330
13 6 564
13 7 831
14 1 202
14 2 269
14 3 222
14 4 296
14 5 132
14 6 211
14 7 281
15 1 458
15 2 596
15 3 496
15 4 645
15 5 313
15 6 463
15 7 603
16 1 694
16 2 859
16 3 754
16 4 933
16 5 454
16 6 713
16 7 882
17 1 616
17 2 872
17 3 676
17 4 957
17 5 431
17 6 639
17 7 904
18 1 678
18 2 976
18 3 720
18 4 1036
18 5 420
18 6 698
18 7 1005
19 1 328
19 2 459
19 3 359
19 4 503
19 5 223
19 6 355
19 7 496
20 1 324
20 2 421
20 3 346
20 4 449
20 5 188
20 6 334
20 7 434
21 1 100
21 2 141
21 3 106
21 4 150
21 5 64
21 6 107
21 7 151
22 1 352
22 2 465
22 3 383
22 4 506
22 5 212
22 6 373
22 7 493
23 1 544
23 2 825
23 3 581
23 4 882
23 5 372
23 6 592
23 7 898
24 1 500
24 2 753
24 3 529
24 4 797
24 5 326
24 6 537
24 7 809
25 1 382
25 2 486
25 3 407
25 4 518
25 5 211
25 6 418
25 7 532
26 1 858
26 2 1205
26 3 903
26 4 1267
26 5 511
26 6 903
26 7 1268
27 1 388
27 2 508
27 3 426
27 4 558
27 5 255
27 6 392
27 7 513
28 1 352
28 2 554
28 3 371
28 4 583
28 5 212
28 6 379
28 7 597
29 1 428
29 2 543
29 3 463
29 4 587
29 5 271
29 6 447
29 7 567
30 1 238
30 2 336
30 3 251
30 4 354
30 5 154
30 6 248
30 7 350
31 1 258
31 2 345
31 3 274
31 4 366
31 5 162
31 6 284
31 7 380
32 1 196
32 2 275
32 3 211
32 4 296
32 5 134
32 6 200
32 7 281

# Energy Consumption
1 1 0
1 2 152
1 3 0
1 4 140
1 5 45
1 6 0
1 7 93
2 1 0
2 2 105
2 3 0
2 4 89
2 5 27
2 6 0
2 7 60
3 1 0
3 2 178
3 3 0
3 4 135
3 5 48
3 6 0
3 7 89
4 1 0
4 2 497
4 3 0
4 4 479
4 5 131
4 6 0
4 7 302
5 1 0
5 2 119
5 3 0
5 4 109
5 5 39
5 6 0
5 7 73
6 1 0
6 2 66
6 3 0
6 4 67
6 5 18
6 6 0
6 7 43
7 1 0
7 2 73
7 3 0
7 4 77
7 5 20
7 6 0
7 7 47
8 1 0
8 2 179
8 3 0
8 4 157
8 5 40
8 6 0
8 7 108
9 1 0
9 2 226
9 3 0
9 4 199
9 5 61
9 6 0
9 7 140
10 1 0
10 2 219
10 3 0
10 4 169
10 5 43
10 6 0
10 7 114
11 1 0
11 2 140
11 3 0
11 4 122
11 5 41
11 6 0
11 7 96
12 1 0
12 2 97
12 3 0
12 4 90
12 5 23
12 6 0
12 7 53
13 1 0
13 2 193
13 3 0
13 4 170
13 5 49
13 6 0
13 7 114
14 1 0
14 2 80
14 3 0
14 4 61
14 5 21
14 6 0
14 7 38
15 1 0
15 2 153
15 3 0
15 4 119
15 5 48
15 6 0
15 7 74
16 1 0
16 2 243
16 3 0
16 4 199
16 5 70
16 6 0
16 7 113
17 1 0
17 2 236
17 3 0
17 4 210
17 5 67
17 6 0
17 7 115
18 1 0
18 2 237
18 3 0
18 4 207
18 5 65
18 6 0
18 7 125
19 1 0
19 2 127
19 3 0
19 4 103
19 5 35
19 6 0
19 7 74
20 1 0
20 2 108
20 3 0
20 4 99
20 5 29
20 6 0
20 7 55
21 1 0
21 2 32
21 3 0
21 4 32
21 5 10
21 6 0
21 7 22
22 1 0
22 2 114
22 3 0
22 4 107
22 5 32
22 6 0
22 7 71
23 1 0
23 2 216
23 3 0
23 4 175
23 5 53
23 6 0
23 7 132
24 1 0
24 2 175
24 3 0
24 4 163
24 5 50
24 6 0
24 7 116
25 1 0
25 2 125
25 3 0
25 4 98
25 5 31
25 6 0
25 7 68
26 1 0
26 2 348
26 3 0
26 4 237
26 5 78
26 6 0
26 7 160
27 1 0
27 2 143
27 3 0
27 4 121
27 5 37
27 6 0
27 7 63
28 1 0
28 2 122
28 3 0
28 4 106
28 5 33
28 6 0
28 7 80
29 1 0
29 2 142
29 3 0
29 4 126
29 5 42
29 6 0
29 7 84
30 1 0
30 2 90
30 3 0
30 4 77
30 5 23
30 6 0
30 7 44
31 1 0
31 2 85
31 3 0
31 4 71
31 5 26
31 6 0
31 7 56
32 1 0
32 2 70
32 3 0
32 4 62
32 5 21
32 6 0
32 7 38

# Precedence Relations
1 5
2 6
3 9
4 15
5 6
6 7
6 8
6 9
7 21
8 21
9 10
9 11
10 16
11 12
12 13
13 14
13 15
14 16
14 17
15 17
16 18
17 19
18 21
19 20
20 21
21 22
21 23
21 24
22 25
23 32
24 32
25 26
26 27
27 28
28 29
29 30
30 31
31 32

# Parameters
R_e = 0.0500
T = 1894.0
C_s = 4.0
C_w = 36.0
C_c = 5.0
