# Tasks
1 2 3 4 5 6 7 8 9 10 11 12 13 14 15 16 17 18 19 20

# Workstations
1 2 3 4 5 6 7 8 9 10 11 12 13 14 15 16 17 18 19 20

# Modes
1 2 3 4 5 6 7

# Processing Times
1 1 570
1 2 1195
1 3 567
1 4 1188
1 5 509
1 6 623
1 7 1306
2 1 504
2 2 1057
2 3 501
2 4 1051
2 5 450
2 6 551
2 7 1155
3 1 232
3 2 487
3 3 231
3 4 484
3 5 208
3 6 254
3 7 533
4 1 336
4 2 705
4 3 334
4 4 701
4 5 300
4 6 368
4 7 771
5 1 724
5 2 1518
5 3 720
5 4 1509
5 5 647
5 6 792
5 7 1659
6 1 463
6 2 971
6 3 461
6 4 965
6 5 414
6 6 506
6 7 1061
7 1 537
7 2 1126
7 3 534
7 4 1119
7 5 480
7 6 587
7 7 1231
8 1 553
8 2 1160
8 3 550
8 4 1153
8 5 494
8 6 605
8 7 1268
9 1 669
9 2 1403
9 3 665
9 4 1395
9 5 598
9 6 731
9 7 1533
10 1 350
10 2 734
10 3 348
10 4 730
10 5 313
10 6 383
10 7 802
11 1 463
11 2 971
11 3 461
11 4 965
11 5 414
11 6 506
11 7 1061
12 1 365
12 2 766
12 3 363
12 4 762
12 5 326
12 6 399
12 7 837
13 1 422
13 2 885
13 3 420
13 4 880
13 5 377
13 6 462
13 7 967
14 1 544
14 2 1141
14 3 541
14 4 1134
14 5 486
14 6 595
14 7 1247
15 1 483
15 2 1013
15 3 480
15 4 1007
15 5 432
15 6 528
15 7 1107
16 1 380
16 2 797
16 3 378
16 4 792
16 5 340
16 6 416
16 7 871
17 1 535
17 2 1122
17 3 532
17 4 1115
17 5 478
17 6 585
17 7 1226
18 1 628
18 2 1317
18 3 624
18 4 1309
18 5 561
18 6 687
18 7 1439
19 1 437
19 2 916
19 3 435
19 4 911
19 5 391
19 6 478
19 7 1001
20 1 283
20 2 594
20 3 282
20 4 591
20 5 253
20 6 310
20 7 650

# Energy Consumption
1 1 0
1 2 304
1 3 0
1 4 244
1 5 76
1 6 0
1 7 194
2 1 0
2 2 266
2 3 0
2 4 226
2 5 72
2 6 0
2 7 164
3 1 0
3 2 126
3 3 0
3 4 101
3 5 33
3 6 0
3 7 67
4 1 0
4 2 190
4 3 0
4 4 142
4 5 46
4 6 0
4 7 96
5 1 0
5 2 369
5 3 0
5 4 272
5 5 104
5 6 0
5 7 201
6 1 0
6 2 262
6 3 0
6 4 182
6 5 62
6 6 0
6 7 137
7 1 0
7 2 279
7 3 0
7 4 205
7 5 74
7 6 0
7 7 185
8 1 0
8 2 340
8 3 0
8 4 239
8 5 75
8 6 0
8 7 181
9 1 0
9 2 400
9 3 0
9 4 262
9 5 86
9 6 0
9 7 204
10 1 0
10 2 212
10 3 0
10 4 156
10 5 49
10 6 0
10 7 114
11 1 0
11 2 214
11 3 0
11 4 203
11 5 66
11 6 0
11 7 128
12 1 0
12 2 179
12 3 0
12 4 168
12 5 52
12 6 0
12 7 115
13 1 0
13 2 253
13 3 0
13 4 162
13 5 59
13 6 0
13 7 143
14 1 0
14 2 293
14 3 0
14 4 209
14 5 76
14 6 0
14 7 152
15 1 0
15 2 262
15 3 0
15 4 197
15 5 67
15 6 0
15 7 141
16 1 0
16 2 204
16 3 0
16 4 154
16 5 50
16 6 0
16 7 111
17 1 0
17 2 296
17 3 0
17 4 213
17 5 77
17 6 0
17 7 148
18 1 0
18 2 384
18 3 0
18 4 264
18 5 85
18 6 0
18 7 205
19 1 0
19 2 267
19 3 0
19 4 166
19 5 59
19 6 0
19 7 150
20 1 0
20 2 142
20 3 0
20 4 118
20 5 36
20 6 0
20 7 97

# Precedence Relations
1 10
2 10
3 10
4 6
4 8
4 12
5 7
5 9
5 10
5 11
6 10
7 18
8 11
9 12
9 17
9 18
10 13
10 14
10 15
10 16
11 17
11 18
13 20
14 17
15 17
16 18
17 19
17 20
18 19

# Parameters
R_e = 0.0500
T = 1741.95
C_s = 4.0
C_w = 36.0
C_c = 5.0
