# Tasks
1 2 3 4 5 6 7 8 9 10 11 12 13 14 15 16 17 18 19 20

# Workstations
1 2 3 4 5 6 7 8 9 10 11 12 13 14 15 16 17 18 19 20

# Modes
1 2 3 4 5 6 7

# Processing Times
1 1 730
1 2 686
1 3 663
1 4 623
1 5 260
1 6 785
1 7 738
2 1 589
2 2 554
2 3 535
2 4 503
2 5 210
2 6 633
2 7 596
3 1 474
3 2 446
3 3 431
3 4 405
3 5 169
3 6 510
3 7 480
4 1 390
4 2 367
4 3 354
4 4 334
4 5 139
4 6 420
4 7 395
5 1 462
5 2 435
5 3 420
5 4 395
5 5 165
5 6 497
5 7 468
6 1 496
6 2 466
6 3 451
6 4 423
6 5 177
6 6 534
6 7 501
7 1 480
7 2 451
7 3 436
7 4 410
7 5 171
7 6 516
7 7 485
8 1 425
8 2 400
8 3 386
8 4 364
8 5 152
8 6 457
8 7 430
9 1 545
9 2 512
9 3 495
9 4 465
9 5 194
9 6 586
9 7 551
10 1 562
10 2 528
10 3 511
10 4 480
10 5 200
10 6 604
10 7 568
11 1 438
11 2 412
11 3 398
11 4 374
11 5 156
11 6 471
11 7 443
12 1 702
12 2 660
12 3 638
12 4 600
12 5 250
12 6 755
12 7 710
13 1 439
13 2 413
13 3 399
13 4 375
13 5 157
13 6 472
13 7 444
14 1 285
14 2 268
14 3 259
14 4 244
14 5 102
14 6 307
14 7 289
15 1 511
15 2 481
15 3 464
15 4 437
15 5 182
15 6 550
15 7 517
16 1 483
16 2 454
16 3 439
16 4 413
16 5 172
16 6 520
16 7 488
17 1 468
17 2 440
17 3 425
17 4 400
17 5 167
17 6 503
17 7 473
18 1 654
18 2 615
18 3 594
18 4 559
18 5 233
18 6 703
18 7 661
19 1 534
19 2 502
19 3 485
19 4 456
19 5 190
19 6 574
19 7 540
20 1 552
20 2 519
20 3 501
20 4 472
20 5 197
20 6 594
20 7 558

# Energy Consumption
1 1 0
1 2 171
1 3 0
1 4 122
1 5 40
1 6 0
1 7 106
2 1 0
2 2 131
2 3 0
2 4 103
2 5 32
2 6 0
2 7 83
3 1 0
3 2 108
3 3 0
3 4 74
3 5 25
3 6 0
3 7 71
4 1 0
4 2 108
4 3 0
4 4 62
4 5 21
4 6 0
4 7 58
5 1 0
5 2 130
5 3 0
5 4 80
5 5 25
5 6 0
5 7 65
6 1 0
6 2 135
6 3 0
6 4 79
6 5 26
6 6 0
6 7 68
7 1 0
7 2 103
7 3 0
7 4 87
7 5 26
7 6 0
7 7 71
8 1 0
8 2 118
8 3 0
8 4 76
8 5 23
8 6 0
8 7 59
9 1 0
9 2 127
9 3 0
9 4 97
9 5 30
9 6 0
9 7 81
10 1 0
10 2 134
10 3 0
10 4 102
10 5 29
10 6 0
10 7 76
11 1 0
11 2 98
11 3 0
11 4 80
11 5 25
11 6 0
11 7 63
12 1 0
12 2 163
12 3 0
12 4 126
12 5 39
12 6 0
12 7 103
13 1 0
13 2 101
13 3 0
13 4 73
13 5 25
13 6 0
13 7 58
14 1 0
14 2 65
14 3 0
14 4 46
14 5 16
14 6 0
14 7 36
15 1 0
15 2 143
15 3 0
15 4 96
15 5 29
15 6 0
15 7 66
16 1 0
16 2 103
16 3 0
16 4 78
16 5 25
16 6 0
16 7 65
17 1 0
17 2 124
17 3 0
17 4 83
17 5 24
17 6 0
17 7 71
18 1 0
18 2 140
18 3 0
18 4 118
18 5 35
18 6 0
18 7 91
19 1 0
19 2 112
19 3 0
19 4 99
19 5 31
19 6 0
19 7 78
20 1 0
20 2 137
20 3 0
20 4 92
20 5 29
20 6 0
20 7 82

# Precedence Relations
1 13
2 3
2 4
2 5
2 6
3 13
4 13
5 7
5 8
6 9
6 14
7 13
8 9
8 10
8 11
8 12
9 13
10 20
11 13
11 14
11 15
12 13
13 16
13 17
13 18
13 19
14 20

# Parameters
R_e = 0.0500
T = 1000.0
C_s = 4.0
C_w = 36.0
C_c = 5.0
