# Tasks
1 2 3 4 5 6 7 8 9 10 11 12 13 14 15 16 17 18 19 20

# Workstations
1 2 3 4 5 6 7 8 9 10 11 12 13 14 15 16 17 18 19 20

# Modes
1 2 3 4 5 6 7

# Processing Times
1 1 165
1 2 205
1 3 160
1 4 199
1 5 62
1 6 229
1 7 284
2 1 79
2 2 98
2 3 77
2 4 96
2 5 30
2 6 110
2 7 136
3 1 84
3 2 105
3 3 82
3 4 102
3 5 32
3 6 117
3 7 146
4 1 234
4 2 290
4 3 227
4 4 282
4 5 88
4 6 325
4 7 402
5 1 79
5 2 98
5 3 77
5 4 96
5 5 30
5 6 110
5 7 136
6 1 241
6 2 299
6 3 234
6 4 290
6 5 90
6 6 334
6 7 415
7 1 74
7 2 92
7 3 72
7 4 90
7 5 28
7 6 103
7 7 128
8 1 96
8 2 119
8 3 94
8 4 116
8 5 36
8 6 133
8 7 165
9 1 44
9 2 55
9 3 43
9 4 54
9 5 17
9 6 61
9 7 77
10 1 225
10 2 279
10 3 219
10 4 271
10 5 84
10 6 312
10 7 387
11 1 77
11 2 96
11 3 75
11 4 94
11 5 29
11 6 107
11 7 133
12 1 124
12 2 154
12 3 121
12 4 150
12 5 47
12 6 172
12 7 214
13 1 119
13 2 148
13 3 116
13 4 144
13 5 45
13 6 165
13 7 205
14 1 160
14 2 199
14 3 156
14 4 193
14 5 60
14 6 222
14 7 276
15 1 41
15 2 51
15 3 40
15 4 50
15 5 16
15 6 57
15 7 71
16 1 204
16 2 253
16 3 198
16 4 246
16 5 76
16 6 283
16 7 351
17 1 319
17 2 396
17 3 310
17 4 384
17 5 119
17 6 442
17 7 549
18 1 248
18 2 308
18 3 241
18 4 299
18 5 93
18 6 344
18 7 427
19 1 127
19 2 158
19 3 124
19 4 154
19 5 48
19 6 176
19 7 219
20 1 84
20 2 105
20 3 82
20 4 102
20 5 32
20 6 117
20 7 146

# Energy Consumption
1 1 0
1 2 47
1 3 0
1 4 40
1 5 9
1 6 0
1 7 40
2 1 0
2 2 22
2 3 0
2 4 20
2 5 5
2 6 0
2 7 18
3 1 0
3 2 31
3 3 0
3 4 19
3 5 6
3 6 0
3 7 18
4 1 0
4 2 68
4 3 0
4 4 61
4 5 13
4 6 0
4 7 56
5 1 0
5 2 27
5 3 0
5 4 19
5 5 5
5 6 0
5 7 19
6 1 0
6 2 82
6 3 0
6 4 62
6 5 14
6 6 0
6 7 56
7 1 0
7 2 25
7 3 0
7 4 20
7 5 5
7 6 0
7 7 17
8 1 0
8 2 33
8 3 0
8 4 26
8 5 6
8 6 0
8 7 21
9 1 0
9 2 14
9 3 0
9 4 11
9 5 3
9 6 0
9 7 10
10 1 0
10 2 70
10 3 0
10 4 53
10 5 13
10 6 0
10 7 55
11 1 0
11 2 28
11 3 0
11 4 18
11 5 5
11 6 0
11 7 19
12 1 0
12 2 39
12 3 0
12 4 32
12 5 7
12 6 0
12 7 26
13 1 0
13 2 38
13 3 0
13 4 30
13 5 8
13 6 0
13 7 28
14 1 0
14 2 48
14 3 0
14 4 37
14 5 9
14 6 0
14 7 42
15 1 0
15 2 14
15 3 0
15 4 10
15 5 3
15 6 0
15 7 11
16 1 0
16 2 58
16 3 0
16 4 48
16 5 12
16 6 0
16 7 43
17 1 0
17 2 117
17 3 0
17 4 73
17 5 18
17 6 0
17 7 80
18 1 0
18 2 74
18 3 0
18 4 66
18 5 15
18 6 0
18 7 54
19 1 0
19 2 45
19 3 0
19 4 30
19 5 8
19 6 0
19 7 32
20 1 0
20 2 32
20 3 0
20 4 21
20 5 6
20 6 0
20 7 18

# Precedence Relations
1 11
2 7
3 6
3 7
4 5
4 6
5 11
7 8
7 9
7 10
8 11
9 11
10 12
10 13
11 14
11 15
11 16
11 17
15 19
15 20
16 18
17 19

# Parameters
R_e = 0.0500
T = 1000.0
C_s = 4.0
C_w = 36.0
C_c = 5.0
