# Tasks
1 2 3 4 5 6 7 8 9 10 11 12 13 14 15 16 17 18 19 20 21 22 23 24 25 26 27 28 29 30 31 32 33 34 35 36 37 38 39 40 41 42 43 44 45 46 47 48 49 50 51 52 53 54 55 56 57 58 59 60 61 62 63 64 65 66 67 68 69 70 71 72 73 74 75 76 77 78 79 80 81 82 83 84 85 86 87 88 89 90 91 92 93 94 95 96 97 98 99 100 101 102 103 104 105 106 107 108 109 110 111

# Workstations
1 2 3 4 5 6 7 8 9 10 11 12 13 14 15 16 17 18 19 20 21 22 23 24 25 26 27 28 29 30 31 32 33 34 35 36 37 38 39 40 41 42 43 44 45 46 47 48 49 50 51 52 53 54 55 56 57 58 59 60 61 62 63 64 65 66 67 68 69 70 71 72 73 74 75 76 77 78 79 80 81 82 83 84 85 86 87 88 89 90 91 92 93 94 95 96 97 98 99 100 101 102 103 104 105 106 107 108 109 110 111

# Modes
1 2 3 4 5 6 7

# Processing Times
1 1 1960
1 2 4629
1 3 1848
1 4 4363
1 5 1171
1 6 2475
1 7 5845
2 1 1715
2 2 4050
2 3 1617
2 4 3817
2 5 1025
2 6 2166
2 7 5114
3 1 735
3 2 1736
3 3 693
3 4 1637
3 5 440
3 6 929
3 7 2192
4 1 1715
4 2 4050
4 3 1617
4 4 3817
4 5 1025
4 6 2166
4 7 5114
5 1 490
5 2 1158
5 3 462
5 4 1092
5 5 293
5 6 619
5 7 1463
6 1 1225
6 2 2893
6 3 1155
6 4 2727
6 5 732
6 6 1547
6 7 3653
7 1 169
7 2 400
7 3 160
7 4 377
7 5 101
7 6 214
7 7 506
8 1 2252
8 2 5318
8 3 2123
8 4 5012
8 5 1346
8 6 2844
8 7 6715
9 1 1225
9 2 2893
9 3 1155
9 4 2727
9 5 732
9 6 1547
9 7 3653
10 1 2319
10 2 5477
10 3 2186
10 4 5162
10 5 1386
10 6 2928
10 7 6916
11 1 1715
11 2 4050
11 3 1617
11 4 3817
11 5 1025
11 6 2166
11 7 5114
12 1 980
12 2 2315
12 3 924
12 4 2182
12 5 586
12 6 1238
12 7 2923
13 1 735
13 2 1736
13 3 693
13 4 1637
13 5 440
13 6 929
13 7 2192
14 1 2281
14 2 5387
14 3 2150
14 4 5077
14 5 1363
14 6 2880
14 7 6802
15 1 2750
15 2 6494
15 3 2592
15 4 6120
15 5 1643
15 6 3473
15 7 8200
16 1 77
16 2 182
16 3 73
16 4 172
16 5 46
16 6 98
16 7 230
17 1 89
17 2 211
17 3 84
17 4 199
17 5 54
17 6 113
17 7 267
18 1 51
18 2 121
18 3 49
18 4 115
18 5 31
18 6 65
18 7 153
19 1 364
19 2 860
19 3 344
19 4 811
19 5 218
19 6 460
19 7 1086
20 1 405
20 2 957
20 3 382
20 4 902
20 5 242
20 6 512
20 7 1209
21 1 3060
21 2 7226
21 3 2884
21 4 6810
21 5 1828
21 6 3864
21 7 9124
22 1 125
22 2 296
22 3 118
22 4 279
22 5 75
22 6 158
22 7 374
23 1 3429
23 2 8098
23 3 3232
23 4 7632
23 5 2049
23 6 4330
23 7 10225
24 1 43
24 2 102
24 3 41
24 4 97
24 5 26
24 6 55
24 7 129
25 1 3430
25 2 8100
25 3 3233
25 4 7634
25 5 2049
25 6 4331
25 7 10228
26 1 1960
26 2 4629
26 3 1848
26 4 4363
26 5 1171
26 6 2475
26 7 5845
27 1 29
27 2 69
27 3 28
27 4 66
27 5 18
27 6 37
27 7 88
28 1 27
28 2 64
28 3 26
28 4 61
28 5 17
28 6 35
28 7 81
29 1 15
29 2 36
29 3 15
29 4 34
29 5 9
29 6 19
29 7 46
30 1 121
30 2 286
30 3 115
30 4 270
30 5 73
30 6 153
30 7 362
31 1 1715
31 2 4050
31 3 1617
31 4 3817
31 5 1025
31 6 2166
31 7 5114
32 1 2127
32 2 5023
32 3 2005
32 4 4734
32 5 1271
32 6 2686
32 7 6343
33 1 1470
33 2 3472
33 3 1386
33 4 3273
33 5 879
33 6 1857
33 7 4384
34 1 4037
34 2 9533
34 3 3805
34 4 8984
34 5 2412
34 6 5098
34 7 12037
35 1 68
35 2 161
35 3 65
35 4 152
35 5 41
35 6 86
35 7 204
36 1 62
36 2 147
36 3 59
36 4 139
36 5 38
36 6 79
36 7 186
37 1 42
37 2 100
37 3 40
37 4 95
37 5 26
37 6 54
37 7 127
38 1 364
38 2 860
38 3 344
38 4 811
38 5 218
38 6 460
38 7 1086
39 1 4998
39 2 11803
39 3 4711
39 4 11124
39 5 2986
39 6 6311
39 7 14903
40 1 1470
40 2 3472
40 3 1386
40 4 3273
40 5 879
40 6 1857
40 7 4384
41 1 2963
41 2 6997
41 3 2793
41 4 6594
41 5 1770
41 6 3742
41 7 8835
42 1 5689
42 2 13435
42 3 5362
42 4 12662
42 5 3399
42 6 7183
42 7 16964
43 1 68
43 2 161
43 3 65
43 4 152
43 5 41
43 6 86
43 7 204
44 1 18
44 2 43
44 3 17
44 4 41
44 5 11
44 6 23
44 7 55
45 1 10
45 2 24
45 3 10
45 4 23
45 5 6
45 6 13
45 7 31
46 1 81
46 2 192
46 3 77
46 4 181
46 5 49
46 6 103
46 7 243
47 1 5200
47 2 12280
47 3 4901
47 4 11573
47 5 3106
47 6 6566
47 7 15505
48 1 39
48 2 93
48 3 37
48 4 88
48 5 24
48 6 50
48 7 118
49 1 67
49 2 159
49 3 64
49 4 150
49 5 41
49 6 85
49 7 201
50 1 27
50 2 64
50 3 26
50 4 61
50 5 17
50 6 35
50 7 81
51 1 15
51 2 36
51 3 15
51 4 34
51 5 9
51 6 19
51 7 46
52 1 121
52 2 286
52 3 115
52 4 270
52 5 73
52 6 153
52 7 362
53 1 58
53 2 137
53 3 55
53 4 130
53 5 35
53 6 74
53 7 173
54 1 1715
54 2 4050
54 3 1617
54 4 3817
54 5 1025
54 6 2166
54 7 5114
55 1 125
55 2 296
55 3 118
55 4 279
55 5 75
55 6 158
55 7 374
56 1 4010
56 2 9470
56 3 3780
56 4 8925
56 5 2396
56 6 5064
56 7 11957
57 1 1470
57 2 3472
57 3 1386
57 4 3273
57 5 879
57 6 1857
57 7 4384
58 1 1470
58 2 3472
58 3 1386
58 4 3273
58 5 879
58 6 1857
58 7 4384
59 1 2303
59 2 5439
59 3 2171
59 4 5126
59 5 1376
59 6 2908
59 7 6868
60 1 1960
60 2 4629
60 3 1848
60 4 4363
60 5 1171
60 6 2475
60 7 5845
61 1 2205
61 2 5207
61 3 2078
61 4 4908
61 5 1318
61 6 2785
61 7 6575
62 1 4018
62 2 9489
62 3 3787
62 4 8943
62 5 2400
62 6 5074
62 7 11981
63 1 2744
63 2 6480
63 3 2586
63 4 6107
63 5 1639
63 6 3465
63 7 8182
64 1 2999
64 2 7082
64 3 2827
64 4 6675
64 5 1792
64 6 3787
64 7 8942
65 1 735
65 2 1736
65 3 693
65 4 1637
65 5 440
65 6 929
65 7 2192
66 1 735
66 2 1736
66 3 693
66 4 1637
66 5 440
66 6 929
66 7 2192
67 1 735
67 2 1736
67 3 693
67 4 1637
67 5 440
67 6 929
67 7 2192
68 1 735
68 2 1736
68 3 693
68 4 1637
68 5 440
68 6 929
68 7 2192
69 1 545
69 2 1287
69 3 514
69 4 1213
69 5 326
69 6 689
69 7 1625
70 1 3386
70 2 7996
70 3 3191
70 4 7536
70 5 2023
70 6 4276
70 7 10096
71 1 3234
71 2 7637
71 3 3048
71 4 7198
71 5 1932
71 6 4084
71 7 9643
72 1 2205
72 2 5207
72 3 2078
72 4 4908
72 5 1318
72 6 2785
72 7 6575
73 1 2206
73 2 5210
73 3 2079
73 4 4910
73 5 1318
73 6 2786
73 7 6579
74 1 490
74 2 1158
74 3 462
74 4 1092
74 5 293
74 6 619
74 7 1463
75 1 825
75 2 1949
75 3 778
75 4 1837
75 5 493
75 6 1042
75 7 2461
76 1 3528
76 2 8332
76 3 3325
76 4 7853
76 5 2108
76 6 4455
76 7 10520
77 1 3568
77 2 8426
77 3 3363
77 4 7941
77 5 2132
77 6 4505
77 7 10639
78 1 1200
78 2 2834
78 3 1131
78 4 2671
78 5 717
78 6 1516
78 7 3579
79 1 618
79 2 1460
79 3 583
79 4 1376
79 5 370
79 6 781
79 7 1844
80 1 1470
80 2 3472
80 3 1386
80 4 3273
80 5 879
80 6 1857
80 7 4384
81 1 1715
81 2 4050
81 3 1617
81 4 3817
81 5 1025
81 6 2166
81 7 5114
82 1 735
82 2 1736
82 3 693
82 4 1637
82 5 440
82 6 929
82 7 2192
83 1 1960
83 2 4629
83 3 1848
83 4 4363
83 5 1171
83 6 2475
83 7 5845
84 1 2889
84 2 6823
84 3 2723
84 4 6430
84 5 1726
84 6 3648
84 7 8615
85 1 618
85 2 1460
85 3 583
85 4 1376
85 5 370
85 6 781
85 7 1844
86 1 490
86 2 1158
86 3 462
86 4 1092
86 5 293
86 6 619
86 7 1463
87 1 735
87 2 1736
87 3 693
87 4 1637
87 5 440
87 6 929
87 7 2192
88 1 490
88 2 1158
88 3 462
88 4 1092
88 5 293
88 6 619
88 7 1463
89 1 921
89 2 2175
89 3 868
89 4 2050
89 5 551
89 6 1163
89 7 2747
90 1 326
90 2 770
90 3 308
90 4 726
90 5 195
90 6 412
90 7 973
91 1 5390
91 2 12728
91 3 5080
91 4 11995
91 5 3220
91 6 6806
91 7 16071
92 1 243
92 2 574
92 3 230
92 4 541
92 5 146
92 6 307
92 7 725
93 1 371
93 2 877
93 3 350
93 4 827
93 5 222
93 6 469
93 7 1108
94 1 58
94 2 137
94 3 55
94 4 130
94 5 35
94 6 74
94 7 173
95 1 5059
95 2 11947
95 3 4768
95 4 11259
95 5 3022
95 6 6388
95 7 15085
96 1 1225
96 2 2893
96 3 1155
96 4 2727
96 5 732
96 6 1547
96 7 3653
97 1 769
97 2 1816
97 3 725
97 4 1712
97 5 460
97 6 971
97 7 2293
98 1 768
98 2 1814
98 3 724
98 4 1710
98 5 459
98 6 970
98 7 2291
99 1 1670
99 2 3944
99 3 1574
99 4 3717
99 5 998
99 6 2109
99 7 4980
100 1 1670
100 2 3944
100 3 1574
100 4 3717
100 5 998
100 6 2109
100 7 4980
101 1 490
101 2 1158
101 3 462
101 4 1092
101 5 293
101 6 619
101 7 1463
102 1 202
102 2 478
102 3 191
102 4 451
102 5 121
102 6 256
102 7 604
103 1 203
103 2 480
103 3 192
103 4 453
103 5 122
103 6 257
103 7 607
104 1 202
104 2 478
104 3 191
104 4 451
104 5 121
104 6 256
104 7 604
105 1 2744
105 2 6480
105 3 2586
105 4 6107
105 5 1639
105 6 3465
105 7 8182
106 1 162
106 2 383
106 3 153
106 4 361
106 5 97
106 6 205
106 7 484
107 1 324
107 2 766
107 3 306
107 4 722
107 5 194
107 6 410
107 7 968
108 1 162
108 2 383
108 3 153
108 4 361
108 5 97
108 6 205
108 7 484
109 1 121
109 2 286
109 3 115
109 4 270
109 5 73
109 6 153
109 7 362
110 1 162
110 2 383
110 3 153
110 4 361
110 5 97
110 6 205
110 7 484
111 1 91
111 2 215
111 3 86
111 4 203
111 5 55
111 6 115
111 7 272

# Energy Consumption
1 1 0
1 2 1316
1 3 0
1 4 841
1 5 186
1 6 0
1 7 713
2 1 0
2 2 944
2 3 0
2 4 723
2 5 150
2 6 0
2 7 741
3 1 0
3 2 436
3 3 0
3 4 330
3 5 62
3 6 0
3 7 300
4 1 0
4 2 995
4 3 0
4 4 779
4 5 154
4 6 0
4 7 649
5 1 0
5 2 280
5 3 0
5 4 229
5 5 43
5 6 0
5 7 186
6 1 0
6 2 702
6 3 0
6 4 598
6 5 110
6 6 0
6 7 474
7 1 0
7 2 101
7 3 0
7 4 78
7 5 16
7 6 0
7 7 71
8 1 0
8 2 1390
8 3 0
8 4 1062
8 5 192
8 6 0
8 7 976
9 1 0
9 2 643
9 3 0
9 4 525
9 5 112
9 6 0
9 7 442
10 1 0
10 2 1406
10 3 0
10 4 1082
10 5 209
10 6 0
10 7 844
11 1 0
11 2 970
11 3 0
11 4 722
11 5 146
11 6 0
11 7 635
12 1 0
12 2 577
12 3 0
12 4 421
12 5 87
12 6 0
12 7 352
13 1 0
13 2 508
13 3 0
13 4 308
13 5 67
13 6 0
13 7 307
14 1 0
14 2 1553
14 3 0
14 4 964
14 5 213
14 6 0
14 7 972
15 1 0
15 2 1498
15 3 0
15 4 1163
15 5 252
15 6 0
15 7 1050
16 1 0
16 2 44
16 3 0
16 4 38
16 5 7
16 6 0
16 7 28
17 1 0
17 2 56
17 3 0
17 4 39
17 5 8
17 6 0
17 7 33
18 1 0
18 2 31
18 3 0
18 4 22
18 5 5
18 6 0
18 7 22
19 1 0
19 2 226
19 3 0
19 4 147
19 5 35
19 6 0
19 7 153
20 1 0
20 2 247
20 3 0
20 4 169
20 5 34
20 6 0
20 7 173
21 1 0
21 2 1865
21 3 0
21 4 1482
21 5 269
21 6 0
21 7 1262
22 1 0
22 2 87
22 3 0
22 4 56
22 5 11
22 6 0
22 7 48
23 1 0
23 2 2239
23 3 0
23 4 1662
23 5 292
23 6 0
23 7 1304
24 1 0
24 2 25
24 3 0
24 4 19
24 5 4
24 6 0
24 7 19
25 1 0
25 2 2242
25 3 0
25 4 1414
25 5 299
25 6 0
25 7 1466
26 1 0
26 2 1215
26 3 0
26 4 810
26 5 173
26 6 0
26 7 843
27 1 0
27 2 17
27 3 0
27 4 13
27 5 3
27 6 0
27 7 13
28 1 0
28 2 16
28 3 0
28 4 13
28 5 3
28 6 0
28 7 13
29 1 0
29 2 11
29 3 0
29 4 7
29 5 2
29 6 0
29 7 6
30 1 0
30 2 65
30 3 0
30 4 52
30 5 11
30 6 0
30 7 47
31 1 0
31 2 1174
31 3 0
31 4 759
31 5 163
31 6 0
31 7 727
32 1 0
32 2 1294
32 3 0
32 4 899
32 5 194
32 6 0
32 7 831
33 1 0
33 2 911
33 3 0
33 4 697
33 5 130
33 6 0
33 7 582
34 1 0
34 2 2603
34 3 0
34 4 1924
34 5 365
34 6 0
34 7 1681
35 1 0
35 2 48
35 3 0
35 4 28
35 5 7
35 6 0
35 7 27
36 1 0
36 2 43
36 3 0
36 4 26
36 5 6
36 6 0
36 7 23
37 1 0
37 2 24
37 3 0
37 4 19
37 5 4
37 6 0
37 7 19
38 1 0
38 2 254
38 3 0
38 4 177
38 5 33
38 6 0
38 7 156
39 1 0
39 2 3535
39 3 0
39 4 2283
39 5 473
39 6 0
39 7 1952
40 1 0
40 2 870
40 3 0
40 4 673
40 5 137
40 6 0
40 7 639
41 1 0
41 2 1961
41 3 0
41 4 1400
41 5 270
41 6 0
41 7 1201
42 1 0
42 2 3751
42 3 0
42 4 2537
42 5 515
42 6 0
42 7 2378
43 1 0
43 2 45
43 3 0
43 4 32
43 5 7
43 6 0
43 7 30
44 1 0
44 2 12
44 3 0
44 4 9
44 5 2
44 6 0
44 7 8
45 1 0
45 2 6
45 3 0
45 4 5
45 5 1
45 6 0
45 7 5
46 1 0
46 2 52
46 3 0
46 4 38
46 5 8
46 6 0
46 7 35
47 1 0
47 2 2861
47 3 0
47 4 2346
47 5 483
47 6 0
47 7 2289
48 1 0
48 2 24
48 3 0
48 4 20
48 5 4
48 6 0
48 7 18
49 1 0
49 2 46
49 3 0
49 4 29
49 5 6
49 6 0
49 7 29
50 1 0
50 2 20
50 3 0
50 4 12
50 5 3
50 6 0
50 7 11
51 1 0
51 2 11
51 3 0
51 4 8
51 5 2
51 6 0
51 7 6
52 1 0
52 2 68
52 3 0
52 4 51
52 5 11
52 6 0
52 7 45
53 1 0
53 2 34
53 3 0
53 4 27
53 5 6
53 6 0
53 7 26
54 1 0
54 2 943
54 3 0
54 4 810
54 5 157
54 6 0
54 7 716
55 1 0
55 2 71
55 3 0
55 4 53
55 5 11
55 6 0
55 7 57
56 1 0
56 2 2326
56 3 0
56 4 1832
56 5 381
56 6 0
56 7 1441
57 1 0
57 2 834
57 3 0
57 4 702
57 5 126
57 6 0
57 7 605
58 1 0
58 2 820
58 3 0
58 4 627
58 5 133
58 6 0
58 7 573
59 1 0
59 2 1427
59 3 0
59 4 943
59 5 217
59 6 0
59 7 906
60 1 0
60 2 1317
60 3 0
60 4 801
60 5 183
60 6 0
60 7 704
61 1 0
61 2 1344
61 3 0
61 4 939
61 5 197
61 6 0
61 7 845
62 1 0
62 2 2166
62 3 0
62 4 1797
62 5 366
62 6 0
62 7 1630
63 1 0
63 2 1740
63 3 0
63 4 1288
63 5 254
63 6 0
63 7 1132
64 1 0
64 2 1886
64 3 0
64 4 1298
64 5 256
64 6 0
64 7 1293
65 1 0
65 2 393
65 3 0
65 4 321
65 5 66
65 6 0
65 7 320
66 1 0
66 2 412
66 3 0
66 4 314
66 5 69
66 6 0
66 7 311
67 1 0
67 2 445
67 3 0
67 4 360
67 5 67
67 6 0
67 7 320
68 1 0
68 2 501
68 3 0
68 4 341
68 5 70
68 6 0
68 7 313
69 1 0
69 2 301
69 3 0
69 4 245
69 5 51
69 6 0
69 7 240
70 1 0
70 2 2186
70 3 0
70 4 1488
70 5 317
70 6 0
70 7 1213
71 1 0
71 2 2030
71 3 0
71 4 1327
71 5 306
71 6 0
71 7 1181
72 1 0
72 2 1481
72 3 0
72 4 949
72 5 194
72 6 0
72 7 969
73 1 0
73 2 1226
73 3 0
73 4 1044
73 5 211
73 6 0
73 7 873
74 1 0
74 2 338
74 3 0
74 4 237
74 5 44
74 6 0
74 7 206
75 1 0
75 2 448
75 3 0
75 4 396
75 5 70
75 6 0
75 7 327
76 1 0
76 2 2468
76 3 0
76 4 1442
76 5 319
76 6 0
76 7 1545
77 1 0
77 2 2103
77 3 0
77 4 1578
77 5 334
77 6 0
77 7 1422
78 1 0
78 2 728
78 3 0
78 4 493
78 5 105
78 6 0
78 7 447
79 1 0
79 2 377
79 3 0
79 4 269
79 5 58
79 6 0
79 7 224
80 1 0
80 2 968
80 3 0
80 4 654
80 5 139
80 6 0
80 7 558
81 1 0
81 2 1203
81 3 0
81 4 831
81 5 152
81 6 0
81 7 760
82 1 0
82 2 474
82 3 0
82 4 307
82 5 64
82 6 0
82 7 303
83 1 0
83 2 1150
83 3 0
83 4 872
83 5 185
83 6 0
83 7 714
84 1 0
84 2 1976
84 3 0
84 4 1240
84 5 267
84 6 0
84 7 1112
85 1 0
85 2 324
85 3 0
85 4 273
85 5 58
85 6 0
85 7 245
86 1 0
86 2 315
86 3 0
86 4 219
86 5 42
86 6 0
86 7 179
87 1 0
87 2 436
87 3 0
87 4 331
87 5 67
87 6 0
87 7 315
88 1 0
88 2 289
88 3 0
88 4 214
88 5 44
88 6 0
88 7 176
89 1 0
89 2 572
89 3 0
89 4 428
89 5 87
89 6 0
89 7 368
90 1 0
90 2 185
90 3 0
90 4 153
90 5 31
90 6 0
90 7 125
91 1 0
91 2 3012
91 3 0
91 4 2531
91 5 455
91 6 0
91 7 1934
92 1 0
92 2 135
92 3 0
92 4 111
92 5 21
92 6 0
92 7 100
93 1 0
93 2 239
93 3 0
93 4 154
93 5 35
93 6 0
93 7 154
94 1 0
94 2 37
94 3 0
94 4 25
94 5 6
94 6 0
94 7 25
95 1 0
95 2 3538
95 3 0
95 4 2475
95 5 476
95 6 0
95 7 1893
96 1 0
96 2 774
96 3 0
96 4 494
96 5 113
96 6 0
96 7 463
97 1 0
97 2 409
97 3 0
97 4 320
97 5 66
97 6 0
97 7 338
98 1 0
98 2 421
98 3 0
98 4 361
98 5 66
98 6 0
98 7 306
99 1 0
99 2 1011
99 3 0
99 4 730
99 5 156
99 6 0
99 7 694
100 1 0
100 2 1102
100 3 0
100 4 695
100 5 142
100 6 0
100 7 721
101 1 0
101 2 321
101 3 0
101 4 208
101 5 45
101 6 0
101 7 207
102 1 0
102 2 118
102 3 0
102 4 88
102 5 18
102 6 0
102 7 75
103 1 0
103 2 128
103 3 0
103 4 91
103 5 19
103 6 0
103 7 90
104 1 0
104 2 125
104 3 0
104 4 86
104 5 19
104 6 0
104 7 87
105 1 0
105 2 1620
105 3 0
105 4 1114
105 5 247
105 6 0
105 7 1192
106 1 0
106 2 86
106 3 0
106 4 77
106 5 14
106 6 0
106 7 69
107 1 0
107 2 206
107 3 0
107 4 152
107 5 30
107 6 0
107 7 143
108 1 0
108 2 101
108 3 0
108 4 75
108 5 15
108 6 0
108 7 61
109 1 0
109 2 70
109 3 0
109 4 56
109 5 11
109 6 0
109 7 45
110 1 0
110 2 92
110 3 0
110 4 68
110 5 15
110 6 0
110 7 68
111 1 0
111 2 60
111 3 0
111 4 43
111 5 9
111 6 0
111 7 41

# Precedence Relations
1 2
2 3
3 4
4 5
4 6
4 7
4 8
4 9
4 10
5 39
6 39
7 83
8 71
9 32
10 11
10 12
11 13
11 14
11 15
11 16
11 17
11 18
11 19
11 20
11 21
12 13
12 14
12 15
12 16
12 17
12 18
12 19
12 20
12 21
13 71
14 22
14 23
14 24
14 25
15 26
16 27
17 28
18 29
19 30
20 91
21 111
22 31
22 83
23 32
23 33
24 69
24 70
25 34
26 82
27 35
28 36
29 37
30 38
31 39
32 41
33 111
34 42
35 43
36 44
36 91
37 45
37 91
38 46
38 91
39 40
40 111
41 69
41 70
42 47
43 48
43 49
44 50
45 51
46 52
47 54
47 55
47 56
47 57
47 58
47 59
47 60
48 53
49 91
50 111
51 111
52 111
53 111
54 69
54 70
55 61
55 62
55 63
56 63
56 64
57 65
57 91
58 66
58 91
59 67
59 91
60 68
60 91
61 69
61 70
62 71
63 111
64 72
65 111
66 111
67 111
68 111
69 77
69 78
70 73
71 91
72 74
73 75
74 76
75 77
75 78
75 79
76 80
76 81
76 82
77 83
78 84
79 85
80 86
80 91
81 87
81 91
82 111
83 91
84 88
84 89
84 91
85 111
86 111
87 90
88 105
89 105
90 111
91 92
91 93
91 94
92 95
93 95
94 95
95 96
95 97
95 98
95 99
95 100
95 104
96 101
97 102
98 103
99 111
100 111
101 105
102 106
102 107
103 107
103 108
104 111
105 111
106 109
107 111
108 110
109 111
110 111

# Parameters
R_e = 0.0500
T = 17812.2
C_s = 4.0
C_w = 36.0
C_c = 5.0
