# Tasks
1 2 3 4 5 6 7 8 9 10 11 12 13 14 15 16 17 18 19 20

# Workstations
1 2 3 4 5 6 7 8 9 10 11 12 13 14 15 16 17 18 19 20

# Modes
1 2 3 4 5 6 7

# Processing Times
1 1 142
1 2 197
1 3 151
1 4 210
1 5 89
1 6 150
1 7 208
2 1 34
2 2 52
2 3 36
2 4 55
2 5 21
2 6 37
2 7 56
3 1 140
3 2 172
3 3 152
3 4 187
3 5 94
3 6 148
3 7 181
4 1 214
4 2 306
4 3 229
4 4 327
4 5 143
4 6 233
4 7 334
5 1 121
5 2 169
5 3 130
5 4 181
5 5 70
5 6 126
5 7 175
6 1 279
6 2 423
6 3 303
6 4 459
6 5 175
6 6 295
6 7 448
7 1 50
7 2 77
7 3 55
7 4 85
7 5 30
7 6 54
7 7 83
8 1 282
8 2 434
8 3 306
8 4 471
8 5 195
8 6 306
8 7 470
9 1 129
9 2 170
9 3 142
9 4 187
9 5 75
9 6 130
9 7 172
10 1 175
10 2 261
10 3 188
10 4 280
10 5 110
10 6 177
10 7 264
11 1 97
11 2 150
11 3 107
11 4 164
11 5 59
11 6 105
11 7 162
12 1 132
12 2 192
12 3 140
12 4 204
12 5 83
12 6 137
12 7 199
13 1 107
13 2 158
13 3 116
13 4 171
13 5 67
13 6 116
13 7 172
14 1 132
14 2 176
14 3 141
14 4 188
14 5 86
14 6 137
14 7 182
15 1 69
15 2 90
15 3 76
15 4 99
15 5 41
15 6 70
15 7 91
16 1 169
16 2 209
16 3 184
16 4 227
16 5 113
16 6 179
16 7 221
17 1 73
17 2 104
17 3 77
17 4 110
17 5 52
17 6 74
17 7 106
18 1 231
18 2 333
18 3 246
18 4 355
18 5 133
18 6 254
18 7 366
19 1 120
19 2 168
19 3 131
19 4 183
19 5 75
19 6 128
19 7 179
20 1 186
20 2 242
20 3 199
20 4 259
20 5 109
20 6 200
20 7 260

# Energy Consumption
1 1 0
1 2 48
1 3 0
1 4 44
1 5 14
1 6 0
1 7 30
2 1 0
2 2 14
2 3 0
2 4 11
2 5 4
2 6 0
2 7 8
3 1 0
3 2 48
3 3 0
3 4 37
3 5 15
3 6 0
3 7 25
4 1 0
4 2 77
4 3 0
4 4 72
4 5 21
4 6 0
4 7 48
5 1 0
5 2 41
5 3 0
5 4 38
5 5 11
5 6 0
5 7 24
6 1 0
6 2 94
6 3 0
6 4 98
6 5 27
6 6 0
6 7 62
7 1 0
7 2 18
7 3 0
7 4 19
7 5 5
7 6 0
7 7 12
8 1 0
8 2 111
8 3 0
8 4 99
8 5 29
8 6 0
8 7 66
9 1 0
9 2 46
9 3 0
9 4 40
9 5 12
9 6 0
9 7 26
10 1 0
10 2 75
10 3 0
10 4 58
10 5 17
10 6 0
10 7 38
11 1 0
11 2 34
11 3 0
11 4 31
11 5 9
11 6 0
11 7 24
12 1 0
12 2 49
12 3 0
12 4 45
12 5 12
12 6 0
12 7 28
13 1 0
13 2 38
13 3 0
13 4 35
13 5 10
13 6 0
13 7 24
14 1 0
14 2 53
14 3 0
14 4 39
14 5 14
14 6 0
14 7 25
15 1 0
15 2 23
15 3 0
15 4 19
15 5 7
15 6 0
15 7 12
16 1 0
16 2 60
16 3 0
16 4 49
16 5 18
16 6 0
16 7 29
17 1 0
17 2 29
17 3 0
17 4 25
17 5 9
17 6 0
17 7 14
18 1 0
18 2 81
18 3 0
18 4 71
18 5 21
18 6 0
18 7 46
19 1 0
19 2 47
19 3 0
19 4 38
19 5 12
19 6 0
19 7 27
20 1 0
20 2 62
20 3 0
20 4 57
20 5 17
20 6 0
20 7 33

# Precedence Relations
1 6
2 7
4 8
5 9
6 10
7 11
8 12
10 13
11 13
12 14
12 15
13 16
13 17
13 18
14 20
15 19

# Parameters
R_e = 0.0500
T = 1000.0
C_s = 4.0
C_w = 36.0
C_c = 5.0
