# Tasks
1 2 3 4 5 6 7 8 9 10 11 12 13 14 15 16 17 18 19 20

# Workstations
1 2 3 4 5 6 7 8 9 10 11 12 13 14 15 16 17 18 19 20

# Modes
1 2 3 4 5 6 7

# Processing Times
1 1 210
1 2 207
1 3 217
1 4 214
1 5 125
1 6 233
1 7 230
2 1 169
2 2 167
2 3 174
2 4 172
2 5 101
2 6 188
2 7 186
3 1 191
3 2 188
3 3 197
3 4 194
3 5 114
3 6 212
3 7 209
4 1 141
4 2 139
4 3 146
4 4 144
4 5 84
4 6 157
4 7 155
5 1 66
5 2 65
5 3 68
5 4 67
5 5 40
5 6 74
5 7 73
6 1 117
6 2 116
6 3 121
6 4 120
6 5 70
6 6 130
6 7 129
7 1 232
7 2 229
7 3 239
7 4 236
7 5 138
7 6 258
7 7 254
8 1 39
8 2 39
8 3 41
8 4 41
8 5 24
8 6 44
8 7 44
9 1 164
9 2 162
9 3 169
9 4 167
9 5 98
9 6 182
9 7 180
10 1 167
10 2 165
10 3 172
10 4 170
10 5 100
10 6 186
10 7 183
11 1 120
11 2 119
11 3 124
11 4 123
11 5 72
11 6 133
11 7 132
12 1 33
12 2 33
12 3 34
12 4 34
12 5 20
12 6 37
12 7 37
13 1 35
13 2 35
13 3 37
13 4 37
13 5 21
13 6 39
13 7 39
14 1 255
14 2 251
14 3 263
14 4 259
14 5 152
14 6 283
14 7 279
15 1 134
15 2 132
15 3 138
15 4 136
15 5 80
15 6 149
15 7 147
16 1 275
16 2 271
16 3 284
16 4 279
16 5 164
16 6 305
16 7 301
17 1 22
17 2 22
17 3 23
17 4 23
17 5 14
17 6 25
17 7 25
18 1 110
18 2 109
18 3 114
18 4 113
18 5 66
18 6 122
18 7 121
19 1 218
19 2 215
19 3 225
19 4 222
19 5 130
19 6 242
19 7 239
20 1 94
20 2 93
20 3 97
20 4 96
20 5 56
20 6 105
20 7 104

# Energy Consumption
1 1 0
1 2 55
1 3 0
1 4 42
1 5 20
1 6 0
1 7 28
2 1 0
2 2 41
2 3 0
2 4 38
2 5 15
2 6 0
2 7 23
3 1 0
3 2 49
3 3 0
3 4 41
3 5 18
3 6 0
3 7 31
4 1 0
4 2 41
4 3 0
4 4 28
4 5 13
4 6 0
4 7 22
5 1 0
5 2 16
5 3 0
5 4 14
5 5 7
5 6 0
5 7 10
6 1 0
6 2 28
6 3 0
6 4 24
6 5 11
6 6 0
6 7 17
7 1 0
7 2 51
7 3 0
7 4 45
7 5 21
7 6 0
7 7 32
8 1 0
8 2 12
8 3 0
8 4 9
8 5 4
8 6 0
8 7 7
9 1 0
9 2 44
9 3 0
9 4 37
9 5 16
9 6 0
9 7 24
10 1 0
10 2 46
10 3 0
10 4 35
10 5 16
10 6 0
10 7 24
11 1 0
11 2 31
11 3 0
11 4 24
11 5 11
11 6 0
11 7 19
12 1 0
12 2 9
12 3 0
12 4 7
12 5 4
12 6 0
12 7 5
13 1 0
13 2 10
13 3 0
13 4 8
13 5 4
13 6 0
13 7 6
14 1 0
14 2 75
14 3 0
14 4 52
14 5 23
14 6 0
14 7 42
15 1 0
15 2 40
15 3 0
15 4 26
15 5 12
15 6 0
15 7 22
16 1 0
16 2 69
16 3 0
16 4 60
16 5 25
16 6 0
16 7 43
17 1 0
17 2 6
17 3 0
17 4 5
17 5 3
17 6 0
17 7 4
18 1 0
18 2 30
18 3 0
18 4 22
18 5 11
18 6 0
18 7 18
19 1 0
19 2 49
19 3 0
19 4 45
19 5 20
19 6 0
19 7 34
20 1 0
20 2 26
20 3 0
20 4 20
20 5 9
20 6 0
20 7 13

# Precedence Relations
1 9
2 3
2 4
2 5
3 9
4 7
4 8
5 6
6 9
7 9
8 10
8 11
8 12
9 13
9 14
9 15
9 16
9 17
13 20
14 18
15 19
16 18
16 19
17 19

# Parameters
R_e = 0.0500
T = 1000.0
C_s = 4.0
C_w = 36.0
C_c = 5.0
