# Tasks
1 2 3 4 5 6 7 8 9 10 11 12 13 14 15 16 17 18 19 20

# Workstations
1 2 3 4 5 6 7 8 9 10 11 12 13 14 15 16 17 18 19 20

# Modes
1 2 3 4 5 6 7

# Processing Times
1 1 46
1 2 46
1 3 51
1 4 51
1 5 40
1 6 66
1 7 66
2 1 135
2 2 127
2 3 147
2 4 139
2 5 114
2 6 187
2 7 176
3 1 114
3 2 118
3 3 123
3 4 127
3 5 106
3 6 156
3 7 161
4 1 140
4 2 138
4 3 153
4 4 151
4 5 117
4 6 185
4 7 183
5 1 58
5 2 63
5 3 62
5 4 67
5 5 52
5 6 77
5 7 84
6 1 244
6 2 219
6 3 267
6 4 239
6 5 225
6 6 353
6 7 317
7 1 158
7 2 156
7 3 168
7 4 166
7 5 133
7 6 207
7 7 205
8 1 27
8 2 28
8 3 30
8 4 31
8 5 22
8 6 36
8 7 38
9 1 142
9 2 151
9 3 153
9 4 162
9 5 117
9 6 195
9 7 207
10 1 190
10 2 187
10 3 203
10 4 200
10 5 156
10 6 252
10 7 248
11 1 31
11 2 32
11 3 33
11 4 34
11 5 29
11 6 43
11 7 44
12 1 120
12 2 103
12 3 128
12 4 110
12 5 105
12 6 157
12 7 135
13 1 186
13 2 176
13 3 204
13 4 193
13 5 159
13 6 250
13 7 237
14 1 67
14 2 64
14 3 71
14 4 68
14 5 58
14 6 96
14 7 91
15 1 300
15 2 288
15 3 328
15 4 315
15 5 264
15 6 409
15 7 393
16 1 147
16 2 160
16 3 158
16 4 172
16 5 129
16 6 190
16 7 207
17 1 276
17 2 255
17 3 295
17 4 273
17 5 250
17 6 387
17 7 357
18 1 146
18 2 132
18 3 156
18 4 141
18 5 126
18 6 197
18 7 178
19 1 52
19 2 57
19 3 56
19 4 61
19 5 48
19 6 75
19 7 83
20 1 93
20 2 81
20 3 99
20 4 86
20 5 79
20 6 122
20 7 107

# Energy Consumption
1 1 0
1 2 11
1 3 0
1 4 12
1 5 7
1 6 0
1 7 10
2 1 0
2 2 35
2 3 0
2 4 31
2 5 18
2 6 0
2 7 25
3 1 0
3 2 27
3 3 0
3 4 25
3 5 16
3 6 0
3 7 21
4 1 0
4 2 41
4 3 0
4 4 29
4 5 17
4 6 0
4 7 24
5 1 0
5 2 16
5 3 0
5 4 14
5 5 9
5 6 0
5 7 12
6 1 0
6 2 54
6 3 0
6 4 45
6 5 36
6 6 0
6 7 44
7 1 0
7 2 45
7 3 0
7 4 34
7 5 21
7 6 0
7 7 31
8 1 0
8 2 8
8 3 0
8 4 7
8 5 4
8 6 0
8 7 5
9 1 0
9 2 41
9 3 0
9 4 35
9 5 19
9 6 0
9 7 26
10 1 0
10 2 46
10 3 0
10 4 44
10 5 24
10 6 0
10 7 32
11 1 0
11 2 9
11 3 0
11 4 7
11 5 5
11 6 0
11 7 7
12 1 0
12 2 24
12 3 0
12 4 25
12 5 17
12 6 0
12 7 18
13 1 0
13 2 47
13 3 0
13 4 37
13 5 25
13 6 0
13 7 33
14 1 0
14 2 18
14 3 0
14 4 14
14 5 10
14 6 0
14 7 12
15 1 0
15 2 80
15 3 0
15 4 68
15 5 41
15 6 0
15 7 52
16 1 0
16 2 46
16 3 0
16 4 33
16 5 21
16 6 0
16 7 30
17 1 0
17 2 63
17 3 0
17 4 56
17 5 39
17 6 0
17 7 53
18 1 0
18 2 36
18 3 0
18 4 29
18 5 20
18 6 0
18 7 22
19 1 0
19 2 13
19 3 0
19 4 12
19 5 8
19 6 0
19 7 11
20 1 0
20 2 21
20 3 0
20 4 18
20 5 12
20 6 0
20 7 15

# Precedence Relations
1 5
2 6
3 7
5 11
6 8
6 9
6 10
6 12
8 15
9 13
10 14
11 16
12 17
13 18
14 19
15 20

# Parameters
R_e = 0.0500
T = 1000.0
C_s = 4.0
C_w = 36.0
C_c = 5.0
