# Tasks
1 2 3 4 5 6 7 8 9 10 11 12 13 14 15 16 17 18 19 20

# Workstations
1 2 3 4 5 6 7 8 9 10 11 12 13 14 15 16 17 18 19 20

# Modes
1 2 3 4 5 6 7

# Processing Times
1 1 209
1 2 179
1 3 230
1 4 197
1 5 196
1 6 294
1 7 252
2 1 93
2 2 80
2 3 103
2 4 88
2 5 88
2 6 131
2 7 113
3 1 197
3 2 169
3 3 217
3 4 186
3 5 185
3 6 277
3 7 238
4 1 223
4 2 191
4 3 246
4 4 210
4 5 210
4 6 314
4 7 269
5 1 75
5 2 64
5 3 83
5 4 71
5 5 71
5 6 106
5 7 90
6 1 92
6 2 79
6 3 102
6 4 87
6 5 87
6 6 130
6 7 111
7 1 36
7 2 31
7 3 40
7 4 35
7 5 34
7 6 51
7 7 44
8 1 27
8 2 24
8 3 30
8 4 27
8 5 26
8 6 38
8 7 34
9 1 26
9 2 23
9 3 29
9 4 26
9 5 25
9 6 37
9 7 33
10 1 114
10 2 98
10 3 126
10 4 108
10 5 107
10 6 161
10 7 138
11 1 128
11 2 110
11 3 141
11 4 121
11 5 120
11 6 180
11 7 155
12 1 229
12 2 196
12 3 252
12 4 216
12 5 215
12 6 322
12 7 276
13 1 383
13 2 327
13 3 421
13 4 360
13 5 359
13 6 538
13 7 460
14 1 113
14 2 97
14 3 125
14 4 107
14 5 106
14 6 159
14 7 137
15 1 217
15 2 186
15 3 239
15 4 205
15 5 204
15 6 305
15 7 262
16 1 306
16 2 261
16 3 337
16 4 287
16 5 287
16 6 430
16 7 367
17 1 50
17 2 43
17 3 55
17 4 48
17 5 47
17 6 71
17 7 61
18 1 125
18 2 107
18 3 138
18 4 118
18 5 118
18 6 176
18 7 151
19 1 68
19 2 58
19 3 75
19 4 64
19 5 64
19 6 96
19 7 82
20 1 120
20 2 103
20 3 132
20 4 114
20 5 113
20 6 169
20 7 145

# Energy Consumption
1 1 0
1 2 40
1 3 0
1 4 43
1 5 32
1 6 0
1 7 37
2 1 0
2 2 22
2 3 0
2 4 20
2 5 14
2 6 0
2 7 16
3 1 0
3 2 38
3 3 0
3 4 37
3 5 27
3 6 0
3 7 30
4 1 0
4 2 57
4 3 0
4 4 41
4 5 31
4 6 0
4 7 35
5 1 0
5 2 17
5 3 0
5 4 15
5 5 12
5 6 0
5 7 13
6 1 0
6 2 20
6 3 0
6 4 17
6 5 14
6 6 0
6 7 16
7 1 0
7 2 9
7 3 0
7 4 7
7 5 6
7 6 0
7 7 7
8 1 0
8 2 7
8 3 0
8 4 6
8 5 5
8 6 0
8 7 5
9 1 0
9 2 7
9 3 0
9 4 6
9 5 4
9 6 0
9 7 5
10 1 0
10 2 25
10 3 0
10 4 24
10 5 17
10 6 0
10 7 18
11 1 0
11 2 28
11 3 0
11 4 23
11 5 17
11 6 0
11 7 22
12 1 0
12 2 45
12 3 0
12 4 48
12 5 34
12 6 0
12 7 36
13 1 0
13 2 87
13 3 0
13 4 68
13 5 56
13 6 0
13 7 64
14 1 0
14 2 27
14 3 0
14 4 21
14 5 17
14 6 0
14 7 18
15 1 0
15 2 52
15 3 0
15 4 45
15 5 32
15 6 0
15 7 35
16 1 0
16 2 74
16 3 0
16 4 55
16 5 46
16 6 0
16 7 52
17 1 0
17 2 11
17 3 0
17 4 10
17 5 8
17 6 0
17 7 10
18 1 0
18 2 29
18 3 0
18 4 24
18 5 19
18 6 0
18 7 19
19 1 0
19 2 14
19 3 0
19 4 13
19 5 10
19 6 0
19 7 10
20 1 0
20 2 26
20 3 0
20 4 24
20 5 17
20 6 0
20 7 20

# Precedence Relations
1 10
2 10
4 9
6 7
6 8
7 10
8 10
9 11
9 12
9 13
9 14
10 15
10 16
10 17
10 18
10 19
18 20

# Parameters
R_e = 0.0500
T = 1000.0
C_s = 4.0
C_w = 36.0
C_c = 5.0
