# Tasks
1 2 3 4 5 6 7 8 9 10 11 12 13 14 15 16 17 18 19 20

# Workstations
1 2 3 4 5 6 7 8 9 10 11 12 13 14 15 16 17 18 19 20

# Modes
1 2 3 4 5 6 7

# Processing Times
1 1 141
1 2 333
1 3 133
1 4 314
1 5 85
1 6 179
1 7 421
2 1 118
2 2 279
2 3 112
2 4 263
2 5 71
2 6 149
2 7 353
3 1 136
3 2 322
3 3 129
3 4 304
3 5 82
3 6 172
3 7 407
4 1 117
4 2 277
4 3 111
4 4 262
4 5 70
4 6 148
4 7 350
5 1 140
5 2 331
5 3 132
5 4 312
5 5 84
5 6 177
5 7 418
6 1 194
6 2 459
6 3 183
6 4 433
6 5 116
6 6 245
6 7 580
7 1 110
7 2 260
7 3 104
7 4 246
7 5 66
7 6 139
7 7 329
8 1 69
8 2 163
8 3 66
8 4 154
8 5 42
8 6 88
8 7 206
9 1 80
9 2 189
9 3 76
9 4 179
9 5 48
9 6 102
9 7 239
10 1 219
10 2 518
10 3 207
10 4 489
10 5 131
10 6 277
10 7 655
11 1 155
11 2 367
11 3 147
11 4 346
11 5 93
11 6 196
11 7 464
12 1 168
12 2 397
12 3 159
12 4 375
12 5 101
12 6 213
12 7 502
13 1 60
13 2 142
13 3 57
13 4 134
13 5 36
13 6 76
13 7 180
14 1 185
14 2 437
14 3 175
14 4 412
14 5 111
14 6 234
14 7 552
15 1 218
15 2 515
15 3 206
15 4 486
15 5 131
15 6 276
15 7 651
16 1 192
16 2 454
16 3 181
16 4 428
16 5 115
16 6 243
16 7 574
17 1 148
17 2 350
17 3 140
17 4 330
17 5 89
17 6 187
17 7 442
18 1 102
18 2 241
18 3 97
18 4 228
18 5 61
18 6 129
18 7 305
19 1 214
19 2 506
19 3 202
19 4 477
19 5 128
19 6 271
19 7 639
20 1 140
20 2 331
20 3 132
20 4 312
20 5 84
20 6 177
20 7 418

# Energy Consumption
1 1 0
1 2 95
1 3 0
1 4 61
1 5 14
1 6 0
1 7 52
2 1 0
2 2 66
2 3 0
2 4 50
2 5 11
2 6 0
2 7 52
3 1 0
3 2 81
3 3 0
3 4 62
3 5 12
3 6 0
3 7 56
4 1 0
4 2 69
4 3 0
4 4 54
4 5 11
4 6 0
4 7 45
5 1 0
5 2 80
5 3 0
5 4 66
5 5 13
5 6 0
5 7 53
6 1 0
6 2 112
6 3 0
6 4 95
6 5 18
6 6 0
6 7 76
7 1 0
7 2 66
7 3 0
7 4 51
7 5 11
7 6 0
7 7 46
8 1 0
8 2 43
8 3 0
8 4 33
8 5 6
8 6 0
8 7 30
9 1 0
9 2 42
9 3 0
9 4 35
9 5 8
9 6 0
9 7 29
10 1 0
10 2 133
10 3 0
10 4 103
10 5 20
10 6 0
10 7 80
11 1 0
11 2 88
11 3 0
11 4 66
11 5 14
11 6 0
11 7 58
12 1 0
12 2 99
12 3 0
12 4 73
12 5 15
12 6 0
12 7 61
13 1 0
13 2 42
13 3 0
13 4 26
13 5 6
13 6 0
13 7 26
14 1 0
14 2 126
14 3 0
14 4 79
14 5 18
14 6 0
14 7 79
15 1 0
15 2 119
15 3 0
15 4 93
15 5 21
15 6 0
15 7 84
16 1 0
16 2 109
16 3 0
16 4 93
16 5 17
16 6 0
16 7 70
17 1 0
17 2 92
17 3 0
17 4 64
17 5 14
17 6 0
17 7 54
18 1 0
18 2 62
18 3 0
18 4 43
18 5 10
18 6 0
18 7 44
19 1 0
19 2 133
19 3 0
19 4 86
19 5 21
19 6 0
19 7 90
20 1 0
20 2 86
20 3 0
20 4 59
20 5 12
20 6 0
20 7 60

# Precedence Relations
1 5
2 7
3 6
3 10
4 8
4 9
4 10
5 13
6 11
7 12
8 18
9 15
10 13
11 15
12 15
13 14
13 15
14 16
15 17
15 18
15 19
16 20
17 20
18 20
19 20

# Parameters
R_e = 0.0500
T = 1000.0
C_s = 4.0
C_w = 36.0
C_c = 5.0
