# Tasks
1 2 3 4 5 6 7 8 9 10 11 12 13 14 15 16 17 18 19 20

# Workstations
1 2 3 4 5 6 7 8 9 10 11 12 13 14 15 16 17 18 19 20

# Modes
1 2 3 4 5 6 7

# Processing Times
1 1 88
1 2 112
1 3 80
1 4 102
1 5 83
1 6 105
1 7 134
2 1 95
2 2 121
2 3 87
2 4 110
2 5 89
2 6 113
2 7 144
3 1 105
3 2 134
3 3 96
3 4 122
3 5 98
3 6 125
3 7 160
4 1 140
4 2 178
4 3 128
4 4 162
4 5 131
4 6 167
4 7 212
5 1 114
5 2 145
5 3 104
5 4 132
5 5 107
5 6 136
5 7 173
6 1 123
6 2 157
6 3 112
6 4 143
6 5 115
6 6 147
6 7 187
7 1 250
7 2 318
7 3 227
7 4 289
7 5 234
7 6 297
7 7 378
8 1 90
8 2 115
8 3 82
8 4 105
8 5 84
8 6 107
8 7 137
9 1 61
9 2 78
9 3 56
9 4 71
9 5 57
9 6 73
9 7 93
10 1 107
10 2 136
10 3 98
10 4 124
10 5 100
10 6 128
10 7 162
11 1 68
11 2 87
11 3 62
11 4 79
11 5 64
11 6 81
11 7 104
12 1 155
12 2 197
12 3 141
12 4 179
12 5 145
12 6 185
12 7 235
13 1 142
13 2 181
13 3 129
13 4 165
13 5 133
13 6 169
13 7 216
14 1 21
14 2 27
14 3 20
14 4 25
14 5 20
14 6 25
14 7 33
15 1 106
15 2 135
15 3 97
15 4 123
15 5 99
15 6 126
15 7 161
16 1 67
16 2 85
16 3 61
16 4 78
16 5 63
16 6 80
16 7 101
17 1 52
17 2 66
17 3 48
17 4 60
17 5 49
17 6 62
17 7 79
18 1 55
18 2 70
18 3 50
18 4 64
18 5 52
18 6 66
18 7 84
19 1 51
19 2 65
19 3 47
19 4 59
19 5 48
19 6 61
19 7 78
20 1 82
20 2 105
20 3 75
20 4 96
20 5 77
20 6 98
20 7 125

# Energy Consumption
1 1 0
1 2 27
1 3 0
1 4 22
1 5 13
1 6 0
1 7 19
2 1 0
2 2 30
2 3 0
2 4 23
2 5 14
2 6 0
2 7 21
3 1 0
3 2 38
3 3 0
3 4 23
3 5 14
3 6 0
3 7 22
4 1 0
4 2 51
4 3 0
4 4 35
4 5 20
4 6 0
4 7 30
5 1 0
5 2 37
5 3 0
5 4 25
5 5 16
5 6 0
5 7 26
6 1 0
6 2 38
6 3 0
6 4 30
6 5 19
6 6 0
6 7 28
7 1 0
7 2 81
7 3 0
7 4 58
7 5 37
7 6 0
7 7 55
8 1 0
8 2 28
8 3 0
8 4 22
8 5 13
8 6 0
8 7 21
9 1 0
9 2 22
9 3 0
9 4 16
9 5 9
9 6 0
9 7 14
10 1 0
10 2 36
10 3 0
10 4 27
10 5 15
10 6 0
10 7 25
11 1 0
11 2 26
11 3 0
11 4 16
11 5 10
11 6 0
11 7 14
12 1 0
12 2 50
12 3 0
12 4 38
12 5 22
12 6 0
12 7 35
13 1 0
13 2 49
13 3 0
13 4 36
13 5 19
13 6 0
13 7 30
14 1 0
14 2 7
14 3 0
14 4 6
14 5 3
14 6 0
14 7 5
15 1 0
15 2 33
15 3 0
15 4 26
15 5 15
15 6 0
15 7 24
16 1 0
16 2 19
16 3 0
16 4 18
16 5 10
16 6 0
16 7 13
17 1 0
17 2 19
17 3 0
17 4 11
17 5 8
17 6 0
17 7 11
18 1 0
18 2 21
18 3 0
18 4 13
18 5 8
18 6 0
18 7 13
19 1 0
19 2 16
19 3 0
19 4 11
19 5 7
19 6 0
19 7 10
20 1 0
20 2 25
20 3 0
20 4 20
20 5 12
20 6 0
20 7 19

# Precedence Relations
1 4
2 6
3 5
3 6
4 7
5 7
5 8
6 7
7 9
7 11
7 12
8 10
8 11
8 20
9 13
10 16
12 14
12 15
12 19
13 17
14 20
15 18
16 19

# Parameters
R_e = 0.0500
T = 1000.0
C_s = 4.0
C_w = 36.0
C_c = 5.0
