# Tasks
1 2 3 4 5 6 7 8 9 10 11 12 13 14 15 16 17 18 19 20 21 22 23 24 25 26 27 28 29 30 31 32 33 34 35 36 37 38 39 40 41 42 43 44 45 46 47 48 49 50 51 52 53 54 55 56 57 58 59 60 61 62 63 64 65 66 67 68 69 70 71 72 73 74 75 76 77 78 79 80 81 82 83 84 85 86 87 88 89

# Workstations
1 2 3 4 5 6 7 8 9 10 11 12 13 14 15 16 17 18 19 20 21 22 23 24 25 26 27 28 29 30 31 32 33 34 35 36 37 38 39 40 41 42 43 44 45 46 47 48 49 50 51 52 53 54 55 56 57 58 59 60 61 62 63 64 65 66 67 68 69 70 71 72 73 74 75 76 77 78 79 80 81 82 83 84 85 86 87 88 89

# Modes
1 2 3 4 5 6 7

# Processing Times
1 1 1
1 2 2
1 3 2
1 4 3
1 5 1
1 6 2
1 7 3
2 1 2
2 2 3
2 3 3
2 4 4
2 5 1
2 6 3
2 7 5
3 1 3
3 2 5
3 3 3
3 4 5
3 5 2
3 6 5
3 7 7
4 1 4
4 2 6
4 3 5
4 4 7
4 5 2
4 6 6
4 7 8
5 1 5
5 2 8
5 3 5
5 4 8
5 5 2
5 6 7
5 7 11
6 1 6
6 2 8
6 3 6
6 4 8
6 5 3
6 6 8
6 7 11
7 1 7
7 2 9
7 3 8
7 4 10
7 5 3
7 6 9
7 7 12
8 1 8
8 2 11
8 3 9
8 4 12
8 5 3
8 6 12
8 7 16
9 1 9
9 2 15
9 3 10
9 4 16
9 5 3
9 6 13
9 7 21
10 1 10
10 2 14
10 3 10
10 4 14
10 5 4
10 6 15
10 7 20
11 1 1
11 2 2
11 3 1
11 4 2
11 5 1
11 6 2
11 7 3
12 1 2
12 2 3
12 3 3
12 4 4
12 5 1
12 6 3
12 7 4
13 1 3
13 2 5
13 3 3
13 4 5
13 5 2
13 6 4
13 7 7
14 1 4
14 2 7
14 3 5
14 4 8
14 5 2
14 6 6
14 7 11
15 1 5
15 2 8
15 3 6
15 4 9
15 5 2
15 6 8
15 7 12
16 1 6
16 2 10
16 3 6
16 4 10
16 5 2
16 6 8
16 7 13
17 1 7
17 2 11
17 3 8
17 4 12
17 5 3
17 6 10
17 7 15
18 1 8
18 2 11
18 3 9
18 4 12
18 5 4
18 6 11
18 7 16
19 1 9
19 2 14
19 3 9
19 4 14
19 5 4
19 6 13
19 7 19
20 1 10
20 2 15
20 3 11
20 4 16
20 5 4
20 6 14
20 7 21
21 1 1
21 2 2
21 3 2
21 4 3
21 5 1
21 6 2
21 7 3
22 1 2
22 2 3
22 3 3
22 4 4
22 5 1
22 6 3
22 7 5
23 1 3
23 2 5
23 3 4
23 4 6
23 5 2
23 6 4
23 7 7
24 1 4
24 2 7
24 3 4
24 4 7
24 5 2
24 6 6
24 7 11
25 1 5
25 2 7
25 3 6
25 4 8
25 5 2
25 6 7
25 7 10
26 1 6
26 2 8
26 3 6
26 4 8
26 5 3
26 6 9
26 7 12
27 1 7
27 2 9
27 3 8
27 4 10
27 5 3
27 6 10
27 7 13
28 1 8
28 2 13
28 3 9
28 4 14
28 5 3
28 6 12
28 7 19
29 1 9
29 2 14
29 3 10
29 4 15
29 5 4
29 6 13
29 7 20
30 1 10
30 2 15
30 3 11
30 4 16
30 5 5
30 6 13
30 7 20
31 1 1
31 2 2
31 3 2
31 4 3
31 5 1
31 6 2
31 7 3
32 1 2
32 2 3
32 3 2
32 4 3
32 5 1
32 6 3
32 7 5
33 1 3
33 2 4
33 3 3
33 4 4
33 5 2
33 6 5
33 7 6
34 1 4
34 2 6
34 3 5
34 4 7
34 5 2
34 6 6
34 7 9
35 1 5
35 2 7
35 3 5
35 4 7
35 5 2
35 6 7
35 7 10
36 1 6
36 2 8
36 3 6
36 4 8
36 5 3
36 6 8
36 7 11
37 1 7
37 2 10
37 3 8
37 4 11
37 5 3
37 6 10
37 7 14
38 1 8
38 2 12
38 3 9
38 4 13
38 5 3
38 6 11
38 7 17
39 1 9
39 2 12
39 3 10
39 4 13
39 5 4
39 6 13
39 7 17
40 1 10
40 2 14
40 3 11
40 4 15
40 5 4
40 6 14
40 7 19
41 1 1
41 2 2
41 3 2
41 4 3
41 5 1
41 6 2
41 7 3
42 1 2
42 2 4
42 3 3
42 4 5
42 5 1
42 6 3
42 7 6
43 1 3
43 2 5
43 3 4
43 4 6
43 5 2
43 6 5
43 7 8
44 1 4
44 2 6
44 3 5
44 4 7
44 5 2
44 6 6
44 7 8
45 1 5
45 2 7
45 3 6
45 4 8
45 5 2
45 6 7
45 7 10
46 1 6
46 2 8
46 3 7
46 4 9
46 5 3
46 6 8
46 7 11
47 1 7
47 2 10
47 3 7
47 4 10
47 5 4
47 6 10
47 7 14
48 1 8
48 2 12
48 3 8
48 4 12
48 5 4
48 6 11
48 7 16
49 1 9
49 2 12
49 3 10
49 4 13
49 5 4
49 6 13
49 7 17
50 1 10
50 2 15
50 3 10
50 4 15
50 5 4
50 6 14
50 7 21
51 1 1
51 2 2
51 3 2
51 4 3
51 5 1
51 6 2
51 7 3
52 1 2
52 2 4
52 3 3
52 4 5
52 5 1
52 6 3
52 7 6
53 1 3
53 2 5
53 3 3
53 4 5
53 5 2
53 6 5
53 7 7
54 1 4
54 2 6
54 3 5
54 4 7
54 5 2
54 6 6
54 7 9
55 1 5
55 2 8
55 3 6
55 4 9
55 5 2
55 6 7
55 7 12
56 1 6
56 2 9
56 3 6
56 4 9
56 5 3
56 6 8
56 7 12
57 1 7
57 2 11
57 3 7
57 4 11
57 5 3
57 6 10
57 7 16
58 1 8
58 2 12
58 3 8
58 4 12
58 5 3
58 6 12
58 7 17
59 1 9
59 2 13
59 3 9
59 4 13
59 5 5
59 6 13
59 7 18
60 1 10
60 2 14
60 3 11
60 4 15
60 5 4
60 6 13
60 7 18
61 1 1
61 2 2
61 3 1
61 4 2
61 5 1
61 6 2
61 7 3
62 1 2
62 2 3
62 3 3
62 4 4
62 5 1
62 6 3
62 7 4
63 1 3
63 2 5
63 3 4
63 4 6
63 5 1
63 6 5
63 7 8
64 1 4
64 2 7
64 3 4
64 4 7
64 5 2
64 6 6
64 7 10
65 1 5
65 2 8
65 3 5
65 4 8
65 5 2
65 6 7
65 7 11
66 1 6
66 2 9
66 3 6
66 4 9
66 5 3
66 6 9
66 7 13
67 1 7
67 2 11
67 3 8
67 4 12
67 5 3
67 6 10
67 7 15
68 1 8
68 2 13
68 3 9
68 4 14
68 5 4
68 6 11
68 7 17
69 1 9
69 2 14
69 3 10
69 4 15
69 5 3
69 6 13
69 7 20
70 1 10
70 2 15
70 3 11
70 4 16
70 5 4
70 6 15
70 7 22
71 1 1
71 2 2
71 3 1
71 4 2
71 5 1
71 6 2
71 7 3
72 1 2
72 2 4
72 3 2
72 4 4
72 5 1
72 6 3
72 7 6
73 1 3
73 2 4
73 3 3
73 4 4
73 5 2
73 6 4
73 7 6
74 1 4
74 2 6
74 3 4
74 4 6
74 5 2
74 6 6
74 7 9
75 1 5
75 2 8
75 3 6
75 4 9
75 5 2
75 6 7
75 7 11
76 1 6
76 2 9
76 3 6
76 4 9
76 5 3
76 6 8
76 7 12
77 1 7
77 2 11
77 3 8
77 4 12
77 5 3
77 6 10
77 7 16
78 1 8
78 2 12
78 3 8
78 4 12
78 5 4
78 6 12
78 7 18
79 1 9
79 2 13
79 3 9
79 4 13
79 5 3
79 6 12
79 7 18
80 1 10
80 2 15
80 3 10
80 4 15
80 5 5
80 6 15
80 7 22
81 1 1
81 2 2
81 3 2
81 4 3
81 5 1
81 6 2
81 7 3
82 1 2
82 2 4
82 3 3
82 4 5
82 5 1
82 6 3
82 7 6
83 1 3
83 2 5
83 3 4
83 4 6
83 5 1
83 6 5
83 7 8
84 1 4
84 2 6
84 3 4
84 4 6
84 5 2
84 6 6
84 7 9
85 1 5
85 2 7
85 3 6
85 4 8
85 5 3
85 6 7
85 7 9
86 1 6
86 2 9
86 3 6
86 4 9
86 5 3
86 6 9
86 7 13
87 1 7
87 2 11
87 3 8
87 4 12
87 5 3
87 6 9
87 7 15
88 1 8
88 2 12
88 3 9
88 4 13
88 5 4
88 6 12
88 7 17
89 1 9
89 2 13
89 3 9
89 4 13
89 5 3
89 6 13
89 7 19

# Energy Consumption
1 1 0
1 2 1
1 3 0
1 4 1
1 5 1
1 6 0
1 7 1
2 1 0
2 2 1
2 3 0
2 4 1
2 5 1
2 6 0
2 7 1
3 1 0
3 2 2
3 3 0
3 4 1
3 5 1
3 6 0
3 7 1
4 1 0
4 2 2
4 3 0
4 4 2
4 5 1
4 6 0
4 7 2
5 1 0
5 2 3
5 3 0
5 4 2
5 5 1
5 6 0
5 7 2
6 1 0
6 2 3
6 3 0
6 4 2
6 5 1
6 6 0
6 7 2
7 1 0
7 2 3
7 3 0
7 4 3
7 5 1
7 6 0
7 7 2
8 1 0
8 2 4
8 3 0
8 4 3
8 5 1
8 6 0
8 7 2
9 1 0
9 2 4
9 3 0
9 4 3
9 5 1
9 6 0
9 7 3
10 1 0
10 2 4
10 3 0
10 4 3
10 5 1
10 6 0
10 7 3
11 1 0
11 2 1
11 3 0
11 4 1
11 5 1
11 6 0
11 7 1
12 1 0
12 2 1
12 3 0
12 4 1
12 5 1
12 6 0
12 7 1
13 1 0
13 2 2
13 3 0
13 4 2
13 5 1
13 6 0
13 7 1
14 1 0
14 2 2
14 3 0
14 4 2
14 5 1
14 6 0
14 7 2
15 1 0
15 2 3
15 3 0
15 4 2
15 5 1
15 6 0
15 7 2
16 1 0
16 2 3
16 3 0
16 4 2
16 5 1
16 6 0
16 7 2
17 1 0
17 2 4
17 3 0
17 4 3
17 5 1
17 6 0
17 7 3
18 1 0
18 2 3
18 3 0
18 4 3
18 5 1
18 6 0
18 7 3
19 1 0
19 2 4
19 3 0
19 4 3
19 5 1
19 6 0
19 7 3
20 1 0
20 2 5
20 3 0
20 4 4
20 5 1
20 6 0
20 7 3
21 1 0
21 2 1
21 3 0
21 4 1
21 5 1
21 6 0
21 7 1
22 1 0
22 2 1
22 3 0
22 4 1
22 5 1
22 6 0
22 7 1
23 1 0
23 2 2
23 3 0
23 4 2
23 5 1
23 6 0
23 7 1
24 1 0
24 2 2
24 3 0
24 4 2
24 5 1
24 6 0
24 7 2
25 1 0
25 2 2
25 3 0
25 4 2
25 5 1
25 6 0
25 7 2
26 1 0
26 2 2
26 3 0
26 4 2
26 5 1
26 6 0
26 7 2
27 1 0
27 2 3
27 3 0
27 4 2
27 5 1
27 6 0
27 7 2
28 1 0
28 2 4
28 3 0
28 4 3
28 5 1
28 6 0
28 7 3
29 1 0
29 2 4
29 3 0
29 4 3
29 5 1
29 6 0
29 7 3
30 1 0
30 2 5
30 3 0
30 4 4
30 5 1
30 6 0
30 7 3
31 1 0
31 2 1
31 3 0
31 4 1
31 5 1
31 6 0
31 7 1
32 1 0
32 2 1
32 3 0
32 4 1
32 5 1
32 6 0
32 7 1
33 1 0
33 2 1
33 3 0
33 4 1
33 5 1
33 6 0
33 7 1
34 1 0
34 2 2
34 3 0
34 4 2
34 5 1
34 6 0
34 7 2
35 1 0
35 2 2
35 3 0
35 4 2
35 5 1
35 6 0
35 7 2
36 1 0
36 2 2
36 3 0
36 4 2
36 5 1
36 6 0
36 7 2
37 1 0
37 2 3
37 3 0
37 4 3
37 5 1
37 6 0
37 7 3
38 1 0
38 2 4
38 3 0
38 4 3
38 5 1
38 6 0
38 7 3
39 1 0
39 2 3
39 3 0
39 4 3
39 5 1
39 6 0
39 7 3
40 1 0
40 2 4
40 3 0
40 4 4
40 5 1
40 6 0
40 7 3
41 1 0
41 2 1
41 3 0
41 4 1
41 5 1
41 6 0
41 7 1
42 1 0
42 2 2
42 3 0
42 4 1
42 5 1
42 6 0
42 7 1
43 1 0
43 2 2
43 3 0
43 4 2
43 5 1
43 6 0
43 7 2
44 1 0
44 2 2
44 3 0
44 4 2
44 5 1
44 6 0
44 7 2
45 1 0
45 2 2
45 3 0
45 4 2
45 5 1
45 6 0
45 7 2
46 1 0
46 2 3
46 3 0
46 4 2
46 5 1
46 6 0
46 7 2
47 1 0
47 2 3
47 3 0
47 4 2
47 5 1
47 6 0
47 7 2
48 1 0
48 2 4
48 3 0
48 4 3
48 5 1
48 6 0
48 7 3
49 1 0
49 2 3
49 3 0
49 4 3
49 5 1
49 6 0
49 7 3
50 1 0
50 2 5
50 3 0
50 4 4
50 5 1
50 6 0
50 7 4
51 1 0
51 2 1
51 3 0
51 4 1
51 5 1
51 6 0
51 7 1
52 1 0
52 2 2
52 3 0
52 4 1
52 5 1
52 6 0
52 7 1
53 1 0
53 2 2
53 3 0
53 4 1
53 5 1
53 6 0
53 7 1
54 1 0
54 2 2
54 3 0
54 4 2
54 5 1
54 6 0
54 7 2
55 1 0
55 2 2
55 3 0
55 4 2
55 5 1
55 6 0
55 7 2
56 1 0
56 2 3
56 3 0
56 4 2
56 5 1
56 6 0
56 7 2
57 1 0
57 2 3
57 3 0
57 4 3
57 5 1
57 6 0
57 7 3
58 1 0
58 2 3
58 3 0
58 4 3
58 5 1
58 6 0
58 7 3
59 1 0
59 2 4
59 3 0
59 4 3
59 5 1
59 6 0
59 7 3
60 1 0
60 2 4
60 3 0
60 4 4
60 5 1
60 6 0
60 7 3
61 1 0
61 2 1
61 3 0
61 4 1
61 5 1
61 6 0
61 7 1
62 1 0
62 2 1
62 3 0
62 4 1
62 5 1
62 6 0
62 7 1
63 1 0
63 2 2
63 3 0
63 4 2
63 5 1
63 6 0
63 7 2
64 1 0
64 2 2
64 3 0
64 4 2
64 5 1
64 6 0
64 7 2
65 1 0
65 2 3
65 3 0
65 4 2
65 5 1
65 6 0
65 7 2
66 1 0
66 2 3
66 3 0
66 4 2
66 5 1
66 6 0
66 7 2
67 1 0
67 2 3
67 3 0
67 4 3
67 5 1
67 6 0
67 7 3
68 1 0
68 2 4
68 3 0
68 4 3
68 5 1
68 6 0
68 7 3
69 1 0
69 2 5
69 3 0
69 4 4
69 5 1
69 6 0
69 7 3
70 1 0
70 2 5
70 3 0
70 4 3
70 5 1
70 6 0
70 7 4
71 1 0
71 2 1
71 3 0
71 4 1
71 5 1
71 6 0
71 7 1
72 1 0
72 2 2
72 3 0
72 4 1
72 5 1
72 6 0
72 7 1
73 1 0
73 2 1
73 3 0
73 4 1
73 5 1
73 6 0
73 7 1
74 1 0
74 2 2
74 3 0
74 4 2
74 5 1
74 6 0
74 7 2
75 1 0
75 2 3
75 3 0
75 4 2
75 5 1
75 6 0
75 7 2
76 1 0
76 2 3
76 3 0
76 4 2
76 5 1
76 6 0
76 7 2
77 1 0
77 2 4
77 3 0
77 4 3
77 5 1
77 6 0
77 7 3
78 1 0
78 2 3
78 3 0
78 4 3
78 5 1
78 6 0
78 7 3
79 1 0
79 2 4
79 3 0
79 4 3
79 5 1
79 6 0
79 7 3
80 1 0
80 2 4
80 3 0
80 4 3
80 5 1
80 6 0
80 7 3
81 1 0
81 2 1
81 3 0
81 4 1
81 5 1
81 6 0
81 7 1
82 1 0
82 2 2
82 3 0
82 4 1
82 5 1
82 6 0
82 7 1
83 1 0
83 2 2
83 3 0
83 4 2
83 5 1
83 6 0
83 7 1
84 1 0
84 2 2
84 3 0
84 4 2
84 5 1
84 6 0
84 7 2
85 1 0
85 2 2
85 3 0
85 4 2
85 5 1
85 6 0
85 7 2
86 1 0
86 2 3
86 3 0
86 4 2
86 5 1
86 6 0
86 7 2
87 1 0
87 2 3
87 3 0
87 4 3
87 5 1
87 6 0
87 7 3
88 1 0
88 2 4
88 3 0
88 4 3
88 5 1
88 6 0
88 7 3
89 1 0
89 2 4
89 3 0
89 4 3
89 5 1
89 6 0
89 7 3

# Precedence Relations
1 2
2 3
3 4
4 5
4 6
4 7
4 8
4 9
5 10
6 11
7 12
8 18
9 18
10 14
11 12
12 13
13 14
14 15
14 16
15 17
16 54
17 18
18 19
18 20
19 22
20 21
20 28
21 54
22 23
23 24
24 25
25 26
25 27
25 29
26 37
27 33
28 29
29 31
30 54
31 32
32 33
33 34
34 35
35 36
35 37
36 38
37 38
38 39
39 40
39 41
39 42
39 43
40 44
41 53
42 53
43 45
44 52
45 46
46 47
47 48
47 49
49 50
50 51
51 52
52 53
53 68
53 69
53 70
53 71
54 55
55 56
56 57
57 58
57 59
57 60
57 61
57 62
57 63
57 64
57 65
57 66
58 67
59 67
60 67
61 67
62 67
63 67
64 67
65 67
66 67
67 73
68 72
69 72
70 72
71 73
72 78
72 80
73 74
74 75
74 76
75 77
76 81
77 78
78 79
79 81
80 81
80 87
81 82
81 84
81 85
82 83
83 86
84 86
85 86
86 87
86 89
87 88
87 89

# Parameters
R_e = 0.0500
T = 600.0
C_s = 4.0
C_w = 36.0
C_c = 5.0
