# Tasks
1 2 3 4 5 6 7 8 9 10 11 12 13 14 15 16 17 18 19 20

# Workstations
1 2 3 4 5 6 7 8 9 10 11 12 13 14 15 16 17 18 19 20

# Modes
1 2 3 4 5 6 7

# Processing Times
1 1 165
1 2 390
1 3 156
1 4 368
1 5 99
1 6 209
1 7 493
2 1 79
2 2 187
2 3 75
2 4 177
2 5 48
2 6 100
2 7 237
3 1 84
3 2 199
3 3 80
3 4 188
3 5 51
3 6 107
3 7 252
4 1 234
4 2 553
4 3 221
4 4 522
4 5 140
4 6 296
4 7 699
5 1 79
5 2 187
5 3 75
5 4 177
5 5 48
5 6 100
5 7 237
6 1 241
6 2 570
6 3 228
6 4 538
6 5 144
6 6 305
6 7 720
7 1 74
7 2 175
7 3 70
7 4 165
7 5 45
7 6 94
7 7 221
8 1 96
8 2 227
8 3 91
8 4 214
8 5 58
8 6 122
8 7 287
9 1 44
9 2 104
9 3 42
9 4 99
9 5 27
9 6 56
9 7 132
10 1 225
10 2 532
10 3 213
10 4 502
10 5 135
10 6 285
10 7 672
11 1 77
11 2 182
11 3 73
11 4 172
11 5 46
11 6 98
11 7 230
12 1 124
12 2 293
12 3 117
12 4 277
12 5 75
12 6 157
12 7 370
13 1 119
13 2 282
13 3 113
13 4 266
13 5 72
13 6 151
13 7 357
14 1 160
14 2 378
14 3 151
14 4 357
14 5 96
14 6 203
14 7 478
15 1 41
15 2 97
15 3 39
15 4 92
15 5 25
15 6 52
15 7 123
16 1 204
16 2 482
16 3 193
16 4 455
16 5 122
16 6 258
16 7 609
17 1 319
17 2 754
17 3 301
17 4 711
17 5 191
17 6 403
17 7 953
18 1 248
18 2 586
18 3 234
18 4 553
18 5 149
18 6 314
18 7 740
19 1 127
19 2 300
19 3 120
19 4 283
19 5 76
19 6 161
19 7 379
20 1 84
20 2 199
20 3 80
20 4 188
20 5 51
20 6 107
20 7 252

# Energy Consumption
1 1 0
1 2 111
1 3 0
1 4 71
1 5 16
1 6 0
1 7 61
2 1 0
2 2 44
2 3 0
2 4 34
2 5 8
2 6 0
2 7 35
3 1 0
3 2 50
3 3 0
3 4 38
3 5 8
3 6 0
3 7 35
4 1 0
4 2 136
4 3 0
4 4 107
4 5 21
4 6 0
4 7 89
5 1 0
5 2 46
5 3 0
5 4 38
5 5 7
5 6 0
5 7 31
6 1 0
6 2 139
6 3 0
6 4 118
6 5 22
6 6 0
6 7 94
7 1 0
7 2 45
7 3 0
7 4 34
7 5 7
7 6 0
7 7 31
8 1 0
8 2 60
8 3 0
8 4 46
8 5 9
8 6 0
8 7 42
9 1 0
9 2 24
9 3 0
9 4 20
9 5 5
9 6 0
9 7 16
10 1 0
10 2 137
10 3 0
10 4 106
10 5 21
10 6 0
10 7 82
11 1 0
11 2 44
11 3 0
11 4 33
11 5 7
11 6 0
11 7 29
12 1 0
12 2 73
12 3 0
12 4 54
12 5 12
12 6 0
12 7 45
13 1 0
13 2 83
13 3 0
13 4 51
13 5 11
13 6 0
13 7 50
14 1 0
14 2 109
14 3 0
14 4 68
14 5 15
14 6 0
14 7 69
15 1 0
15 2 23
15 3 0
15 4 18
15 5 4
15 6 0
15 7 16
16 1 0
16 2 115
16 3 0
16 4 98
16 5 18
16 6 0
16 7 74
17 1 0
17 2 198
17 3 0
17 4 138
17 5 28
17 6 0
17 7 116
18 1 0
18 2 150
18 3 0
18 4 104
18 5 23
18 6 0
18 7 105
19 1 0
19 2 79
19 3 0
19 4 52
19 5 13
19 6 0
19 7 54
20 1 0
20 2 52
20 3 0
20 4 36
20 5 8
20 6 0
20 7 36

# Precedence Relations
1 11
2 7
3 6
3 7
4 5
4 6
5 11
7 8
7 9
7 10
8 11
9 11
10 12
10 13
11 14
11 15
11 16
11 17
15 19
15 20
16 18
17 19

# Parameters
R_e = 0.0500
T = 1000.0
C_s = 4.0
C_w = 36.0
C_c = 5.0
