# Tasks
1 2 3 4 5 6 7 8 9 10 11 12 13 14 15 16 17 18 19 20 21 22 23 24 25 26 27 28 29 30 31 32 33 34 35 36 37 38 39 40 41 42 43 44 45 46 47 48 49 50 51 52 53 54 55 56 57 58 59 60 61 62 63 64 65 66 67 68 69 70 71 72 73 74 75

# Workstations
1 2 3 4 5 6 7 8 9 10 11 12 13 14 15 16 17 18 19 20 21 22 23 24 25 26 27 28 29 30 31 32 33 34 35 36 37 38 39 40 41 42 43 44 45 46 47 48 49 50 51 52 53 54 55 56 57 58 59 60 61 62 63 64 65 66 67 68 69 70 71 72 73 74 75

# Modes
1 2 3 4 5 6 7

# Processing Times
1 1 23
1 2 23
1 3 26
1 4 26
1 5 20
1 6 31
1 7 31
2 1 24
2 2 23
2 3 27
2 4 26
2 5 22
2 6 32
2 7 31
3 1 25
3 2 26
3 3 27
3 4 28
3 5 22
3 6 33
3 7 34
4 1 26
4 2 26
4 3 29
4 4 29
4 5 25
4 6 33
4 7 33
5 1 23
5 2 25
5 3 26
5 4 28
5 5 20
5 6 30
5 7 33
6 1 22
6 2 20
6 3 24
6 4 22
6 5 21
6 6 29
6 7 27
7 1 6
7 2 6
7 3 7
7 4 7
7 5 5
7 6 8
7 7 8
8 1 22
8 2 23
8 3 25
8 4 26
8 5 19
8 6 28
8 7 29
9 1 23
9 2 25
9 3 25
9 4 28
9 5 19
9 6 31
9 7 34
10 1 21
10 2 21
10 3 23
10 4 23
10 5 17
10 6 28
10 7 28
11 1 22
11 2 23
11 3 24
11 4 25
11 5 21
11 6 32
11 7 33
12 1 15
12 2 13
12 3 17
12 4 15
12 5 14
12 6 19
12 7 17
13 1 5
13 2 5
13 3 6
13 4 6
13 5 5
13 6 7
13 7 7
14 1 23
14 2 22
14 3 25
14 4 24
14 5 20
14 6 34
14 7 32
15 1 4
15 2 4
15 3 5
15 4 5
15 5 4
15 6 6
15 7 6
16 1 26
16 2 29
16 3 28
16 4 32
16 5 25
16 6 37
16 7 41
17 1 21
17 2 20
17 3 23
17 4 22
17 5 20
17 6 29
17 7 28
18 1 5
18 2 5
18 3 6
18 4 6
18 5 5
18 6 8
18 7 8
19 1 24
19 2 27
19 3 27
19 4 30
19 5 20
19 6 35
19 7 39
20 1 25
20 2 22
20 3 28
20 4 25
20 5 22
20 6 32
20 7 28
21 1 26
21 2 25
21 3 29
21 4 27
21 5 23
21 6 36
21 7 35
22 1 26
22 2 24
22 3 28
22 4 26
22 5 23
22 6 35
22 7 32
23 1 24
23 2 26
23 3 27
23 4 29
23 5 20
23 6 34
23 7 37
24 1 27
24 2 25
24 3 30
24 4 27
24 5 25
24 6 34
24 7 32
25 1 20
25 2 21
25 3 22
25 4 23
25 5 18
25 6 29
25 7 30
26 1 23
26 2 25
26 3 25
26 4 27
26 5 20
26 6 33
26 7 36
27 1 25
27 2 23
27 3 27
27 4 25
27 5 23
27 6 34
27 7 31
28 1 13
28 2 12
28 3 14
28 4 13
28 5 13
28 6 18
28 7 17
29 1 3
29 2 3
29 3 4
29 4 4
29 5 3
29 6 4
29 7 4
30 1 11
30 2 10
30 3 12
30 4 11
30 5 11
30 6 15
30 7 13
31 1 21
31 2 22
31 3 23
31 4 24
31 5 17
31 6 29
31 7 30
32 1 22
32 2 22
32 3 24
32 4 24
32 5 21
32 6 32
32 7 32
33 1 21
33 2 20
33 3 23
33 4 22
33 5 19
33 6 28
33 7 26
34 1 22
34 2 21
34 3 24
34 4 23
34 5 19
34 6 32
34 7 30
35 1 25
35 2 25
35 3 28
35 4 28
35 5 23
35 6 35
35 7 35
36 1 8
36 2 8
36 3 9
36 4 9
36 5 8
36 6 11
36 7 11
37 1 22
37 2 23
37 3 24
37 4 26
37 5 21
37 6 28
37 7 30
38 1 24
38 2 23
38 3 26
38 4 25
38 5 21
38 6 34
38 7 32
39 1 22
39 2 23
39 3 25
39 4 26
39 5 20
39 6 32
39 7 34
40 1 21
40 2 20
40 3 23
40 4 22
40 5 18
40 6 30
40 7 29
41 1 6
41 2 7
41 3 7
41 4 8
41 5 6
41 6 8
41 7 10
42 1 26
42 2 28
42 3 28
42 4 30
42 5 22
42 6 34
42 7 37
43 1 22
43 2 22
43 3 24
43 4 24
43 5 20
43 6 30
43 7 30
44 1 6
44 2 7
44 3 7
44 4 8
44 5 6
44 6 8
44 7 10
45 1 21
45 2 19
45 3 23
45 4 21
45 5 18
45 6 29
45 7 27
46 1 25
46 2 27
46 3 28
46 4 30
46 5 23
46 6 36
46 7 39
47 1 11
47 2 11
47 3 12
47 4 12
47 5 10
47 6 15
47 7 15
48 1 22
48 2 22
48 3 24
48 4 24
48 5 19
48 6 31
48 7 31
49 1 21
49 2 21
49 3 23
49 4 23
49 5 18
49 6 31
49 7 31
50 1 25
50 2 24
50 3 28
50 4 27
50 5 21
50 6 34
50 7 33
51 1 22
51 2 20
51 3 24
51 4 22
51 5 19
51 6 31
51 7 28
52 1 22
52 2 21
52 3 24
52 4 23
52 5 21
52 6 29
52 7 28
53 1 23
53 2 25
53 3 25
53 4 27
53 5 20
53 6 34
53 7 37
54 1 22
54 2 20
54 3 24
54 4 22
54 5 20
54 6 30
54 7 27
55 1 22
55 2 24
55 3 25
55 4 27
55 5 18
55 6 31
55 7 34
56 1 25
56 2 24
56 3 28
56 4 27
56 5 22
56 6 36
56 7 34
57 1 23
57 2 22
57 3 25
57 4 24
57 5 22
57 6 30
57 7 28
58 1 21
58 2 20
58 3 23
58 4 22
58 5 20
58 6 28
58 7 27
59 1 22
59 2 21
59 3 24
59 4 23
59 5 19
59 6 32
59 7 31
60 1 22
60 2 20
60 3 25
60 4 22
60 5 19
60 6 29
60 7 27
61 1 22
61 2 24
61 3 24
61 4 26
61 5 21
61 6 30
61 7 33
62 1 22
62 2 23
62 3 24
62 4 25
62 5 18
62 6 29
62 7 30
63 1 21
63 2 21
63 3 24
63 4 24
63 5 17
63 6 31
63 7 31
64 1 27
64 2 26
64 3 30
64 4 28
64 5 26
64 6 39
64 7 38
65 1 23
65 2 22
65 3 26
65 4 24
65 5 22
65 6 32
65 7 31
66 1 2
66 2 3
66 3 3
66 4 4
66 5 2
66 6 3
66 7 5
67 1 26
67 2 25
67 3 28
67 4 27
67 5 22
67 6 36
67 7 34
68 1 25
68 2 24
68 3 28
68 4 27
68 5 22
68 6 32
68 7 31
69 1 24
69 2 24
69 3 26
69 4 26
69 5 22
69 6 32
69 7 32
70 1 22
70 2 21
70 3 24
70 4 23
70 5 20
70 6 31
70 7 30
71 1 24
71 2 24
71 3 26
71 4 26
71 5 20
71 6 32
71 7 32
72 1 4
72 2 4
72 3 5
72 4 5
72 5 4
72 6 6
72 7 6
73 1 22
73 2 22
73 3 24
73 4 24
73 5 18
73 6 31
73 7 31
74 1 10
74 2 11
74 3 11
74 4 12
74 5 10
74 6 15
74 7 16
75 1 25
75 2 25
75 3 27
75 4 27
75 5 22
75 6 36
75 7 36

# Energy Consumption
1 1 0
1 2 6
1 3 0
1 4 6
1 5 4
1 6 0
1 7 5
2 1 0
2 2 7
2 3 0
2 4 6
2 5 4
2 6 0
2 7 5
3 1 0
3 2 6
3 3 0
3 4 6
3 5 4
3 6 0
3 7 5
4 1 0
4 2 8
4 3 0
4 4 6
4 5 4
4 6 0
4 7 5
5 1 0
5 2 7
5 3 0
5 4 6
5 5 4
5 6 0
5 7 5
6 1 0
6 2 5
6 3 0
6 4 5
6 5 4
6 6 0
6 7 4
7 1 0
7 2 2
7 3 0
7 4 2
7 5 1
7 6 0
7 7 2
8 1 0
8 2 6
8 3 0
8 4 6
8 5 3
8 6 0
8 7 4
9 1 0
9 2 7
9 3 0
9 4 7
9 5 3
9 6 0
9 7 5
10 1 0
10 2 6
10 3 0
10 4 6
10 5 3
10 6 0
10 7 4
11 1 0
11 2 6
11 3 0
11 4 5
11 5 3
11 6 0
11 7 5
12 1 0
12 2 3
12 3 0
12 4 4
12 5 3
12 6 0
12 7 3
13 1 0
13 2 2
13 3 0
13 4 2
13 5 1
13 6 0
13 7 1
14 1 0
14 2 6
14 3 0
14 4 5
14 5 4
14 6 0
14 7 5
15 1 0
15 2 2
15 3 0
15 4 2
15 5 1
15 6 0
15 7 1
16 1 0
16 2 9
16 3 0
16 4 7
16 5 4
16 6 0
16 7 6
17 1 0
17 2 5
17 3 0
17 4 5
17 5 4
17 6 0
17 7 5
18 1 0
18 2 2
18 3 0
18 4 2
18 5 1
18 6 0
18 7 1
19 1 0
19 2 7
19 3 0
19 4 6
19 5 3
19 6 0
19 7 5
20 1 0
20 2 6
20 3 0
20 4 6
20 5 4
20 6 0
20 7 4
21 1 0
21 2 7
21 3 0
21 4 6
21 5 4
21 6 0
21 7 6
22 1 0
22 2 7
22 3 0
22 4 6
22 5 4
22 6 0
22 7 5
23 1 0
23 2 8
23 3 0
23 4 7
23 5 4
23 6 0
23 7 5
24 1 0
24 2 7
24 3 0
24 4 6
24 5 4
24 6 0
24 7 5
25 1 0
25 2 6
25 3 0
25 4 5
25 5 3
25 6 0
25 7 4
26 1 0
26 2 8
26 3 0
26 4 6
26 5 4
26 6 0
26 7 5
27 1 0
27 2 6
27 3 0
27 4 5
27 5 4
27 6 0
27 7 5
28 1 0
28 2 3
28 3 0
28 4 3
28 5 2
28 6 0
28 7 3
29 1 0
29 2 1
29 3 0
29 4 1
29 5 1
29 6 0
29 7 1
30 1 0
30 2 3
30 3 0
30 4 3
30 5 2
30 6 0
30 7 2
31 1 0
31 2 6
31 3 0
31 4 5
31 5 3
31 6 0
31 7 5
32 1 0
32 2 7
32 3 0
32 4 5
32 5 4
32 6 0
32 7 5
33 1 0
33 2 6
33 3 0
33 4 5
33 5 3
33 6 0
33 7 4
34 1 0
34 2 7
34 3 0
34 4 5
34 5 3
34 6 0
34 7 4
35 1 0
35 2 7
35 3 0
35 4 6
35 5 4
35 6 0
35 7 5
36 1 0
36 2 2
36 3 0
36 4 2
36 5 2
36 6 0
36 7 2
37 1 0
37 2 7
37 3 0
37 4 6
37 5 4
37 6 0
37 7 4
38 1 0
38 2 6
38 3 0
38 4 6
38 5 4
38 6 0
38 7 5
39 1 0
39 2 7
39 3 0
39 4 6
39 5 3
39 6 0
39 7 5
40 1 0
40 2 6
40 3 0
40 4 4
40 5 3
40 6 0
40 7 4
41 1 0
41 2 2
41 3 0
41 4 2
41 5 1
41 6 0
41 7 2
42 1 0
42 2 7
42 3 0
42 4 6
42 5 4
42 6 0
42 7 5
43 1 0
43 2 5
43 3 0
43 4 6
43 5 3
43 6 0
43 7 5
44 1 0
44 2 2
44 3 0
44 4 2
44 5 1
44 6 0
44 7 2
45 1 0
45 2 6
45 3 0
45 4 4
45 5 3
45 6 0
45 7 5
46 1 0
46 2 9
46 3 0
46 4 7
46 5 4
46 6 0
46 7 6
47 1 0
47 2 3
47 3 0
47 4 3
47 5 2
47 6 0
47 7 3
48 1 0
48 2 7
48 3 0
48 4 5
48 5 3
48 6 0
48 7 4
49 1 0
49 2 6
49 3 0
49 4 5
49 5 3
49 6 0
49 7 5
50 1 0
50 2 7
50 3 0
50 4 6
50 5 4
50 6 0
50 7 5
51 1 0
51 2 6
51 3 0
51 4 5
51 5 3
51 6 0
51 7 4
52 1 0
52 2 6
52 3 0
52 4 5
52 5 4
52 6 0
52 7 4
53 1 0
53 2 8
53 3 0
53 4 6
53 5 4
53 6 0
53 7 6
54 1 0
54 2 5
54 3 0
54 4 5
54 5 4
54 6 0
54 7 4
55 1 0
55 2 7
55 3 0
55 4 6
55 5 3
55 6 0
55 7 5
56 1 0
56 2 7
56 3 0
56 4 6
56 5 4
56 6 0
56 7 5
57 1 0
57 2 6
57 3 0
57 4 5
57 5 4
57 6 0
57 7 4
58 1 0
58 2 6
58 3 0
58 4 5
58 5 3
58 6 0
58 7 5
59 1 0
59 2 6
59 3 0
59 4 5
59 5 3
59 6 0
59 7 5
60 1 0
60 2 6
60 3 0
60 4 5
60 5 3
60 6 0
60 7 4
61 1 0
61 2 6
61 3 0
61 4 6
61 5 3
61 6 0
61 7 5
62 1 0
62 2 6
62 3 0
62 4 5
62 5 3
62 6 0
62 7 4
63 1 0
63 2 5
63 3 0
63 4 5
63 5 3
63 6 0
63 7 5
64 1 0
64 2 7
64 3 0
64 4 6
64 5 5
64 6 0
64 7 6
65 1 0
65 2 6
65 3 0
65 4 5
65 5 4
65 6 0
65 7 4
66 1 0
66 2 1
66 3 0
66 4 1
66 5 1
66 6 0
66 7 1
67 1 0
67 2 7
67 3 0
67 4 6
67 5 4
67 6 0
67 7 5
68 1 0
68 2 6
68 3 0
68 4 6
68 5 4
68 6 0
68 7 5
69 1 0
69 2 6
69 3 0
69 4 5
69 5 4
69 6 0
69 7 4
70 1 0
70 2 6
70 3 0
70 4 5
70 5 3
70 6 0
70 7 5
71 1 0
71 2 6
71 3 0
71 4 6
71 5 3
71 6 0
71 7 5
72 1 0
72 2 2
72 3 0
72 4 1
72 5 1
72 6 0
72 7 1
73 1 0
73 2 6
73 3 0
73 4 5
73 5 3
73 6 0
73 7 5
74 1 0
74 2 3
74 3 0
74 4 3
74 5 2
74 6 0
74 7 3
75 1 0
75 2 6
75 3 0
75 4 6
75 5 4
75 6 0
75 7 6

# Precedence Relations
1 2
1 3
1 4
1 5
1 6
1 7
2 15
3 13
3 24
4 8
4 14
4 16
5 12
5 15
6 9
6 10
6 11
6 13
9 20
9 24
10 18
12 19
13 22
15 17
15 20
15 23
16 21
16 26
17 30
18 26
18 30
20 27
21 33
24 25
25 28
25 30
25 33
25 34
26 31
26 32
26 41
27 29
27 35
27 36
31 37
31 39
32 44
32 45
33 41
35 38
35 42
36 40
36 43
39 51
40 46
42 47
43 48
43 50
46 51
46 48
47 49
47 50
47 52
47 53
49 59
49 61
49 62
50 54
50 55
50 60
50 62
52 56
52 57
53 58
55 63
58 65
59 64
59 66
62 67
66 68
68 69
68 70
68 71
68 72
68 73
68 74
68 75

# Parameters
R_e = 0.0500
T = 39.0
C_s = 4.0
C_w = 36.0
C_c = 5.0
