# Tasks
1 2 3 4 5 6 7 8 9 10 11 12 13 14 15 16 17 18 19 20 21 22 23 24 25 26 27 28 29 30 31 32 33 34 35 36 37 38 39 40 41 42 43 44 45

# Workstations
1 2 3 4 5 6 7 8 9 10 11 12 13 14 15 16 17 18 19 20 21 22 23 24 25 26 27 28 29 30 31 32 33 34 35 36 37 38 39 40 41 42 43 44 45

# Modes
1 2 3 4 5 6 7

# Processing Times
1 1 9
1 2 10
1 3 9
1 4 10
1 5 4
1 6 10
1 7 11
2 1 9
2 2 10
2 3 9
2 4 9
2 5 4
2 6 10
2 7 11
3 1 10
3 2 11
3 3 9
3 4 10
3 5 5
3 6 11
3 7 12
4 1 10
4 2 10
4 3 10
4 4 10
4 5 5
4 6 11
4 7 11
5 1 17
5 2 19
5 3 16
5 4 18
5 5 8
5 6 19
5 7 21
6 1 17
6 2 16
6 3 15
6 4 14
6 5 8
6 6 19
6 7 18
7 1 13
7 2 12
7 3 12
7 4 11
7 5 6
7 6 14
7 7 13
8 1 13
8 2 13
8 3 13
8 4 13
8 5 5
8 6 14
8 7 14
9 1 20
9 2 21
9 3 19
9 4 19
9 5 8
9 6 21
9 7 22
10 1 20
10 2 18
10 3 19
10 4 17
10 5 7
10 6 22
10 7 20
11 1 10
11 2 10
11 3 9
11 4 9
11 5 4
11 6 11
11 7 11
12 1 11
12 2 12
12 3 11
12 4 11
12 5 4
12 6 12
12 7 13
13 1 6
13 2 6
13 3 6
13 4 6
13 5 2
13 6 7
13 7 7
14 1 22
14 2 22
14 3 21
14 4 21
14 5 8
14 6 24
14 7 24
15 1 11
15 2 11
15 3 10
15 4 10
15 5 4
15 6 12
15 7 12
16 1 19
16 2 18
16 3 17
16 4 16
16 5 6
16 6 21
16 7 20
17 1 12
17 2 11
17 3 11
17 4 10
17 5 6
17 6 13
17 7 12
18 1 3
18 2 4
18 3 3
18 4 4
18 5 1
18 6 4
18 7 5
19 1 7
19 2 8
19 3 7
19 4 8
19 5 3
19 6 8
19 7 9
20 1 4
20 2 5
20 3 4
20 4 5
20 5 2
20 6 5
20 7 6
21 1 55
21 2 54
21 3 51
21 4 50
21 5 20
21 6 57
21 7 56
22 1 14
22 2 15
22 3 14
22 4 15
22 5 6
22 6 15
22 7 16
23 1 27
23 2 25
23 3 25
23 4 23
23 5 11
23 6 30
23 7 28
24 1 29
24 2 25
24 3 27
24 4 23
24 5 11
24 6 30
24 7 26
25 1 26
25 2 27
25 3 24
25 4 25
25 5 9
25 6 28
25 7 29
26 1 6
26 2 7
26 3 6
26 4 7
26 5 3
26 6 7
26 7 8
27 1 5
27 2 5
27 3 5
27 4 5
27 5 2
27 6 6
27 7 6
28 1 24
28 2 25
28 3 22
28 4 23
28 5 8
28 6 25
28 7 26
29 1 4
29 2 4
29 3 4
29 4 4
29 5 2
29 6 5
29 7 5
30 1 5
30 2 5
30 3 5
30 4 5
30 5 2
30 6 6
30 7 6
31 1 7
31 2 7
31 3 7
31 4 7
31 5 3
31 6 8
31 7 8
32 1 4
32 2 4
32 3 4
32 4 4
32 5 2
32 6 5
32 7 5
33 1 15
33 2 16
33 3 14
33 4 15
33 5 7
33 6 16
33 7 17
34 1 3
34 2 4
34 3 3
34 4 4
34 5 2
34 6 4
34 7 5
35 1 7
35 2 8
35 3 7
35 4 8
35 5 3
35 6 8
35 7 9
36 1 9
36 2 10
36 3 8
36 4 9
36 5 5
36 6 10
36 7 11
37 1 4
37 2 4
37 3 4
37 4 4
37 5 2
37 6 5
37 7 5
38 1 7
38 2 7
38 3 7
38 4 7
38 5 3
38 6 8
38 7 8
39 1 5
39 2 5
39 3 5
39 4 5
39 5 3
39 6 6
39 7 6
40 1 4
40 2 5
40 3 4
40 4 5
40 5 2
40 6 5
40 7 6
41 1 21
41 2 19
41 3 20
41 4 18
41 5 10
41 6 23
41 7 21
42 1 12
42 2 13
42 3 11
42 4 12
42 5 5
42 6 13
42 7 14
43 1 6
43 2 6
43 3 6
43 4 6
43 5 3
43 6 7
43 7 7
44 1 5
44 2 5
44 3 5
44 4 5
44 5 3
44 6 6
44 7 6
45 1 5
45 2 6
45 3 5
45 4 6
45 5 3
45 6 6
45 7 7

# Energy Consumption
1 1 0
1 2 3
1 3 0
1 4 2
1 5 1
1 6 0
1 7 2
2 1 0
2 2 3
2 3 0
2 4 2
2 5 1
2 6 0
2 7 2
3 1 0
3 2 3
3 3 0
3 4 2
3 5 1
3 6 0
3 7 2
4 1 0
4 2 3
4 3 0
4 4 2
4 5 1
4 6 0
4 7 2
5 1 0
5 2 6
5 3 0
5 4 4
5 5 2
5 6 0
5 7 3
6 1 0
6 2 5
6 3 0
6 4 3
6 5 2
6 6 0
6 7 3
7 1 0
7 2 3
7 3 0
7 4 3
7 5 1
7 6 0
7 7 2
8 1 0
8 2 4
8 3 0
8 4 3
8 5 1
8 6 0
8 7 2
9 1 0
9 2 6
9 3 0
9 4 4
9 5 2
9 6 0
9 7 4
10 1 0
10 2 5
10 3 0
10 4 4
10 5 2
10 6 0
10 7 3
11 1 0
11 2 3
11 3 0
11 4 2
11 5 1
11 6 0
11 7 2
12 1 0
12 2 3
12 3 0
12 4 3
12 5 1
12 6 0
12 7 2
13 1 0
13 2 2
13 3 0
13 4 2
13 5 1
13 6 0
13 7 1
14 1 0
14 2 6
14 3 0
14 4 4
14 5 2
14 6 0
14 7 3
15 1 0
15 2 4
15 3 0
15 4 3
15 5 1
15 6 0
15 7 2
16 1 0
16 2 5
16 3 0
16 4 4
16 5 1
16 6 0
16 7 3
17 1 0
17 2 4
17 3 0
17 4 3
17 5 1
17 6 0
17 7 2
18 1 0
18 2 1
18 3 0
18 4 1
18 5 1
18 6 0
18 7 1
19 1 0
19 2 2
19 3 0
19 4 2
19 5 1
19 6 0
19 7 2
20 1 0
20 2 2
20 3 0
20 4 1
20 5 1
20 6 0
20 7 1
21 1 0
21 2 13
21 3 0
21 4 10
21 5 4
21 6 0
21 7 7
22 1 0
22 2 4
22 3 0
22 4 4
22 5 1
22 6 0
22 7 3
23 1 0
23 2 8
23 3 0
23 4 5
23 5 2
23 6 0
23 7 5
24 1 0
24 2 7
24 3 0
24 4 5
24 5 2
24 6 0
24 7 4
25 1 0
25 2 7
25 3 0
25 4 5
25 5 2
25 6 0
25 7 4
26 1 0
26 2 2
26 3 0
26 4 2
26 5 1
26 6 0
26 7 2
27 1 0
27 2 2
27 3 0
27 4 2
27 5 1
27 6 0
27 7 1
28 1 0
28 2 8
28 3 0
28 4 5
28 5 2
28 6 0
28 7 4
29 1 0
29 2 1
29 3 0
29 4 1
29 5 1
29 6 0
29 7 1
30 1 0
30 2 2
30 3 0
30 4 2
30 5 1
30 6 0
30 7 1
31 1 0
31 2 2
31 3 0
31 4 2
31 5 1
31 6 0
31 7 2
32 1 0
32 2 2
32 3 0
32 4 1
32 5 1
32 6 0
32 7 1
33 1 0
33 2 4
33 3 0
33 4 4
33 5 2
33 6 0
33 7 3
34 1 0
34 2 2
34 3 0
34 4 1
34 5 1
34 6 0
34 7 1
35 1 0
35 2 3
35 3 0
35 4 2
35 5 1
35 6 0
35 7 2
36 1 0
36 2 3
36 3 0
36 4 2
36 5 1
36 6 0
36 7 2
37 1 0
37 2 2
37 3 0
37 4 1
37 5 1
37 6 0
37 7 1
38 1 0
38 2 2
38 3 0
38 4 2
38 5 1
38 6 0
38 7 2
39 1 0
39 2 2
39 3 0
39 4 1
39 5 1
39 6 0
39 7 1
40 1 0
40 2 2
40 3 0
40 4 2
40 5 1
40 6 0
40 7 1
41 1 0
41 2 5
41 3 0
41 4 4
41 5 2
41 6 0
41 7 3
42 1 0
42 2 4
42 3 0
42 4 3
42 5 1
42 6 0
42 7 2
43 1 0
43 2 2
43 3 0
43 4 2
43 5 1
43 6 0
43 7 1
44 1 0
44 2 2
44 3 0
44 4 1
44 5 1
44 6 0
44 7 1
45 1 0
45 2 2
45 3 0
45 4 2
45 5 1
45 6 0
45 7 1

# Precedence Relations
1 3
1 7
2 4
2 8
3 5
4 6
5 9
6 10
7 9
7 14
8 10
8 14
9 41
10 41
11 13
12 13
12 37
13 14
13 15
14 17
14 25
14 29
14 30
14 31
14 32
15 16
15 18
15 23
15 24
16 19
17 26
17 27
18 19
19 20
19 33
20 21
21 22
22 28
23 33
24 33
25 26
26 38
27 28
27 33
28 38
29 41
30 41
31 41
32 41
33 34
33 35
33 36
34 38
35 40
36 38
37 43
38 40
39 41
40 41
41 42
42 44
42 45

# Parameters
R_e = 0.0500
T = 600.0
C_s = 4.0
C_w = 36.0
C_c = 5.0
