# Tasks
1 2 3 4 5 6 7 8 9 10 11

# Workstations
1 2 3 4 5 6 7 8 9 10 11

# Modes
1 2 3 4 5 6 7

# Processing Times
1 1 4
1 2 10
1 3 5
1 4 11
1 5 2
1 6 6
1 7 15
2 1 38
2 2 89
2 3 39
2 4 90
2 5 13
2 6 54
2 7 126
3 1 45
3 2 106
3 3 46
3 4 107
3 5 16
3 6 64
3 7 150
4 1 12
4 2 29
4 3 13
4 4 30
4 5 5
4 6 17
4 7 42
5 1 10
5 2 24
5 3 11
5 4 25
5 5 4
5 6 15
5 7 34
6 1 8
6 2 19
6 3 9
6 4 20
6 5 3
6 6 12
6 7 27
7 1 12
7 2 29
7 3 13
7 4 30
7 5 5
7 6 17
7 7 42
8 1 10
8 2 24
8 3 11
8 4 25
8 5 4
8 6 15
8 7 34
9 1 2
9 2 5
9 3 3
9 4 6
9 5 1
9 6 3
9 7 8
10 1 10
10 2 24
10 3 11
10 4 25
10 5 4
10 6 15
10 7 34
11 1 34
11 2 80
11 3 35
11 4 81
11 5 12
11 6 49
11 7 114

# Energy Consumption
1 1 0
1 2 3
1 3 0
1 4 3
1 5 1
1 6 0
1 7 3
2 1 0
2 2 23
2 3 0
2 4 19
2 5 2
2 6 0
2 7 16
3 1 0
3 2 26
3 3 0
3 4 24
3 5 3
3 6 0
3 7 19
4 1 0
4 2 9
4 3 0
4 4 7
4 5 1
4 6 0
4 7 6
5 1 0
5 2 6
5 3 0
5 4 6
5 5 1
5 6 0
5 7 5
6 1 0
6 2 5
6 3 0
6 4 5
6 5 1
6 6 0
6 7 5
7 1 0
7 2 8
7 3 0
7 4 6
7 5 1
7 6 0
7 7 6
8 1 0
8 2 7
8 3 0
8 4 5
8 5 1
8 6 0
8 7 5
9 1 0
9 2 2
9 3 0
9 4 2
9 5 1
9 6 0
9 7 2
10 1 0
10 2 6
10 3 0
10 4 6
10 5 1
10 6 0
10 7 5
11 1 0
11 2 20
11 3 0
11 4 16
11 5 2
11 6 0
11 7 17

# Precedence Relations
1 4
2 4
2 5
3 11
4 6
5 7
6 8
7 9
8 10
9 10
10 11

# Parameters
R_e = 0.0500
T = 600.0
C_s = 4.0
C_w = 36.0
C_c = 5.0
