# Tasks
1 2 3 4 5 6 7 8 9 10 11 12 13 14 15 16 17 18 19 20

# Workstations
1 2 3 4 5 6 7 8 9 10 11 12 13 14 15 16 17 18 19 20

# Modes
1 2 3 4 5 6 7

# Processing Times
1 1 27
1 2 42
1 3 25
1 4 38
1 5 22
1 6 32
1 7 49
2 1 123
2 2 168
2 3 111
2 4 151
2 5 99
2 6 136
2 7 186
3 1 188
3 2 243
3 3 173
3 4 223
3 5 157
3 6 212
3 7 274
4 1 152
4 2 234
4 3 139
4 4 214
4 5 130
4 6 181
4 7 278
5 1 210
5 2 259
5 3 200
5 4 246
5 5 176
5 6 262
5 7 323
6 1 206
6 2 275
6 3 190
6 4 253
6 5 167
6 6 228
6 7 304
7 1 234
7 2 289
7 3 214
7 4 264
7 5 215
7 6 260
7 7 321
8 1 178
8 2 260
8 3 159
8 4 232
8 5 148
8 6 214
8 7 312
9 1 82
9 2 105
9 3 78
9 4 100
9 5 75
9 6 98
9 7 126
10 1 126
10 2 199
10 3 115
10 4 181
10 5 105
10 6 155
10 7 245
11 1 93
11 2 121
11 3 87
11 4 113
11 5 87
11 6 115
11 7 149
12 1 135
12 2 202
12 3 120
12 4 179
12 5 112
12 6 160
12 7 239
13 1 159
13 2 242
13 3 147
13 4 224
13 5 135
13 6 181
13 7 275
14 1 177
14 2 255
14 3 167
14 4 241
14 5 154
14 6 199
14 7 286
15 1 196
15 2 290
15 3 175
15 4 259
15 5 186
15 6 244
15 7 361
16 1 165
16 2 235
16 3 143
16 4 203
16 5 137
16 6 183
16 7 260
17 1 104
17 2 126
17 3 96
17 4 116
17 5 99
17 6 121
17 7 146
18 1 157
18 2 243
18 3 139
18 4 215
18 5 133
18 6 196
18 7 303
19 1 87
19 2 124
19 3 78
19 4 111
19 5 79
19 6 99
19 7 140
20 1 140
20 2 193
20 3 120
20 4 165
20 5 118
20 6 164
20 7 226

# Energy Consumption
1 1 0
1 2 10
1 3 0
1 4 9
1 5 4
1 6 0
1 7 7
2 1 0
2 2 42
2 3 0
2 4 32
2 5 15
2 6 0
2 7 27
3 1 0
3 2 69
3 3 0
3 4 41
3 5 23
3 6 0
3 7 38
4 1 0
4 2 66
4 3 0
4 4 45
4 5 20
4 6 0
4 7 39
5 1 0
5 2 66
5 3 0
5 4 47
5 5 26
5 6 0
5 7 48
6 1 0
6 2 66
6 3 0
6 4 52
6 5 27
6 6 0
6 7 45
7 1 0
7 2 73
7 3 0
7 4 53
7 5 34
7 6 0
7 7 47
8 1 0
8 2 62
8 3 0
8 4 49
8 5 22
8 6 0
8 7 47
9 1 0
9 2 29
9 3 0
9 4 22
9 5 11
9 6 0
9 7 19
10 1 0
10 2 52
10 3 0
10 4 40
10 5 16
10 6 0
10 7 37
11 1 0
11 2 36
11 3 0
11 4 23
11 5 14
11 6 0
11 7 19
12 1 0
12 2 51
12 3 0
12 4 38
12 5 17
12 6 0
12 7 35
13 1 0
13 2 66
13 3 0
13 4 48
13 5 20
13 6 0
13 7 37
14 1 0
14 2 58
14 3 0
14 4 52
14 5 23
14 6 0
14 7 37
15 1 0
15 2 69
15 3 0
15 4 54
15 5 29
15 6 0
15 7 52
16 1 0
16 2 52
16 3 0
16 4 45
16 5 22
16 6 0
16 7 33
17 1 0
17 2 37
17 3 0
17 4 22
17 5 16
17 6 0
17 7 20
18 1 0
18 2 71
18 3 0
18 4 41
18 5 21
18 6 0
18 7 44
19 1 0
19 2 30
19 3 0
19 4 21
19 5 12
19 6 0
19 7 18
20 1 0
20 2 46
20 3 0
20 4 34
20 5 18
20 6 0
20 7 34

# Precedence Relations
1 9
2 9
3 9
4 7
5 6
5 8
6 9
7 9
8 10
8 11
9 12
9 13
9 14
9 15
10 17
12 17
13 16
16 19
16 20
17 18

# Parameters
R_e = 0.0500
T = 1000.0
C_s = 4.0
C_w = 36.0
C_c = 5.0
