# Tasks
1 2 3 4 5 6 7 8 9 10 11 12 13 14 15 16 17 18 19 20 21 22 23 24 25 26 27 28 29 30 31 32 33 34 35 36 37 38 39 40 41 42 43 44 45 46 47 48 49 50 51 52 53

# Workstations
1 2 3 4 5 6 7 8 9 10 11 12 13 14 15 16 17 18 19 20 21 22 23 24 25 26 27 28 29 30 31 32 33 34 35 36 37 38 39 40 41 42 43 44 45 46 47 48 49 50 51 52 53

# Modes
1 2 3 4 5 6 7

# Processing Times
1 1 971
1 2 913
1 3 882
1 4 829
1 5 346
1 6 1044
1 7 982
2 1 142
2 2 134
2 3 129
2 4 122
2 5 51
2 6 153
2 7 145
3 1 142
3 2 134
3 3 129
3 4 122
3 5 51
3 6 153
3 7 145
4 1 142
4 2 134
4 3 129
4 4 122
4 5 51
4 6 153
4 7 145
5 1 103
5 2 97
5 3 94
5 4 89
5 5 37
5 6 111
5 7 105
6 1 96
6 2 91
6 3 88
6 4 83
6 5 35
6 6 104
6 7 98
7 1 99
7 2 94
7 3 90
7 4 86
7 5 36
7 6 107
7 7 102
8 1 1207
8 2 1134
8 3 1096
8 4 1030
8 5 430
8 6 1298
8 7 1219
9 1 160
9 2 151
9 3 146
9 4 138
9 5 57
9 6 172
9 7 163
10 1 180
10 2 170
10 3 164
10 4 155
10 5 65
10 6 194
10 7 183
11 1 82
11 2 78
11 3 75
11 4 71
11 5 30
11 6 89
11 7 84
12 1 60
12 2 57
12 3 55
12 4 52
12 5 22
12 6 65
12 7 62
13 1 112
13 2 106
13 3 102
13 4 97
13 5 40
13 6 121
13 7 114
14 1 420
14 2 395
14 3 382
14 4 359
14 5 150
14 6 452
14 7 425
15 1 1556
15 2 1462
15 3 1413
15 4 1327
15 5 554
15 6 1673
15 7 1572
16 1 236
16 2 222
16 3 215
16 4 202
16 5 84
16 6 254
16 7 239
17 1 259
17 2 244
17 3 236
17 4 222
17 5 93
17 6 279
17 7 263
18 1 125
18 2 118
18 3 114
18 4 108
18 5 45
18 6 135
18 7 127
19 1 601
19 2 565
19 3 546
19 4 513
19 5 214
19 6 646
19 7 608
20 1 80
20 2 76
20 3 73
20 4 69
20 5 29
20 6 86
20 7 82
21 1 80
21 2 76
21 3 73
21 4 69
21 5 29
21 6 86
21 7 82
22 1 70
22 2 66
22 3 64
22 4 60
22 5 25
22 6 76
22 7 71
23 1 89
23 2 84
23 3 81
23 4 77
23 5 32
23 6 96
23 7 91
24 1 89
24 2 84
24 3 81
24 4 77
24 5 32
24 6 96
24 7 91
25 1 105
25 2 99
25 3 96
25 4 90
25 5 38
25 6 113
25 7 107
26 1 330
26 2 311
26 3 300
26 4 283
26 5 118
26 6 355
26 7 335
27 1 132
27 2 125
27 3 120
27 4 114
27 5 47
27 6 142
27 7 135
28 1 69
28 2 65
28 3 63
28 4 59
28 5 25
28 6 75
28 7 70
29 1 99
29 2 94
29 3 90
29 4 86
29 5 36
29 6 107
29 7 102
30 1 70
30 2 66
30 3 64
30 4 60
30 5 25
30 6 76
30 7 71
31 1 70
31 2 66
31 3 64
31 4 60
31 5 25
31 6 76
31 7 71
32 1 158
32 2 149
32 3 144
32 4 136
32 5 57
32 6 170
32 7 161
33 1 191
33 2 180
33 3 174
33 4 164
33 5 68
33 6 206
33 7 194
34 1 70
34 2 66
34 3 64
34 4 60
34 5 25
34 6 76
34 7 71
35 1 53
35 2 50
35 3 49
35 4 46
35 5 19
35 6 57
35 7 54
36 1 50
36 2 47
36 3 46
36 4 43
36 5 18
36 6 54
36 7 51
37 1 125
37 2 118
37 3 114
37 4 108
37 5 45
37 6 135
37 7 127
38 1 353
38 2 332
38 3 321
38 4 302
38 5 126
38 6 380
38 7 357
39 1 70
39 2 66
39 3 64
39 4 60
39 5 25
39 6 76
39 7 71
40 1 128
40 2 121
40 3 117
40 4 110
40 5 46
40 6 138
40 7 131
41 1 65
41 2 62
41 3 59
41 4 57
41 5 24
41 6 70
41 7 67
42 1 1775
42 2 1668
42 3 1611
42 4 1514
42 5 632
42 6 1908
42 7 1793
43 1 91
43 2 86
43 3 83
43 4 79
43 5 33
43 6 98
43 7 93
44 1 91
44 2 86
44 3 83
44 4 79
44 5 33
44 6 98
44 7 93
45 1 113
45 2 107
45 3 103
45 4 98
45 5 41
45 6 122
45 7 115
46 1 487
46 2 458
46 3 443
46 4 416
46 5 174
46 6 524
46 7 493
47 1 138
47 2 130
47 3 126
47 4 118
47 5 50
47 6 149
47 7 140
48 1 80
48 2 76
48 3 73
48 4 69
48 5 29
48 6 86
48 7 82
49 1 80
49 2 76
49 3 73
49 4 69
49 5 29
49 6 86
49 7 82
50 1 65
50 2 62
50 3 59
50 4 57
50 5 24
50 6 70
50 7 67
51 1 40
51 2 38
51 3 37
51 4 35
51 5 15
51 6 43
51 7 41
52 1 742
52 2 698
52 3 674
52 4 634
52 5 265
52 6 798
52 7 751
53 1 1085
53 2 1020
53 3 985
53 4 926
53 5 387
53 6 1167
53 7 1097

# Energy Consumption
1 1 0
1 2 227
1 3 0
1 4 162
1 5 53
1 6 0
1 7 140
2 1 0
2 2 32
2 3 0
2 4 25
2 5 8
2 6 0
2 7 21
3 1 0
3 2 33
3 3 0
3 4 23
3 5 8
3 6 0
3 7 22
4 1 0
4 2 40
4 3 0
4 4 23
4 5 8
4 6 0
4 7 22
5 1 0
5 2 29
5 3 0
5 4 19
5 5 6
5 6 0
5 7 15
6 1 0
6 2 27
6 3 0
6 4 16
6 5 6
6 6 0
6 7 14
7 1 0
7 2 22
7 3 0
7 4 19
7 5 6
7 6 0
7 7 15
8 1 0
8 2 332
8 3 0
8 4 214
8 5 63
8 6 0
8 7 165
9 1 0
9 2 38
9 3 0
9 4 29
9 5 9
9 6 0
9 7 24
10 1 0
10 2 43
10 3 0
10 4 33
10 5 10
10 6 0
10 7 25
11 1 0
11 2 19
11 3 0
11 4 16
11 5 5
11 6 0
11 7 12
12 1 0
12 2 15
12 3 0
12 4 11
12 5 4
12 6 0
12 7 9
13 1 0
13 2 26
13 3 0
13 4 19
13 5 7
13 6 0
13 7 15
14 1 0
14 2 96
14 3 0
14 4 67
14 5 24
14 6 0
14 7 52
15 1 0
15 2 434
15 3 0
15 4 290
15 5 88
15 6 0
15 7 198
16 1 0
16 2 51
16 3 0
16 4 39
16 5 12
16 6 0
16 7 32
17 1 0
17 2 69
17 3 0
17 4 46
17 5 14
17 6 0
17 7 40
18 1 0
18 2 27
18 3 0
18 4 23
18 5 7
18 6 0
18 7 18
19 1 0
19 2 125
19 3 0
19 4 111
19 5 35
19 6 0
19 7 87
20 1 0
20 2 20
20 3 0
20 4 14
20 5 5
20 6 0
20 7 12
21 1 0
21 2 19
21 3 0
21 4 13
21 5 5
21 6 0
21 7 10
22 1 0
22 2 16
22 3 0
22 4 14
22 5 4
22 6 0
22 7 10
23 1 0
23 2 25
23 3 0
23 4 16
23 5 5
23 6 0
23 7 14
24 1 0
24 2 22
24 3 0
24 4 16
24 5 5
24 6 0
24 7 13
25 1 0
25 2 25
25 3 0
25 4 18
25 5 6
25 6 0
25 7 15
26 1 0
26 2 79
26 3 0
26 4 58
26 5 17
26 6 0
26 7 44
27 1 0
27 2 36
27 3 0
27 4 25
27 5 8
27 6 0
27 7 19
28 1 0
28 2 19
28 3 0
28 4 13
28 5 4
28 6 0
28 7 9
29 1 0
29 2 24
29 3 0
29 4 19
29 5 6
29 6 0
29 7 14
30 1 0
30 2 18
30 3 0
30 4 13
30 5 4
30 6 0
30 7 10
31 1 0
31 2 18
31 3 0
31 4 11
31 5 4
31 6 0
31 7 11
32 1 0
32 2 41
32 3 0
32 4 30
32 5 10
32 6 0
32 7 20
33 1 0
33 2 43
33 3 0
33 4 36
33 5 11
33 6 0
33 7 25
34 1 0
34 2 19
34 3 0
34 4 12
34 5 4
34 6 0
34 7 10
35 1 0
35 2 14
35 3 0
35 4 10
35 5 3
35 6 0
35 7 8
36 1 0
36 2 12
36 3 0
36 4 10
36 5 3
36 6 0
36 7 7
37 1 0
37 2 34
37 3 0
37 4 24
37 5 7
37 6 0
37 7 19
38 1 0
38 2 77
38 3 0
38 4 62
38 5 19
38 6 0
38 7 48
39 1 0
39 2 18
39 3 0
39 4 12
39 5 4
39 6 0
39 7 10
40 1 0
40 2 31
40 3 0
40 4 25
40 5 7
40 6 0
40 7 16
41 1 0
41 2 15
41 3 0
41 4 12
41 5 4
41 6 0
41 7 10
42 1 0
42 2 416
42 3 0
42 4 321
42 5 101
42 6 0
42 7 234
43 1 0
43 2 22
43 3 0
43 4 17
43 5 5
43 6 0
43 7 12
44 1 0
44 2 24
44 3 0
44 4 16
44 5 6
44 6 0
44 7 13
45 1 0
45 2 33
45 3 0
45 4 20
45 5 6
45 6 0
45 7 16
46 1 0
46 2 122
46 3 0
46 4 80
46 5 27
46 6 0
46 7 68
47 1 0
47 2 36
47 3 0
47 4 22
47 5 8
47 6 0
47 7 19
48 1 0
48 2 18
48 3 0
48 4 13
48 5 5
48 6 0
48 7 11
49 1 0
49 2 22
49 3 0
49 4 15
49 5 5
49 6 0
49 7 12
50 1 0
50 2 17
50 3 0
50 4 11
50 5 4
50 6 0
50 7 10
51 1 0
51 2 9
51 3 0
51 4 7
51 5 3
51 6 0
51 7 7
52 1 0
52 2 167
52 3 0
52 4 115
52 5 42
52 6 0
52 7 103
53 1 0
53 2 252
53 3 0
53 4 176
53 5 60
53 6 0
53 7 159

# Precedence Relations
1 2
1 3
1 4
1 5
1 6
1 7
2 36
3 36
4 9
5 9
6 9
7 9
8 9
9 10
10 11
11 12
12 13
12 14
12 15
13 16
13 17
13 18
14 22
15 16
15 17
16 29
16 30
16 31
17 19
18 42
19 20
19 21
19 22
20 23
21 24
22 25
23 36
24 36
25 26
26 27
27 28
28 29
28 30
28 31
28 32
28 33
28 34
29 35
30 35
31 35
32 35
33 35
34 35
35 36
36 37
37 38
37 39
37 40
38 41
39 41
40 41
41 42
42 43
42 44
42 45
42 46
42 47
43 48
44 49
45 51
45 52
46 50
47 51
47 52
48 51
48 52
49 51
49 52
50 51
50 52
51 53
52 53

# Parameters
R_e = 0.0500
T = 10000.0
C_s = 4.0
C_w = 36.0
C_c = 5.0
