# Tasks
1 2 3 4 5 6 7 8 9 10 11 12 13 14 15 16 17 18 19 20

# Workstations
1 2 3 4 5 6 7 8 9 10 11 12 13 14 15 16 17 18 19 20

# Modes
1 2 3 4 5 6 7

# Processing Times
1 1 570
1 2 788
1 3 606
1 4 838
1 5 357
1 6 601
1 7 831
2 1 504
2 2 760
2 3 530
2 4 800
2 5 300
2 6 537
2 7 810
3 1 232
3 2 284
3 3 252
3 4 309
3 5 156
3 6 244
3 7 299
4 1 336
4 2 479
4 3 359
4 4 512
4 5 224
4 6 366
4 7 522
5 1 724
5 2 1008
5 3 774
5 4 1078
5 5 418
5 6 749
5 7 1043
6 1 463
6 2 702
6 3 503
6 4 762
6 5 291
6 6 490
6 7 743
7 1 537
7 2 817
7 3 588
7 4 895
7 5 318
7 6 575
7 7 875
8 1 553
8 2 852
8 3 600
8 4 924
8 5 382
8 6 599
8 7 923
9 1 669
9 2 881
9 3 736
9 4 969
9 5 385
9 6 674
9 7 888
10 1 350
10 2 522
10 3 376
10 4 560
10 5 220
10 6 354
10 7 528
11 1 463
11 2 713
11 3 506
11 4 780
11 5 279
11 6 498
11 7 767
12 1 365
12 2 531
12 3 387
12 4 563
12 5 229
12 6 377
12 7 549
13 1 422
13 2 621
13 3 456
13 4 671
13 5 263
13 6 458
13 7 674
14 1 544
14 2 722
14 3 581
14 4 771
14 5 354
14 6 563
14 7 747
15 1 483
15 2 628
15 3 529
15 4 688
15 5 284
15 6 486
15 7 632
16 1 380
16 2 470
16 3 412
16 4 510
16 5 253
16 6 402
16 7 497
17 1 535
17 2 757
17 3 562
17 4 796
17 5 375
17 6 541
17 7 765
18 1 628
18 2 904
18 3 669
18 4 963
18 5 360
18 6 689
18 7 992
19 1 437
19 2 611
19 3 475
19 4 664
19 5 270
19 6 466
19 7 651
20 1 283
20 2 368
20 3 302
20 4 393
20 5 166
20 6 304
20 7 395

# Energy Consumption
1 1 0
1 2 189
1 3 0
1 4 173
1 5 56
1 6 0
1 7 119
2 1 0
2 2 191
2 3 0
2 4 159
2 5 45
2 6 0
2 7 115
3 1 0
3 2 80
3 3 0
3 4 61
3 5 25
3 6 0
3 7 41
4 1 0
4 2 120
4 3 0
4 4 113
4 5 32
4 6 0
4 7 75
5 1 0
5 2 245
5 3 0
5 4 226
5 5 66
5 6 0
5 7 143
6 1 0
6 2 155
6 3 0
6 4 162
6 5 44
6 6 0
6 7 103
7 1 0
7 2 183
7 3 0
7 4 193
7 5 46
7 6 0
7 7 124
8 1 0
8 2 217
8 3 0
8 4 194
8 5 57
8 6 0
8 7 130
9 1 0
9 2 234
9 3 0
9 4 207
9 5 61
9 6 0
9 7 133
10 1 0
10 2 150
10 3 0
10 4 116
10 5 33
10 6 0
10 7 75
11 1 0
11 2 159
11 3 0
11 4 144
11 5 43
11 6 0
11 7 111
12 1 0
12 2 135
12 3 0
12 4 123
12 5 33
12 6 0
12 7 76
13 1 0
13 2 149
13 3 0
13 4 135
13 5 39
13 6 0
13 7 93
14 1 0
14 2 214
14 3 0
14 4 157
14 5 56
14 6 0
14 7 100
15 1 0
15 2 161
15 3 0
15 4 127
15 5 44
15 6 0
15 7 78
16 1 0
16 2 133
16 3 0
16 4 109
16 5 39
16 6 0
16 7 64
17 1 0
17 2 205
17 3 0
17 4 175
17 5 58
17 6 0
17 7 97
18 1 0
18 2 219
18 3 0
18 4 193
18 5 56
18 6 0
18 7 123
19 1 0
19 2 169
19 3 0
19 4 136
19 5 42
19 6 0
19 7 97
20 1 0
20 2 95
20 3 0
20 4 87
20 5 26
20 6 0
20 7 50

# Precedence Relations
1 10
2 10
3 10
4 6
4 8
4 12
5 7
5 9
5 10
5 11
6 10
7 18
8 11
9 12
9 17
9 18
10 13
10 14
10 15
10 16
11 17
11 18
13 20
14 17
15 17
16 18
17 19
17 20
18 19

# Parameters
R_e = 0.0500
T = 1131.9
C_s = 4.0
C_w = 36.0
C_c = 5.0
