# Tasks
1 2 3 4 5 6 7 8 9 10 11 12 13 14 15 16 17 18 19 20

# Workstations
1 2 3 4 5 6 7 8 9 10 11 12 13 14 15 16 17 18 19 20

# Modes
1 2 3 4 5 6 7

# Processing Times
1 1 471
1 2 717
1 3 476
1 4 725
1 5 206
1 6 631
1 7 961
2 1 570
2 2 742
2 3 586
2 4 762
2 5 222
2 6 718
2 7 934
3 1 335
3 2 512
3 3 334
3 4 509
3 5 120
3 6 458
3 7 699
4 1 590
4 2 825
4 3 584
4 4 817
4 5 255
4 6 829
4 7 1159
5 1 564
5 2 824
5 3 562
5 4 822
5 5 196
5 6 809
5 7 1182
6 1 599
6 2 749
6 3 574
6 4 718
6 5 187
6 6 797
6 7 996
7 1 494
7 2 611
7 3 486
7 4 601
7 5 159
7 6 681
7 7 842
8 1 547
8 2 729
8 3 549
8 4 731
8 5 236
8 6 767
8 7 1022
9 1 714
9 2 1115
9 3 689
9 4 1076
9 5 308
9 6 1003
9 7 1566
10 1 524
10 2 697
10 3 526
10 4 700
10 5 198
10 6 731
10 7 972
11 1 646
11 2 940
11 3 654
11 4 952
11 5 264
11 6 869
11 7 1264
12 1 564
12 2 814
12 3 585
12 4 844
12 5 188
12 6 793
12 7 1144
13 1 314
13 2 464
13 3 321
13 4 475
13 5 106
13 6 405
13 7 598
14 1 372
14 2 589
14 3 373
14 4 590
14 5 152
14 6 519
14 7 822
15 1 653
15 2 981
15 3 681
15 4 1023
15 5 203
15 6 916
15 7 1376
16 1 732
16 2 1107
16 3 733
16 4 1108
16 5 250
16 6 982
16 7 1485
17 1 471
17 2 740
17 3 476
17 4 747
17 5 177
17 6 659
17 7 1035
18 1 281
18 2 385
18 3 287
18 4 393
18 5 114
18 6 378
18 7 517
19 1 381
19 2 579
19 3 376
19 4 572
19 5 128
19 6 513
19 7 779
20 1 638
20 2 905
20 3 630
20 4 893
20 5 237
20 6 892
20 7 1265

# Energy Consumption
1 1 0
1 2 164
1 3 0
1 4 145
1 5 30
1 6 0
1 7 135
2 1 0
2 2 166
2 3 0
2 4 155
2 5 33
2 6 0
2 7 121
3 1 0
3 2 149
3 3 0
3 4 95
3 5 19
3 6 0
3 7 85
4 1 0
4 2 194
4 3 0
4 4 174
4 5 37
4 6 0
4 7 159
5 1 0
5 2 223
5 3 0
5 4 155
5 5 31
5 6 0
5 7 162
6 1 0
6 2 205
6 3 0
6 4 152
6 5 28
6 6 0
6 7 133
7 1 0
7 2 166
7 3 0
7 4 130
7 5 25
7 6 0
7 7 112
8 1 0
8 2 200
8 3 0
8 4 158
8 5 36
8 6 0
8 7 127
9 1 0
9 2 272
9 3 0
9 4 201
9 5 44
9 6 0
9 7 200
10 1 0
10 2 175
10 3 0
10 4 135
10 5 30
10 6 0
10 7 137
11 1 0
11 2 269
11 3 0
11 4 175
11 5 38
11 6 0
11 7 175
12 1 0
12 2 205
12 3 0
12 4 177
12 5 28
12 6 0
12 7 139
13 1 0
13 2 117
13 3 0
13 4 99
13 5 17
13 6 0
13 7 82
14 1 0
14 2 140
14 3 0
14 4 112
14 5 23
14 6 0
14 7 123
15 1 0
15 2 266
15 3 0
15 4 199
15 5 30
15 6 0
15 7 198
16 1 0
16 2 250
16 3 0
16 4 213
16 5 39
16 6 0
16 7 180
17 1 0
17 2 219
17 3 0
17 4 142
17 5 26
17 6 0
17 7 151
18 1 0
18 2 92
18 3 0
18 4 87
18 5 18
18 6 0
18 7 65
19 1 0
19 2 164
19 3 0
19 4 111
19 5 19
19 6 0
19 7 112
20 1 0
20 2 270
20 3 0
20 4 183
20 5 38
20 6 0
20 7 154

# Precedence Relations
1 5
1 6
2 5
3 4
4 14
5 7
5 8
5 9
7 10
7 11
8 12
8 13
10 14
11 14
12 14
13 15
14 16
14 17
14 18
14 19
14 20

# Parameters
R_e = 0.0500
T = 1644.3000000000002
C_s = 4.0
C_w = 36.0
C_c = 5.0
