# Tasks
1 2 3 4 5 6 7 8 9 10 11 12 13 14 15 16 17 18 19 20

# Workstations
1 2 3 4 5 6 7 8 9 10 11 12 13 14 15 16 17 18 19 20

# Modes
1 2 3 4 5 6 7

# Processing Times
1 1 142
1 2 336
1 3 134
1 4 317
1 5 85
1 6 180
1 7 425
2 1 34
2 2 81
2 3 33
2 4 77
2 5 21
2 6 43
2 7 103
3 1 140
3 2 331
3 3 132
3 4 312
3 5 84
3 6 177
3 7 418
4 1 214
4 2 506
4 3 202
4 4 477
4 5 128
4 6 271
4 7 639
5 1 121
5 2 286
5 3 115
5 4 270
5 5 73
5 6 153
5 7 362
6 1 279
6 2 659
6 3 263
6 4 622
6 5 167
6 6 353
6 7 833
7 1 50
7 2 119
7 3 48
7 4 113
7 5 30
7 6 64
7 7 151
8 1 282
8 2 666
8 3 266
8 4 628
8 5 169
8 6 357
8 7 841
9 1 129
9 2 305
9 3 122
9 4 288
9 5 78
9 6 163
9 7 386
10 1 175
10 2 414
10 3 165
10 4 391
10 5 105
10 6 221
10 7 523
11 1 97
11 2 230
11 3 92
11 4 217
11 5 58
11 6 123
11 7 291
12 1 132
12 2 312
12 3 125
12 4 295
12 5 79
12 6 167
12 7 394
13 1 107
13 2 253
13 3 101
13 4 239
13 5 64
13 6 136
13 7 320
14 1 132
14 2 312
14 3 125
14 4 295
14 5 79
14 6 167
14 7 394
15 1 69
15 2 163
15 3 66
15 4 154
15 5 42
15 6 88
15 7 206
16 1 169
16 2 400
16 3 160
16 4 377
16 5 101
16 6 214
16 7 506
17 1 73
17 2 173
17 3 69
17 4 164
17 5 44
17 6 93
17 7 219
18 1 231
18 2 546
18 3 218
18 4 515
18 5 138
18 6 292
18 7 690
19 1 120
19 2 284
19 3 114
19 4 268
19 5 72
19 6 152
19 7 359
20 1 186
20 2 440
20 3 176
20 4 415
20 5 112
20 6 235
20 7 556

# Energy Consumption
1 1 0
1 2 96
1 3 0
1 4 62
1 5 14
1 6 0
1 7 52
2 1 0
2 2 19
2 3 0
2 4 15
2 5 4
2 6 0
2 7 15
3 1 0
3 2 83
3 3 0
3 4 63
3 5 12
3 6 0
3 7 58
4 1 0
4 2 125
4 3 0
4 4 98
4 5 20
4 6 0
4 7 81
5 1 0
5 2 70
5 3 0
5 4 57
5 5 11
5 6 0
5 7 46
6 1 0
6 2 160
6 3 0
6 4 137
6 5 25
6 6 0
6 7 108
7 1 0
7 2 31
7 3 0
7 4 24
7 5 5
7 6 0
7 7 21
8 1 0
8 2 175
8 3 0
8 4 133
8 5 24
8 6 0
8 7 123
9 1 0
9 2 68
9 3 0
9 4 56
9 5 12
9 6 0
9 7 47
10 1 0
10 2 107
10 3 0
10 4 82
10 5 16
10 6 0
10 7 64
11 1 0
11 2 56
11 3 0
11 4 42
11 5 9
11 6 0
11 7 37
12 1 0
12 2 78
12 3 0
12 4 57
12 5 12
12 6 0
12 7 48
13 1 0
13 2 75
13 3 0
13 4 45
13 5 10
13 6 0
13 7 45
14 1 0
14 2 90
14 3 0
14 4 56
14 5 13
14 6 0
14 7 57
15 1 0
15 2 38
15 3 0
15 4 30
15 5 7
15 6 0
15 7 27
16 1 0
16 2 96
16 3 0
16 4 82
16 5 15
16 6 0
16 7 62
17 1 0
17 2 46
17 3 0
17 4 32
17 5 7
17 6 0
17 7 27
18 1 0
18 2 140
18 3 0
18 4 97
18 5 22
18 6 0
18 7 98
19 1 0
19 2 75
19 3 0
19 4 49
19 5 12
19 6 0
19 7 51
20 1 0
20 2 114
20 3 0
20 4 78
20 5 16
20 6 0
20 7 80

# Precedence Relations
1 6
2 7
4 8
5 9
6 10
7 11
8 12
10 13
11 13
12 14
12 15
13 16
13 17
13 18
14 20
15 19

# Parameters
R_e = 0.0500
T = 1000.0
C_s = 4.0
C_w = 36.0
C_c = 5.0
