# Tasks
1 2 3 4 5 6 7 8 9 10 11 12 13 14 15 16 17 18 19 20

# Workstations
1 2 3 4 5 6 7 8 9 10 11 12 13 14 15 16 17 18 19 20

# Modes
1 2 3 4 5 6 7

# Processing Times
1 1 85
1 2 201
1 3 81
1 4 190
1 5 51
1 6 108
1 7 254
2 1 262
2 2 619
2 3 247
2 4 584
2 5 157
2 6 331
2 7 782
3 1 34
3 2 81
3 3 33
3 4 77
3 5 21
3 6 43
3 7 103
4 1 93
4 2 220
4 3 88
4 4 208
4 5 56
4 6 118
4 7 278
5 1 40
5 2 95
5 3 38
5 4 90
5 5 24
5 6 51
5 7 120
6 1 149
6 2 352
6 3 141
6 4 332
6 5 89
6 6 189
6 7 445
7 1 56
7 2 133
7 3 53
7 4 126
7 5 34
7 6 71
7 7 168
8 1 103
8 2 244
8 3 98
8 4 230
8 5 62
8 6 131
8 7 309
9 1 53
9 2 126
9 3 50
9 4 119
9 5 32
9 6 67
9 7 160
10 1 41
10 2 97
10 3 39
10 4 92
10 5 25
10 6 52
10 7 123
11 1 118
11 2 279
11 3 112
11 4 263
11 5 71
11 6 149
11 7 353
12 1 121
12 2 286
12 3 115
12 4 270
12 5 73
12 6 153
12 7 362
13 1 124
13 2 293
13 3 117
13 4 277
13 5 75
13 6 157
13 7 370
14 1 44
14 2 104
14 3 42
14 4 99
14 5 27
14 6 56
14 7 132
15 1 199
15 2 470
15 3 188
15 4 443
15 5 119
15 6 252
15 7 594
16 1 95
16 2 225
16 3 90
16 4 213
16 5 57
16 6 120
16 7 285
17 1 27
17 2 64
17 3 26
17 4 61
17 5 17
17 6 35
17 7 81
18 1 151
18 2 357
18 3 143
18 4 337
18 5 91
18 6 191
18 7 451
19 1 43
19 2 102
19 3 41
19 4 97
19 5 26
19 6 55
19 7 129
20 1 95
20 2 225
20 3 90
20 4 213
20 5 57
20 6 120
20 7 285

# Energy Consumption
1 1 0
1 2 58
1 3 0
1 4 37
1 5 9
1 6 0
1 7 31
2 1 0
2 2 145
2 3 0
2 4 111
2 5 23
2 6 0
2 7 114
3 1 0
3 2 21
3 3 0
3 4 16
3 5 3
3 6 0
3 7 15
4 1 0
4 2 55
4 3 0
4 4 43
4 5 9
4 6 0
4 7 36
5 1 0
5 2 23
5 3 0
5 4 19
5 5 4
5 6 0
5 7 16
6 1 0
6 2 86
6 3 0
6 4 73
6 5 14
6 6 0
6 7 58
7 1 0
7 2 34
7 3 0
7 4 26
7 5 6
7 6 0
7 7 24
8 1 0
8 2 64
8 3 0
8 4 49
8 5 9
8 6 0
8 7 45
9 1 0
9 2 28
9 3 0
9 4 23
9 5 5
9 6 0
9 7 20
10 1 0
10 2 25
10 3 0
10 4 20
10 5 4
10 6 0
10 7 16
11 1 0
11 2 67
11 3 0
11 4 50
11 5 11
11 6 0
11 7 44
12 1 0
12 2 72
12 3 0
12 4 53
12 5 11
12 6 0
12 7 44
13 1 0
13 2 86
13 3 0
13 4 53
13 5 12
13 6 0
13 7 52
14 1 0
14 2 30
14 3 0
14 4 19
14 5 5
14 6 0
14 7 19
15 1 0
15 2 109
15 3 0
15 4 85
15 5 19
15 6 0
15 7 77
16 1 0
16 2 54
16 3 0
16 4 46
16 5 9
16 6 0
16 7 35
17 1 0
17 2 17
17 3 0
17 4 12
17 5 3
17 6 0
17 7 10
18 1 0
18 2 92
18 3 0
18 4 64
18 5 14
18 6 0
18 7 64
19 1 0
19 2 27
19 3 0
19 4 18
19 5 5
19 6 0
19 7 19
20 1 0
20 2 58
20 3 0
20 4 40
20 5 9
20 6 0
20 7 41

# Precedence Relations
1 11
2 11
3 4
3 5
4 11
5 6
5 7
5 8
5 9
5 10
6 11
7 11
8 20
9 12
10 12
11 13
11 14
11 15
11 16
12 19
14 18
14 20
15 17
16 19
16 20

# Parameters
R_e = 0.0500
T = 1000.0
C_s = 4.0
C_w = 36.0
C_c = 5.0
