# Tasks
1 2 3 4 5 6 7 8 9 10 11 12 13 14 15 16 17 18 19 20 21 22 23 24 25 26 27 28 29 30 31 32 33 34 35 36 37 38 39 40 41 42 43 44 45 46 47 48 49 50 51 52 53 54 55 56 57 58 59 60 61 62 63 64 65 66 67 68 69 70 71 72 73 74 75 76 77 78 79 80 81 82 83 84 85 86 87 88 89 90 91 92 93 94

# Workstations
1 2 3 4 5 6 7 8 9 10 11 12 13 14 15 16 17 18 19 20 21 22 23 24 25 26 27 28 29 30 31 32 33 34 35 36 37 38 39 40 41 42 43 44 45 46 47 48 49 50 51 52 53 54 55 56 57 58 59 60 61 62 63 64 65 66 67 68 69 70 71 72 73 74 75 76 77 78 79 80 81 82 83 84 85 86 87 88 89 90 91 92 93 94

# Modes
1 2 3 4 5 6 7

# Processing Times
1 1 158
1 2 135
1 3 174
1 4 149
1 5 149
1 6 222
1 7 190
2 1 42
2 2 36
2 3 47
2 4 40
2 5 40
2 6 59
2 7 51
3 1 17
3 2 15
3 3 19
3 4 17
3 5 16
3 6 24
3 7 22
4 1 24
4 2 21
4 3 27
4 4 24
4 5 23
4 6 34
4 7 30
5 1 71
5 2 61
5 3 79
5 4 68
5 5 67
5 6 100
5 7 86
6 1 66
6 2 57
6 3 73
6 4 63
6 5 62
6 6 93
6 7 81
7 1 50
7 2 43
7 3 55
7 4 48
7 5 47
7 6 71
7 7 61
8 1 55
8 2 47
8 3 61
8 4 52
8 5 52
8 6 78
8 7 67
9 1 30
9 2 26
9 3 33
9 4 29
9 5 29
9 6 43
9 7 37
10 1 28
10 2 24
10 3 31
10 4 27
10 5 27
10 6 40
10 7 34
11 1 113
11 2 97
11 3 125
11 4 107
11 5 106
11 6 159
11 7 137
12 1 114
12 2 98
12 3 126
12 4 108
12 5 107
12 6 161
12 7 138
13 1 57
13 2 49
13 3 63
13 4 54
13 5 54
13 6 81
13 7 69
14 1 65
14 2 56
14 3 72
14 4 62
14 5 61
14 6 92
14 7 79
15 1 15
15 2 13
15 3 17
15 4 15
15 5 15
15 6 22
15 7 19
16 1 11
16 2 10
16 3 13
16 4 11
16 5 11
16 6 16
16 7 15
17 1 10
17 2 9
17 3 11
17 4 10
17 5 10
17 6 15
17 7 13
18 1 19
18 2 17
18 3 21
18 4 19
18 5 18
18 6 27
18 7 24
19 1 8
19 2 7
19 3 9
19 4 8
19 5 8
19 6 12
19 7 10
20 1 17
20 2 15
20 3 19
20 4 17
20 5 16
20 6 24
20 7 22
21 1 57
21 2 49
21 3 63
21 4 54
21 5 54
21 6 81
21 7 69
22 1 40
22 2 35
22 3 44
22 4 39
22 5 38
22 6 57
22 7 50
23 1 17
23 2 15
23 3 19
23 4 17
23 5 16
23 6 24
23 7 22
24 1 11
24 2 10
24 3 13
24 4 11
24 5 11
24 6 16
24 7 15
25 1 17
25 2 15
25 3 19
25 4 17
25 5 16
25 6 24
25 7 22
26 1 27
26 2 24
26 3 30
26 4 27
26 5 26
26 6 38
26 7 34
27 1 17
27 2 15
27 3 19
27 4 17
27 5 16
27 6 24
27 7 22
28 1 18
28 2 16
28 3 20
28 4 18
28 5 17
28 6 26
28 7 23
29 1 16
29 2 14
29 3 18
29 4 16
29 5 15
29 6 23
29 7 20
30 1 18
30 2 16
30 3 20
30 4 18
30 5 17
30 6 26
30 7 23
31 1 50
31 2 43
31 3 55
31 4 48
31 5 47
31 6 71
31 7 61
32 1 18
32 2 16
32 3 20
32 4 18
32 5 17
32 6 26
32 7 23
33 1 13
33 2 12
33 3 15
33 4 14
33 5 13
33 6 19
33 7 17
34 1 21
34 2 18
34 3 24
34 4 20
34 5 20
34 6 30
34 7 26
35 1 63
35 2 54
35 3 70
35 4 60
35 5 60
35 6 89
35 7 76
36 1 8
36 2 7
36 3 9
36 4 8
36 5 8
36 6 12
36 7 10
37 1 63
37 2 54
37 3 70
37 4 60
37 5 60
37 6 89
37 7 76
38 1 9
38 2 8
38 3 10
38 4 9
38 5 9
38 6 13
38 7 12
39 1 20
39 2 18
39 3 22
39 4 20
39 5 19
39 6 29
39 7 26
40 1 72
40 2 62
40 3 80
40 4 69
40 5 68
40 6 102
40 7 88
41 1 30
41 2 26
41 3 33
41 4 29
41 5 29
41 6 43
41 7 37
42 1 69
42 2 59
42 3 76
42 4 65
42 5 65
42 6 97
42 7 83
43 1 27
43 2 24
43 3 30
43 4 27
43 5 26
43 6 38
43 7 34
44 1 9
44 2 8
44 3 10
44 4 9
44 5 9
44 6 13
44 7 12
45 1 41
45 2 35
45 3 46
45 4 39
45 5 39
45 6 58
45 7 50
46 1 38
46 2 33
46 3 42
46 4 37
46 5 36
46 6 54
46 7 47
47 1 76
47 2 65
47 3 84
47 4 72
47 5 72
47 6 107
47 7 92
48 1 31
48 2 27
48 3 35
48 4 30
48 5 30
48 6 44
48 7 38
49 1 11
49 2 10
49 3 13
49 4 11
49 5 11
49 6 16
49 7 15
50 1 29
50 2 25
50 3 32
50 4 28
50 5 28
50 6 41
50 7 36
51 1 48
51 2 41
51 3 53
51 4 46
51 5 45
51 6 68
51 7 58
52 1 8
52 2 7
52 3 9
52 4 8
52 5 8
52 6 12
52 7 10
53 1 171
53 2 146
53 3 188
53 4 161
53 5 161
53 6 241
53 7 206
54 1 48
54 2 41
54 3 53
54 4 46
54 5 45
54 6 68
54 7 58
55 1 43
55 2 37
55 3 48
55 4 41
55 5 41
55 6 61
55 7 52
56 1 18
56 2 16
56 3 20
56 4 18
56 5 17
56 6 26
56 7 23
57 1 94
57 2 81
57 3 104
57 4 90
57 5 89
57 6 133
57 7 114
58 1 9
58 2 8
58 3 10
58 4 9
58 5 9
58 6 13
58 7 12
59 1 19
59 2 17
59 3 21
59 4 19
59 5 18
59 6 27
59 7 24
60 1 24
60 2 21
60 3 27
60 4 24
60 5 23
60 6 34
60 7 30
61 1 8
61 2 7
61 3 9
61 4 8
61 5 8
61 6 12
61 7 10
62 1 34
62 2 29
62 3 38
62 4 32
62 5 32
62 6 48
62 7 41
63 1 62
63 2 53
63 3 69
63 4 59
63 5 59
63 6 88
63 7 75
64 1 12
64 2 11
64 3 14
64 4 13
64 5 12
64 6 17
64 7 16
65 1 8
65 2 7
65 3 9
65 4 8
65 5 8
65 6 12
65 7 10
66 1 47
66 2 41
66 3 52
66 4 46
66 5 45
66 6 67
66 7 58
67 1 27
67 2 24
67 3 30
67 4 27
67 5 26
67 6 38
67 7 34
68 1 18
68 2 16
68 3 20
68 4 18
68 5 17
68 6 26
68 7 23
69 1 52
69 2 45
69 3 58
69 4 50
69 5 49
69 6 74
69 7 64
70 1 65
70 2 56
70 3 72
70 4 62
70 5 61
70 6 92
70 7 79
71 1 72
71 2 62
71 3 80
71 4 69
71 5 68
71 6 102
71 7 88
72 1 51
72 2 44
72 3 57
72 4 49
72 5 48
72 6 72
72 7 62
73 1 58
73 2 50
73 3 64
73 4 55
73 5 55
73 6 82
73 7 71
74 1 53
74 2 46
74 3 59
74 4 51
74 5 50
74 6 75
74 7 65
75 1 76
75 2 65
75 3 84
75 4 72
75 5 72
75 6 107
75 7 92
76 1 93
76 2 80
76 3 103
76 4 88
76 5 88
76 6 131
76 7 113
77 1 86
77 2 74
77 3 95
77 4 82
77 5 81
77 6 121
77 7 104
78 1 76
78 2 65
78 3 84
78 4 72
78 5 72
78 6 107
78 7 92
79 1 9
79 2 8
79 3 10
79 4 9
79 5 9
79 6 13
79 7 12
80 1 14
80 2 12
80 3 16
80 4 14
80 5 14
80 6 20
80 7 17
81 1 55
81 2 47
81 3 61
81 4 52
81 5 52
81 6 78
81 7 67
82 1 32
82 2 28
82 3 36
82 4 31
82 5 30
82 6 45
82 7 40
83 1 22
83 2 19
83 3 25
83 4 21
83 5 21
83 6 31
83 7 27
84 1 35
84 2 30
84 3 39
84 4 33
84 5 33
84 6 50
84 7 43
85 1 63
85 2 54
85 3 70
85 4 60
85 5 60
85 6 89
85 7 76
86 1 59
86 2 51
86 3 65
86 4 57
86 5 56
86 6 83
86 7 72
87 1 149
87 2 128
87 3 164
87 4 141
87 5 140
87 6 210
87 7 180
88 1 40
88 2 35
88 3 44
88 4 39
88 5 38
88 6 57
88 7 50
89 1 24
89 2 21
89 3 27
89 4 24
89 5 23
89 6 34
89 7 30
90 1 123
90 2 105
90 3 136
90 4 116
90 5 116
90 6 173
90 7 148
91 1 25
91 2 22
91 3 28
91 4 25
91 5 24
91 6 36
91 7 31
92 1 115
92 2 99
92 3 127
92 4 109
92 5 108
92 6 162
92 7 140
93 1 103
93 2 88
93 3 114
93 4 97
93 5 97
93 6 145
93 7 124
94 1 54
94 2 47
94 3 60
94 4 52
94 5 51
94 6 76
94 7 67

# Energy Consumption
1 1 0
1 2 30
1 3 0
1 4 33
1 5 24
1 6 0
1 7 28
2 1 0
2 2 10
2 3 0
2 4 9
2 5 7
2 6 0
2 7 8
3 1 0
3 2 4
3 3 0
3 4 4
3 5 3
3 6 0
3 7 3
4 1 0
4 2 7
4 3 0
4 4 5
4 5 4
4 6 0
4 7 4
5 1 0
5 2 16
5 3 0
5 4 14
5 5 11
5 6 0
5 7 12
6 1 0
6 2 14
6 3 0
6 4 12
6 5 10
6 6 0
6 7 12
7 1 0
7 2 13
7 3 0
7 4 10
7 5 8
7 6 0
7 7 10
8 1 0
8 2 13
8 3 0
8 4 11
8 5 9
8 6 0
8 7 9
9 1 0
9 2 8
9 3 0
9 4 7
9 5 5
9 6 0
9 7 5
10 1 0
10 2 6
10 3 0
10 4 6
10 5 5
10 6 0
10 7 5
11 1 0
11 2 25
11 3 0
11 4 20
11 5 15
11 6 0
11 7 20
12 1 0
12 2 23
12 3 0
12 4 24
12 5 17
12 6 0
12 7 18
13 1 0
13 2 14
13 3 0
13 4 11
13 5 9
13 6 0
13 7 10
14 1 0
14 2 16
14 3 0
14 4 12
14 5 10
14 6 0
14 7 11
15 1 0
15 2 4
15 3 0
15 4 4
15 5 3
15 6 0
15 7 3
16 1 0
16 2 3
16 3 0
16 4 3
16 5 2
16 6 0
16 7 3
17 1 0
17 2 3
17 3 0
17 4 3
17 5 2
17 6 0
17 7 2
18 1 0
18 2 5
18 3 0
18 4 4
18 5 3
18 6 0
18 7 3
19 1 0
19 2 2
19 3 0
19 4 2
19 5 2
19 6 0
19 7 2
20 1 0
20 2 4
20 3 0
20 4 4
20 5 3
20 6 0
20 7 3
21 1 0
21 2 14
21 3 0
21 4 11
21 5 9
21 6 0
21 7 11
22 1 0
22 2 9
22 3 0
22 4 9
22 5 6
22 6 0
22 7 8
23 1 0
23 2 5
23 3 0
23 4 4
23 5 3
23 6 0
23 7 3
24 1 0
24 2 3
24 3 0
24 4 3
24 5 2
24 6 0
24 7 2
25 1 0
25 2 4
25 3 0
25 4 4
25 5 3
25 6 0
25 7 3
26 1 0
26 2 7
26 3 0
26 4 6
26 5 4
26 6 0
26 7 5
27 1 0
27 2 4
27 3 0
27 4 4
27 5 3
27 6 0
27 7 4
28 1 0
28 2 4
28 3 0
28 4 4
28 5 3
28 6 0
28 7 3
29 1 0
29 2 4
29 3 0
29 4 4
29 5 3
29 6 0
29 7 3
30 1 0
30 2 5
30 3 0
30 4 4
30 5 3
30 6 0
30 7 3
31 1 0
31 2 12
31 3 0
31 4 9
31 5 7
31 6 0
31 7 10
32 1 0
32 2 5
32 3 0
32 4 4
32 5 3
32 6 0
32 7 3
33 1 0
33 2 4
33 3 0
33 4 3
33 5 3
33 6 0
33 7 3
34 1 0
34 2 6
34 3 0
34 4 5
34 5 3
34 6 0
34 7 4
35 1 0
35 2 15
35 3 0
35 4 13
35 5 10
35 6 0
35 7 10
36 1 0
36 2 2
36 3 0
36 4 2
36 5 2
36 6 0
36 7 2
37 1 0
37 2 15
37 3 0
37 4 14
37 5 10
37 6 0
37 7 10
38 1 0
38 2 2
38 3 0
38 4 2
38 5 2
38 6 0
38 7 2
39 1 0
39 2 6
39 3 0
39 4 5
39 5 3
39 6 0
39 7 4
40 1 0
40 2 17
40 3 0
40 4 13
40 5 11
40 6 0
40 7 12
41 1 0
41 2 7
41 3 0
41 4 6
41 5 5
41 6 0
41 7 5
42 1 0
42 2 14
42 3 0
42 4 13
42 5 10
42 6 0
42 7 11
43 1 0
43 2 6
43 3 0
43 4 6
43 5 4
43 6 0
43 7 5
44 1 0
44 2 2
44 3 0
44 4 2
44 5 2
44 6 0
44 7 2
45 1 0
45 2 10
45 3 0
45 4 8
45 5 6
45 6 0
45 7 8
46 1 0
46 2 10
46 3 0
46 4 8
46 5 6
46 6 0
46 7 7
47 1 0
47 2 16
47 3 0
47 4 15
47 5 12
47 6 0
47 7 13
48 1 0
48 2 9
48 3 0
48 4 6
48 5 5
48 6 0
48 7 5
49 1 0
49 2 3
49 3 0
49 4 3
49 5 2
49 6 0
49 7 3
50 1 0
50 2 8
50 3 0
50 4 6
50 5 5
50 6 0
50 7 6
51 1 0
51 2 12
51 3 0
51 4 10
51 5 7
51 6 0
51 7 9
52 1 0
52 2 2
52 3 0
52 4 2
52 5 2
52 6 0
52 7 2
53 1 0
53 2 42
53 3 0
53 4 34
53 5 25
53 6 0
53 7 29
54 1 0
54 2 10
54 3 0
54 4 10
54 5 8
54 6 0
54 7 8
55 1 0
55 2 11
55 3 0
55 4 8
55 5 7
55 6 0
55 7 8
56 1 0
56 2 5
56 3 0
56 4 4
56 5 3
56 6 0
56 7 4
57 1 0
57 2 20
57 3 0
57 4 19
57 5 14
57 6 0
57 7 16
58 1 0
58 2 3
58 3 0
58 4 2
58 5 2
58 6 0
58 7 2
59 1 0
59 2 5
59 3 0
59 4 4
59 5 3
59 6 0
59 7 4
60 1 0
60 2 6
60 3 0
60 4 5
60 5 4
60 6 0
60 7 5
61 1 0
61 2 2
61 3 0
61 4 2
61 5 2
61 6 0
61 7 2
62 1 0
62 2 7
62 3 0
62 4 6
62 5 5
62 6 0
62 7 6
63 1 0
63 2 13
63 3 0
63 4 12
63 5 9
63 6 0
63 7 11
64 1 0
64 2 3
64 3 0
64 4 3
64 5 2
64 6 0
64 7 3
65 1 0
65 2 2
65 3 0
65 4 2
65 5 2
65 6 0
65 7 2
66 1 0
66 2 10
66 3 0
66 4 9
66 5 7
66 6 0
66 7 8
67 1 0
67 2 7
67 3 0
67 4 6
67 5 4
67 6 0
67 7 5
68 1 0
68 2 4
68 3 0
68 4 4
68 5 3
68 6 0
68 7 4
69 1 0
69 2 12
69 3 0
69 4 10
69 5 8
69 6 0
69 7 8
70 1 0
70 2 16
70 3 0
70 4 13
70 5 9
70 6 0
70 7 11
71 1 0
71 2 14
71 3 0
71 4 14
71 5 10
71 6 0
71 7 14
72 1 0
72 2 13
72 3 0
72 4 10
72 5 8
72 6 0
72 7 9
73 1 0
73 2 13
73 3 0
73 4 12
73 5 9
73 6 0
73 7 11
74 1 0
74 2 11
74 3 0
74 4 10
74 5 8
74 6 0
74 7 10
75 1 0
75 2 15
75 3 0
75 4 14
75 5 11
75 6 0
75 7 14
76 1 0
76 2 21
76 3 0
76 4 18
76 5 14
76 6 0
76 7 16
77 1 0
77 2 22
77 3 0
77 4 18
77 5 12
77 6 0
77 7 16
78 1 0
78 2 19
78 3 0
78 4 15
78 5 11
78 6 0
78 7 14
79 1 0
79 2 3
79 3 0
79 4 2
79 5 2
79 6 0
79 7 2
80 1 0
80 2 3
80 3 0
80 4 3
80 5 2
80 6 0
80 7 3
81 1 0
81 2 12
81 3 0
81 4 12
81 5 9
81 6 0
81 7 10
82 1 0
82 2 7
82 3 0
82 4 6
82 5 5
82 6 0
82 7 6
83 1 0
83 2 6
83 3 0
83 4 5
83 5 4
83 6 0
83 7 4
84 1 0
84 2 8
84 3 0
84 4 7
84 5 5
84 6 0
84 7 6
85 1 0
85 2 16
85 3 0
85 4 12
85 5 10
85 6 0
85 7 11
86 1 0
86 2 14
86 3 0
86 4 11
86 5 9
86 6 0
86 7 10
87 1 0
87 2 39
87 3 0
87 4 28
87 5 20
87 6 0
87 7 23
88 1 0
88 2 8
88 3 0
88 4 9
88 5 6
88 6 0
88 7 7
89 1 0
89 2 6
89 3 0
89 4 6
89 5 4
89 6 0
89 7 4
90 1 0
90 2 31
90 3 0
90 4 24
90 5 18
90 6 0
90 7 23
91 1 0
91 2 7
91 3 0
91 4 6
91 5 4
91 6 0
91 7 5
92 1 0
92 2 24
92 3 0
92 4 24
92 5 16
92 6 0
92 7 21
93 1 0
93 2 23
93 3 0
93 4 20
93 5 15
93 6 0
93 7 18
94 1 0
94 2 11
94 3 0
94 4 12
94 5 8
94 6 0
94 7 9

# Precedence Relations
1 2
1 3
1 4
1 5
1 6
1 7
1 8
1 9
1 10
2 11
2 17
3 12
4 11
4 16
5 11
5 13
5 18
5 16
6 11
6 15
6 13
6 19
7 42
8 29
9 11
10 19
10 37
10 48
10 50
11 14
12 20
12 61
12 52
13 82
14 25
14 23
14 30
14 31
14 24
14 32
14 22
14 21
14 26
14 28
14 27
14 29
15 81
16 75
17 82
18 75
19 75
20 78
21 71
21 60
21 53
21 39
21 40
21 41
22 38
22 72
22 49
22 58
23 34
23 35
24 37
24 44
25 57
25 63
25 33
25 73
25 60
25 65
25 56
26 41
26 43
27 62
27 58
27 54
27 55
27 56
28 33
28 35
28 40
28 43
28 49
28 51
28 52
28 54
29 75
30 59
30 42
30 36
31 74
32 36
32 47
32 44
32 60
32 45
32 69
32 46
32 48
32 50
33 78
34 78
35 78
36 82
37 61
37 73
37 64
37 66
37 67
37 68
37 69
37 70
37 71
37 72
37 62
38 82
39 82
40 78
41 78
42 74
43 78
44 75
45 75
46 75
46 76
47 75
48 75
49 78
50 75
51 78
52 78
53 76
53 77
54 78
55 77
56 77
57 76
57 77
58 77
59 82
60 77
61 77
62 77
63 77
64 74
65 74
66 75
66 76
67 74
68 82
69 77
69 75
70 77
70 76
71 76
72 76
73 77
74 82
75 82
76 82
77 78
78 79
78 80
79 81
80 81
81 82
82 83
83 84
83 85
84 86
85 86
86 87
87 88
88 89
88 90
89 92
90 91
90 93
92 94

# Parameters
R_e = 0.0500
T = 600.0
C_s = 4.0
C_w = 36.0
C_c = 5.0
