# Tasks
1 2 3 4 5 6 7 8 9 10 11 12 13 14 15 16 17 18 19 20

# Workstations
1 2 3 4 5 6 7 8 9 10 11 12 13 14 15 16 17 18 19 20

# Modes
1 2 3 4 5 6 7

# Processing Times
1 1 464
1 2 1153
1 3 399
1 4 991
1 5 300
1 6 669
1 7 1661
2 1 154
2 2 372
2 3 132
2 4 318
2 5 104
2 6 221
2 7 533
3 1 506
3 2 1180
3 3 459
3 4 1069
3 5 321
3 6 661
3 7 1540
4 1 476
4 2 1063
4 3 446
4 4 995
4 5 333
4 6 685
4 7 1530
5 1 77
5 2 153
5 3 70
5 4 139
5 5 43
5 6 106
5 7 210
6 1 155
6 2 340
6 3 141
6 4 309
6 5 99
6 6 220
6 7 481
7 1 340
7 2 761
7 3 307
7 4 686
7 5 220
7 6 439
7 7 981
8 1 467
8 2 892
8 3 444
8 4 848
8 5 294
8 6 620
8 7 1184
9 1 94
9 2 175
9 3 89
9 4 166
9 5 60
9 6 121
9 7 224
10 1 65
10 2 130
10 3 59
10 4 118
10 5 41
10 6 91
10 7 181
11 1 192
11 2 406
11 3 181
11 4 382
11 5 114
11 6 272
11 7 575
12 1 127
12 2 235
12 3 121
12 4 223
12 5 78
12 6 184
12 7 339
13 1 204
13 2 412
13 3 184
13 4 371
13 5 127
13 6 269
13 7 542
14 1 108
14 2 224
14 3 92
14 4 191
14 5 75
14 6 150
14 7 310
15 1 481
15 2 1197
15 3 432
15 4 1073
15 5 310
15 6 634
15 7 1578
16 1 213
16 2 406
16 3 201
16 4 383
16 5 131
16 6 268
16 7 510
17 1 116
17 2 210
17 3 102
17 4 184
17 5 73
17 6 168
17 7 304
18 1 74
18 2 183
18 3 66
18 4 162
18 5 52
18 6 98
18 7 241
19 1 220
19 2 398
19 3 203
19 4 367
19 5 144
19 6 303
19 7 549
20 1 117
20 2 261
20 3 106
20 4 236
20 5 75
20 6 161
20 7 358

# Energy Consumption
1 1 0
1 2 328
1 3 0
1 4 191
1 5 48
1 6 0
1 7 203
2 1 0
2 2 87
2 3 0
2 4 61
2 5 16
2 6 0
2 7 78
3 1 0
3 2 296
3 3 0
3 4 216
3 5 46
3 6 0
3 7 211
4 1 0
4 2 262
4 3 0
4 4 204
4 5 50
4 6 0
4 7 194
5 1 0
5 2 37
5 3 0
5 4 30
5 5 7
5 6 0
5 7 27
6 1 0
6 2 83
6 3 0
6 4 68
6 5 15
6 6 0
6 7 63
7 1 0
7 2 193
7 3 0
7 4 141
7 5 34
7 6 0
7 7 136
8 1 0
8 2 234
8 3 0
8 4 180
8 5 42
8 6 0
8 7 173
9 1 0
9 2 39
9 3 0
9 4 32
9 5 10
9 6 0
9 7 28
10 1 0
10 2 34
10 3 0
10 4 25
10 5 7
10 6 0
10 7 23
11 1 0
11 2 98
11 3 0
11 4 73
11 5 17
11 6 0
11 7 72
12 1 0
12 2 59
12 3 0
12 4 44
12 5 12
12 6 0
12 7 41
13 1 0
13 2 121
13 3 0
13 4 70
13 5 20
13 6 0
13 7 76
14 1 0
14 2 65
14 3 0
14 4 37
14 5 12
14 6 0
14 7 45
15 1 0
15 2 277
15 3 0
15 4 204
15 5 48
15 6 0
15 7 203
16 1 0
16 2 97
16 3 0
16 4 83
16 5 19
16 6 0
16 7 62
17 1 0
17 2 56
17 3 0
17 4 36
17 5 11
17 6 0
17 7 37
18 1 0
18 2 47
18 3 0
18 4 31
18 5 8
18 6 0
18 7 35
19 1 0
19 2 105
19 3 0
19 4 67
19 5 23
19 6 0
19 7 78
20 1 0
20 2 68
20 3 0
20 4 44
20 5 11
20 6 0
20 7 52

# Precedence Relations
1 9
2 9
3 9
4 9
5 11
5 12
8 10
9 13
9 14
9 15
9 16
14 17
15 18
17 20
18 19

# Parameters
R_e = 0.0500
T = 1000.0
C_s = 4.0
C_w = 36.0
C_c = 5.0
