# Tasks
1 2 3 4 5 6 7 8 9 10 11

# Workstations
1 2 3 4 5 6 7 8 9 10 11

# Modes
1 2 3 4 5 6 7

# Processing Times
1 1 4
1 2 7
1 3 5
1 4 8
1 5 3
1 6 5
1 7 8
2 1 38
2 2 60
2 3 42
2 4 66
2 5 24
2 6 39
2 7 61
3 1 45
3 2 70
3 3 50
3 4 77
3 5 28
3 6 46
3 7 71
4 1 12
4 2 19
4 3 14
4 4 21
4 5 8
4 6 13
4 7 20
5 1 10
5 2 16
5 3 11
5 4 18
5 5 7
5 6 11
5 7 17
6 1 8
6 2 13
6 3 9
6 4 15
6 5 5
6 6 9
6 7 14
7 1 12
7 2 19
7 3 14
7 4 21
7 5 8
7 6 13
7 7 20
8 1 10
8 2 16
8 3 11
8 4 18
8 5 7
8 6 11
8 7 17
9 1 2
9 2 4
9 3 3
9 4 5
9 5 2
9 6 3
9 7 5
10 1 10
10 2 16
10 3 11
10 4 18
10 5 7
10 6 11
10 7 17
11 1 34
11 2 53
11 3 38
11 4 59
11 5 21
11 6 35
11 7 54

# Energy Consumption
1 1 0
1 2 3
1 3 0
1 4 2
1 5 1
1 6 0
1 7 1
2 1 0
2 2 15
2 3 0
2 4 15
2 5 4
2 6 0
2 7 10
3 1 0
3 2 16
3 3 0
3 4 16
3 5 5
3 6 0
3 7 11
4 1 0
4 2 6
4 3 0
4 4 4
4 5 2
4 6 0
4 7 3
5 1 0
5 2 5
5 3 0
5 4 4
5 5 2
5 6 0
5 7 3
6 1 0
6 2 4
6 3 0
6 4 4
6 5 1
6 6 0
6 7 2
7 1 0
7 2 6
7 3 0
7 4 4
7 5 2
7 6 0
7 7 3
8 1 0
8 2 4
8 3 0
8 4 4
8 5 2
8 6 0
8 7 3
9 1 0
9 2 2
9 3 0
9 4 1
9 5 1
9 6 0
9 7 1
10 1 0
10 2 5
10 3 0
10 4 4
10 5 2
10 6 0
10 7 3
11 1 0
11 2 16
11 3 0
11 4 12
11 5 3
11 6 0
11 7 8

# Precedence Relations
1 4
2 4
2 5
3 11
4 6
5 7
6 8
7 9
8 10
9 10
10 11

# Parameters
R_e = 0.0500
T = 600.0
C_s = 4.0
C_w = 36.0
C_c = 5.0
