# Tasks
1 2 3 4 5 6 7 8 9 10 11 12 13 14 15 16 17 18 19 20 21

# Workstations
1 2 3 4 5 6 7 8 9 10 11 12 13 14 15 16 17 18 19 20 21

# Modes
1 2 3 4 5 6 7

# Processing Times m=1,2,3,4,5,6,7
1 1 4
1 2 4
1 3 5
1 4 5
1 5 2
1 6 4
1 7 2
2 1 3
2 2 3
2 3 4
2 4 4
2 5 2
2 6 3
2 7 2
3 1 9
3 2 8
3 3 10
3 4 9
3 5 5
3 6 9
3 7 5
4 1 5
4 2 5
4 3 6
4 4 6
4 5 3
4 6 5
4 7 3
5 1 9
5 2 8
5 3 10
5 4 9
5 5 5
5 6 9
5 7 5
6 1 4
6 2 4
6 3 5
6 4 5
6 5 2
6 6 4
6 7 2
7 1 8
7 2 7
7 3 9
7 4 8
7 5 4
7 6 8
7 7 4
8 1 7
8 2 6
8 3 8
8 4 7
8 5 4
8 6 7
8 7 4
9 1 5
9 2 5
9 3 6
9 4 6
9 5 3
9 6 5
9 7 3
10 1 1
10 2 1
10 3 2
10 4 2
10 5 1
10 6 1
10 7 1
11 1 3
11 2 3
11 3 4
11 4 4
11 5 2
11 6 3
11 7 2
12 1 1
12 2 1
12 3 2
12 4 2
12 5 1
12 6 1
12 7 1
13 1 5
13 2 5
13 3 6
13 4 6
13 5 3
13 6 5
13 7 3
14 1 3
14 2 3
14 3 4
14 4 4
14 5 2
14 6 3
14 7 2
15 1 5
15 2 5
15 3 6
15 4 6
15 5 3
15 6 5
15 7 3
16 1 3
16 2 3
16 3 4
16 4 4
16 5 2
16 6 3
16 7 2
17 1 13
17 2 12
17 3 14
17 4 13
17 5 7
17 6 13
17 7 7
18 1 5
18 2 5
18 3 6
18 4 6
18 5 3
18 6 5
18 7 3
19 1 2
19 2 2
19 3 3
19 4 3
19 5 1
19 6 2
19 7 1
20 1 3
20 2 3
20 3 4
20 4 4
20 5 2
20 6 3
20 7 2
21 1 7
21 2 6
21 3 8
21 4 7
21 5 4
21 6 7
21 7 4

# Energy Consumption m=1,2,3,4,5,6,7
1 1 0
1 2 11
1 3 0
1 4 5
1 5 8
1 6 0
1 7 3
2 1 0
2 2 12
2 3 0
2 4 8
2 5 6
2 6 0
2 7 4
3 1 0
3 2 11
3 3 0
3 4 7
3 5 5
3 6 0
3 7 3
4 1 0
4 2 10
4 3 0
4 4 7
4 5 7
4 6 0
4 7 4
5 1 0
5 2 11
5 3 0
5 4 8
5 5 7
5 6 0
5 7 3
6 1 0
6 2 10
6 3 0
6 4 6
6 5 8
6 6 0
6 7 6
7 1 0
7 2 10
7 3 0
7 4 8
7 5 8
7 6 0
7 7 5
8 1 0
8 2 8
8 3 0
8 4 7
8 5 5
8 6 0
8 7 6
9 1 0
9 2 11
9 3 0
9 4 5
9 5 6
9 6 0
9 7 4
10 1 0
10 2 11
10 3 0
10 4 7
10 5 7
10 6 0
10 7 3
11 1 0
11 2 9
11 3 0
11 4 8
11 5 7
11 6 0
11 7 6
12 1 0
12 2 10
12 3 0
12 4 7
12 5 7
12 6 0
12 7 3
13 1 0
13 2 10
13 3 0
13 4 8
13 5 8
13 6 0
13 7 3
14 1 0
14 2 12
14 3 0
14 4 5
14 5 8
14 6 0
14 7 5
15 1 0
15 2 8
15 3 0
15 4 8
15 5 7
15 6 0
15 7 3
16 1 0
16 2 9
16 3 0
16 4 5
16 5 8
16 6 0
16 7 6
17 1 0
17 2 9
17 3 0
17 4 6
17 5 7
17 6 0
17 7 6
18 1 0
18 2 9
18 3 0
18 4 6
18 5 6
18 6 0
18 7 4
19 1 0
19 2 9
19 3 0
19 4 6
19 5 5
19 6 0
19 7 5
20 1 0
20 2 12
20 3 0
20 4 6
20 5 7
20 6 0
20 7 3
21 1 0
21 2 11
21 3 0
21 4 7
21 5 8
21 6 0
21 7 6

# Precedence Relations
1 2
1 3
2 21
3 4
4 5
4 21
5 6
5 7
6 8
7 8
7 14
8 9
9 10
9 11
9 12
9 13
10 15
11 15
12 15
13 17
13 18
14 19
15 16
15 18
16 17
17 20
18 19

# Parameters
R_e = 0.05
T = 23
C_s = 4
C_w = 36
C_c = 5
