# Tasks
1 2 3 4 5 6 7 8 9 10 11 12 13 14 15 16 17 18 19 20 21 22 23 24 25 26 27 28 29

# Workstations
1 2 3 4 5 6 7 8 9 10 11 12 13 14 15 16 17 18 19 20 21 22 23 24 25 26 27 28 29

# Modes
1 2 3 4 5 6 7

# Processing Times m=1,2,3,4,5,6,7
1 1 7
1 2 6
1 3 8
1 4 7
1 5 4
1 6 7
1 7 4
2 1 19
2 2 17
2 3 20
2 4 18
2 5 10
2 6 19
2 7 10
3 1 15
3 2 13
3 3 16
3 4 14
3 5 8
3 6 15
3 7 8
4 1 5
4 2 5
4 3 6
4 4 6
4 5 3
4 6 5
4 7 3
5 1 12
5 2 11
5 3 13
5 4 12
5 5 6
5 6 12
5 7 6
6 1 10
6 2 9
6 3 11
6 4 10
6 5 5
6 6 10
6 7 5
7 1 8
7 2 7
7 3 9
7 4 8
7 5 4
7 6 8
7 7 4
8 1 16
8 2 14
8 3 17
8 4 15
8 5 8
8 6 16
8 7 8
9 1 2
9 2 2
9 3 3
9 4 3
9 5 1
9 6 2
9 7 1
10 1 6
10 2 6
10 3 7
10 4 7
10 5 3
10 6 6
10 7 3
11 1 21
11 2 18
11 3 23
11 4 20
11 5 11
11 6 21
11 7 11
12 1 10
12 2 9
12 3 11
12 4 10
12 5 5
12 6 10
12 7 5
13 1 9
13 2 8
13 3 10
13 4 9
13 5 5
13 6 9
13 7 5
14 1 4
14 2 4
14 3 5
14 4 5
14 5 2
14 6 4
14 7 2
15 1 14
15 2 12
15 3 15
15 4 13
15 5 7
15 6 14
15 7 7
16 1 7
16 2 6
16 3 8
16 4 7
16 5 4
16 6 7
16 7 4
17 1 14
17 2 12
17 3 15
17 4 13
17 5 7
17 6 14
17 7 7
18 1 17
18 2 15
18 3 18
18 4 16
18 5 9
18 6 17
18 7 9
19 1 10
19 2 9
19 3 11
19 4 10
19 5 5
19 6 10
19 7 5
20 1 16
20 2 14
20 3 17
20 4 15
20 5 8
20 6 16
20 7 8
21 1 1
21 2 1
21 3 2
21 4 2
21 5 1
21 6 1
21 7 1
22 1 9
22 2 8
22 3 10
22 4 9
22 5 5
22 6 9
22 7 5
23 1 25
23 2 22
23 3 27
23 4 24
23 5 13
23 6 25
23 7 13
24 1 14
24 2 12
24 3 15
24 4 13
24 5 7
24 6 14
24 7 7
25 1 14
25 2 12
25 3 15
25 4 13
25 5 7
25 6 14
25 7 7
26 1 2
26 2 2
26 3 3
26 4 3
26 5 1
26 6 2
26 7 1
27 1 10
27 2 9
27 3 11
27 4 10
27 5 5
27 6 10
27 7 5
28 1 7
28 2 6
28 3 8
28 4 7
28 5 4
28 6 7
28 7 4
29 1 20
29 2 17
29 3 21
29 4 18
29 5 10
29 6 20
29 7 10

# Energy Consumption m=1,2,3,4,5,6,7
1 1 0
1 2 12
1 3 0
1 4 8
1 5 5
1 6 0
1 7 5
2 1 0
2 2 8
2 3 0
2 4 6
2 5 6
2 6 0
2 7 4
3 1 0
3 2 11
3 3 0
3 4 6
3 5 5
3 6 0
3 7 4
4 1 0
4 2 10
4 3 0
4 4 5
4 5 5
4 6 0
4 7 3
5 1 0
5 2 9
5 3 0
5 4 5
5 5 5
5 6 0
5 7 4
6 1 0
6 2 10
6 3 0
6 4 8
6 5 5
6 6 0
6 7 4
7 1 0
7 2 10
7 3 0
7 4 7
7 5 8
7 6 0
7 7 3
8 1 0
8 2 8
8 3 0
8 4 6
8 5 7
8 6 0
8 7 6
9 1 0
9 2 8
9 3 0
9 4 7
9 5 6
9 6 0
9 7 6
10 1 0
10 2 11
10 3 0
10 4 8
10 5 8
10 6 0
10 7 4
11 1 0
11 2 9
11 3 0
11 4 6
11 5 5
11 6 0
11 7 6
12 1 0
12 2 9
12 3 0
12 4 7
12 5 5
12 6 0
12 7 6
13 1 0
13 2 8
13 3 0
13 4 8
13 5 5
13 6 0
13 7 5
14 1 0
14 2 8
14 3 0
14 4 7
14 5 5
14 6 0
14 7 4
15 1 0
15 2 10
15 3 0
15 4 6
15 5 5
15 6 0
15 7 4
16 1 0
16 2 11
16 3 0
16 4 5
16 5 8
16 6 0
16 7 4
17 1 0
17 2 10
17 3 0
17 4 6
17 5 8
17 6 0
17 7 4
18 1 0
18 2 11
18 3 0
18 4 8
18 5 5
18 6 0
18 7 6
19 1 0
19 2 8
19 3 0
19 4 5
19 5 5
19 6 0
19 7 6
20 1 0
20 2 12
20 3 0
20 4 5
20 5 7
20 6 0
20 7 6
21 1 0
21 2 10
21 3 0
21 4 6
21 5 8
21 6 0
21 7 6
22 1 0
22 2 11
22 3 0
22 4 5
22 5 6
22 6 0
22 7 5
23 1 0
23 2 10
23 3 0
23 4 5
23 5 5
23 6 0
23 7 6
24 1 0
24 2 11
24 3 0
24 4 7
24 5 6
24 6 0
24 7 3
25 1 0
25 2 9
25 3 0
25 4 6
25 5 7
25 6 0
25 7 6
26 1 0
26 2 12
26 3 0
26 4 8
26 5 8
26 6 0
26 7 6
27 1 0
27 2 12
27 3 0
27 4 8
27 5 8
27 6 0
27 7 4
28 1 0
28 2 8
28 3 0
28 4 7
28 5 8
28 6 0
28 7 4
29 1 0
29 2 11
29 3 0
29 4 7
29 5 8
29 6 0
29 7 4

# Precedence Relations
1 3
1 25
2 6
2 26
3 4
4 5
5 8
5 13
6 8
7 9
7 12
7 25
8 11
8 16
9 10
10 14
10 15
11 17
12 15
13 17
14 16
15 19
16 18
17 20
18 22
19 21
20 23
21 22
22 23
23 24
23 28
24 29
25 29
26 27
27 29
28 29

# Parameters
R_e = 0.05
T = 60
C_s = 4
C_w = 36
C_c = 5
