# Tasks
1 2 3 4 5 6 7 8 9 10 11 12 13 14 15 16 17 18 19 20 21 22 23 24 25 26 27 28 29 30 31 32 33 34 35 36 37 38 39 40 41 42 43 44 45 46 47 48 49 50 51 52 53 54 55 56 57 58 59 60 61 62 63 64 65 66 67 68 69 70 71 72 73 74 75 76 77 78 79 80 81 82 83 84 85 86 87 88 89 90 91 92 93 94 95 96 97 98 99 100 101 102 103 104 105 106 107 108 109 110 111

# Workstations
1 2 3 4 5 6 7 8 9 10 11 12 13 14 15 16 17 18 19 20 21 22 23 24 25 26 27 28 29 30 31 32 33 34 35 36 37 38 39 40 41 42 43 44 45 46 47 48 49 50 51 52 53 54 55 56 57 58 59 60 61 62 63 64 65 66 67 68 69 70 71 72 73 74 75 76 77 78 79 80 81 82 83 84 85 86 87 88 89 90 91 92 93 94 95 96 97 98 99 100 101 102 103 104 105 106 107 108 109 110 111

# Modes
1 2 3 4 5 6 7

# Processing Times m=1,2,3,4,5,6,7
1 1 1960
1 2 1666
1 3 2058
1 4 1764
1 5 980
1 6 1960
1 7 980
2 1 1715
2 2 1458
2 3 1801
2 4 1544
2 5 858
2 6 1715
2 7 858
3 1 735
3 2 625
3 3 772
3 4 662
3 5 368
3 6 735
3 7 368
4 1 1715
4 2 1458
4 3 1801
4 4 1544
4 5 858
4 6 1715
4 7 858
5 1 490
5 2 417
5 3 515
5 4 442
5 5 245
5 6 490
5 7 245
6 1 1225
6 2 1042
6 3 1287
6 4 1104
6 5 613
6 6 1225
6 7 613
7 1 169
7 2 144
7 3 178
7 4 153
7 5 85
7 6 169
7 7 85
8 1 2252
8 2 1915
8 3 2365
8 4 2028
8 5 1126
8 6 2252
8 7 1126
9 1 1225
9 2 1042
9 3 1287
9 4 1104
9 5 613
9 6 1225
9 7 613
10 1 2319
10 2 1972
10 3 2435
10 4 2088
10 5 1160
10 6 2319
10 7 1160
11 1 1715
11 2 1458
11 3 1801
11 4 1544
11 5 858
11 6 1715
11 7 858
12 1 980
12 2 833
12 3 1029
12 4 882
12 5 490
12 6 980
12 7 490
13 1 735
13 2 625
13 3 772
13 4 662
13 5 368
13 6 735
13 7 368
14 1 2281
14 2 1939
14 3 2396
14 4 2054
14 5 1141
14 6 2281
14 7 1141
15 1 2750
15 2 2338
15 3 2888
15 4 2476
15 5 1375
15 6 2750
15 7 1375
16 1 77
16 2 66
16 3 81
16 4 70
16 5 39
16 6 77
16 7 39
17 1 89
17 2 76
17 3 94
17 4 81
17 5 45
17 6 89
17 7 45
18 1 51
18 2 44
18 3 54
18 4 47
18 5 26
18 6 51
18 7 26
19 1 364
19 2 310
19 3 383
19 4 329
19 5 182
19 6 364
19 7 182
20 1 405
20 2 345
20 3 426
20 4 366
20 5 203
20 6 405
20 7 203
21 1 3060
21 2 2601
21 3 3213
21 4 2754
21 5 1530
21 6 3060
21 7 1530
22 1 125
22 2 107
22 3 132
22 4 114
22 5 63
22 6 125
22 7 63
23 1 3429
23 2 2915
23 3 3601
23 4 3087
23 5 1715
23 6 3429
23 7 1715
24 1 43
24 2 37
24 3 46
24 4 40
24 5 22
24 6 43
24 7 22
25 1 3430
25 2 2916
25 3 3602
25 4 3088
25 5 1715
25 6 3430
25 7 1715
26 1 1960
26 2 1666
26 3 2058
26 4 1764
26 5 980
26 6 1960
26 7 980
27 1 29
27 2 25
27 3 31
27 4 27
27 5 15
27 6 29
27 7 15
28 1 27
28 2 23
28 3 29
28 4 25
28 5 14
28 6 27
28 7 14
29 1 15
29 2 13
29 3 16
29 4 14
29 5 8
29 6 15
29 7 8
30 1 121
30 2 103
30 3 128
30 4 110
30 5 61
30 6 121
30 7 61
31 1 1715
31 2 1458
31 3 1801
31 4 1544
31 5 858
31 6 1715
31 7 858
32 1 2127
32 2 1808
32 3 2234
32 4 1915
32 5 1064
32 6 2127
32 7 1064
33 1 1470
33 2 1250
33 3 1544
33 4 1324
33 5 735
33 6 1470
33 7 735
34 1 4037
34 2 3432
34 3 4239
34 4 3634
34 5 2019
34 6 4037
34 7 2019
35 1 68
35 2 58
35 3 72
35 4 62
35 5 34
35 6 68
35 7 34
36 1 62
36 2 53
36 3 66
36 4 57
36 5 31
36 6 62
36 7 31
37 1 42
37 2 36
37 3 45
37 4 39
37 5 21
37 6 42
37 7 21
38 1 364
38 2 310
38 3 383
38 4 329
38 5 182
38 6 364
38 7 182
39 1 4998
39 2 4249
39 3 5248
39 4 4499
39 5 2499
39 6 4998
39 7 2499
40 1 1470
40 2 1250
40 3 1544
40 4 1324
40 5 735
40 6 1470
40 7 735
41 1 2963
41 2 2519
41 3 3112
41 4 2668
41 5 1482
41 6 2963
41 7 1482
42 1 5689
42 2 4836
42 3 5974
42 4 5121
42 5 2845
42 6 5689
42 7 2845
43 1 68
43 2 58
43 3 72
43 4 62
43 5 34
43 6 68
43 7 34
44 1 18
44 2 16
44 3 19
44 4 17
44 5 9
44 6 18
44 7 9
45 1 10
45 2 9
45 3 11
45 4 10
45 5 5
45 6 10
45 7 5
46 1 81
46 2 69
46 3 86
46 4 74
46 5 41
46 6 81
46 7 41
47 1 5200
47 2 4420
47 3 5460
47 4 4680
47 5 2600
47 6 5200
47 7 2600
48 1 39
48 2 34
48 3 41
48 4 36
48 5 20
48 6 39
48 7 20
49 1 67
49 2 57
49 3 71
49 4 61
49 5 34
49 6 67
49 7 34
50 1 27
50 2 23
50 3 29
50 4 25
50 5 14
50 6 27
50 7 14
51 1 15
51 2 13
51 3 16
51 4 14
51 5 8
51 6 15
51 7 8
52 1 121
52 2 103
52 3 128
52 4 110
52 5 61
52 6 121
52 7 61
53 1 58
53 2 50
53 3 61
53 4 53
53 5 29
53 6 58
53 7 29
54 1 1715
54 2 1458
54 3 1801
54 4 1544
54 5 858
54 6 1715
54 7 858
55 1 125
55 2 107
55 3 132
55 4 114
55 5 63
55 6 125
55 7 63
56 1 4010
56 2 3409
56 3 4211
56 4 3610
56 5 2005
56 6 4010
56 7 2005
57 1 1470
57 2 1250
57 3 1544
57 4 1324
57 5 735
57 6 1470
57 7 735
58 1 1470
58 2 1250
58 3 1544
58 4 1324
58 5 735
58 6 1470
58 7 735
59 1 2303
59 2 1958
59 3 2419
59 4 2074
59 5 1152
59 6 2303
59 7 1152
60 1 1960
60 2 1666
60 3 2058
60 4 1764
60 5 980
60 6 1960
60 7 980
61 1 2205
61 2 1875
61 3 2316
61 4 1986
61 5 1103
61 6 2205
61 7 1103
62 1 4018
62 2 3416
62 3 4219
62 4 3617
62 5 2009
62 6 4018
62 7 2009
63 1 2744
63 2 2333
63 3 2882
63 4 2471
63 5 1372
63 6 2744
63 7 1372
64 1 2999
64 2 2550
64 3 3149
64 4 2700
64 5 1500
64 6 2999
64 7 1500
65 1 735
65 2 625
65 3 772
65 4 662
65 5 368
65 6 735
65 7 368
66 1 735
66 2 625
66 3 772
66 4 662
66 5 368
66 6 735
66 7 368
67 1 735
67 2 625
67 3 772
67 4 662
67 5 368
67 6 735
67 7 368
68 1 735
68 2 625
68 3 772
68 4 662
68 5 368
68 6 735
68 7 368
69 1 545
69 2 464
69 3 573
69 4 492
69 5 273
69 6 545
69 7 273
70 1 3386
70 2 2879
70 3 3556
70 4 3049
70 5 1693
70 6 3386
70 7 1693
71 1 3234
71 2 2749
71 3 3396
71 4 2911
71 5 1617
71 6 3234
71 7 1617
72 1 2205
72 2 1875
72 3 2316
72 4 1986
72 5 1103
72 6 2205
72 7 1103
73 1 2206
73 2 1876
73 3 2317
73 4 1987
73 5 1103
73 6 2206
73 7 1103
74 1 490
74 2 417
74 3 515
74 4 442
74 5 245
74 6 490
74 7 245
75 1 825
75 2 702
75 3 867
75 4 744
75 5 413
75 6 825
75 7 413
76 1 3528
76 2 2999
76 3 3705
76 4 3176
76 5 1764
76 6 3528
76 7 1764
77 1 3568
77 2 3033
77 3 3747
77 4 3212
77 5 1784
77 6 3568
77 7 1784
78 1 1200
78 2 1020
78 3 1260
78 4 1080
78 5 600
78 6 1200
78 7 600
79 1 618
79 2 526
79 3 649
79 4 557
79 5 309
79 6 618
79 7 309
80 1 1470
80 2 1250
80 3 1544
80 4 1324
80 5 735
80 6 1470
80 7 735
81 1 1715
81 2 1458
81 3 1801
81 4 1544
81 5 858
81 6 1715
81 7 858
82 1 735
82 2 625
82 3 772
82 4 662
82 5 368
82 6 735
82 7 368
83 1 1960
83 2 1666
83 3 2058
83 4 1764
83 5 980
83 6 1960
83 7 980
84 1 2889
84 2 2456
84 3 3034
84 4 2601
84 5 1445
84 6 2889
84 7 1445
85 1 618
85 2 526
85 3 649
85 4 557
85 5 309
85 6 618
85 7 309
86 1 490
86 2 417
86 3 515
86 4 442
86 5 245
86 6 490
86 7 245
87 1 735
87 2 625
87 3 772
87 4 662
87 5 368
87 6 735
87 7 368
88 1 490
88 2 417
88 3 515
88 4 442
88 5 245
88 6 490
88 7 245
89 1 921
89 2 783
89 3 968
89 4 830
89 5 461
89 6 921
89 7 461
90 1 326
90 2 278
90 3 343
90 4 295
90 5 163
90 6 326
90 7 163
91 1 5390
91 2 4582
91 3 5660
91 4 4852
91 5 2695
91 6 5390
91 7 2695
92 1 243
92 2 207
92 3 256
92 4 220
92 5 122
92 6 243
92 7 122
93 1 371
93 2 316
93 3 390
93 4 335
93 5 186
93 6 371
93 7 186
94 1 58
94 2 50
94 3 61
94 4 53
94 5 29
94 6 58
94 7 29
95 1 5059
95 2 4301
95 3 5312
95 4 4554
95 5 2530
95 6 5059
95 7 2530
96 1 1225
96 2 1042
96 3 1287
96 4 1104
96 5 613
96 6 1225
96 7 613
97 1 769
97 2 654
97 3 808
97 4 693
97 5 385
97 6 769
97 7 385
98 1 768
98 2 653
98 3 807
98 4 692
98 5 384
98 6 768
98 7 384
99 1 1670
99 2 1420
99 3 1754
99 4 1504
99 5 835
99 6 1670
99 7 835
100 1 1670
100 2 1420
100 3 1754
100 4 1504
100 5 835
100 6 1670
100 7 835
101 1 490
101 2 417
101 3 515
101 4 442
101 5 245
101 6 490
101 7 245
102 1 202
102 2 172
102 3 213
102 4 183
102 5 101
102 6 202
102 7 101
103 1 203
103 2 173
103 3 214
103 4 184
103 5 102
103 6 203
103 7 102
104 1 202
104 2 172
104 3 213
104 4 183
104 5 101
104 6 202
104 7 101
105 1 2744
105 2 2333
105 3 2882
105 4 2471
105 5 1372
105 6 2744
105 7 1372
106 1 162
106 2 138
106 3 171
106 4 147
106 5 81
106 6 162
106 7 81
107 1 324
107 2 276
107 3 341
107 4 293
107 5 162
107 6 324
107 7 162
108 1 162
108 2 138
108 3 171
108 4 147
108 5 81
108 6 162
108 7 81
109 1 121
109 2 103
109 3 128
109 4 110
109 5 61
109 6 121
109 7 61
110 1 162
110 2 138
110 3 171
110 4 147
110 5 81
110 6 162
110 7 81
111 1 91
111 2 78
111 3 96
111 4 83
111 5 46
111 6 91
111 7 46

# Energy Consumption m=1,2,3,4,5,6,7
1 1 0
1 2 8
1 3 0
1 4 6
1 5 6
1 6 0
1 7 3
2 1 0
2 2 12
2 3 0
2 4 5
2 5 5
2 6 0
2 7 4
3 1 0
3 2 12
3 3 0
3 4 6
3 5 8
3 6 0
3 7 6
4 1 0
4 2 8
4 3 0
4 4 8
4 5 7
4 6 0
4 7 4
5 1 0
5 2 10
5 3 0
5 4 5
5 5 8
5 6 0
5 7 5
6 1 0
6 2 12
6 3 0
6 4 5
6 5 8
6 6 0
6 7 6
7 1 0
7 2 12
7 3 0
7 4 7
7 5 6
7 6 0
7 7 3
8 1 0
8 2 10
8 3 0
8 4 6
8 5 5
8 6 0
8 7 5
9 1 0
9 2 10
9 3 0
9 4 7
9 5 7
9 6 0
9 7 5
10 1 0
10 2 12
10 3 0
10 4 6
10 5 6
10 6 0
10 7 6
11 1 0
11 2 12
11 3 0
11 4 7
11 5 5
11 6 0
11 7 3
12 1 0
12 2 11
12 3 0
12 4 5
12 5 6
12 6 0
12 7 4
13 1 0
13 2 11
13 3 0
13 4 6
13 5 7
13 6 0
13 7 4
14 1 0
14 2 12
14 3 0
14 4 8
14 5 7
14 6 0
14 7 4
15 1 0
15 2 8
15 3 0
15 4 5
15 5 6
15 6 0
15 7 6
16 1 0
16 2 11
16 3 0
16 4 8
16 5 7
16 6 0
16 7 3
17 1 0
17 2 10
17 3 0
17 4 7
17 5 8
17 6 0
17 7 6
18 1 0
18 2 10
18 3 0
18 4 5
18 5 7
18 6 0
18 7 4
19 1 0
19 2 9
19 3 0
19 4 7
19 5 8
19 6 0
19 7 3
20 1 0
20 2 10
20 3 0
20 4 5
20 5 6
20 6 0
20 7 3
21 1 0
21 2 8
21 3 0
21 4 6
21 5 8
21 6 0
21 7 5
22 1 0
22 2 9
22 3 0
22 4 7
22 5 8
22 6 0
22 7 6
23 1 0
23 2 8
23 3 0
23 4 6
23 5 5
23 6 0
23 7 3
24 1 0
24 2 12
24 3 0
24 4 5
24 5 5
24 6 0
24 7 4
25 1 0
25 2 8
25 3 0
25 4 5
25 5 6
25 6 0
25 7 6
26 1 0
26 2 12
26 3 0
26 4 8
26 5 6
26 6 0
26 7 6
27 1 0
27 2 8
27 3 0
27 4 8
27 5 7
27 6 0
27 7 6
28 1 0
28 2 8
28 3 0
28 4 5
28 5 8
28 6 0
28 7 3
29 1 0
29 2 9
29 3 0
29 4 8
29 5 6
29 6 0
29 7 4
30 1 0
30 2 11
30 3 0
30 4 5
30 5 8
30 6 0
30 7 3
31 1 0
31 2 8
31 3 0
31 4 6
31 5 8
31 6 0
31 7 6
32 1 0
32 2 11
32 3 0
32 4 6
32 5 8
32 6 0
32 7 6
33 1 0
33 2 11
33 3 0
33 4 8
33 5 8
33 6 0
33 7 4
34 1 0
34 2 9
34 3 0
34 4 5
34 5 7
34 6 0
34 7 3
35 1 0
35 2 12
35 3 0
35 4 5
35 5 5
35 6 0
35 7 3
36 1 0
36 2 9
36 3 0
36 4 5
36 5 6
36 6 0
36 7 3
37 1 0
37 2 12
37 3 0
37 4 7
37 5 6
37 6 0
37 7 4
38 1 0
38 2 11
38 3 0
38 4 7
38 5 8
38 6 0
38 7 3
39 1 0
39 2 11
39 3 0
39 4 5
39 5 6
39 6 0
39 7 4
40 1 0
40 2 8
40 3 0
40 4 7
40 5 7
40 6 0
40 7 6
41 1 0
41 2 12
41 3 0
41 4 7
41 5 5
41 6 0
41 7 5
42 1 0
42 2 8
42 3 0
42 4 7
42 5 7
42 6 0
42 7 5
43 1 0
43 2 10
43 3 0
43 4 7
43 5 5
43 6 0
43 7 6
44 1 0
44 2 8
44 3 0
44 4 7
44 5 6
44 6 0
44 7 4
45 1 0
45 2 12
45 3 0
45 4 5
45 5 5
45 6 0
45 7 4
46 1 0
46 2 10
46 3 0
46 4 8
46 5 6
46 6 0
46 7 5
47 1 0
47 2 8
47 3 0
47 4 6
47 5 6
47 6 0
47 7 5
48 1 0
48 2 12
48 3 0
48 4 6
48 5 6
48 6 0
48 7 6
49 1 0
49 2 9
49 3 0
49 4 8
49 5 6
49 6 0
49 7 4
50 1 0
50 2 11
50 3 0
50 4 8
50 5 6
50 6 0
50 7 6
51 1 0
51 2 10
51 3 0
51 4 6
51 5 5
51 6 0
51 7 6
52 1 0
52 2 10
52 3 0
52 4 7
52 5 7
52 6 0
52 7 5
53 1 0
53 2 8
53 3 0
53 4 6
53 5 7
53 6 0
53 7 3
54 1 0
54 2 10
54 3 0
54 4 8
54 5 5
54 6 0
54 7 4
55 1 0
55 2 8
55 3 0
55 4 5
55 5 6
55 6 0
55 7 6
56 1 0
56 2 10
56 3 0
56 4 5
56 5 7
56 6 0
56 7 6
57 1 0
57 2 11
57 3 0
57 4 6
57 5 6
57 6 0
57 7 6
58 1 0
58 2 12
58 3 0
58 4 8
58 5 5
58 6 0
58 7 5
59 1 0
59 2 11
59 3 0
59 4 8
59 5 8
59 6 0
59 7 4
60 1 0
60 2 9
60 3 0
60 4 7
60 5 7
60 6 0
60 7 4
61 1 0
61 2 9
61 3 0
61 4 6
61 5 5
61 6 0
61 7 4
62 1 0
62 2 12
62 3 0
62 4 8
62 5 8
62 6 0
62 7 6
63 1 0
63 2 11
63 3 0
63 4 6
63 5 5
63 6 0
63 7 6
64 1 0
64 2 9
64 3 0
64 4 5
64 5 6
64 6 0
64 7 6
65 1 0
65 2 11
65 3 0
65 4 8
65 5 8
65 6 0
65 7 4
66 1 0
66 2 11
66 3 0
66 4 6
66 5 7
66 6 0
66 7 4
67 1 0
67 2 11
67 3 0
67 4 7
67 5 6
67 6 0
67 7 5
68 1 0
68 2 12
68 3 0
68 4 6
68 5 6
68 6 0
68 7 6
69 1 0
69 2 9
69 3 0
69 4 8
69 5 8
69 6 0
69 7 6
70 1 0
70 2 8
70 3 0
70 4 8
70 5 8
70 6 0
70 7 6
71 1 0
71 2 8
71 3 0
71 4 7
71 5 8
71 6 0
71 7 4
72 1 0
72 2 9
72 3 0
72 4 8
72 5 8
72 6 0
72 7 6
73 1 0
73 2 11
73 3 0
73 4 8
73 5 6
73 6 0
73 7 6
74 1 0
74 2 8
74 3 0
74 4 6
74 5 8
74 6 0
74 7 3
75 1 0
75 2 11
75 3 0
75 4 6
75 5 8
75 6 0
75 7 5
76 1 0
76 2 10
76 3 0
76 4 7
76 5 5
76 6 0
76 7 3
77 1 0
77 2 10
77 3 0
77 4 5
77 5 5
77 6 0
77 7 4
78 1 0
78 2 8
78 3 0
78 4 6
78 5 6
78 6 0
78 7 3
79 1 0
79 2 11
79 3 0
79 4 7
79 5 6
79 6 0
79 7 4
80 1 0
80 2 8
80 3 0
80 4 7
80 5 8
80 6 0
80 7 4
81 1 0
81 2 12
81 3 0
81 4 5
81 5 7
81 6 0
81 7 3
82 1 0
82 2 12
82 3 0
82 4 7
82 5 5
82 6 0
82 7 3
83 1 0
83 2 11
83 3 0
83 4 8
83 5 7
83 6 0
83 7 4
84 1 0
84 2 9
84 3 0
84 4 8
84 5 8
84 6 0
84 7 5
85 1 0
85 2 9
85 3 0
85 4 7
85 5 8
85 6 0
85 7 6
86 1 0
86 2 10
86 3 0
86 4 8
86 5 7
86 6 0
86 7 6
87 1 0
87 2 10
87 3 0
87 4 7
87 5 7
87 6 0
87 7 3
88 1 0
88 2 8
88 3 0
88 4 8
88 5 8
88 6 0
88 7 6
89 1 0
89 2 11
89 3 0
89 4 5
89 5 7
89 6 0
89 7 6
90 1 0
90 2 10
90 3 0
90 4 8
90 5 7
90 6 0
90 7 5
91 1 0
91 2 11
91 3 0
91 4 7
91 5 7
91 6 0
91 7 3
92 1 0
92 2 10
92 3 0
92 4 6
92 5 6
92 6 0
92 7 6
93 1 0
93 2 12
93 3 0
93 4 5
93 5 6
93 6 0
93 7 4
94 1 0
94 2 9
94 3 0
94 4 5
94 5 6
94 6 0
94 7 3
95 1 0
95 2 12
95 3 0
95 4 6
95 5 8
95 6 0
95 7 3
96 1 0
96 2 11
96 3 0
96 4 8
96 5 7
96 6 0
96 7 3
97 1 0
97 2 11
97 3 0
97 4 5
97 5 8
97 6 0
97 7 3
98 1 0
98 2 9
98 3 0
98 4 7
98 5 5
98 6 0
98 7 3
99 1 0
99 2 12
99 3 0
99 4 8
99 5 8
99 6 0
99 7 5
100 1 0
100 2 10
100 3 0
100 4 5
100 5 6
100 6 0
100 7 5
101 1 0
101 2 9
101 3 0
101 4 6
101 5 5
101 6 0
101 7 3
102 1 0
102 2 11
102 3 0
102 4 7
102 5 5
102 6 0
102 7 5
103 1 0
103 2 11
103 3 0
103 4 6
103 5 7
103 6 0
103 7 6
104 1 0
104 2 12
104 3 0
104 4 6
104 5 7
104 6 0
104 7 3
105 1 0
105 2 9
105 3 0
105 4 7
105 5 8
105 6 0
105 7 6
106 1 0
106 2 11
106 3 0
106 4 8
106 5 8
106 6 0
106 7 3
107 1 0
107 2 10
107 3 0
107 4 5
107 5 5
107 6 0
107 7 3
108 1 0
108 2 12
108 3 0
108 4 6
108 5 8
108 6 0
108 7 5
109 1 0
109 2 12
109 3 0
109 4 8
109 5 5
109 6 0
109 7 5
110 1 0
110 2 10
110 3 0
110 4 5
110 5 6
110 6 0
110 7 6
111 1 0
111 2 10
111 3 0
111 4 5
111 5 8
111 6 0
111 7 5

# Precedence Relations
1 2
2 3
3 4
4 5
4 6
4 7
4 8
4 9
4 10
5 39
6 39
7 83
8 71
9 32
10 11
10 12
11 13
11 14
11 15
11 16
11 17
11 18
11 19
11 20
11 21
12 13
12 14
12 15
12 16
12 17
12 18
12 19
12 20
12 21
13 71
14 22
14 23
14 24
14 25
15 26
16 27
17 28
18 29
19 30
20 91
21 111
22 31
22 83
23 32
23 33
24 69
24 70
25 34
26 82
27 35
28 36
29 37
30 38
31 39
32 41
33 111
34 42
35 43
36 44
36 91
37 45
37 91
38 46
38 91
39 40
40 111
41 69
41 70
42 47
43 48
43 49
44 50
45 51
46 52
47 54
47 55
47 56
47 57
47 58
47 59
47 60
48 53
49 91
50 111
51 111
52 111
53 111
54 69
54 70
55 61
55 62
55 63
56 63
56 64
57 65
57 91
58 66
58 91
59 67
59 91
60 68
60 91
61 69
61 70
62 71
63 111
64 72
65 111
66 111
67 111
68 111
69 77
69 78
70 73
71 91
72 74
73 75
74 76
75 77
75 78
75 79
76 80
76 81
76 82
77 83
78 84
79 85
80 86
80 91
81 87
81 91
82 111
83 91
84 88
84 89
84 91
85 111
86 111
87 90
88 105
89 105
90 111
91 92
91 93
91 94
92 95
93 95
94 95
95 96
95 97
95 98
95 99
95 100
95 104
96 101
97 102
98 103
99 111
100 111
101 105
102 106
102 107
103 107
103 108
104 111
105 111
106 109
107 111
108 110
109 111
110 111

# Parameters
R_e = 0.05
T = 6000
C_s = 4
C_w = 36
C_c = 5
