# Tasks
1 2 3 4 5 6 7 8 9 10 11 12 13 14 15 16 17 18 19 20 21 22 23 24 25 26 27 28 29 30 31 32 33 34 35 36 37 38 39 40 41 42 43 44 45 46 47 48 49 50 51 52 53 54 55 56 57 58 59 60 61 62 63 64 65 66 67 68 69 70 71 72 73 74 75 76 77 78 79 80 81 82 83 84 85 86 87 88 89 90 91 92 93 94

# Workstations
1 2 3 4 5 6 7 8 9 10 11 12 13 14 15 16 17 18 19 20 21 22 23 24 25 26 27 28 29 30 31 32 33 34 35 36 37 38 39 40 41 42 43 44 45 46 47 48 49 50 51 52 53 54 55 56 57 58 59 60 61 62 63 64 65 66 67 68 69 70 71 72 73 74 75 76 77 78 79 80 81 82 83 84 85 86 87 88 89 90 91 92 93 94

# Modes
1 2 3 4 5 6 7

# Processing Times m=1,2,3,4,5,6,7
1 1 158
1 2 135
1 3 166
1 4 143
1 5 79
1 6 158
1 7 79
2 1 42
2 2 36
2 3 45
2 4 39
2 5 21
2 6 42
2 7 21
3 1 17
3 2 15
3 3 18
3 4 16
3 5 9
3 6 17
3 7 9
4 1 24
4 2 21
4 3 26
4 4 23
4 5 12
4 6 24
4 7 12
5 1 71
5 2 61
5 3 75
5 4 65
5 5 36
5 6 71
5 7 36
6 1 66
6 2 57
6 3 70
6 4 61
6 5 33
6 6 66
6 7 33
7 1 50
7 2 43
7 3 53
7 4 46
7 5 25
7 6 50
7 7 25
8 1 55
8 2 47
8 3 58
8 4 50
8 5 28
8 6 55
8 7 28
9 1 30
9 2 26
9 3 32
9 4 28
9 5 15
9 6 30
9 7 15
10 1 28
10 2 24
10 3 30
10 4 26
10 5 14
10 6 28
10 7 14
11 1 113
11 2 97
11 3 119
11 4 103
11 5 57
11 6 113
11 7 57
12 1 114
12 2 97
12 3 120
12 4 103
12 5 57
12 6 114
12 7 57
13 1 57
13 2 49
13 3 60
13 4 52
13 5 29
13 6 57
13 7 29
14 1 65
14 2 56
14 3 69
14 4 60
14 5 33
14 6 65
14 7 33
15 1 15
15 2 13
15 3 16
15 4 14
15 5 8
15 6 15
15 7 8
16 1 11
16 2 10
16 3 12
16 4 11
16 5 6
16 6 11
16 7 6
17 1 10
17 2 9
17 3 11
17 4 10
17 5 5
17 6 10
17 7 5
18 1 19
18 2 17
18 3 20
18 4 18
18 5 10
18 6 19
18 7 10
19 1 8
19 2 7
19 3 9
19 4 8
19 5 4
19 6 8
19 7 4
20 1 17
20 2 15
20 3 18
20 4 16
20 5 9
20 6 17
20 7 9
21 1 57
21 2 49
21 3 60
21 4 52
21 5 29
21 6 57
21 7 29
22 1 40
22 2 34
22 3 42
22 4 36
22 5 20
22 6 40
22 7 20
23 1 17
23 2 15
23 3 18
23 4 16
23 5 9
23 6 17
23 7 9
24 1 11
24 2 10
24 3 12
24 4 11
24 5 6
24 6 11
24 7 6
25 1 17
25 2 15
25 3 18
25 4 16
25 5 9
25 6 17
25 7 9
26 1 27
26 2 23
26 3 29
26 4 25
26 5 14
26 6 27
26 7 14
27 1 17
27 2 15
27 3 18
27 4 16
27 5 9
27 6 17
27 7 9
28 1 18
28 2 16
28 3 19
28 4 17
28 5 9
28 6 18
28 7 9
29 1 16
29 2 14
29 3 17
29 4 15
29 5 8
29 6 16
29 7 8
30 1 18
30 2 16
30 3 19
30 4 17
30 5 9
30 6 18
30 7 9
31 1 50
31 2 43
31 3 53
31 4 46
31 5 25
31 6 50
31 7 25
32 1 18
32 2 16
32 3 19
32 4 17
32 5 9
32 6 18
32 7 9
33 1 13
33 2 12
33 3 14
33 4 13
33 5 7
33 6 13
33 7 7
34 1 21
34 2 18
34 3 23
34 4 20
34 5 11
34 6 21
34 7 11
35 1 63
35 2 54
35 3 67
35 4 58
35 5 32
35 6 63
35 7 32
36 1 8
36 2 7
36 3 9
36 4 8
36 5 4
36 6 8
36 7 4
37 1 63
37 2 54
37 3 67
37 4 58
37 5 32
37 6 63
37 7 32
38 1 9
38 2 8
38 3 10
38 4 9
38 5 5
38 6 9
38 7 5
39 1 20
39 2 17
39 3 21
39 4 18
39 5 10
39 6 20
39 7 10
40 1 72
40 2 62
40 3 76
40 4 66
40 5 36
40 6 72
40 7 36
41 1 30
41 2 26
41 3 32
41 4 28
41 5 15
41 6 30
41 7 15
42 1 69
42 2 59
42 3 73
42 4 63
42 5 35
42 6 69
42 7 35
43 1 27
43 2 23
43 3 29
43 4 25
43 5 14
43 6 27
43 7 14
44 1 9
44 2 8
44 3 10
44 4 9
44 5 5
44 6 9
44 7 5
45 1 41
45 2 35
45 3 44
45 4 38
45 5 21
45 6 41
45 7 21
46 1 38
46 2 33
46 3 40
46 4 35
46 5 19
46 6 38
46 7 19
47 1 76
47 2 65
47 3 80
47 4 69
47 5 38
47 6 76
47 7 38
48 1 31
48 2 27
48 3 33
48 4 29
48 5 16
48 6 31
48 7 16
49 1 11
49 2 10
49 3 12
49 4 11
49 5 6
49 6 11
49 7 6
50 1 29
50 2 25
50 3 31
50 4 27
50 5 15
50 6 29
50 7 15
51 1 48
51 2 41
51 3 51
51 4 44
51 5 24
51 6 48
51 7 24
52 1 8
52 2 7
52 3 9
52 4 8
52 5 4
52 6 8
52 7 4
53 1 171
53 2 146
53 3 180
53 4 155
53 5 86
53 6 171
53 7 86
54 1 48
54 2 41
54 3 51
54 4 44
54 5 24
54 6 48
54 7 24
55 1 43
55 2 37
55 3 46
55 4 40
55 5 22
55 6 43
55 7 22
56 1 18
56 2 16
56 3 19
56 4 17
56 5 9
56 6 18
56 7 9
57 1 94
57 2 80
57 3 99
57 4 85
57 5 47
57 6 94
57 7 47
58 1 9
58 2 8
58 3 10
58 4 9
58 5 5
58 6 9
58 7 5
59 1 19
59 2 17
59 3 20
59 4 18
59 5 10
59 6 19
59 7 10
60 1 24
60 2 21
60 3 26
60 4 23
60 5 12
60 6 24
60 7 12
61 1 8
61 2 7
61 3 9
61 4 8
61 5 4
61 6 8
61 7 4
62 1 34
62 2 29
62 3 36
62 4 31
62 5 17
62 6 34
62 7 17
63 1 62
63 2 53
63 3 66
63 4 57
63 5 31
63 6 62
63 7 31
64 1 12
64 2 11
64 3 13
64 4 12
64 5 6
64 6 12
64 7 6
65 1 8
65 2 7
65 3 9
65 4 8
65 5 4
65 6 8
65 7 4
66 1 47
66 2 40
66 3 50
66 4 43
66 5 24
66 6 47
66 7 24
67 1 27
67 2 23
67 3 29
67 4 25
67 5 14
67 6 27
67 7 14
68 1 18
68 2 16
68 3 19
68 4 17
68 5 9
68 6 18
68 7 9
69 1 52
69 2 45
69 3 55
69 4 48
69 5 26
69 6 52
69 7 26
70 1 65
70 2 56
70 3 69
70 4 60
70 5 33
70 6 65
70 7 33
71 1 72
71 2 62
71 3 76
71 4 66
71 5 36
71 6 72
71 7 36
72 1 51
72 2 44
72 3 54
72 4 47
72 5 26
72 6 51
72 7 26
73 1 58
73 2 50
73 3 61
73 4 53
73 5 29
73 6 58
73 7 29
74 1 53
74 2 46
74 3 56
74 4 49
74 5 27
74 6 53
74 7 27
75 1 76
75 2 65
75 3 80
75 4 69
75 5 38
75 6 76
75 7 38
76 1 93
76 2 80
76 3 98
76 4 85
76 5 47
76 6 93
76 7 47
77 1 86
77 2 74
77 3 91
77 4 79
77 5 43
77 6 86
77 7 43
78 1 76
78 2 65
78 3 80
78 4 69
78 5 38
78 6 76
78 7 38
79 1 9
79 2 8
79 3 10
79 4 9
79 5 5
79 6 9
79 7 5
80 1 14
80 2 12
80 3 15
80 4 13
80 5 7
80 6 14
80 7 7
81 1 55
81 2 47
81 3 58
81 4 50
81 5 28
81 6 55
81 7 28
82 1 32
82 2 28
82 3 34
82 4 30
82 5 16
82 6 32
82 7 16
83 1 22
83 2 19
83 3 24
83 4 21
83 5 11
83 6 22
83 7 11
84 1 35
84 2 30
84 3 37
84 4 32
84 5 18
84 6 35
84 7 18
85 1 63
85 2 54
85 3 67
85 4 58
85 5 32
85 6 63
85 7 32
86 1 59
86 2 51
86 3 62
86 4 54
86 5 30
86 6 59
86 7 30
87 1 149
87 2 127
87 3 157
87 4 135
87 5 75
87 6 149
87 7 75
88 1 40
88 2 34
88 3 42
88 4 36
88 5 20
88 6 40
88 7 20
89 1 24
89 2 21
89 3 26
89 4 23
89 5 12
89 6 24
89 7 12
90 1 123
90 2 105
90 3 130
90 4 112
90 5 62
90 6 123
90 7 62
91 1 25
91 2 22
91 3 27
91 4 24
91 5 13
91 6 25
91 7 13
92 1 115
92 2 98
92 3 121
92 4 104
92 5 58
92 6 115
92 7 58
93 1 103
93 2 88
93 3 109
93 4 94
93 5 52
93 6 103
93 7 52
94 1 54
94 2 46
94 3 57
94 4 49
94 5 27
94 6 54
94 7 27

# Energy Consumption m=1,2,3,4,5,6,7
1 1 0
1 2 12
1 3 0
1 4 5
1 5 5
1 6 0
1 7 3
2 1 0
2 2 9
2 3 0
2 4 7
2 5 5
2 6 0
2 7 5
3 1 0
3 2 10
3 3 0
3 4 7
3 5 6
3 6 0
3 7 4
4 1 0
4 2 9
4 3 0
4 4 7
4 5 8
4 6 0
4 7 3
5 1 0
5 2 12
5 3 0
5 4 6
5 5 7
5 6 0
5 7 5
6 1 0
6 2 9
6 3 0
6 4 7
6 5 7
6 6 0
6 7 5
7 1 0
7 2 12
7 3 0
7 4 7
7 5 8
7 6 0
7 7 5
8 1 0
8 2 9
8 3 0
8 4 5
8 5 6
8 6 0
8 7 3
9 1 0
9 2 9
9 3 0
9 4 8
9 5 7
9 6 0
9 7 6
10 1 0
10 2 8
10 3 0
10 4 5
10 5 8
10 6 0
10 7 6
11 1 0
11 2 11
11 3 0
11 4 6
11 5 5
11 6 0
11 7 3
12 1 0
12 2 10
12 3 0
12 4 6
12 5 7
12 6 0
12 7 3
13 1 0
13 2 11
13 3 0
13 4 6
13 5 8
13 6 0
13 7 5
14 1 0
14 2 10
14 3 0
14 4 8
14 5 7
14 6 0
14 7 5
15 1 0
15 2 8
15 3 0
15 4 8
15 5 8
15 6 0
15 7 5
16 1 0
16 2 10
16 3 0
16 4 8
16 5 7
16 6 0
16 7 4
17 1 0
17 2 10
17 3 0
17 4 5
17 5 5
17 6 0
17 7 3
18 1 0
18 2 10
18 3 0
18 4 6
18 5 8
18 6 0
18 7 3
19 1 0
19 2 9
19 3 0
19 4 8
19 5 7
19 6 0
19 7 3
20 1 0
20 2 11
20 3 0
20 4 7
20 5 6
20 6 0
20 7 3
21 1 0
21 2 12
21 3 0
21 4 8
21 5 8
21 6 0
21 7 6
22 1 0
22 2 12
22 3 0
22 4 5
22 5 8
22 6 0
22 7 4
23 1 0
23 2 11
23 3 0
23 4 5
23 5 7
23 6 0
23 7 4
24 1 0
24 2 11
24 3 0
24 4 7
24 5 8
24 6 0
24 7 3
25 1 0
25 2 10
25 3 0
25 4 6
25 5 7
25 6 0
25 7 6
26 1 0
26 2 12
26 3 0
26 4 5
26 5 5
26 6 0
26 7 6
27 1 0
27 2 8
27 3 0
27 4 7
27 5 7
27 6 0
27 7 3
28 1 0
28 2 8
28 3 0
28 4 6
28 5 6
28 6 0
28 7 3
29 1 0
29 2 11
29 3 0
29 4 7
29 5 8
29 6 0
29 7 5
30 1 0
30 2 9
30 3 0
30 4 6
30 5 5
30 6 0
30 7 3
31 1 0
31 2 12
31 3 0
31 4 5
31 5 8
31 6 0
31 7 3
32 1 0
32 2 11
32 3 0
32 4 8
32 5 8
32 6 0
32 7 5
33 1 0
33 2 10
33 3 0
33 4 6
33 5 6
33 6 0
33 7 4
34 1 0
34 2 8
34 3 0
34 4 5
34 5 6
34 6 0
34 7 4
35 1 0
35 2 11
35 3 0
35 4 5
35 5 7
35 6 0
35 7 4
36 1 0
36 2 11
36 3 0
36 4 5
36 5 6
36 6 0
36 7 6
37 1 0
37 2 11
37 3 0
37 4 8
37 5 6
37 6 0
37 7 5
38 1 0
38 2 8
38 3 0
38 4 5
38 5 5
38 6 0
38 7 6
39 1 0
39 2 12
39 3 0
39 4 5
39 5 8
39 6 0
39 7 6
40 1 0
40 2 9
40 3 0
40 4 5
40 5 8
40 6 0
40 7 3
41 1 0
41 2 11
41 3 0
41 4 5
41 5 8
41 6 0
41 7 6
42 1 0
42 2 8
42 3 0
42 4 7
42 5 6
42 6 0
42 7 5
43 1 0
43 2 9
43 3 0
43 4 7
43 5 8
43 6 0
43 7 5
44 1 0
44 2 11
44 3 0
44 4 8
44 5 6
44 6 0
44 7 5
45 1 0
45 2 11
45 3 0
45 4 6
45 5 6
45 6 0
45 7 6
46 1 0
46 2 11
46 3 0
46 4 7
46 5 6
46 6 0
46 7 3
47 1 0
47 2 10
47 3 0
47 4 7
47 5 6
47 6 0
47 7 3
48 1 0
48 2 10
48 3 0
48 4 5
48 5 6
48 6 0
48 7 4
49 1 0
49 2 10
49 3 0
49 4 7
49 5 5
49 6 0
49 7 4
50 1 0
50 2 8
50 3 0
50 4 8
50 5 5
50 6 0
50 7 3
51 1 0
51 2 12
51 3 0
51 4 6
51 5 5
51 6 0
51 7 5
52 1 0
52 2 10
52 3 0
52 4 8
52 5 5
52 6 0
52 7 5
53 1 0
53 2 9
53 3 0
53 4 6
53 5 8
53 6 0
53 7 3
54 1 0
54 2 11
54 3 0
54 4 7
54 5 6
54 6 0
54 7 5
55 1 0
55 2 11
55 3 0
55 4 6
55 5 6
55 6 0
55 7 4
56 1 0
56 2 11
56 3 0
56 4 8
56 5 8
56 6 0
56 7 3
57 1 0
57 2 9
57 3 0
57 4 5
57 5 5
57 6 0
57 7 5
58 1 0
58 2 9
58 3 0
58 4 5
58 5 8
58 6 0
58 7 4
59 1 0
59 2 12
59 3 0
59 4 8
59 5 8
59 6 0
59 7 5
60 1 0
60 2 8
60 3 0
60 4 6
60 5 8
60 6 0
60 7 4
61 1 0
61 2 10
61 3 0
61 4 6
61 5 7
61 6 0
61 7 3
62 1 0
62 2 11
62 3 0
62 4 7
62 5 6
62 6 0
62 7 5
63 1 0
63 2 9
63 3 0
63 4 5
63 5 7
63 6 0
63 7 5
64 1 0
64 2 12
64 3 0
64 4 5
64 5 7
64 6 0
64 7 5
65 1 0
65 2 8
65 3 0
65 4 8
65 5 7
65 6 0
65 7 6
66 1 0
66 2 9
66 3 0
66 4 7
66 5 7
66 6 0
66 7 4
67 1 0
67 2 12
67 3 0
67 4 5
67 5 7
67 6 0
67 7 5
68 1 0
68 2 8
68 3 0
68 4 8
68 5 8
68 6 0
68 7 3
69 1 0
69 2 11
69 3 0
69 4 8
69 5 6
69 6 0
69 7 3
70 1 0
70 2 12
70 3 0
70 4 8
70 5 7
70 6 0
70 7 6
71 1 0
71 2 11
71 3 0
71 4 6
71 5 6
71 6 0
71 7 6
72 1 0
72 2 9
72 3 0
72 4 6
72 5 8
72 6 0
72 7 3
73 1 0
73 2 12
73 3 0
73 4 5
73 5 8
73 6 0
73 7 3
74 1 0
74 2 12
74 3 0
74 4 5
74 5 6
74 6 0
74 7 5
75 1 0
75 2 10
75 3 0
75 4 7
75 5 8
75 6 0
75 7 4
76 1 0
76 2 12
76 3 0
76 4 5
76 5 7
76 6 0
76 7 4
77 1 0
77 2 11
77 3 0
77 4 5
77 5 7
77 6 0
77 7 3
78 1 0
78 2 11
78 3 0
78 4 8
78 5 7
78 6 0
78 7 6
79 1 0
79 2 9
79 3 0
79 4 8
79 5 8
79 6 0
79 7 5
80 1 0
80 2 12
80 3 0
80 4 8
80 5 6
80 6 0
80 7 5
81 1 0
81 2 11
81 3 0
81 4 5
81 5 6
81 6 0
81 7 5
82 1 0
82 2 12
82 3 0
82 4 6
82 5 5
82 6 0
82 7 6
83 1 0
83 2 8
83 3 0
83 4 5
83 5 7
83 6 0
83 7 4
84 1 0
84 2 8
84 3 0
84 4 8
84 5 5
84 6 0
84 7 3
85 1 0
85 2 11
85 3 0
85 4 8
85 5 5
85 6 0
85 7 6
86 1 0
86 2 8
86 3 0
86 4 5
86 5 6
86 6 0
86 7 4
87 1 0
87 2 10
87 3 0
87 4 6
87 5 7
87 6 0
87 7 4
88 1 0
88 2 12
88 3 0
88 4 6
88 5 5
88 6 0
88 7 5
89 1 0
89 2 8
89 3 0
89 4 6
89 5 8
89 6 0
89 7 5
90 1 0
90 2 8
90 3 0
90 4 6
90 5 6
90 6 0
90 7 6
91 1 0
91 2 8
91 3 0
91 4 5
91 5 7
91 6 0
91 7 6
92 1 0
92 2 11
92 3 0
92 4 8
92 5 6
92 6 0
92 7 5
93 1 0
93 2 9
93 3 0
93 4 7
93 5 8
93 6 0
93 7 3
94 1 0
94 2 9
94 3 0
94 4 6
94 5 6
94 6 0
94 7 6

# Precedence Relations
1 2
1 3
1 4
1 5
1 6
1 7
1 8
1 9
1 10
2 11
2 17
3 12
4 11
4 16
5 11
5 13
5 18
5 16
6 11
6 15
6 13
6 19
7 42
8 29
9 11
10 19
10 37
10 48
10 50
11 14
12 20
12 61
12 52
13 82
14 25
14 23
14 30
14 31
14 24
14 32
14 22
14 21
14 26
14 28
14 27
14 29
15 81
16 75
17 82
18 75
19 75
20 78
21 71
21 60
21 53
21 39
21 40
21 41
22 38
22 72
22 49
22 58
23 34
23 35
24 37
24 44
25 57
25 63
25 33
25 73
25 60
25 65
25 56
26 41
26 43
27 62
27 58
27 54
27 55
27 56
28 33
28 35
28 40
28 43
28 49
28 51
28 52
28 54
29 75
30 59
30 42
30 36
31 74
32 36
32 47
32 44
32 60
32 45
32 69
32 46
32 48
32 50
33 78
34 78
35 78
36 82
37 61
37 73
37 64
37 66
37 67
37 68
37 69
37 70
37 71
37 72
37 62
38 82
39 82
40 78
41 78
42 74
43 78
44 75
45 75
46 75
46 76
47 75
48 75
49 78
50 75
51 78
52 78
53 76
53 77
54 78
55 77
56 77
57 76
57 77
58 77
59 82
60 77
61 77
62 77
63 77
64 74
65 74
66 75
66 76
67 74
68 82
69 77
69 75
70 77
70 76
71 76
72 76
73 77
74 82
75 82
76 82
77 78
78 79
78 80
79 81
80 81
81 82
82 83
83 84
83 85
84 86
85 86
86 87
87 88
88 89
88 90
89 92
90 91
90 93
92 94

# Parameters
R_e = 0.05
T = 600
C_s = 4
C_w = 36
C_c = 5
