# Tasks
1 2 3 4 5 6 7 8 9 10 11

# Workstations
1 2 3 4 5 6 7 8 9 10 11

# Modes
1 2 3 4 5 6 7

# Processing Times m=1,2,3,4,5,6,7
1 1 4
1 2 4
1 3 5
1 4 5
1 5 2
1 6 4
1 7 2
2 1 38
2 2 33
2 3 40
2 4 35
2 5 19
2 6 38
2 7 19
3 1 45
3 2 39
3 3 48
3 4 42
3 5 23
3 6 45
3 7 23
4 1 12
4 2 11
4 3 13
4 4 12
4 5 6
4 6 12
4 7 6
5 1 10
5 2 9
5 3 11
5 4 10
5 5 5
5 6 10
5 7 5
6 1 8
6 2 7
6 3 9
6 4 8
6 5 4
6 6 8
6 7 4
7 1 12
7 2 11
7 3 13
7 4 12
7 5 6
7 6 12
7 7 6
8 1 10
8 2 9
8 3 11
8 4 10
8 5 5
8 6 10
8 7 5
9 1 2
9 2 2
9 3 3
9 4 3
9 5 1
9 6 2
9 7 1
10 1 10
10 2 9
10 3 11
10 4 10
10 5 5
10 6 10
10 7 5
11 1 34
11 2 29
11 3 36
11 4 31
11 5 17
11 6 34
11 7 17

# Energy Consumption m=1,2,3,4,5,6,7
1 1 0
1 2 11
1 3 0
1 4 7
1 5 5
1 6 0
1 7 3
2 1 0
2 2 10
2 3 0
2 4 7
2 5 6
2 6 0
2 7 5
3 1 0
3 2 9
3 3 0
3 4 5
3 5 6
3 6 0
3 7 5
4 1 0
4 2 10
4 3 0
4 4 6
4 5 5
4 6 0
4 7 5
5 1 0
5 2 8
5 3 0
5 4 8
5 5 6
5 6 0
5 7 3
6 1 0
6 2 12
6 3 0
6 4 8
6 5 7
6 6 0
6 7 6
7 1 0
7 2 10
7 3 0
7 4 6
7 5 5
7 6 0
7 7 6
8 1 0
8 2 11
8 3 0
8 4 8
8 5 5
8 6 0
8 7 5
9 1 0
9 2 9
9 3 0
9 4 6
9 5 7
9 6 0
9 7 6
10 1 0
10 2 8
10 3 0
10 4 8
10 5 7
10 6 0
10 7 4
11 1 0
11 2 12
11 3 0
11 4 8
11 5 6
11 6 0
11 7 4

# Precedence Relations
1 4
2 4
2 5
3 11
4 6
5 7
6 8
7 9
8 10
9 10
10 11

# Parameters
R_e = 0.05
T = 62
C_s = 4
C_w = 36
C_c = 5
