# Tasks
1 2 3 4 5 6 7 8

# Workstations
1 2 3 4 5 6 7 8

# Modes
1 2 3 4 5 6 7

# Processing Times m=1,2,3,4,5,6,7
1 1 11
1 2 22
1 3 12
1 4 23
1 5 9
1 6 13
1 7 11
2 1 17
2 2 34
2 3 18
2 4 35
2 5 14
2 6 20
2 7 17
3 1 9
3 2 18
3 3 10
3 4 19
3 5 8
3 6 11
3 7 10
4 1 5
4 2 10
4 3 6
4 4 11
4 5 4
4 6 6
4 7 5
5 1 8
5 2 16
5 3 9
5 4 17
5 5 7
5 6 10
5 7 9
6 1 12
6 2 24
6 3 13
6 4 25
6 5 10
6 6 14
6 7 12
7 1 10
7 2 20
7 3 11
7 4 21
7 5 8
7 6 12
7 7 10
8 1 3
8 2 6
8 3 4
8 4 7
8 5 3
8 6 4
8 7 4

# Energy Consumption m=1,2,3,4,5,6,7
1 1 0
1 2 8
1 3 0
1 4 6
1 5 6
1 6 0
1 7 5
2 1 0
2 2 8
2 3 0
2 4 7
2 5 6
2 6 0
2 7 3
3 1 0
3 2 10
3 3 0
3 4 7
3 5 8
3 6 0
3 7 5
4 1 0
4 2 10
4 3 0
4 4 6
4 5 8
4 6 0
4 7 4
5 1 0
5 2 9
5 3 0
5 4 5
5 5 6
5 6 0
5 7 5
6 1 0
6 2 11
6 3 0
6 4 5
6 5 5
6 6 0
6 7 3
7 1 0
7 2 8
7 3 0
7 4 8
7 5 8
7 6 0
7 7 5
8 1 0
8 2 9
8 3 0
8 4 5
8 5 7
8 6 0
8 7 3

# Precedence Relations
1 2
2 3
2 4
3 5
3 6
4 6
5 7
6 8

# Parameters
R_e = 0.05
T = 20
C_s = 4
C_w = 36
C_c = 5
