# Tasks
1 2 3 4 5 6 7 8 9 10 11 12 13 14 15 16 17 18 19 20 21 22 23 24 25 26 27 28 29 30 31 32 33 34 35 36 37 38 39 40 41 42 43 44 45 46 47 48 49 50 51 52 53 54 55 56 57 58 59 60 61 62 63 64 65 66 67 68 69 70 71 72 73 74 75 76 77 78 79 80 81 82 83 84 85 86 87 88 89

# Workstations
1 2 3 4 5 6 7 8 9 10 11 12 13 14 15 16 17 18 19 20 21 22 23 24 25 26 27 28 29 30 31 32 33 34 35 36 37 38 39 40 41 42 43 44 45 46 47 48 49 50 51 52 53 54 55 56 57 58 59 60 61 62 63 64 65 66 67 68 69 70 71 72 73 74 75 76 77 78 79 80 81 82 83 84 85 86 87 88 89

# Modes
1 2 3 4 5 6 7

# Processing Times m=1,2,3,4,5,6,7
1 1 1
1 2 1
1 3 2
1 4 2
1 5 1
1 6 1
1 7 1
2 1 2
2 2 2
2 3 3
2 4 3
2 5 1
2 6 2
2 7 1
3 1 3
3 2 3
3 3 4
3 4 4
3 5 2
3 6 3
3 7 2
4 1 4
4 2 4
4 3 5
4 4 5
4 5 2
4 6 4
4 7 2
5 1 5
5 2 5
5 3 6
5 4 6
5 5 3
5 6 5
5 7 3
6 1 6
6 2 6
6 3 7
6 4 7
6 5 3
6 6 6
6 7 3
7 1 7
7 2 6
7 3 8
7 4 7
7 5 4
7 6 7
7 7 4
8 1 8
8 2 7
8 3 9
8 4 8
8 5 4
8 6 8
8 7 4
9 1 9
9 2 8
9 3 10
9 4 9
9 5 5
9 6 9
9 7 5
10 1 10
10 2 9
10 3 11
10 4 10
10 5 5
10 6 10
10 7 5
11 1 1
11 2 1
11 3 2
11 4 2
11 5 1
11 6 1
11 7 1
12 1 2
12 2 2
12 3 3
12 4 3
12 5 1
12 6 2
12 7 1
13 1 3
13 2 3
13 3 4
13 4 4
13 5 2
13 6 3
13 7 2
14 1 4
14 2 4
14 3 5
14 4 5
14 5 2
14 6 4
14 7 2
15 1 5
15 2 5
15 3 6
15 4 6
15 5 3
15 6 5
15 7 3
16 1 6
16 2 6
16 3 7
16 4 7
16 5 3
16 6 6
16 7 3
17 1 7
17 2 6
17 3 8
17 4 7
17 5 4
17 6 7
17 7 4
18 1 8
18 2 7
18 3 9
18 4 8
18 5 4
18 6 8
18 7 4
19 1 9
19 2 8
19 3 10
19 4 9
19 5 5
19 6 9
19 7 5
20 1 10
20 2 9
20 3 11
20 4 10
20 5 5
20 6 10
20 7 5
21 1 1
21 2 1
21 3 2
21 4 2
21 5 1
21 6 1
21 7 1
22 1 2
22 2 2
22 3 3
22 4 3
22 5 1
22 6 2
22 7 1
23 1 3
23 2 3
23 3 4
23 4 4
23 5 2
23 6 3
23 7 2
24 1 4
24 2 4
24 3 5
24 4 5
24 5 2
24 6 4
24 7 2
25 1 5
25 2 5
25 3 6
25 4 6
25 5 3
25 6 5
25 7 3
26 1 6
26 2 6
26 3 7
26 4 7
26 5 3
26 6 6
26 7 3
27 1 7
27 2 6
27 3 8
27 4 7
27 5 4
27 6 7
27 7 4
28 1 8
28 2 7
28 3 9
28 4 8
28 5 4
28 6 8
28 7 4
29 1 9
29 2 8
29 3 10
29 4 9
29 5 5
29 6 9
29 7 5
30 1 10
30 2 9
30 3 11
30 4 10
30 5 5
30 6 10
30 7 5
31 1 1
31 2 1
31 3 2
31 4 2
31 5 1
31 6 1
31 7 1
32 1 2
32 2 2
32 3 3
32 4 3
32 5 1
32 6 2
32 7 1
33 1 3
33 2 3
33 3 4
33 4 4
33 5 2
33 6 3
33 7 2
34 1 4
34 2 4
34 3 5
34 4 5
34 5 2
34 6 4
34 7 2
35 1 5
35 2 5
35 3 6
35 4 6
35 5 3
35 6 5
35 7 3
36 1 6
36 2 6
36 3 7
36 4 7
36 5 3
36 6 6
36 7 3
37 1 7
37 2 6
37 3 8
37 4 7
37 5 4
37 6 7
37 7 4
38 1 8
38 2 7
38 3 9
38 4 8
38 5 4
38 6 8
38 7 4
39 1 9
39 2 8
39 3 10
39 4 9
39 5 5
39 6 9
39 7 5
40 1 10
40 2 9
40 3 11
40 4 10
40 5 5
40 6 10
40 7 5
41 1 1
41 2 1
41 3 2
41 4 2
41 5 1
41 6 1
41 7 1
42 1 2
42 2 2
42 3 3
42 4 3
42 5 1
42 6 2
42 7 1
43 1 3
43 2 3
43 3 4
43 4 4
43 5 2
43 6 3
43 7 2
44 1 4
44 2 4
44 3 5
44 4 5
44 5 2
44 6 4
44 7 2
45 1 5
45 2 5
45 3 6
45 4 6
45 5 3
45 6 5
45 7 3
46 1 6
46 2 6
46 3 7
46 4 7
46 5 3
46 6 6
46 7 3
47 1 7
47 2 6
47 3 8
47 4 7
47 5 4
47 6 7
47 7 4
48 1 8
48 2 7
48 3 9
48 4 8
48 5 4
48 6 8
48 7 4
49 1 9
49 2 8
49 3 10
49 4 9
49 5 5
49 6 9
49 7 5
50 1 10
50 2 9
50 3 11
50 4 10
50 5 5
50 6 10
50 7 5
51 1 1
51 2 1
51 3 2
51 4 2
51 5 1
51 6 1
51 7 1
52 1 2
52 2 2
52 3 3
52 4 3
52 5 1
52 6 2
52 7 1
53 1 3
53 2 3
53 3 4
53 4 4
53 5 2
53 6 3
53 7 2
54 1 4
54 2 4
54 3 5
54 4 5
54 5 2
54 6 4
54 7 2
55 1 5
55 2 5
55 3 6
55 4 6
55 5 3
55 6 5
55 7 3
56 1 6
56 2 6
56 3 7
56 4 7
56 5 3
56 6 6
56 7 3
57 1 7
57 2 6
57 3 8
57 4 7
57 5 4
57 6 7
57 7 4
58 1 8
58 2 7
58 3 9
58 4 8
58 5 4
58 6 8
58 7 4
59 1 9
59 2 8
59 3 10
59 4 9
59 5 5
59 6 9
59 7 5
60 1 10
60 2 9
60 3 11
60 4 10
60 5 5
60 6 10
60 7 5
61 1 1
61 2 1
61 3 2
61 4 2
61 5 1
61 6 1
61 7 1
62 1 2
62 2 2
62 3 3
62 4 3
62 5 1
62 6 2
62 7 1
63 1 3
63 2 3
63 3 4
63 4 4
63 5 2
63 6 3
63 7 2
64 1 4
64 2 4
64 3 5
64 4 5
64 5 2
64 6 4
64 7 2
65 1 5
65 2 5
65 3 6
65 4 6
65 5 3
65 6 5
65 7 3
66 1 6
66 2 6
66 3 7
66 4 7
66 5 3
66 6 6
66 7 3
67 1 7
67 2 6
67 3 8
67 4 7
67 5 4
67 6 7
67 7 4
68 1 8
68 2 7
68 3 9
68 4 8
68 5 4
68 6 8
68 7 4
69 1 9
69 2 8
69 3 10
69 4 9
69 5 5
69 6 9
69 7 5
70 1 10
70 2 9
70 3 11
70 4 10
70 5 5
70 6 10
70 7 5
71 1 1
71 2 1
71 3 2
71 4 2
71 5 1
71 6 1
71 7 1
72 1 2
72 2 2
72 3 3
72 4 3
72 5 1
72 6 2
72 7 1
73 1 3
73 2 3
73 3 4
73 4 4
73 5 2
73 6 3
73 7 2
74 1 4
74 2 4
74 3 5
74 4 5
74 5 2
74 6 4
74 7 2
75 1 5
75 2 5
75 3 6
75 4 6
75 5 3
75 6 5
75 7 3
76 1 6
76 2 6
76 3 7
76 4 7
76 5 3
76 6 6
76 7 3
77 1 7
77 2 6
77 3 8
77 4 7
77 5 4
77 6 7
77 7 4
78 1 8
78 2 7
78 3 9
78 4 8
78 5 4
78 6 8
78 7 4
79 1 9
79 2 8
79 3 10
79 4 9
79 5 5
79 6 9
79 7 5
80 1 10
80 2 9
80 3 11
80 4 10
80 5 5
80 6 10
80 7 5
81 1 1
81 2 1
81 3 2
81 4 2
81 5 1
81 6 1
81 7 1
82 1 2
82 2 2
82 3 3
82 4 3
82 5 1
82 6 2
82 7 1
83 1 3
83 2 3
83 3 4
83 4 4
83 5 2
83 6 3
83 7 2
84 1 4
84 2 4
84 3 5
84 4 5
84 5 2
84 6 4
84 7 2
85 1 5
85 2 5
85 3 6
85 4 6
85 5 3
85 6 5
85 7 3
86 1 6
86 2 6
86 3 7
86 4 7
86 5 3
86 6 6
86 7 3
87 1 7
87 2 6
87 3 8
87 4 7
87 5 4
87 6 7
87 7 4
88 1 8
88 2 7
88 3 9
88 4 8
88 5 4
88 6 8
88 7 4
89 1 9
89 2 8
89 3 10
89 4 9
89 5 5
89 6 9
89 7 5

# Energy Consumption m=1,2,3,4,5,6,7
1 1 0
1 2 10
1 3 0
1 4 7
1 5 6
1 6 0
1 7 4
2 1 0
2 2 10
2 3 0
2 4 6
2 5 5
2 6 0
2 7 3
3 1 0
3 2 12
3 3 0
3 4 6
3 5 7
3 6 0
3 7 5
4 1 0
4 2 9
4 3 0
4 4 6
4 5 6
4 6 0
4 7 6
5 1 0
5 2 12
5 3 0
5 4 5
5 5 7
5 6 0
5 7 3
6 1 0
6 2 11
6 3 0
6 4 5
6 5 7
6 6 0
6 7 5
7 1 0
7 2 10
7 3 0
7 4 6
7 5 7
7 6 0
7 7 5
8 1 0
8 2 8
8 3 0
8 4 6
8 5 6
8 6 0
8 7 3
9 1 0
9 2 12
9 3 0
9 4 6
9 5 7
9 6 0
9 7 5
10 1 0
10 2 10
10 3 0
10 4 6
10 5 5
10 6 0
10 7 5
11 1 0
11 2 8
11 3 0
11 4 5
11 5 8
11 6 0
11 7 3
12 1 0
12 2 8
12 3 0
12 4 8
12 5 8
12 6 0
12 7 6
13 1 0
13 2 10
13 3 0
13 4 6
13 5 5
13 6 0
13 7 4
14 1 0
14 2 11
14 3 0
14 4 8
14 5 7
14 6 0
14 7 6
15 1 0
15 2 9
15 3 0
15 4 7
15 5 7
15 6 0
15 7 4
16 1 0
16 2 10
16 3 0
16 4 8
16 5 5
16 6 0
16 7 6
17 1 0
17 2 10
17 3 0
17 4 8
17 5 6
17 6 0
17 7 5
18 1 0
18 2 12
18 3 0
18 4 8
18 5 5
18 6 0
18 7 3
19 1 0
19 2 12
19 3 0
19 4 8
19 5 8
19 6 0
19 7 4
20 1 0
20 2 11
20 3 0
20 4 5
20 5 7
20 6 0
20 7 6
21 1 0
21 2 12
21 3 0
21 4 6
21 5 6
21 6 0
21 7 6
22 1 0
22 2 12
22 3 0
22 4 7
22 5 5
22 6 0
22 7 4
23 1 0
23 2 11
23 3 0
23 4 5
23 5 8
23 6 0
23 7 6
24 1 0
24 2 8
24 3 0
24 4 6
24 5 5
24 6 0
24 7 4
25 1 0
25 2 12
25 3 0
25 4 8
25 5 8
25 6 0
25 7 4
26 1 0
26 2 10
26 3 0
26 4 8
26 5 7
26 6 0
26 7 3
27 1 0
27 2 9
27 3 0
27 4 5
27 5 7
27 6 0
27 7 3
28 1 0
28 2 8
28 3 0
28 4 5
28 5 6
28 6 0
28 7 6
29 1 0
29 2 11
29 3 0
29 4 8
29 5 8
29 6 0
29 7 4
30 1 0
30 2 9
30 3 0
30 4 8
30 5 7
30 6 0
30 7 4
31 1 0
31 2 9
31 3 0
31 4 5
31 5 5
31 6 0
31 7 4
32 1 0
32 2 11
32 3 0
32 4 5
32 5 6
32 6 0
32 7 6
33 1 0
33 2 12
33 3 0
33 4 8
33 5 8
33 6 0
33 7 6
34 1 0
34 2 9
34 3 0
34 4 8
34 5 5
34 6 0
34 7 4
35 1 0
35 2 11
35 3 0
35 4 5
35 5 5
35 6 0
35 7 5
36 1 0
36 2 12
36 3 0
36 4 5
36 5 6
36 6 0
36 7 6
37 1 0
37 2 12
37 3 0
37 4 6
37 5 8
37 6 0
37 7 5
38 1 0
38 2 10
38 3 0
38 4 8
38 5 8
38 6 0
38 7 5
39 1 0
39 2 10
39 3 0
39 4 7
39 5 6
39 6 0
39 7 5
40 1 0
40 2 8
40 3 0
40 4 6
40 5 5
40 6 0
40 7 3
41 1 0
41 2 11
41 3 0
41 4 6
41 5 5
41 6 0
41 7 5
42 1 0
42 2 12
42 3 0
42 4 7
42 5 7
42 6 0
42 7 3
43 1 0
43 2 12
43 3 0
43 4 8
43 5 7
43 6 0
43 7 5
44 1 0
44 2 11
44 3 0
44 4 5
44 5 7
44 6 0
44 7 4
45 1 0
45 2 11
45 3 0
45 4 8
45 5 6
45 6 0
45 7 4
46 1 0
46 2 12
46 3 0
46 4 5
46 5 7
46 6 0
46 7 3
47 1 0
47 2 11
47 3 0
47 4 8
47 5 7
47 6 0
47 7 4
48 1 0
48 2 11
48 3 0
48 4 7
48 5 6
48 6 0
48 7 3
49 1 0
49 2 11
49 3 0
49 4 7
49 5 5
49 6 0
49 7 5
50 1 0
50 2 12
50 3 0
50 4 7
50 5 7
50 6 0
50 7 3
51 1 0
51 2 12
51 3 0
51 4 8
51 5 6
51 6 0
51 7 5
52 1 0
52 2 10
52 3 0
52 4 5
52 5 5
52 6 0
52 7 6
53 1 0
53 2 12
53 3 0
53 4 8
53 5 7
53 6 0
53 7 5
54 1 0
54 2 9
54 3 0
54 4 5
54 5 5
54 6 0
54 7 4
55 1 0
55 2 8
55 3 0
55 4 6
55 5 8
55 6 0
55 7 3
56 1 0
56 2 10
56 3 0
56 4 8
56 5 5
56 6 0
56 7 5
57 1 0
57 2 10
57 3 0
57 4 6
57 5 5
57 6 0
57 7 3
58 1 0
58 2 11
58 3 0
58 4 5
58 5 7
58 6 0
58 7 4
59 1 0
59 2 8
59 3 0
59 4 6
59 5 8
59 6 0
59 7 6
60 1 0
60 2 9
60 3 0
60 4 6
60 5 5
60 6 0
60 7 5
61 1 0
61 2 8
61 3 0
61 4 5
61 5 7
61 6 0
61 7 3
62 1 0
62 2 9
62 3 0
62 4 5
62 5 8
62 6 0
62 7 4
63 1 0
63 2 11
63 3 0
63 4 8
63 5 8
63 6 0
63 7 6
64 1 0
64 2 12
64 3 0
64 4 5
64 5 8
64 6 0
64 7 3
65 1 0
65 2 10
65 3 0
65 4 8
65 5 5
65 6 0
65 7 5
66 1 0
66 2 8
66 3 0
66 4 7
66 5 6
66 6 0
66 7 3
67 1 0
67 2 9
67 3 0
67 4 8
67 5 5
67 6 0
67 7 6
68 1 0
68 2 11
68 3 0
68 4 6
68 5 5
68 6 0
68 7 3
69 1 0
69 2 11
69 3 0
69 4 5
69 5 7
69 6 0
69 7 6
70 1 0
70 2 8
70 3 0
70 4 5
70 5 7
70 6 0
70 7 6
71 1 0
71 2 9
71 3 0
71 4 6
71 5 6
71 6 0
71 7 3
72 1 0
72 2 11
72 3 0
72 4 8
72 5 5
72 6 0
72 7 4
73 1 0
73 2 9
73 3 0
73 4 7
73 5 5
73 6 0
73 7 4
74 1 0
74 2 8
74 3 0
74 4 8
74 5 6
74 6 0
74 7 4
75 1 0
75 2 10
75 3 0
75 4 7
75 5 5
75 6 0
75 7 5
76 1 0
76 2 8
76 3 0
76 4 7
76 5 5
76 6 0
76 7 5
77 1 0
77 2 11
77 3 0
77 4 7
77 5 6
77 6 0
77 7 4
78 1 0
78 2 9
78 3 0
78 4 8
78 5 6
78 6 0
78 7 6
79 1 0
79 2 8
79 3 0
79 4 6
79 5 5
79 6 0
79 7 6
80 1 0
80 2 9
80 3 0
80 4 6
80 5 7
80 6 0
80 7 6
81 1 0
81 2 9
81 3 0
81 4 6
81 5 8
81 6 0
81 7 5
82 1 0
82 2 11
82 3 0
82 4 6
82 5 6
82 6 0
82 7 3
83 1 0
83 2 12
83 3 0
83 4 8
83 5 6
83 6 0
83 7 3
84 1 0
84 2 8
84 3 0
84 4 8
84 5 8
84 6 0
84 7 4
85 1 0
85 2 8
85 3 0
85 4 7
85 5 6
85 6 0
85 7 5
86 1 0
86 2 12
86 3 0
86 4 5
86 5 5
86 6 0
86 7 4
87 1 0
87 2 8
87 3 0
87 4 5
87 5 5
87 6 0
87 7 6
88 1 0
88 2 11
88 3 0
88 4 7
88 5 6
88 6 0
88 7 5
89 1 0
89 2 8
89 3 0
89 4 8
89 5 6
89 6 0
89 7 4

# Precedence Relations
1 2
2 3
3 4
4 5
4 6
4 7
4 8
4 9
5 10
6 11
7 12
8 18
9 18
10 14
11 12
12 13
13 14
14 15
14 16
15 17
16 54
17 18
18 19
18 20
19 22
20 21
20 28
21 54
22 23
23 24
24 25
25 26
25 27
25 29
26 37
27 33
28 29
29 31
30 54
31 32
32 33
33 34
34 35
35 36
35 37
36 38
37 38
38 39
39 40
39 41
39 42
39 43
40 44
41 53
42 53
43 45
44 52
45 46
46 47
47 48
47 49
49 50
50 51
51 52
52 53
53 68
53 69
53 70
53 71
54 55
55 56
56 57
57 58
57 59
57 60
57 61
57 62
57 63
57 64
57 65
57 66
58 67
59 67
60 67
61 67
62 67
63 67
64 67
65 67
66 67
67 73
68 72
69 72
70 72
71 73
72 78
72 80
73 74
74 75
74 76
75 77
76 81
77 78
78 79
79 81
80 81
80 87
81 82
81 84
81 85
82 83
83 86
84 86
85 86
86 87
86 89
87 88
87 89

# Parameters
R_e = 0.05
T = 16
C_s = 4
C_w = 36
C_c = 5
