# Tasks
1 2 3 4 5 6 7 8 9 10 11 12 13 14 15 16 17 18 19 20 21 22 23 24 25 26 27 28 29 30 31 32 33 34 35

# Workstations
1 2 3 4 5 6 7 8 9 10 11 12 13 14 15 16 17 18 19 20 21 22 23 24 25 26 27 28 29 30 31 32 33 34 35

# Modes
1 2 3 4 5 6 7

# Processing Times m=1,2,3,4,5,6,7
1 1 29
1 2 25
1 3 31
1 4 27
1 5 15
1 6 29
1 7 15
2 1 3
2 2 3
2 3 4
2 4 4
2 5 2
2 6 3
2 7 2
3 1 5
3 2 5
3 3 6
3 4 6
3 5 3
3 6 5
3 7 3
4 1 22
4 2 19
4 3 24
4 4 21
4 5 11
4 6 22
4 7 11
5 1 6
5 2 6
5 3 7
5 4 7
5 5 3
5 6 6
5 7 3
6 1 14
6 2 12
6 3 15
6 4 13
6 5 7
6 6 14
6 7 7
7 1 2
7 2 2
7 3 3
7 4 3
7 5 1
7 6 2
7 7 1
8 1 5
8 2 5
8 3 6
8 4 6
8 5 3
8 6 5
8 7 3
9 1 22
9 2 19
9 3 24
9 4 21
9 5 11
9 6 22
9 7 11
10 1 30
10 2 26
10 3 32
10 4 28
10 5 15
10 6 30
10 7 15
11 1 23
11 2 20
11 3 25
11 4 22
11 5 12
11 6 23
11 7 12
12 1 30
12 2 26
12 3 32
12 4 28
12 5 15
12 6 30
12 7 15
13 1 23
13 2 20
13 3 25
13 4 22
13 5 12
13 6 23
13 7 12
14 1 2
14 2 2
14 3 3
14 4 3
14 5 1
14 6 2
14 7 1
15 1 19
15 2 17
15 3 20
15 4 18
15 5 10
15 6 19
15 7 10
16 1 29
16 2 25
16 3 31
16 4 27
16 5 15
16 6 29
16 7 15
17 1 2
17 2 2
17 3 3
17 4 3
17 5 1
17 6 2
17 7 1
18 1 2
18 2 2
18 3 3
18 4 3
18 5 1
18 6 2
18 7 1
19 1 19
19 2 17
19 3 20
19 4 18
19 5 10
19 6 19
19 7 10
20 1 29
20 2 25
20 3 31
20 4 27
20 5 15
20 6 29
20 7 15
21 1 6
21 2 6
21 3 7
21 4 7
21 5 3
21 6 6
21 7 3
22 1 10
22 2 9
22 3 11
22 4 10
22 5 5
22 6 10
22 7 5
23 1 16
23 2 14
23 3 17
23 4 15
23 5 8
23 6 16
23 7 8
24 1 23
24 2 20
24 3 25
24 4 22
24 5 12
24 6 23
24 7 12
25 1 5
25 2 5
25 3 6
25 4 6
25 5 3
25 6 5
25 7 3
26 1 5
26 2 5
26 3 6
26 4 6
26 5 3
26 6 5
26 7 3
27 1 5
27 2 5
27 3 6
27 4 6
27 5 3
27 6 5
27 7 3
28 1 40
28 2 34
28 3 42
28 4 36
28 5 20
28 6 40
28 7 20
29 1 2
29 2 2
29 3 3
29 4 3
29 5 1
29 6 2
29 7 1
30 1 5
30 2 5
30 3 6
30 4 6
30 5 3
30 6 5
30 7 3
31 1 5
31 2 5
31 3 6
31 4 6
31 5 3
31 6 5
31 7 3
32 1 1
32 2 1
32 3 2
32 4 2
32 5 1
32 6 1
32 7 1
33 1 40
33 2 34
33 3 42
33 4 36
33 5 20
33 6 40
33 7 20
34 1 2
34 2 2
34 3 3
34 4 3
34 5 1
34 6 2
34 7 1
35 1 2
35 2 2
35 3 3
35 4 3
35 5 1
35 6 2
35 7 1

# Energy Consumption m=1,2,3,4,5,6,7
1 1 0
1 2 12
1 3 0
1 4 7
1 5 6
1 6 0
1 7 4
2 1 0
2 2 10
2 3 0
2 4 6
2 5 7
2 6 0
2 7 5
3 1 0
3 2 12
3 3 0
3 4 7
3 5 8
3 6 0
3 7 3
4 1 0
4 2 11
4 3 0
4 4 5
4 5 5
4 6 0
4 7 5
5 1 0
5 2 10
5 3 0
5 4 6
5 5 5
5 6 0
5 7 4
6 1 0
6 2 10
6 3 0
6 4 5
6 5 6
6 6 0
6 7 4
7 1 0
7 2 8
7 3 0
7 4 8
7 5 8
7 6 0
7 7 3
8 1 0
8 2 10
8 3 0
8 4 8
8 5 6
8 6 0
8 7 4
9 1 0
9 2 10
9 3 0
9 4 6
9 5 5
9 6 0
9 7 4
10 1 0
10 2 11
10 3 0
10 4 8
10 5 7
10 6 0
10 7 4
11 1 0
11 2 12
11 3 0
11 4 5
11 5 7
11 6 0
11 7 4
12 1 0
12 2 9
12 3 0
12 4 5
12 5 7
12 6 0
12 7 5
13 1 0
13 2 10
13 3 0
13 4 6
13 5 5
13 6 0
13 7 6
14 1 0
14 2 8
14 3 0
14 4 6
14 5 6
14 6 0
14 7 5
15 1 0
15 2 10
15 3 0
15 4 8
15 5 5
15 6 0
15 7 5
16 1 0
16 2 9
16 3 0
16 4 5
16 5 7
16 6 0
16 7 3
17 1 0
17 2 10
17 3 0
17 4 5
17 5 7
17 6 0
17 7 6
18 1 0
18 2 10
18 3 0
18 4 7
18 5 5
18 6 0
18 7 4
19 1 0
19 2 8
19 3 0
19 4 6
19 5 8
19 6 0
19 7 4
20 1 0
20 2 8
20 3 0
20 4 5
20 5 8
20 6 0
20 7 3
21 1 0
21 2 8
21 3 0
21 4 6
21 5 7
21 6 0
21 7 4
22 1 0
22 2 11
22 3 0
22 4 8
22 5 8
22 6 0
22 7 5
23 1 0
23 2 11
23 3 0
23 4 5
23 5 5
23 6 0
23 7 3
24 1 0
24 2 12
24 3 0
24 4 7
24 5 7
24 6 0
24 7 5
25 1 0
25 2 11
25 3 0
25 4 5
25 5 8
25 6 0
25 7 4
26 1 0
26 2 11
26 3 0
26 4 6
26 5 7
26 6 0
26 7 3
27 1 0
27 2 8
27 3 0
27 4 5
27 5 8
27 6 0
27 7 5
28 1 0
28 2 10
28 3 0
28 4 8
28 5 6
28 6 0
28 7 4
29 1 0
29 2 12
29 3 0
29 4 6
29 5 5
29 6 0
29 7 3
30 1 0
30 2 12
30 3 0
30 4 7
30 5 5
30 6 0
30 7 3
31 1 0
31 2 12
31 3 0
31 4 7
31 5 7
31 6 0
31 7 4
32 1 0
32 2 10
32 3 0
32 4 6
32 5 7
32 6 0
32 7 6
33 1 0
33 2 12
33 3 0
33 4 6
33 5 7
33 6 0
33 7 6
34 1 0
34 2 8
34 3 0
34 4 6
34 5 6
34 6 0
34 7 5
35 1 0
35 2 9
35 3 0
35 4 8
35 5 8
35 6 0
35 7 5

# Precedence Relations
1 2
1 5
1 7
1 10
1 12
2 3
3 4
4 11
5 6
6 7
6 8
7 14
7 18
8 9
9 13
10 14
11 28
11 33
12 18
13 28
13 33
14 15
15 16
16 21
17 20
18 19
19 20
20 21
21 22
21 25
21 30
21 32
22 23
23 24
24 27
25 26
26 27
27 28
27 33
27 34
28 29
30 31
31 32
32 33
33 35

# Parameters
R_e = 0.05
T = 60
C_s = 4
C_w = 36
C_c = 5
