# Tasks
1 2 3 4 5 6 7 8 9 10 11 12 13 14 15 16 17 18 19 20 21 22 23 24 25 26 27 28

# Workstations
1 2 3 4 5 6 7 8 9 10 11 12 13 14 15 16 17 18 19 20 21 22 23 24 25 26 27 28

# Modes
1 2 3 4 5 6 7

# Processing Times m=1,2,3,4,5,6,7
1 1 70
1 2 140
1 3 74
1 4 144
1 5 56
1 6 81
1 7 67
2 1 59
2 2 118
2 3 62
2 4 121
2 5 48
2 6 68
2 7 57
3 1 33
3 2 66
3 3 35
3 4 68
3 5 27
3 6 38
3 7 32
4 1 6
4 2 12
4 3 7
4 4 13
4 5 5
4 6 7
4 7 6
5 1 1
5 2 2
5 3 2
5 4 3
5 5 1
5 6 2
5 7 2
6 1 27
6 2 54
6 3 29
6 4 56
6 5 22
6 6 32
6 7 27
7 1 17
7 2 34
7 3 18
7 4 35
7 5 14
7 6 20
7 7 17
8 1 62
8 2 124
8 3 66
8 4 128
8 5 50
8 6 72
8 7 60
9 1 31
9 2 62
9 3 33
9 4 64
9 5 25
9 6 36
9 7 30
10 1 53
10 2 106
10 3 56
10 4 109
10 5 43
10 6 61
10 7 51
11 1 21
11 2 42
11 3 23
11 4 44
11 5 17
11 6 25
11 7 21
12 1 19
12 2 38
12 3 20
12 4 39
12 5 16
12 6 22
12 7 19
13 1 108
13 2 216
13 3 114
13 4 222
13 5 87
13 6 125
13 7 104
14 1 52
14 2 104
14 3 55
14 4 107
14 5 42
14 6 60
14 7 50
15 1 5
15 2 10
15 3 6
15 4 11
15 5 4
15 6 6
15 7 5
16 1 8
16 2 16
16 3 9
16 4 17
16 5 7
16 6 10
16 7 9
17 1 97
17 2 194
17 3 102
17 4 199
17 5 78
17 6 112
17 7 93
18 1 8
18 2 16
18 3 9
18 4 17
18 5 7
18 6 10
18 7 9
19 1 47
19 2 94
19 3 50
19 4 97
19 5 38
19 6 55
19 7 46
20 1 67
20 2 134
20 3 71
20 4 138
20 5 54
20 6 78
20 7 65
21 1 17
21 2 34
21 3 18
21 4 35
21 5 14
21 6 20
21 7 17
22 1 8
22 2 16
22 3 9
22 4 17
22 5 7
22 6 10
22 7 9
23 1 3
23 2 6
23 3 4
23 4 7
23 5 3
23 6 4
23 7 4
24 1 21
24 2 42
24 3 23
24 4 44
24 5 17
24 6 25
24 7 21
25 1 107
25 2 214
25 3 113
25 4 220
25 5 86
25 6 124
25 7 103
26 1 3
26 2 6
26 3 4
26 4 7
26 5 3
26 6 4
26 7 4
27 1 2
27 2 4
27 3 3
27 4 5
27 5 2
27 6 3
27 7 3
28 1 72
28 2 144
28 3 76
28 4 148
28 5 58
28 6 83
28 7 69

# Energy Consumption m=1,2,3,4,5,6,7
1 1 0
1 2 11
1 3 0
1 4 8
1 5 6
1 6 0
1 7 4
2 1 0
2 2 10
2 3 0
2 4 8
2 5 8
2 6 0
2 7 4
3 1 0
3 2 11
3 3 0
3 4 6
3 5 8
3 6 0
3 7 4
4 1 0
4 2 11
4 3 0
4 4 7
4 5 5
4 6 0
4 7 3
5 1 0
5 2 8
5 3 0
5 4 7
5 5 8
5 6 0
5 7 6
6 1 0
6 2 10
6 3 0
6 4 7
6 5 7
6 6 0
6 7 3
7 1 0
7 2 8
7 3 0
7 4 6
7 5 6
7 6 0
7 7 5
8 1 0
8 2 12
8 3 0
8 4 8
8 5 5
8 6 0
8 7 5
9 1 0
9 2 9
9 3 0
9 4 7
9 5 8
9 6 0
9 7 3
10 1 0
10 2 9
10 3 0
10 4 6
10 5 7
10 6 0
10 7 5
11 1 0
11 2 12
11 3 0
11 4 7
11 5 8
11 6 0
11 7 6
12 1 0
12 2 9
12 3 0
12 4 5
12 5 6
12 6 0
12 7 5
13 1 0
13 2 9
13 3 0
13 4 8
13 5 5
13 6 0
13 7 3
14 1 0
14 2 12
14 3 0
14 4 5
14 5 8
14 6 0
14 7 3
15 1 0
15 2 12
15 3 0
15 4 5
15 5 8
15 6 0
15 7 4
16 1 0
16 2 10
16 3 0
16 4 6
16 5 6
16 6 0
16 7 3
17 1 0
17 2 10
17 3 0
17 4 8
17 5 8
17 6 0
17 7 6
18 1 0
18 2 12
18 3 0
18 4 8
18 5 8
18 6 0
18 7 5
19 1 0
19 2 12
19 3 0
19 4 5
19 5 8
19 6 0
19 7 5
20 1 0
20 2 10
20 3 0
20 4 7
20 5 5
20 6 0
20 7 4
21 1 0
21 2 10
21 3 0
21 4 5
21 5 8
21 6 0
21 7 5
22 1 0
22 2 11
22 3 0
22 4 6
22 5 5
22 6 0
22 7 4
23 1 0
23 2 12
23 3 0
23 4 8
23 5 6
23 6 0
23 7 6
24 1 0
24 2 9
24 3 0
24 4 5
24 5 8
24 6 0
24 7 5
25 1 0
25 2 12
25 3 0
25 4 8
25 5 6
25 6 0
25 7 4
26 1 0
26 2 10
26 3 0
26 4 8
26 5 8
26 6 0
26 7 6
27 1 0
27 2 10
27 3 0
27 4 6
27 5 5
27 6 0
27 7 4
28 1 0
28 2 10
28 3 0
28 4 6
28 5 8
28 6 0
28 7 4

# Precedence Relations
1 3
1 4
1 5
1 8
1 19
1 21
1 22
1 23
1 24
1 26
2 6
2 17
3 28
4 28
5 28
6 7
7 18
8 9
9 10
10 11
10 12
11 15
12 13
13 14
13 16
14 28
15 28
16 28
17 28
18 28
19 20
20 28
21 28
22 28
23 28
24 25
25 28
26 27
27 28

# Parameters
R_e = 0.05
T = 236
C_s = 4
C_w = 36
C_c = 5
