# Tasks
1 2 3 4 5 6 7 8 9 10 11 12 13 14 15 16 17 18 19 20 21 22 23 24 25 26 27 28 29 30 31 32

# Workstations
1 2 3 4 5 6 7 8 9 10 11 12 13 14 15 16 17 18 19 20 21 22 23 24 25 26 27 28 29 30 31 32

# Modes
1 2 3 4 5 6 7

# Processing Times m=1,2,3,4,5,6,7
1 1 458
1 2 916
1 3 481
1 4 939
1 5 367
1 6 527
1 7 436
2 1 276
2 2 552
2 3 290
2 4 566
2 5 221
2 6 318
2 7 263
3 1 520
3 2 1040
3 3 546
3 4 1066
3 5 416
3 6 598
3 7 494
4 1 1400
4 2 2800
4 3 1470
4 4 2870
4 5 1120
4 6 1610
4 7 1330
5 1 352
5 2 704
5 3 370
5 4 722
5 5 282
5 6 405
5 7 335
6 1 196
6 2 392
6 3 206
6 4 402
6 5 157
6 6 226
6 7 187
7 1 214
7 2 428
7 3 225
7 4 439
7 5 172
7 6 247
7 7 205
8 1 456
8 2 912
8 3 479
8 4 935
8 5 365
8 6 525
8 7 434
9 1 646
9 2 1292
9 3 679
9 4 1325
9 5 517
9 6 743
9 7 614
10 1 512
10 2 1024
10 3 538
10 4 1050
10 5 410
10 6 589
10 7 487
11 1 408
11 2 816
11 3 429
11 4 837
11 5 327
11 6 470
11 7 389
12 1 262
12 2 524
12 3 276
12 4 538
12 5 210
12 6 302
12 7 250
13 1 544
13 2 1088
13 3 572
13 4 1116
13 5 436
13 6 626
13 7 518
14 1 202
14 2 404
14 3 213
14 4 415
14 5 162
14 6 233
14 7 193
15 1 458
15 2 916
15 3 481
15 4 939
15 5 367
15 6 527
15 7 436
16 1 694
16 2 1388
16 3 729
16 4 1423
16 5 556
16 6 799
16 7 661
17 1 616
17 2 1232
17 3 647
17 4 1263
17 5 493
17 6 709
17 7 586
18 1 678
18 2 1356
18 3 712
18 4 1390
18 5 543
18 6 780
18 7 645
19 1 328
19 2 656
19 3 345
19 4 673
19 5 263
19 6 378
19 7 313
20 1 324
20 2 648
20 3 341
20 4 665
20 5 260
20 6 373
20 7 309
21 1 100
21 2 200
21 3 105
21 4 205
21 5 80
21 6 115
21 7 95
22 1 352
22 2 704
22 3 370
22 4 722
22 5 282
22 6 405
22 7 335
23 1 544
23 2 1088
23 3 572
23 4 1116
23 5 436
23 6 626
23 7 518
24 1 500
24 2 1000
24 3 525
24 4 1025
24 5 400
24 6 575
24 7 475
25 1 382
25 2 764
25 3 402
25 4 784
25 5 306
25 6 440
25 7 364
26 1 858
26 2 1716
26 3 901
26 4 1759
26 5 687
26 6 987
26 7 816
27 1 388
27 2 776
27 3 408
27 4 796
27 5 311
27 6 447
27 7 370
28 1 352
28 2 704
28 3 370
28 4 722
28 5 282
28 6 405
28 7 335
29 1 428
29 2 856
29 3 450
29 4 878
29 5 343
29 6 493
29 7 408
30 1 238
30 2 476
30 3 250
30 4 488
30 5 191
30 6 274
30 7 227
31 1 258
31 2 516
31 3 271
31 4 529
31 5 207
31 6 297
31 7 246
32 1 196
32 2 392
32 3 206
32 4 402
32 5 157
32 6 226
32 7 187

# Energy Consumption m=1,2,3,4,5,6,7
1 1 0
1 2 10
1 3 0
1 4 6
1 5 8
1 6 0
1 7 3
2 1 0
2 2 10
2 3 0
2 4 5
2 5 5
2 6 0
2 7 6
3 1 0
3 2 9
3 3 0
3 4 5
3 5 8
3 6 0
3 7 4
4 1 0
4 2 11
4 3 0
4 4 7
4 5 7
4 6 0
4 7 4
5 1 0
5 2 10
5 3 0
5 4 6
5 5 8
5 6 0
5 7 3
6 1 0
6 2 9
6 3 0
6 4 8
6 5 8
6 6 0
6 7 6
7 1 0
7 2 9
7 3 0
7 4 6
7 5 8
7 6 0
7 7 5
8 1 0
8 2 9
8 3 0
8 4 5
8 5 5
8 6 0
8 7 5
9 1 0
9 2 12
9 3 0
9 4 6
9 5 8
9 6 0
9 7 3
10 1 0
10 2 10
10 3 0
10 4 6
10 5 6
10 6 0
10 7 3
11 1 0
11 2 10
11 3 0
11 4 8
11 5 7
11 6 0
11 7 3
12 1 0
12 2 9
12 3 0
12 4 7
12 5 5
12 6 0
12 7 6
13 1 0
13 2 12
13 3 0
13 4 8
13 5 6
13 6 0
13 7 6
14 1 0
14 2 11
14 3 0
14 4 5
14 5 5
14 6 0
14 7 5
15 1 0
15 2 8
15 3 0
15 4 6
15 5 5
15 6 0
15 7 3
16 1 0
16 2 8
16 3 0
16 4 7
16 5 5
16 6 0
16 7 3
17 1 0
17 2 9
17 3 0
17 4 7
17 5 6
17 6 0
17 7 5
18 1 0
18 2 8
18 3 0
18 4 7
18 5 7
18 6 0
18 7 3
19 1 0
19 2 12
19 3 0
19 4 7
19 5 8
19 6 0
19 7 3
20 1 0
20 2 10
20 3 0
20 4 6
20 5 6
20 6 0
20 7 3
21 1 0
21 2 11
21 3 0
21 4 8
21 5 7
21 6 0
21 7 5
22 1 0
22 2 12
22 3 0
22 4 8
22 5 8
22 6 0
22 7 4
23 1 0
23 2 9
23 3 0
23 4 5
23 5 5
23 6 0
23 7 3
24 1 0
24 2 12
24 3 0
24 4 8
24 5 5
24 6 0
24 7 5
25 1 0
25 2 8
25 3 0
25 4 7
25 5 7
25 6 0
25 7 5
26 1 0
26 2 12
26 3 0
26 4 5
26 5 5
26 6 0
26 7 5
27 1 0
27 2 12
27 3 0
27 4 6
27 5 6
27 6 0
27 7 5
28 1 0
28 2 11
28 3 0
28 4 6
28 5 8
28 6 0
28 7 6
29 1 0
29 2 11
29 3 0
29 4 5
29 5 7
29 6 0
29 7 3
30 1 0
30 2 12
30 3 0
30 4 7
30 5 5
30 6 0
30 7 5
31 1 0
31 2 10
31 3 0
31 4 6
31 5 8
31 6 0
31 7 3
32 1 0
32 2 10
32 3 0
32 4 7
32 5 8
32 6 0
32 7 6

# Precedence Relations
1 5
2 6
3 9
4 15
5 6
6 7
6 8
6 9
7 21
8 21
9 10
9 11
10 16
11 12
12 13
13 14
13 15
14 16
14 17
15 17
16 18
17 19
18 21
19 20
20 21
21 22
21 23
21 24
22 25
23 32
24 32
25 26
26 27
27 28
28 29
29 30
30 31
31 32

# Parameters
R_e = 0.05
T = 1894
C_s = 4
C_w = 36
C_c = 5
