# Tasks
1 2 3 4 5 6 7 8 9 10 11 12 13 14 15 16 17 18 19 20 21 22 23 24 25 26 27 28 29 30 31 32 33 34 35 36 37 38 39 40 41 42 43 44 45 46 47 48 49 50 51 52 53 54 55 56 57 58 59 60 61 62 63 64 65 66 67 68 69 70 71 72 73 74 75 76 77 78 79 80 81 82 83

# Workstations
1 2 3 4 5 6 7 8 9 10 11 12 13 14 15 16 17 18 19 20 21 22 23 24 25 26 27 28 29 30 31 32 33 34 35 36 37 38 39 40 41 42 43 44 45 46 47 48 49 50 51 52 53 54 55 56 57 58 59 60 61 62 63 64 65 66 67 68 69 70 71 72 73 74 75 76 77 78 79 80 81 82 83

# Modes
1 2 3 4 5 6 7

# Processing Times m=1,2,3,4,5,6,7
1 1 1673
1 2 1423
1 3 1757
1 4 1507
1 5 837
1 6 1673
1 7 837
2 1 985
2 2 838
2 3 1035
2 4 888
2 5 493
2 6 985
2 7 493
3 1 1836
3 2 1561
3 3 1928
3 4 1653
3 5 918
3 6 1836
3 7 918
4 1 973
4 2 828
4 3 1022
4 4 877
4 5 487
4 6 973
4 7 487
5 1 1700
5 2 1445
5 3 1785
5 4 1530
5 5 850
5 6 1700
5 7 850
6 1 2881
6 2 2449
6 3 3026
6 4 2594
6 5 1441
6 6 2881
6 7 1441
7 1 2231
7 2 1897
7 3 2343
7 4 2009
7 5 1116
7 6 2231
7 7 1116
8 1 1040
8 2 884
8 3 1092
8 4 936
8 5 520
8 6 1040
8 7 520
9 1 1793
9 2 1525
9 3 1883
9 4 1615
9 5 897
9 6 1793
9 7 897
10 1 1250
10 2 1063
10 3 1313
10 4 1126
10 5 625
10 6 1250
10 7 625
11 1 700
11 2 595
11 3 735
11 4 630
11 5 350
11 6 700
11 7 350
12 1 464
12 2 395
12 3 488
12 4 419
12 5 232
12 6 464
12 7 232
13 1 500
13 2 425
13 3 525
13 4 450
13 5 250
13 6 500
13 7 250
14 1 1133
14 2 964
14 3 1190
14 4 1021
14 5 567
14 6 1133
14 7 567
15 1 577
15 2 491
15 3 606
15 4 520
15 5 289
15 6 577
15 7 289
16 1 483
16 2 411
16 3 508
16 4 436
16 5 242
16 6 483
16 7 242
17 1 880
17 2 748
17 3 924
17 4 792
17 5 440
17 6 880
17 7 440
18 1 667
18 2 567
18 3 701
18 4 601
18 5 334
18 6 667
18 7 334
19 1 600
19 2 510
19 3 630
19 4 540
19 5 300
19 6 600
19 7 300
20 1 233
20 2 199
20 3 245
20 4 211
20 5 117
20 6 233
20 7 117
21 1 408
21 2 347
21 3 429
21 4 368
21 5 204
21 6 408
21 7 204
22 1 847
22 2 720
22 3 890
22 4 763
22 5 424
22 6 847
22 7 424
23 1 767
23 2 652
23 3 806
23 4 691
23 5 384
23 6 767
23 7 384
24 1 850
24 2 723
24 3 893
24 4 766
24 5 425
24 6 850
24 7 425
25 1 780
25 2 663
25 3 819
25 4 702
25 5 390
25 6 780
25 7 390
26 1 912
26 2 776
26 3 958
26 4 822
26 5 456
26 6 912
26 7 456
27 1 748
27 2 636
27 3 786
27 4 674
27 5 374
27 6 748
27 7 374
28 1 1863
28 2 1584
28 3 1957
28 4 1678
28 5 932
28 6 1863
28 7 932
29 1 714
29 2 607
29 3 750
29 4 643
29 5 357
29 6 714
29 7 357
30 1 1004
30 2 854
30 3 1055
30 4 905
30 5 502
30 6 1004
30 7 502
31 1 713
31 2 607
31 3 749
31 4 643
31 5 357
31 6 713
31 7 357
32 1 642
32 2 546
32 3 675
32 4 579
32 5 321
32 6 642
32 7 321
33 1 629
33 2 535
33 3 661
33 4 567
33 5 315
33 6 629
33 7 315
34 1 1234
34 2 1049
34 3 1296
34 4 1111
34 5 617
34 6 1234
34 7 617
35 1 1143
35 2 972
35 3 1201
35 4 1030
35 5 572
35 6 1143
35 7 572
36 1 1266
36 2 1077
36 3 1330
36 4 1141
36 5 633
36 6 1266
36 7 633
37 1 792
37 2 674
37 3 832
37 4 714
37 5 396
37 6 792
37 7 396
38 1 1251
38 2 1064
38 3 1314
38 4 1127
38 5 626
38 6 1251
38 7 626
39 1 1310
39 2 1114
39 3 1376
39 4 1180
39 5 655
39 6 1310
39 7 655
40 1 663
40 2 564
40 3 697
40 4 598
40 5 332
40 6 663
40 7 332
41 1 494
41 2 420
41 3 519
41 4 445
41 5 247
41 6 494
41 7 247
42 1 1288
42 2 1095
42 3 1353
42 4 1160
42 5 644
42 6 1288
42 7 644
43 1 792
43 2 674
43 3 832
43 4 714
43 5 396
43 6 792
43 7 396
44 1 578
44 2 492
44 3 607
44 4 521
44 5 289
44 6 578
44 7 289
45 1 594
45 2 505
45 3 624
45 4 535
45 5 297
45 6 594
45 7 297
46 1 578
46 2 492
46 3 607
46 4 521
46 5 289
46 6 578
46 7 289
47 1 622
47 2 529
47 3 654
47 4 561
47 5 311
47 6 622
47 7 311
48 1 578
48 2 492
48 3 607
48 4 521
48 5 289
48 6 578
48 7 289
49 1 564
49 2 480
49 3 593
49 4 509
49 5 282
49 6 564
49 7 282
50 1 578
50 2 492
50 3 607
50 4 521
50 5 289
50 6 578
50 7 289
51 1 578
51 2 492
51 3 607
51 4 521
51 5 289
51 6 578
51 7 289
52 1 578
52 2 492
52 3 607
52 4 521
52 5 289
52 6 578
52 7 289
53 1 578
53 2 492
53 3 607
53 4 521
53 5 289
53 6 578
53 7 289
54 1 578
54 2 492
54 3 607
54 4 521
54 5 289
54 6 578
54 7 289
55 1 578
55 2 492
55 3 607
55 4 521
55 5 289
55 6 578
55 7 289
56 1 578
56 2 492
56 3 607
56 4 521
56 5 289
56 6 578
56 7 289
57 1 578
57 2 492
57 3 607
57 4 521
57 5 289
57 6 578
57 7 289
58 1 578
58 2 492
58 3 607
58 4 521
58 5 289
58 6 578
58 7 289
59 1 578
59 2 492
59 3 607
59 4 521
59 5 289
59 6 578
59 7 289
60 1 578
60 2 492
60 3 607
60 4 521
60 5 289
60 6 578
60 7 289
61 1 578
61 2 492
61 3 607
61 4 521
61 5 289
61 6 578
61 7 289
62 1 578
62 2 492
62 3 607
62 4 521
62 5 289
62 6 578
62 7 289
63 1 578
63 2 492
63 3 607
63 4 521
63 5 289
63 6 578
63 7 289
64 1 578
64 2 492
64 3 607
64 4 521
64 5 289
64 6 578
64 7 289
65 1 578
65 2 492
65 3 607
65 4 521
65 5 289
65 6 578
65 7 289
66 1 578
66 2 492
66 3 607
66 4 521
66 5 289
66 6 578
66 7 289
67 1 578
67 2 492
67 3 607
67 4 521
67 5 289
67 6 578
67 7 289
68 1 578
68 2 492
68 3 607
68 4 521
68 5 289
68 6 578
68 7 289
69 1 467
69 2 397
69 3 491
69 4 421
69 5 234
69 6 467
69 7 234
70 1 887
70 2 754
70 3 932
70 4 799
70 5 444
70 6 887
70 7 444
71 1 396
71 2 337
71 3 416
71 4 357
71 5 198
71 6 396
71 7 198
72 1 1296
72 2 1102
72 3 1361
72 4 1167
72 5 648
72 6 1296
72 7 648
73 1 1100
73 2 935
73 3 1155
73 4 990
73 5 550
73 6 1100
73 7 550
74 1 2543
74 2 2162
74 3 2671
74 4 2290
74 5 1272
74 6 2543
74 7 1272
75 1 764
75 2 650
75 3 803
75 4 689
75 5 382
75 6 764
75 7 382
76 1 357
76 2 304
76 3 375
76 4 322
76 5 179
76 6 357
76 7 179
77 1 701
77 2 596
77 3 737
77 4 632
77 5 351
77 6 701
77 7 351
78 1 1164
78 2 990
78 3 1223
78 4 1049
78 5 582
78 6 1164
78 7 582
79 1 286
79 2 244
79 3 301
79 4 259
79 5 143
79 6 286
79 7 143
80 1 2100
80 2 1785
80 3 2205
80 4 1890
80 5 1050
80 6 2100
80 7 1050
81 1 450
81 2 383
81 3 473
81 4 406
81 5 225
81 6 450
81 7 225
82 1 1300
82 2 1105
82 3 1365
82 4 1170
82 5 650
82 6 1300
82 7 650
83 1 3691
83 2 3138
83 3 3876
83 4 3323
83 5 1846
83 6 3691
83 7 1846

# Energy Consumption m=1,2,3,4,5,6,7
1 1 0
1 2 10
1 3 0
1 4 8
1 5 5
1 6 0
1 7 6
2 1 0
2 2 9
2 3 0
2 4 8
2 5 8
2 6 0
2 7 4
3 1 0
3 2 12
3 3 0
3 4 7
3 5 8
3 6 0
3 7 3
4 1 0
4 2 12
4 3 0
4 4 6
4 5 7
4 6 0
4 7 6
5 1 0
5 2 9
5 3 0
5 4 8
5 5 5
5 6 0
5 7 6
6 1 0
6 2 12
6 3 0
6 4 8
6 5 8
6 6 0
6 7 4
7 1 0
7 2 12
7 3 0
7 4 8
7 5 6
7 6 0
7 7 3
8 1 0
8 2 11
8 3 0
8 4 7
8 5 5
8 6 0
8 7 5
9 1 0
9 2 9
9 3 0
9 4 8
9 5 7
9 6 0
9 7 6
10 1 0
10 2 10
10 3 0
10 4 6
10 5 8
10 6 0
10 7 6
11 1 0
11 2 10
11 3 0
11 4 8
11 5 8
11 6 0
11 7 6
12 1 0
12 2 9
12 3 0
12 4 5
12 5 8
12 6 0
12 7 6
13 1 0
13 2 9
13 3 0
13 4 6
13 5 5
13 6 0
13 7 5
14 1 0
14 2 12
14 3 0
14 4 5
14 5 7
14 6 0
14 7 5
15 1 0
15 2 12
15 3 0
15 4 5
15 5 6
15 6 0
15 7 4
16 1 0
16 2 11
16 3 0
16 4 5
16 5 8
16 6 0
16 7 5
17 1 0
17 2 8
17 3 0
17 4 5
17 5 7
17 6 0
17 7 5
18 1 0
18 2 9
18 3 0
18 4 8
18 5 6
18 6 0
18 7 4
19 1 0
19 2 12
19 3 0
19 4 6
19 5 8
19 6 0
19 7 4
20 1 0
20 2 10
20 3 0
20 4 7
20 5 5
20 6 0
20 7 5
21 1 0
21 2 8
21 3 0
21 4 7
21 5 7
21 6 0
21 7 5
22 1 0
22 2 10
22 3 0
22 4 8
22 5 8
22 6 0
22 7 4
23 1 0
23 2 12
23 3 0
23 4 7
23 5 7
23 6 0
23 7 6
24 1 0
24 2 8
24 3 0
24 4 8
24 5 7
24 6 0
24 7 5
25 1 0
25 2 9
25 3 0
25 4 6
25 5 5
25 6 0
25 7 5
26 1 0
26 2 8
26 3 0
26 4 6
26 5 5
26 6 0
26 7 5
27 1 0
27 2 9
27 3 0
27 4 6
27 5 7
27 6 0
27 7 4
28 1 0
28 2 11
28 3 0
28 4 7
28 5 5
28 6 0
28 7 3
29 1 0
29 2 9
29 3 0
29 4 7
29 5 5
29 6 0
29 7 3
30 1 0
30 2 12
30 3 0
30 4 8
30 5 7
30 6 0
30 7 6
31 1 0
31 2 8
31 3 0
31 4 8
31 5 5
31 6 0
31 7 4
32 1 0
32 2 11
32 3 0
32 4 8
32 5 5
32 6 0
32 7 3
33 1 0
33 2 10
33 3 0
33 4 5
33 5 5
33 6 0
33 7 4
34 1 0
34 2 11
34 3 0
34 4 8
34 5 6
34 6 0
34 7 3
35 1 0
35 2 12
35 3 0
35 4 7
35 5 5
35 6 0
35 7 4
36 1 0
36 2 11
36 3 0
36 4 7
36 5 5
36 6 0
36 7 5
37 1 0
37 2 11
37 3 0
37 4 6
37 5 5
37 6 0
37 7 3
38 1 0
38 2 12
38 3 0
38 4 5
38 5 7
38 6 0
38 7 4
39 1 0
39 2 8
39 3 0
39 4 6
39 5 6
39 6 0
39 7 4
40 1 0
40 2 10
40 3 0
40 4 6
40 5 7
40 6 0
40 7 3
41 1 0
41 2 9
41 3 0
41 4 7
41 5 6
41 6 0
41 7 3
42 1 0
42 2 10
42 3 0
42 4 6
42 5 8
42 6 0
42 7 3
43 1 0
43 2 11
43 3 0
43 4 5
43 5 8
43 6 0
43 7 3
44 1 0
44 2 11
44 3 0
44 4 5
44 5 8
44 6 0
44 7 6
45 1 0
45 2 11
45 3 0
45 4 5
45 5 5
45 6 0
45 7 4
46 1 0
46 2 9
46 3 0
46 4 7
46 5 8
46 6 0
46 7 6
47 1 0
47 2 8
47 3 0
47 4 6
47 5 8
47 6 0
47 7 4
48 1 0
48 2 10
48 3 0
48 4 8
48 5 8
48 6 0
48 7 5
49 1 0
49 2 10
49 3 0
49 4 7
49 5 6
49 6 0
49 7 3
50 1 0
50 2 8
50 3 0
50 4 8
50 5 5
50 6 0
50 7 4
51 1 0
51 2 12
51 3 0
51 4 5
51 5 8
51 6 0
51 7 6
52 1 0
52 2 10
52 3 0
52 4 7
52 5 5
52 6 0
52 7 4
53 1 0
53 2 9
53 3 0
53 4 7
53 5 7
53 6 0
53 7 5
54 1 0
54 2 11
54 3 0
54 4 7
54 5 5
54 6 0
54 7 5
55 1 0
55 2 10
55 3 0
55 4 5
55 5 6
55 6 0
55 7 6
56 1 0
56 2 9
56 3 0
56 4 5
56 5 6
56 6 0
56 7 6
57 1 0
57 2 10
57 3 0
57 4 7
57 5 7
57 6 0
57 7 3
58 1 0
58 2 9
58 3 0
58 4 5
58 5 5
58 6 0
58 7 6
59 1 0
59 2 11
59 3 0
59 4 8
59 5 7
59 6 0
59 7 3
60 1 0
60 2 11
60 3 0
60 4 7
60 5 8
60 6 0
60 7 3
61 1 0
61 2 11
61 3 0
61 4 5
61 5 6
61 6 0
61 7 4
62 1 0
62 2 10
62 3 0
62 4 7
62 5 5
62 6 0
62 7 6
63 1 0
63 2 9
63 3 0
63 4 8
63 5 6
63 6 0
63 7 3
64 1 0
64 2 8
64 3 0
64 4 5
64 5 8
64 6 0
64 7 5
65 1 0
65 2 12
65 3 0
65 4 8
65 5 7
65 6 0
65 7 6
66 1 0
66 2 10
66 3 0
66 4 8
66 5 7
66 6 0
66 7 6
67 1 0
67 2 9
67 3 0
67 4 8
67 5 5
67 6 0
67 7 5
68 1 0
68 2 9
68 3 0
68 4 6
68 5 5
68 6 0
68 7 4
69 1 0
69 2 10
69 3 0
69 4 6
69 5 5
69 6 0
69 7 5
70 1 0
70 2 9
70 3 0
70 4 5
70 5 6
70 6 0
70 7 6
71 1 0
71 2 12
71 3 0
71 4 7
71 5 6
71 6 0
71 7 3
72 1 0
72 2 11
72 3 0
72 4 7
72 5 5
72 6 0
72 7 3
73 1 0
73 2 11
73 3 0
73 4 5
73 5 5
73 6 0
73 7 5
74 1 0
74 2 8
74 3 0
74 4 8
74 5 5
74 6 0
74 7 4
75 1 0
75 2 12
75 3 0
75 4 6
75 5 5
75 6 0
75 7 3
76 1 0
76 2 8
76 3 0
76 4 5
76 5 6
76 6 0
76 7 6
77 1 0
77 2 10
77 3 0
77 4 7
77 5 8
77 6 0
77 7 5
78 1 0
78 2 10
78 3 0
78 4 7
78 5 5
78 6 0
78 7 5
79 1 0
79 2 12
79 3 0
79 4 7
79 5 5
79 6 0
79 7 5
80 1 0
80 2 11
80 3 0
80 4 5
80 5 7
80 6 0
80 7 5
81 1 0
81 2 12
81 3 0
81 4 8
81 5 7
81 6 0
81 7 5
82 1 0
82 2 9
82 3 0
82 4 7
82 5 8
82 6 0
82 7 4
83 1 0
83 2 9
83 3 0
83 4 7
83 5 5
83 6 0
83 7 5

# Precedence Relations
1 2
2 3
2 4
2 5
3 6
4 6
4 7
5 8
6 9
6 10
7 11
8 77
8 78
9 12
10 13
10 14
10 25
11 15
12 16
13 17
13 18
13 20
14 19
15 20
15 39
16 77
16 78
17 21
17 22
17 28
18 23
19 24
20 26
21 27
22 27
23 74
24 28
24 29
25 32
26 74
27 69
28 32
29 30
30 31
31 39
32 33
32 34
32 35
32 36
33 37
34 77
34 78
35 77
35 78
36 38
36 39
37 40
38 41
39 42
39 43
39 44
39 75
40 77
40 78
41 45
42 77
42 78
43 77
43 78
44 46
45 47
46 48
47 49
48 50
49 69
50 51
51 52
52 53
53 54
54 55
55 56
56 57
57 58
58 59
59 60
60 61
61 62
62 63
63 64
64 65
65 66
66 67
67 68
68 74
68 75
69 70
69 71
70 72
71 73
72 73
73 74
73 75
74 76
75 76
76 77
76 78
77 79
78 79
79 80
79 81
80 82
81 83
82 83

# Parameters
R_e = 0.05
T = 7916
C_s = 4
C_w = 36
C_c = 5
