# Tasks
1 2 3 4 5 6 7 8 9 10 11 12 13 14 15 16 17 18 19 20 21 22 23 24 25 26 27 28 29 30 31 32 33 34 35 36 37 38 39 40 41 42 43 44 45 46 47 48 49 50 51 52 53 54 55 56 57 58 59 60 61 62 63 64 65 66 67 68 69 70 71 72 73 74 75

# Workstations
1 2 3 4 5 6 7 8 9 10 11 12 13 14 15 16 17 18 19 20 21 22 23 24 25 26 27 28 29 30 31 32 33 34 35 36 37 38 39 40 41 42 43 44 45 46 47 48 49 50 51 52 53 54 55 56 57 58 59 60 61 62 63 64 65 66 67 68 69 70 71 72 73 74 75

# Modes
1 2 3 4 5 6 7

# Processing Times m=1,2,3,4,5,6,7
1 1 23
1 2 20
1 3 25
1 4 22
1 5 12
1 6 23
1 7 12
2 1 24
2 2 21
2 3 26
2 4 23
2 5 12
2 6 24
2 7 12
3 1 25
3 2 22
3 3 27
3 4 24
3 5 13
3 6 25
3 7 13
4 1 26
4 2 23
4 3 28
4 4 25
4 5 13
4 6 26
4 7 13
5 1 23
5 2 20
5 3 25
5 4 22
5 5 12
5 6 23
5 7 12
6 1 22
6 2 19
6 3 24
6 4 21
6 5 11
6 6 22
6 7 11
7 1 6
7 2 6
7 3 7
7 4 7
7 5 3
7 6 6
7 7 3
8 1 22
8 2 19
8 3 24
8 4 21
8 5 11
8 6 22
8 7 11
9 1 23
9 2 20
9 3 25
9 4 22
9 5 12
9 6 23
9 7 12
10 1 21
10 2 18
10 3 23
10 4 20
10 5 11
10 6 21
10 7 11
11 1 22
11 2 19
11 3 24
11 4 21
11 5 11
11 6 22
11 7 11
12 1 15
12 2 13
12 3 16
12 4 14
12 5 8
12 6 15
12 7 8
13 1 5
13 2 5
13 3 6
13 4 6
13 5 3
13 6 5
13 7 3
14 1 23
14 2 20
14 3 25
14 4 22
14 5 12
14 6 23
14 7 12
15 1 4
15 2 4
15 3 5
15 4 5
15 5 2
15 6 4
15 7 2
16 1 26
16 2 23
16 3 28
16 4 25
16 5 13
16 6 26
16 7 13
17 1 21
17 2 18
17 3 23
17 4 20
17 5 11
17 6 21
17 7 11
18 1 5
18 2 5
18 3 6
18 4 6
18 5 3
18 6 5
18 7 3
19 1 24
19 2 21
19 3 26
19 4 23
19 5 12
19 6 24
19 7 12
20 1 25
20 2 22
20 3 27
20 4 24
20 5 13
20 6 25
20 7 13
21 1 26
21 2 23
21 3 28
21 4 25
21 5 13
21 6 26
21 7 13
22 1 26
22 2 23
22 3 28
22 4 25
22 5 13
22 6 26
22 7 13
23 1 24
23 2 21
23 3 26
23 4 23
23 5 12
23 6 24
23 7 12
24 1 27
24 2 23
24 3 29
24 4 25
24 5 14
24 6 27
24 7 14
25 1 20
25 2 17
25 3 21
25 4 18
25 5 10
25 6 20
25 7 10
26 1 23
26 2 20
26 3 25
26 4 22
26 5 12
26 6 23
26 7 12
27 1 25
27 2 22
27 3 27
27 4 24
27 5 13
27 6 25
27 7 13
28 1 13
28 2 12
28 3 14
28 4 13
28 5 7
28 6 13
28 7 7
29 1 3
29 2 3
29 3 4
29 4 4
29 5 2
29 6 3
29 7 2
30 1 11
30 2 10
30 3 12
30 4 11
30 5 6
30 6 11
30 7 6
31 1 21
31 2 18
31 3 23
31 4 20
31 5 11
31 6 21
31 7 11
32 1 22
32 2 19
32 3 24
32 4 21
32 5 11
32 6 22
32 7 11
33 1 21
33 2 18
33 3 23
33 4 20
33 5 11
33 6 21
33 7 11
34 1 22
34 2 19
34 3 24
34 4 21
34 5 11
34 6 22
34 7 11
35 1 25
35 2 22
35 3 27
35 4 24
35 5 13
35 6 25
35 7 13
36 1 8
36 2 7
36 3 9
36 4 8
36 5 4
36 6 8
36 7 4
37 1 22
37 2 19
37 3 24
37 4 21
37 5 11
37 6 22
37 7 11
38 1 24
38 2 21
38 3 26
38 4 23
38 5 12
38 6 24
38 7 12
39 1 22
39 2 19
39 3 24
39 4 21
39 5 11
39 6 22
39 7 11
40 1 21
40 2 18
40 3 23
40 4 20
40 5 11
40 6 21
40 7 11
41 1 6
41 2 6
41 3 7
41 4 7
41 5 3
41 6 6
41 7 3
42 1 26
42 2 23
42 3 28
42 4 25
42 5 13
42 6 26
42 7 13
43 1 22
43 2 19
43 3 24
43 4 21
43 5 11
43 6 22
43 7 11
44 1 6
44 2 6
44 3 7
44 4 7
44 5 3
44 6 6
44 7 3
45 1 21
45 2 18
45 3 23
45 4 20
45 5 11
45 6 21
45 7 11
46 1 25
46 2 22
46 3 27
46 4 24
46 5 13
46 6 25
46 7 13
47 1 11
47 2 10
47 3 12
47 4 11
47 5 6
47 6 11
47 7 6
48 1 22
48 2 19
48 3 24
48 4 21
48 5 11
48 6 22
48 7 11
49 1 21
49 2 18
49 3 23
49 4 20
49 5 11
49 6 21
49 7 11
50 1 25
50 2 22
50 3 27
50 4 24
50 5 13
50 6 25
50 7 13
51 1 22
51 2 19
51 3 24
51 4 21
51 5 11
51 6 22
51 7 11
52 1 22
52 2 19
52 3 24
52 4 21
52 5 11
52 6 22
52 7 11
53 1 23
53 2 20
53 3 25
53 4 22
53 5 12
53 6 23
53 7 12
54 1 22
54 2 19
54 3 24
54 4 21
54 5 11
54 6 22
54 7 11
55 1 22
55 2 19
55 3 24
55 4 21
55 5 11
55 6 22
55 7 11
56 1 25
56 2 22
56 3 27
56 4 24
56 5 13
56 6 25
56 7 13
57 1 23
57 2 20
57 3 25
57 4 22
57 5 12
57 6 23
57 7 12
58 1 21
58 2 18
58 3 23
58 4 20
58 5 11
58 6 21
58 7 11
59 1 22
59 2 19
59 3 24
59 4 21
59 5 11
59 6 22
59 7 11
60 1 22
60 2 19
60 3 24
60 4 21
60 5 11
60 6 22
60 7 11
61 1 22
61 2 19
61 3 24
61 4 21
61 5 11
61 6 22
61 7 11
62 1 22
62 2 19
62 3 24
62 4 21
62 5 11
62 6 22
62 7 11
63 1 21
63 2 18
63 3 23
63 4 20
63 5 11
63 6 21
63 7 11
64 1 27
64 2 23
64 3 29
64 4 25
64 5 14
64 6 27
64 7 14
65 1 23
65 2 20
65 3 25
65 4 22
65 5 12
65 6 23
65 7 12
66 1 2
66 2 2
66 3 3
66 4 3
66 5 1
66 6 2
66 7 1
67 1 26
67 2 23
67 3 28
67 4 25
67 5 13
67 6 26
67 7 13
68 1 25
68 2 22
68 3 27
68 4 24
68 5 13
68 6 25
68 7 13
69 1 24
69 2 21
69 3 26
69 4 23
69 5 12
69 6 24
69 7 12
70 1 22
70 2 19
70 3 24
70 4 21
70 5 11
70 6 22
70 7 11
71 1 24
71 2 21
71 3 26
71 4 23
71 5 12
71 6 24
71 7 12
72 1 4
72 2 4
72 3 5
72 4 5
72 5 2
72 6 4
72 7 2
73 1 22
73 2 19
73 3 24
73 4 21
73 5 11
73 6 22
73 7 11
74 1 10
74 2 9
74 3 11
74 4 10
74 5 5
74 6 10
74 7 5
75 1 25
75 2 22
75 3 27
75 4 24
75 5 13
75 6 25
75 7 13

# Energy Consumption m=1,2,3,4,5,6,7
1 1 0
1 2 8
1 3 0
1 4 8
1 5 8
1 6 0
1 7 3
2 1 0
2 2 10
2 3 0
2 4 7
2 5 5
2 6 0
2 7 3
3 1 0
3 2 9
3 3 0
3 4 7
3 5 8
3 6 0
3 7 5
4 1 0
4 2 11
4 3 0
4 4 7
4 5 6
4 6 0
4 7 3
5 1 0
5 2 9
5 3 0
5 4 6
5 5 6
5 6 0
5 7 6
6 1 0
6 2 11
6 3 0
6 4 8
6 5 7
6 6 0
6 7 4
7 1 0
7 2 12
7 3 0
7 4 5
7 5 8
7 6 0
7 7 6
8 1 0
8 2 9
8 3 0
8 4 8
8 5 7
8 6 0
8 7 4
9 1 0
9 2 11
9 3 0
9 4 7
9 5 6
9 6 0
9 7 6
10 1 0
10 2 11
10 3 0
10 4 8
10 5 7
10 6 0
10 7 4
11 1 0
11 2 10
11 3 0
11 4 8
11 5 7
11 6 0
11 7 6
12 1 0
12 2 9
12 3 0
12 4 7
12 5 5
12 6 0
12 7 6
13 1 0
13 2 11
13 3 0
13 4 8
13 5 6
13 6 0
13 7 5
14 1 0
14 2 12
14 3 0
14 4 8
14 5 5
14 6 0
14 7 5
15 1 0
15 2 11
15 3 0
15 4 8
15 5 8
15 6 0
15 7 5
16 1 0
16 2 10
16 3 0
16 4 6
16 5 7
16 6 0
16 7 5
17 1 0
17 2 11
17 3 0
17 4 6
17 5 6
17 6 0
17 7 5
18 1 0
18 2 12
18 3 0
18 4 5
18 5 8
18 6 0
18 7 5
19 1 0
19 2 12
19 3 0
19 4 5
19 5 6
19 6 0
19 7 4
20 1 0
20 2 12
20 3 0
20 4 6
20 5 7
20 6 0
20 7 5
21 1 0
21 2 11
21 3 0
21 4 6
21 5 5
21 6 0
21 7 3
22 1 0
22 2 12
22 3 0
22 4 8
22 5 5
22 6 0
22 7 5
23 1 0
23 2 8
23 3 0
23 4 6
23 5 5
23 6 0
23 7 3
24 1 0
24 2 11
24 3 0
24 4 7
24 5 5
24 6 0
24 7 3
25 1 0
25 2 8
25 3 0
25 4 6
25 5 5
25 6 0
25 7 4
26 1 0
26 2 10
26 3 0
26 4 5
26 5 7
26 6 0
26 7 6
27 1 0
27 2 8
27 3 0
27 4 8
27 5 8
27 6 0
27 7 6
28 1 0
28 2 9
28 3 0
28 4 7
28 5 8
28 6 0
28 7 4
29 1 0
29 2 8
29 3 0
29 4 8
29 5 7
29 6 0
29 7 6
30 1 0
30 2 12
30 3 0
30 4 8
30 5 6
30 6 0
30 7 5
31 1 0
31 2 12
31 3 0
31 4 7
31 5 7
31 6 0
31 7 3
32 1 0
32 2 12
32 3 0
32 4 6
32 5 8
32 6 0
32 7 3
33 1 0
33 2 11
33 3 0
33 4 6
33 5 5
33 6 0
33 7 5
34 1 0
34 2 10
34 3 0
34 4 6
34 5 5
34 6 0
34 7 6
35 1 0
35 2 10
35 3 0
35 4 8
35 5 8
35 6 0
35 7 4
36 1 0
36 2 11
36 3 0
36 4 5
36 5 5
36 6 0
36 7 3
37 1 0
37 2 9
37 3 0
37 4 6
37 5 5
37 6 0
37 7 4
38 1 0
38 2 8
38 3 0
38 4 8
38 5 8
38 6 0
38 7 6
39 1 0
39 2 12
39 3 0
39 4 8
39 5 5
39 6 0
39 7 3
40 1 0
40 2 10
40 3 0
40 4 7
40 5 7
40 6 0
40 7 4
41 1 0
41 2 12
41 3 0
41 4 7
41 5 7
41 6 0
41 7 6
42 1 0
42 2 10
42 3 0
42 4 6
42 5 8
42 6 0
42 7 5
43 1 0
43 2 9
43 3 0
43 4 8
43 5 5
43 6 0
43 7 5
44 1 0
44 2 9
44 3 0
44 4 8
44 5 7
44 6 0
44 7 3
45 1 0
45 2 12
45 3 0
45 4 5
45 5 7
45 6 0
45 7 5
46 1 0
46 2 9
46 3 0
46 4 7
46 5 8
46 6 0
46 7 5
47 1 0
47 2 10
47 3 0
47 4 5
47 5 6
47 6 0
47 7 4
48 1 0
48 2 9
48 3 0
48 4 5
48 5 6
48 6 0
48 7 5
49 1 0
49 2 12
49 3 0
49 4 6
49 5 6
49 6 0
49 7 4
50 1 0
50 2 8
50 3 0
50 4 6
50 5 6
50 6 0
50 7 3
51 1 0
51 2 8
51 3 0
51 4 6
51 5 8
51 6 0
51 7 6
52 1 0
52 2 10
52 3 0
52 4 6
52 5 8
52 6 0
52 7 6
53 1 0
53 2 10
53 3 0
53 4 7
53 5 5
53 6 0
53 7 4
54 1 0
54 2 9
54 3 0
54 4 8
54 5 8
54 6 0
54 7 3
55 1 0
55 2 10
55 3 0
55 4 5
55 5 7
55 6 0
55 7 5
56 1 0
56 2 9
56 3 0
56 4 8
56 5 7
56 6 0
56 7 3
57 1 0
57 2 11
57 3 0
57 4 6
57 5 5
57 6 0
57 7 5
58 1 0
58 2 10
58 3 0
58 4 5
58 5 7
58 6 0
58 7 5
59 1 0
59 2 11
59 3 0
59 4 7
59 5 7
59 6 0
59 7 3
60 1 0
60 2 12
60 3 0
60 4 8
60 5 6
60 6 0
60 7 3
61 1 0
61 2 10
61 3 0
61 4 6
61 5 6
61 6 0
61 7 3
62 1 0
62 2 8
62 3 0
62 4 8
62 5 5
62 6 0
62 7 3
63 1 0
63 2 9
63 3 0
63 4 7
63 5 7
63 6 0
63 7 5
64 1 0
64 2 11
64 3 0
64 4 5
64 5 5
64 6 0
64 7 4
65 1 0
65 2 8
65 3 0
65 4 8
65 5 5
65 6 0
65 7 4
66 1 0
66 2 9
66 3 0
66 4 7
66 5 7
66 6 0
66 7 3
67 1 0
67 2 11
67 3 0
67 4 8
67 5 5
67 6 0
67 7 3
68 1 0
68 2 8
68 3 0
68 4 7
68 5 5
68 6 0
68 7 3
69 1 0
69 2 10
69 3 0
69 4 5
69 5 6
69 6 0
69 7 4
70 1 0
70 2 10
70 3 0
70 4 8
70 5 7
70 6 0
70 7 5
71 1 0
71 2 12
71 3 0
71 4 8
71 5 6
71 6 0
71 7 5
72 1 0
72 2 9
72 3 0
72 4 7
72 5 8
72 6 0
72 7 3
73 1 0
73 2 10
73 3 0
73 4 7
73 5 8
73 6 0
73 7 3
74 1 0
74 2 9
74 3 0
74 4 8
74 5 7
74 6 0
74 7 4
75 1 0
75 2 12
75 3 0
75 4 5
75 5 6
75 6 0
75 7 4

# Precedence Relations
1 2
1 3
1 4
1 5
1 6
1 7
2 15
3 13
3 24
4 8
4 14
4 16
5 12
5 15
6 9
6 10
6 11
6 13
9 20
9 24
10 18
12 19
13 22
15 17
15 20
15 23
16 21
16 26
17 30
18 26
18 30
20 27
21 33
24 25
25 28
25 30
25 33
25 34
26 31
26 32
26 41
27 29
27 35
27 36
31 37
31 39
32 44
32 45
33 41
35 38
35 42
36 40
36 43
39 51
40 46
42 47
43 48
43 50
46 51
46 48
47 49
47 50
47 52
47 53
49 59
49 61
49 62
50 54
50 55
50 60
50 62
52 56
52 57
53 58
55 63
58 65
59 64
59 66
62 67
66 68
68 69
68 70
68 71
68 72
68 73
68 74
68 75

# Parameters
R_e = 0.05
T = 39
C_s = 4
C_w = 36
C_c = 5
