# Tasks
1 2 3 4 5 6 7 8 9 10 11 12 13 14 15 16 17 18 19 20 21 22 23 24 25

# Workstations
1 2 3 4 5 6 7 8 9 10 11 12 13 14 15 16 17 18 19 20 21 22 23 24 25

# Modes
1 2 3 4 5 6 7

# Processing Times m=1,2,3,4,5,6,7
1 1 4
1 2 8
1 3 5
1 4 9
1 5 4
1 6 5
1 7 5
2 1 3
2 2 6
2 3 4
2 4 7
2 5 3
2 6 4
2 7 4
3 1 9
3 2 18
3 3 10
3 4 19
3 5 8
3 6 11
3 7 10
4 1 5
4 2 10
4 3 6
4 4 11
4 5 4
4 6 6
4 7 5
5 1 9
5 2 18
5 3 10
5 4 19
5 5 8
5 6 11
5 7 10
6 1 4
6 2 8
6 3 5
6 4 9
6 5 4
6 6 5
6 7 5
7 1 8
7 2 16
7 3 9
7 4 17
7 5 7
7 6 10
7 7 9
8 1 7
8 2 14
8 3 8
8 4 15
8 5 6
8 6 9
8 7 8
9 1 5
9 2 10
9 3 6
9 4 11
9 5 4
9 6 6
9 7 5
10 1 1
10 2 2
10 3 2
10 4 3
10 5 1
10 6 2
10 7 2
11 1 3
11 2 6
11 3 4
11 4 7
11 5 3
11 6 4
11 7 4
12 1 1
12 2 2
12 3 2
12 4 3
12 5 1
12 6 2
12 7 2
13 1 5
13 2 10
13 3 6
13 4 11
13 5 4
13 6 6
13 7 5
14 1 3
14 2 6
14 3 4
14 4 7
14 5 3
14 6 4
14 7 4
15 1 5
15 2 10
15 3 6
15 4 11
15 5 4
15 6 6
15 7 5
16 1 3
16 2 6
16 3 4
16 4 7
16 5 3
16 6 4
16 7 4
17 1 13
17 2 26
17 3 14
17 4 27
17 5 11
17 6 15
17 7 13
18 1 5
18 2 10
18 3 6
18 4 11
18 5 4
18 6 6
18 7 5
19 1 2
19 2 4
19 3 3
19 4 5
19 5 2
19 6 3
19 7 3
20 1 3
20 2 6
20 3 4
20 4 7
20 5 3
20 6 4
20 7 4
21 1 7
21 2 14
21 3 8
21 4 15
21 5 6
21 6 9
21 7 8
22 1 5
22 2 10
22 3 6
22 4 11
22 5 4
22 6 6
22 7 5
23 1 3
23 2 6
23 3 4
23 4 7
23 5 3
23 6 4
23 7 4
24 1 8
24 2 16
24 3 9
24 4 17
24 5 7
24 6 10
24 7 9
25 1 4
25 2 8
25 3 5
25 4 9
25 5 4
25 6 5
25 7 5

# Energy Consumption m=1,2,3,4,5,6,7
1 1 0
1 2 8
1 3 0
1 4 7
1 5 6
1 6 0
1 7 3
2 1 0
2 2 10
2 3 0
2 4 8
2 5 7
2 6 0
2 7 5
3 1 0
3 2 9
3 3 0
3 4 7
3 5 5
3 6 0
3 7 3
4 1 0
4 2 12
4 3 0
4 4 8
4 5 6
4 6 0
4 7 5
5 1 0
5 2 11
5 3 0
5 4 6
5 5 7
5 6 0
5 7 4
6 1 0
6 2 12
6 3 0
6 4 5
6 5 6
6 6 0
6 7 6
7 1 0
7 2 8
7 3 0
7 4 8
7 5 8
7 6 0
7 7 3
8 1 0
8 2 12
8 3 0
8 4 8
8 5 5
8 6 0
8 7 6
9 1 0
9 2 11
9 3 0
9 4 5
9 5 5
9 6 0
9 7 5
10 1 0
10 2 11
10 3 0
10 4 6
10 5 5
10 6 0
10 7 5
11 1 0
11 2 8
11 3 0
11 4 6
11 5 6
11 6 0
11 7 5
12 1 0
12 2 10
12 3 0
12 4 6
12 5 5
12 6 0
12 7 6
13 1 0
13 2 10
13 3 0
13 4 6
13 5 6
13 6 0
13 7 3
14 1 0
14 2 8
14 3 0
14 4 7
14 5 6
14 6 0
14 7 4
15 1 0
15 2 12
15 3 0
15 4 8
15 5 5
15 6 0
15 7 3
16 1 0
16 2 11
16 3 0
16 4 7
16 5 5
16 6 0
16 7 6
17 1 0
17 2 12
17 3 0
17 4 6
17 5 5
17 6 0
17 7 6
18 1 0
18 2 10
18 3 0
18 4 8
18 5 6
18 6 0
18 7 3
19 1 0
19 2 9
19 3 0
19 4 5
19 5 6
19 6 0
19 7 4
20 1 0
20 2 10
20 3 0
20 4 5
20 5 5
20 6 0
20 7 6
21 1 0
21 2 12
21 3 0
21 4 7
21 5 6
21 6 0
21 7 6
22 1 0
22 2 10
22 3 0
22 4 7
22 5 6
22 6 0
22 7 6
23 1 0
23 2 11
23 3 0
23 4 5
23 5 5
23 6 0
23 7 6
24 1 0
24 2 8
24 3 0
24 4 5
24 5 8
24 6 0
24 7 5
25 1 0
25 2 8
25 3 0
25 4 5
25 5 5
25 6 0
25 7 6

# Precedence Relations
1 3
2 3
3 4
4 5
4 8
5 6
6 7
6 10
7 11
7 12
8 9
8 11
9 13
9 10
11 13
12 15
13 14
14 16
14 19
14 20
15 17
15 22
16 18
17 18
17 23
18 25
19 22
20 21
20 25
21 22
21 24
23 25

# Parameters
R_e = 0.05
T = 19
C_s = 4
C_w = 36
C_c = 5
