# Tasks
1 2 3 4 5 6 7 8 9 10 11 12 13 14 15 16 17 18 19 20 21 22 23 24 25 26 27 28 29 30 31 32 33 34 35 36 37 38 39 40 41 42 43 44 45

# Workstations
1 2 3 4 5 6 7 8 9 10 11 12 13 14 15 16 17 18 19 20 21 22 23 24 25 26 27 28 29 30 31 32 33 34 35 36 37 38 39 40 41 42 43 44 45

# Modes
1 2 3 4 5 6 7

# Processing Times m=1,2,3,4,5,6,7
1 1 9
1 2 8
1 3 10
1 4 9
1 5 5
1 6 9
1 7 5
2 1 9
2 2 8
2 3 10
2 4 9
2 5 5
2 6 9
2 7 5
3 1 10
3 2 9
3 3 11
3 4 10
3 5 5
3 6 10
3 7 5
4 1 10
4 2 9
4 3 11
4 4 10
4 5 5
4 6 10
4 7 5
5 1 17
5 2 15
5 3 18
5 4 16
5 5 9
5 6 17
5 7 9
6 1 17
6 2 15
6 3 18
6 4 16
6 5 9
6 6 17
6 7 9
7 1 13
7 2 12
7 3 14
7 4 13
7 5 7
7 6 13
7 7 7
8 1 13
8 2 12
8 3 14
8 4 13
8 5 7
8 6 13
8 7 7
9 1 20
9 2 17
9 3 21
9 4 18
9 5 10
9 6 20
9 7 10
10 1 20
10 2 17
10 3 21
10 4 18
10 5 10
10 6 20
10 7 10
11 1 10
11 2 9
11 3 11
11 4 10
11 5 5
11 6 10
11 7 5
12 1 11
12 2 10
12 3 12
12 4 11
12 5 6
12 6 11
12 7 6
13 1 6
13 2 6
13 3 7
13 4 7
13 5 3
13 6 6
13 7 3
14 1 22
14 2 19
14 3 24
14 4 21
14 5 11
14 6 22
14 7 11
15 1 11
15 2 10
15 3 12
15 4 11
15 5 6
15 6 11
15 7 6
16 1 19
16 2 17
16 3 20
16 4 18
16 5 10
16 6 19
16 7 10
17 1 12
17 2 11
17 3 13
17 4 12
17 5 6
17 6 12
17 7 6
18 1 3
18 2 3
18 3 4
18 4 4
18 5 2
18 6 3
18 7 2
19 1 7
19 2 6
19 3 8
19 4 7
19 5 4
19 6 7
19 7 4
20 1 4
20 2 4
20 3 5
20 4 5
20 5 2
20 6 4
20 7 2
21 1 55
21 2 47
21 3 58
21 4 50
21 5 28
21 6 55
21 7 28
22 1 14
22 2 12
22 3 15
22 4 13
22 5 7
22 6 14
22 7 7
23 1 27
23 2 23
23 3 29
23 4 25
23 5 14
23 6 27
23 7 14
24 1 29
24 2 25
24 3 31
24 4 27
24 5 15
24 6 29
24 7 15
25 1 26
25 2 23
25 3 28
25 4 25
25 5 13
25 6 26
25 7 13
26 1 6
26 2 6
26 3 7
26 4 7
26 5 3
26 6 6
26 7 3
27 1 5
27 2 5
27 3 6
27 4 6
27 5 3
27 6 5
27 7 3
28 1 24
28 2 21
28 3 26
28 4 23
28 5 12
28 6 24
28 7 12
29 1 4
29 2 4
29 3 5
29 4 5
29 5 2
29 6 4
29 7 2
30 1 5
30 2 5
30 3 6
30 4 6
30 5 3
30 6 5
30 7 3
31 1 7
31 2 6
31 3 8
31 4 7
31 5 4
31 6 7
31 7 4
32 1 4
32 2 4
32 3 5
32 4 5
32 5 2
32 6 4
32 7 2
33 1 15
33 2 13
33 3 16
33 4 14
33 5 8
33 6 15
33 7 8
34 1 3
34 2 3
34 3 4
34 4 4
34 5 2
34 6 3
34 7 2
35 1 7
35 2 6
35 3 8
35 4 7
35 5 4
35 6 7
35 7 4
36 1 9
36 2 8
36 3 10
36 4 9
36 5 5
36 6 9
36 7 5
37 1 4
37 2 4
37 3 5
37 4 5
37 5 2
37 6 4
37 7 2
38 1 7
38 2 6
38 3 8
38 4 7
38 5 4
38 6 7
38 7 4
39 1 5
39 2 5
39 3 6
39 4 6
39 5 3
39 6 5
39 7 3
40 1 4
40 2 4
40 3 5
40 4 5
40 5 2
40 6 4
40 7 2
41 1 21
41 2 18
41 3 23
41 4 20
41 5 11
41 6 21
41 7 11
42 1 12
42 2 11
42 3 13
42 4 12
42 5 6
42 6 12
42 7 6
43 1 6
43 2 6
43 3 7
43 4 7
43 5 3
43 6 6
43 7 3
44 1 5
44 2 5
44 3 6
44 4 6
44 5 3
44 6 5
44 7 3
45 1 5
45 2 5
45 3 6
45 4 6
45 5 3
45 6 5
45 7 3

# Energy Consumption m=1,2,3,4,5,6,7
1 1 0
1 2 12
1 3 0
1 4 5
1 5 6
1 6 0
1 7 3
2 1 0
2 2 8
2 3 0
2 4 8
2 5 7
2 6 0
2 7 5
3 1 0
3 2 8
3 3 0
3 4 5
3 5 6
3 6 0
3 7 3
4 1 0
4 2 12
4 3 0
4 4 6
4 5 6
4 6 0
4 7 4
5 1 0
5 2 8
5 3 0
5 4 8
5 5 8
5 6 0
5 7 4
6 1 0
6 2 12
6 3 0
6 4 7
6 5 6
6 6 0
6 7 5
7 1 0
7 2 12
7 3 0
7 4 7
7 5 8
7 6 0
7 7 5
8 1 0
8 2 12
8 3 0
8 4 8
8 5 7
8 6 0
8 7 6
9 1 0
9 2 11
9 3 0
9 4 5
9 5 7
9 6 0
9 7 4
10 1 0
10 2 8
10 3 0
10 4 6
10 5 6
10 6 0
10 7 3
11 1 0
11 2 12
11 3 0
11 4 5
11 5 5
11 6 0
11 7 5
12 1 0
12 2 9
12 3 0
12 4 7
12 5 6
12 6 0
12 7 5
13 1 0
13 2 8
13 3 0
13 4 6
13 5 5
13 6 0
13 7 6
14 1 0
14 2 11
14 3 0
14 4 7
14 5 5
14 6 0
14 7 3
15 1 0
15 2 10
15 3 0
15 4 8
15 5 8
15 6 0
15 7 4
16 1 0
16 2 11
16 3 0
16 4 7
16 5 5
16 6 0
16 7 4
17 1 0
17 2 12
17 3 0
17 4 6
17 5 5
17 6 0
17 7 6
18 1 0
18 2 9
18 3 0
18 4 7
18 5 8
18 6 0
18 7 4
19 1 0
19 2 8
19 3 0
19 4 5
19 5 8
19 6 0
19 7 3
20 1 0
20 2 12
20 3 0
20 4 6
20 5 6
20 6 0
20 7 4
21 1 0
21 2 11
21 3 0
21 4 6
21 5 6
21 6 0
21 7 5
22 1 0
22 2 10
22 3 0
22 4 5
22 5 8
22 6 0
22 7 5
23 1 0
23 2 9
23 3 0
23 4 7
23 5 5
23 6 0
23 7 4
24 1 0
24 2 12
24 3 0
24 4 6
24 5 8
24 6 0
24 7 4
25 1 0
25 2 10
25 3 0
25 4 5
25 5 5
25 6 0
25 7 4
26 1 0
26 2 10
26 3 0
26 4 7
26 5 5
26 6 0
26 7 6
27 1 0
27 2 8
27 3 0
27 4 6
27 5 6
27 6 0
27 7 5
28 1 0
28 2 12
28 3 0
28 4 5
28 5 8
28 6 0
28 7 5
29 1 0
29 2 8
29 3 0
29 4 6
29 5 7
29 6 0
29 7 6
30 1 0
30 2 8
30 3 0
30 4 7
30 5 7
30 6 0
30 7 3
31 1 0
31 2 11
31 3 0
31 4 8
31 5 5
31 6 0
31 7 6
32 1 0
32 2 9
32 3 0
32 4 8
32 5 5
32 6 0
32 7 4
33 1 0
33 2 10
33 3 0
33 4 8
33 5 6
33 6 0
33 7 5
34 1 0
34 2 10
34 3 0
34 4 6
34 5 7
34 6 0
34 7 5
35 1 0
35 2 8
35 3 0
35 4 6
35 5 6
35 6 0
35 7 6
36 1 0
36 2 8
36 3 0
36 4 6
36 5 8
36 6 0
36 7 4
37 1 0
37 2 10
37 3 0
37 4 8
37 5 6
37 6 0
37 7 4
38 1 0
38 2 9
38 3 0
38 4 6
38 5 8
38 6 0
38 7 4
39 1 0
39 2 8
39 3 0
39 4 6
39 5 7
39 6 0
39 7 3
40 1 0
40 2 11
40 3 0
40 4 7
40 5 8
40 6 0
40 7 4
41 1 0
41 2 8
41 3 0
41 4 6
41 5 5
41 6 0
41 7 4
42 1 0
42 2 9
42 3 0
42 4 7
42 5 5
42 6 0
42 7 4
43 1 0
43 2 10
43 3 0
43 4 8
43 5 8
43 6 0
43 7 4
44 1 0
44 2 9
44 3 0
44 4 5
44 5 8
44 6 0
44 7 5
45 1 0
45 2 9
45 3 0
45 4 6
45 5 5
45 6 0
45 7 6

# Precedence Relations
1 3
1 7
2 4
2 8
3 5
4 6
5 9
6 10
7 9
7 14
8 10
8 14
9 41
10 41
11 13
12 13
12 37
13 14
13 15
14 17
14 25
14 29
14 30
14 31
14 32
15 16
15 18
15 23
15 24
16 19
17 26
17 27
18 19
19 20
19 33
20 21
21 22
22 28
23 33
24 33
25 26
26 38
27 28
27 33
28 38
29 41
30 41
31 41
32 41
33 34
33 35
33 36
34 38
35 40
36 38
37 43
38 40
39 41
40 41
41 42
42 44
42 45

# Parameters
R_e = 0.05
T = 600
C_s = 4
C_w = 36
C_c = 5
