# Tasks
1 2 3 4 5 6 7 8 9 10 11 12 13 14 15 16 17 18 19 20 21 22 23 24 25 26 27 28 29 30 31 32 33 34 35 36 37 38 39 40 41 42 43 44 45 46 47 48 49 50 51 52 53

# Workstations
1 2 3 4 5 6 7 8 9 10 11 12 13 14 15 16 17 18 19 20 21 22 23 24 25 26 27 28 29 30 31 32 33 34 35 36 37 38 39 40 41 42 43 44 45 46 47 48 49 50 51 52 53

# Modes
1 2 3 4 5 6 7

# Processing Times m=1,2,3,4,5,6,7
1 1 971
1 2 826
1 3 1020
1 4 875
1 5 486
1 6 971
1 7 486
2 1 142
2 2 121
2 3 150
2 4 129
2 5 71
2 6 142
2 7 71
3 1 142
3 2 121
3 3 150
3 4 129
3 5 71
3 6 142
3 7 71
4 1 142
4 2 121
4 3 150
4 4 129
4 5 71
4 6 142
4 7 71
5 1 103
5 2 88
5 3 109
5 4 94
5 5 52
5 6 103
5 7 52
6 1 96
6 2 82
6 3 101
6 4 87
6 5 48
6 6 96
6 7 48
7 1 99
7 2 85
7 3 104
7 4 90
7 5 50
7 6 99
7 7 50
8 1 1207
8 2 1026
8 3 1268
8 4 1087
8 5 604
8 6 1207
8 7 604
9 1 160
9 2 136
9 3 168
9 4 144
9 5 80
9 6 160
9 7 80
10 1 180
10 2 153
10 3 189
10 4 162
10 5 90
10 6 180
10 7 90
11 1 82
11 2 70
11 3 87
11 4 75
11 5 41
11 6 82
11 7 41
12 1 60
12 2 51
12 3 63
12 4 54
12 5 30
12 6 60
12 7 30
13 1 112
13 2 96
13 3 118
13 4 102
13 5 56
13 6 112
13 7 56
14 1 420
14 2 357
14 3 441
14 4 378
14 5 210
14 6 420
14 7 210
15 1 1556
15 2 1323
15 3 1634
15 4 1401
15 5 778
15 6 1556
15 7 778
16 1 236
16 2 201
16 3 248
16 4 213
16 5 118
16 6 236
16 7 118
17 1 259
17 2 221
17 3 272
17 4 234
17 5 130
17 6 259
17 7 130
18 1 125
18 2 107
18 3 132
18 4 114
18 5 63
18 6 125
18 7 63
19 1 601
19 2 511
19 3 632
19 4 542
19 5 301
19 6 601
19 7 301
20 1 80
20 2 68
20 3 84
20 4 72
20 5 40
20 6 80
20 7 40
21 1 80
21 2 68
21 3 84
21 4 72
21 5 40
21 6 80
21 7 40
22 1 70
22 2 60
22 3 74
22 4 64
22 5 35
22 6 70
22 7 35
23 1 89
23 2 76
23 3 94
23 4 81
23 5 45
23 6 89
23 7 45
24 1 89
24 2 76
24 3 94
24 4 81
24 5 45
24 6 89
24 7 45
25 1 105
25 2 90
25 3 111
25 4 96
25 5 53
25 6 105
25 7 53
26 1 330
26 2 281
26 3 347
26 4 298
26 5 165
26 6 330
26 7 165
27 1 132
27 2 113
27 3 139
27 4 120
27 5 66
27 6 132
27 7 66
28 1 69
28 2 59
28 3 73
28 4 63
28 5 35
28 6 69
28 7 35
29 1 99
29 2 85
29 3 104
29 4 90
29 5 50
29 6 99
29 7 50
30 1 70
30 2 60
30 3 74
30 4 64
30 5 35
30 6 70
30 7 35
31 1 70
31 2 60
31 3 74
31 4 64
31 5 35
31 6 70
31 7 35
32 1 158
32 2 135
32 3 166
32 4 143
32 5 79
32 6 158
32 7 79
33 1 191
33 2 163
33 3 201
33 4 173
33 5 96
33 6 191
33 7 96
34 1 70
34 2 60
34 3 74
34 4 64
34 5 35
34 6 70
34 7 35
35 1 53
35 2 46
35 3 56
35 4 49
35 5 27
35 6 53
35 7 27
36 1 50
36 2 43
36 3 53
36 4 46
36 5 25
36 6 50
36 7 25
37 1 125
37 2 107
37 3 132
37 4 114
37 5 63
37 6 125
37 7 63
38 1 353
38 2 301
38 3 371
38 4 319
38 5 177
38 6 353
38 7 177
39 1 70
39 2 60
39 3 74
39 4 64
39 5 35
39 6 70
39 7 35
40 1 128
40 2 109
40 3 135
40 4 116
40 5 64
40 6 128
40 7 64
41 1 65
41 2 56
41 3 69
41 4 60
41 5 33
41 6 65
41 7 33
42 1 1775
42 2 1509
42 3 1864
42 4 1598
42 5 888
42 6 1775
42 7 888
43 1 91
43 2 78
43 3 96
43 4 83
43 5 46
43 6 91
43 7 46
44 1 91
44 2 78
44 3 96
44 4 83
44 5 46
44 6 91
44 7 46
45 1 113
45 2 97
45 3 119
45 4 103
45 5 57
45 6 113
45 7 57
46 1 487
46 2 414
46 3 512
46 4 439
46 5 244
46 6 487
46 7 244
47 1 138
47 2 118
47 3 145
47 4 125
47 5 69
47 6 138
47 7 69
48 1 80
48 2 68
48 3 84
48 4 72
48 5 40
48 6 80
48 7 40
49 1 80
49 2 68
49 3 84
49 4 72
49 5 40
49 6 80
49 7 40
50 1 65
50 2 56
50 3 69
50 4 60
50 5 33
50 6 65
50 7 33
51 1 40
51 2 34
51 3 42
51 4 36
51 5 20
51 6 40
51 7 20
52 1 742
52 2 631
52 3 780
52 4 669
52 5 371
52 6 742
52 7 371
53 1 1085
53 2 923
53 3 1140
53 4 978
53 5 543
53 6 1085
53 7 543

# Energy Consumption m=1,2,3,4,5,6,7
1 1 0
1 2 11
1 3 0
1 4 6
1 5 5
1 6 0
1 7 4
2 1 0
2 2 10
2 3 0
2 4 5
2 5 5
2 6 0
2 7 6
3 1 0
3 2 8
3 3 0
3 4 8
3 5 6
3 6 0
3 7 6
4 1 0
4 2 12
4 3 0
4 4 6
4 5 8
4 6 0
4 7 6
5 1 0
5 2 12
5 3 0
5 4 6
5 5 6
5 6 0
5 7 6
6 1 0
6 2 9
6 3 0
6 4 8
6 5 7
6 6 0
6 7 4
7 1 0
7 2 9
7 3 0
7 4 7
7 5 7
7 6 0
7 7 3
8 1 0
8 2 12
8 3 0
8 4 8
8 5 8
8 6 0
8 7 3
9 1 0
9 2 10
9 3 0
9 4 7
9 5 7
9 6 0
9 7 6
10 1 0
10 2 10
10 3 0
10 4 7
10 5 8
10 6 0
10 7 6
11 1 0
11 2 10
11 3 0
11 4 8
11 5 5
11 6 0
11 7 6
12 1 0
12 2 9
12 3 0
12 4 7
12 5 6
12 6 0
12 7 4
13 1 0
13 2 10
13 3 0
13 4 6
13 5 8
13 6 0
13 7 3
14 1 0
14 2 11
14 3 0
14 4 6
14 5 6
14 6 0
14 7 3
15 1 0
15 2 8
15 3 0
15 4 6
15 5 6
15 6 0
15 7 4
16 1 0
16 2 9
16 3 0
16 4 6
16 5 8
16 6 0
16 7 5
17 1 0
17 2 9
17 3 0
17 4 8
17 5 8
17 6 0
17 7 4
18 1 0
18 2 12
18 3 0
18 4 6
18 5 7
18 6 0
18 7 5
19 1 0
19 2 12
19 3 0
19 4 6
19 5 8
19 6 0
19 7 4
20 1 0
20 2 8
20 3 0
20 4 8
20 5 6
20 6 0
20 7 4
21 1 0
21 2 12
21 3 0
21 4 5
21 5 5
21 6 0
21 7 4
22 1 0
22 2 11
22 3 0
22 4 7
22 5 5
22 6 0
22 7 4
23 1 0
23 2 11
23 3 0
23 4 5
23 5 8
23 6 0
23 7 5
24 1 0
24 2 9
24 3 0
24 4 7
24 5 8
24 6 0
24 7 4
25 1 0
25 2 8
25 3 0
25 4 5
25 5 8
25 6 0
25 7 5
26 1 0
26 2 10
26 3 0
26 4 6
26 5 8
26 6 0
26 7 5
27 1 0
27 2 12
27 3 0
27 4 7
27 5 8
27 6 0
27 7 6
28 1 0
28 2 9
28 3 0
28 4 8
28 5 7
28 6 0
28 7 5
29 1 0
29 2 9
29 3 0
29 4 6
29 5 8
29 6 0
29 7 3
30 1 0
30 2 12
30 3 0
30 4 7
30 5 5
30 6 0
30 7 6
31 1 0
31 2 8
31 3 0
31 4 8
31 5 8
31 6 0
31 7 3
32 1 0
32 2 9
32 3 0
32 4 5
32 5 5
32 6 0
32 7 6
33 1 0
33 2 12
33 3 0
33 4 6
33 5 8
33 6 0
33 7 3
34 1 0
34 2 12
34 3 0
34 4 6
34 5 5
34 6 0
34 7 4
35 1 0
35 2 10
35 3 0
35 4 5
35 5 6
35 6 0
35 7 5
36 1 0
36 2 10
36 3 0
36 4 8
36 5 6
36 6 0
36 7 3
37 1 0
37 2 12
37 3 0
37 4 7
37 5 7
37 6 0
37 7 4
38 1 0
38 2 11
38 3 0
38 4 5
38 5 7
38 6 0
38 7 6
39 1 0
39 2 12
39 3 0
39 4 7
39 5 7
39 6 0
39 7 5
40 1 0
40 2 11
40 3 0
40 4 8
40 5 6
40 6 0
40 7 6
41 1 0
41 2 12
41 3 0
41 4 8
41 5 5
41 6 0
41 7 3
42 1 0
42 2 9
42 3 0
42 4 7
42 5 8
42 6 0
42 7 3
43 1 0
43 2 9
43 3 0
43 4 5
43 5 8
43 6 0
43 7 3
44 1 0
44 2 11
44 3 0
44 4 7
44 5 6
44 6 0
44 7 4
45 1 0
45 2 11
45 3 0
45 4 6
45 5 6
45 6 0
45 7 4
46 1 0
46 2 9
46 3 0
46 4 7
46 5 6
46 6 0
46 7 3
47 1 0
47 2 11
47 3 0
47 4 5
47 5 8
47 6 0
47 7 5
48 1 0
48 2 12
48 3 0
48 4 8
48 5 6
48 6 0
48 7 6
49 1 0
49 2 12
49 3 0
49 4 5
49 5 8
49 6 0
49 7 3
50 1 0
50 2 11
50 3 0
50 4 8
50 5 5
50 6 0
50 7 5
51 1 0
51 2 8
51 3 0
51 4 8
51 5 5
51 6 0
51 7 5
52 1 0
52 2 9
52 3 0
52 4 6
52 5 7
52 6 0
52 7 5
53 1 0
53 2 9
53 3 0
53 4 8
53 5 6
53 6 0
53 7 5

# Precedence Relations
1 2
1 3
1 4
1 5
1 6
1 7
2 36
3 36
4 9
5 9
6 9
7 9
8 9
9 10
10 11
11 12
12 13
12 14
12 15
13 16
13 17
13 18
14 22
15 16
15 17
16 29
16 30
16 31
17 19
18 42
19 20
19 21
19 22
20 23
21 24
22 25
23 36
24 36
25 26
26 27
27 28
28 29
28 30
28 31
28 32
28 33
28 34
29 35
30 35
31 35
32 35
33 35
34 35
35 36
36 37
37 38
37 39
37 40
38 41
39 41
40 41
41 42
42 43
42 44
42 45
42 46
42 47
43 48
44 49
45 51
45 52
46 50
47 51
47 52
48 51
48 52
49 51
49 52
50 51
50 52
51 53
52 53

# Parameters
R_e = 0.05
T = 10000
C_s = 4
C_w = 36
C_c = 5
