# Tasks
1 2 3 4 5 6 7 8 9 10 11 12 13 14 15 16 17 18 19 20 21 22 23 24 25 26 27 28 29 30

# Workstations
1 2 3 4 5 6 7 8 9 10 11 12 13 14 15 16 17 18 19 20 21 22 23 24 25 26 27 28 29 30

# Modes
1 2 3 4 5 6 7

# Processing Times m=1,2,3,4,5,6,7
1 1 8
1 2 7
1 3 9
1 4 8
1 5 4
1 6 8
1 7 4
2 1 7
2 2 6
2 3 8
2 4 7
2 5 4
2 6 7
2 7 4
3 1 19
3 2 17
3 3 20
3 4 18
3 5 10
3 6 19
3 7 10
4 1 10
4 2 9
4 3 11
4 4 10
4 5 5
4 6 10
4 7 5
5 1 2
5 2 2
5 3 3
5 4 3
5 5 1
5 6 2
5 7 1
6 1 6
6 2 6
6 3 7
6 4 7
6 5 3
6 6 6
6 7 3
7 1 14
7 2 12
7 3 15
7 4 13
7 5 7
7 6 14
7 7 7
8 1 10
8 2 9
8 3 11
8 4 10
8 5 5
8 6 10
8 7 5
9 1 1
9 2 1
9 3 2
9 4 2
9 5 1
9 6 1
9 7 1
10 1 4
10 2 4
10 3 5
10 4 5
10 5 2
10 6 4
10 7 2
11 1 14
11 2 12
11 3 15
11 4 13
11 5 7
11 6 14
11 7 7
12 1 15
12 2 13
12 3 16
12 4 14
12 5 8
12 6 15
12 7 8
13 1 5
13 2 5
13 3 6
13 4 6
13 5 3
13 6 5
13 7 3
14 1 12
14 2 11
14 3 13
14 4 12
14 5 6
14 6 12
14 7 6
15 1 9
15 2 8
15 3 10
15 4 9
15 5 5
15 6 9
15 7 5
16 1 10
16 2 9
16 3 11
16 4 10
16 5 5
16 6 10
16 7 5
17 1 2
17 2 2
17 3 3
17 4 3
17 5 1
17 6 2
17 7 1
18 1 10
18 2 9
18 3 11
18 4 10
18 5 5
18 6 10
18 7 5
19 1 18
19 2 16
19 3 19
19 4 17
19 5 9
19 6 18
19 7 9
20 1 16
20 2 14
20 3 17
20 4 15
20 5 8
20 6 16
20 7 8
21 1 21
21 2 18
21 3 23
21 4 20
21 5 11
21 6 21
21 7 11
22 1 14
22 2 12
22 3 15
22 4 13
22 5 7
22 6 14
22 7 7
23 1 16
23 2 14
23 3 17
23 4 15
23 5 8
23 6 16
23 7 8
24 1 7
24 2 6
24 3 8
24 4 7
24 5 4
24 6 7
24 7 4
25 1 17
25 2 15
25 3 18
25 4 16
25 5 9
25 6 17
25 7 9
26 1 9
26 2 8
26 3 10
26 4 9
26 5 5
26 6 9
26 7 5
27 1 25
27 2 22
27 3 27
27 4 24
27 5 13
27 6 25
27 7 13
28 1 7
28 2 6
28 3 8
28 4 7
28 5 4
28 6 7
28 7 4
29 1 14
29 2 12
29 3 15
29 4 13
29 5 7
29 6 14
29 7 7
30 1 2
30 2 2
30 3 3
30 4 3
30 5 1
30 6 2
30 7 1

# Energy Consumption m=1,2,3,4,5,6,7
1 1 0
1 2 8
1 3 0
1 4 6
1 5 5
1 6 0
1 7 6
2 1 0
2 2 11
2 3 0
2 4 7
2 5 5
2 6 0
2 7 5
3 1 0
3 2 8
3 3 0
3 4 5
3 5 5
3 6 0
3 7 4
4 1 0
4 2 10
4 3 0
4 4 8
4 5 8
4 6 0
4 7 4
5 1 0
5 2 8
5 3 0
5 4 6
5 5 7
5 6 0
5 7 5
6 1 0
6 2 12
6 3 0
6 4 6
6 5 8
6 6 0
6 7 5
7 1 0
7 2 10
7 3 0
7 4 6
7 5 5
7 6 0
7 7 3
8 1 0
8 2 10
8 3 0
8 4 6
8 5 6
8 6 0
8 7 5
9 1 0
9 2 11
9 3 0
9 4 7
9 5 7
9 6 0
9 7 6
10 1 0
10 2 9
10 3 0
10 4 8
10 5 5
10 6 0
10 7 4
11 1 0
11 2 9
11 3 0
11 4 8
11 5 6
11 6 0
11 7 6
12 1 0
12 2 11
12 3 0
12 4 8
12 5 6
12 6 0
12 7 5
13 1 0
13 2 8
13 3 0
13 4 5
13 5 5
13 6 0
13 7 5
14 1 0
14 2 9
14 3 0
14 4 5
14 5 5
14 6 0
14 7 4
15 1 0
15 2 9
15 3 0
15 4 7
15 5 6
15 6 0
15 7 4
16 1 0
16 2 9
16 3 0
16 4 6
16 5 7
16 6 0
16 7 3
17 1 0
17 2 11
17 3 0
17 4 7
17 5 6
17 6 0
17 7 6
18 1 0
18 2 10
18 3 0
18 4 6
18 5 8
18 6 0
18 7 3
19 1 0
19 2 9
19 3 0
19 4 6
19 5 8
19 6 0
19 7 5
20 1 0
20 2 9
20 3 0
20 4 6
20 5 7
20 6 0
20 7 5
21 1 0
21 2 8
21 3 0
21 4 6
21 5 8
21 6 0
21 7 3
22 1 0
22 2 12
22 3 0
22 4 6
22 5 8
22 6 0
22 7 6
23 1 0
23 2 9
23 3 0
23 4 7
23 5 8
23 6 0
23 7 6
24 1 0
24 2 12
24 3 0
24 4 5
24 5 6
24 6 0
24 7 4
25 1 0
25 2 9
25 3 0
25 4 6
25 5 7
25 6 0
25 7 6
26 1 0
26 2 10
26 3 0
26 4 5
26 5 6
26 6 0
26 7 5
27 1 0
27 2 12
27 3 0
27 4 6
27 5 5
27 6 0
27 7 5
28 1 0
28 2 11
28 3 0
28 4 8
28 5 8
28 6 0
28 7 6
29 1 0
29 2 10
29 3 0
29 4 5
29 5 6
29 6 0
29 7 4
30 1 0
30 2 8
30 3 0
30 4 5
30 5 7
30 6 0
30 7 5

# Precedence Relations
1 4
1 5
2 11
2 12
3 16
3 17
4 7
5 6
6 7
7 8
8 9
9 26
10 24
12 13
13 14
14 15
14 20
15 22
16 20
17 18
18 19
20 21
20 24
21 22
22 23
23 27
24 25
25 26
26 27
27 28
27 29
29 30

# Parameters
R_e = 0.05
T = 200
C_s = 4
C_w = 36
C_c = 5
