# Tasks
1 2 3 4 5 6 7 8 9 10 11 12 13 14 15 16 17 18 19 20

# Workstations
1 2 3 4 5 6 7 8 9 10 11 12 13 14 15 16 17 18 19 20

# Modes
1 2 3 4 5 6 7

# Processing Times
1 1 209
1 2 266
1 3 190
1 4 242
1 5 195
1 6 249
1 7 317
2 1 57
2 2 73
2 3 52
2 4 67
2 5 54
2 6 68
2 7 87
3 1 204
3 2 259
3 3 186
3 4 235
3 5 191
3 6 243
3 7 308
4 1 119
4 2 151
4 3 108
4 4 138
4 5 112
4 6 142
4 7 180
5 1 180
5 2 229
5 3 164
5 4 208
5 5 168
5 6 214
5 7 273
6 1 82
6 2 105
6 3 75
6 4 96
6 5 77
6 6 98
6 7 125
7 1 174
7 2 221
7 3 158
7 4 201
7 5 163
7 6 207
7 7 263
8 1 64
8 2 82
8 3 59
8 4 75
8 5 60
8 6 77
8 7 98
9 1 116
9 2 148
9 3 106
9 4 135
9 5 109
9 6 138
9 7 176
10 1 206
10 2 262
10 3 187
10 4 238
10 5 193
10 6 245
10 7 312
11 1 83
11 2 106
11 3 76
11 4 97
11 5 78
11 6 99
11 7 126
12 1 73
12 2 93
12 3 67
12 4 85
12 5 69
12 6 87
12 7 111
13 1 162
13 2 206
13 3 147
13 4 187
13 5 152
13 6 193
13 7 245
14 1 58
14 2 74
14 3 53
14 4 68
14 5 55
14 6 69
14 7 88
15 1 161
15 2 205
15 3 147
15 4 186
15 5 151
15 6 192
15 7 244
16 1 319
16 2 405
16 3 290
16 4 368
16 5 298
16 6 379
16 7 482
17 1 87
17 2 111
17 3 79
17 4 101
17 5 82
17 6 104
17 7 132
18 1 148
18 2 188
18 3 135
18 4 171
18 5 139
18 6 176
18 7 224
19 1 56
19 2 72
19 3 51
19 4 66
19 5 53
19 6 67
19 7 86
20 1 169
20 2 215
20 3 154
20 4 196
20 5 158
20 6 201
20 7 256

# Energy Consumption
1 1 0
1 2 63
1 3 0
1 4 53
1 5 30
1 6 0
1 7 44
2 1 0
2 2 18
2 3 0
2 4 14
2 5 8
2 6 0
2 7 13
3 1 0
3 2 74
3 3 0
3 4 43
3 5 27
3 6 0
3 7 42
4 1 0
4 2 43
4 3 0
4 4 29
4 5 18
4 6 0
4 7 25
5 1 0
5 2 58
5 3 0
5 4 40
5 5 25
5 6 0
5 7 41
6 1 0
6 2 26
6 3 0
6 4 20
6 5 13
6 6 0
6 7 19
7 1 0
7 2 56
7 3 0
7 4 41
7 5 26
7 6 0
7 7 39
8 1 0
8 2 20
8 3 0
8 4 16
8 5 9
8 6 0
8 7 15
9 1 0
9 2 41
9 3 0
9 4 30
9 5 16
9 6 0
9 7 26
10 1 0
10 2 68
10 3 0
10 4 52
10 5 29
10 6 0
10 7 47
11 1 0
11 2 31
11 3 0
11 4 20
11 5 13
11 6 0
11 7 16
12 1 0
12 2 24
12 3 0
12 4 19
12 5 11
12 6 0
12 7 17
13 1 0
13 2 56
13 3 0
13 4 41
13 5 22
13 6 0
13 7 33
14 1 0
14 2 17
14 3 0
14 4 15
14 5 8
14 6 0
14 7 12
15 1 0
15 2 49
15 3 0
15 4 39
15 5 23
15 6 0
15 7 36
16 1 0
16 2 90
16 3 0
16 4 81
16 5 47
16 6 0
16 7 60
17 1 0
17 2 32
17 3 0
17 4 19
17 5 13
17 6 0
17 7 19
18 1 0
18 2 55
18 3 0
18 4 33
18 5 22
18 6 0
18 7 33
19 1 0
19 2 17
19 3 0
19 4 12
19 5 8
19 6 0
19 7 12
20 1 0
20 2 51
20 3 0
20 4 40
20 5 24
20 6 0
20 7 38

# Precedence Relations
1 7
2 7
3 4
3 5
3 6
4 7
5 7
6 8
6 9
6 10
6 16
6 18
7 11
7 12
7 13
7 14
8 15
8 19
9 17
10 17
11 17
12 16
12 18
14 19
16 20
17 19
17 20
18 19

# Parameters
R_e = 0.0500
T = 1000.0
C_s = 4.0
C_w = 36.0
C_c = 5.0
