# Tasks
1 2 3 4 5 6 7 8 9 10 11 12 13 14 15 16 17 18 19 20

# Workstations
1 2 3 4 5 6 7 8 9 10 11 12 13 14 15 16 17 18 19 20

# Modes
1 2 3 4 5 6 7

# Processing Times
1 1 141
1 2 179
1 3 128
1 4 163
1 5 132
1 6 168
1 7 213
2 1 118
2 2 150
2 3 108
2 4 137
2 5 111
2 6 141
2 7 179
3 1 136
3 2 173
3 3 124
3 4 157
3 5 127
3 6 162
3 7 206
4 1 117
4 2 149
4 3 107
4 4 136
4 5 110
4 6 139
4 7 178
5 1 140
5 2 178
5 3 128
5 4 162
5 5 131
5 6 167
5 7 212
6 1 194
6 2 247
6 3 177
6 4 225
6 5 182
6 6 231
6 7 294
7 1 110
7 2 140
7 3 100
7 4 128
7 5 103
7 6 131
7 7 167
8 1 69
8 2 88
8 3 63
8 4 80
8 5 65
8 6 82
8 7 105
9 1 80
9 2 102
9 3 73
9 4 93
9 5 75
9 6 96
9 7 122
10 1 219
10 2 278
10 3 199
10 4 253
10 5 205
10 6 261
10 7 331
11 1 155
11 2 197
11 3 141
11 4 179
11 5 145
11 6 185
11 7 235
12 1 168
12 2 214
12 3 153
12 4 195
12 5 157
12 6 200
12 7 255
13 1 60
13 2 77
13 3 55
13 4 70
13 5 56
13 6 72
13 7 92
14 1 185
14 2 235
14 3 168
14 4 214
14 5 173
14 6 220
14 7 280
15 1 218
15 2 277
15 3 198
15 4 252
15 5 204
15 6 259
15 7 330
16 1 192
16 2 244
16 3 175
16 4 222
16 5 180
16 6 229
16 7 290
17 1 148
17 2 188
17 3 135
17 4 171
17 5 139
17 6 176
17 7 224
18 1 102
18 2 130
18 3 93
18 4 118
18 5 96
18 6 122
18 7 155
19 1 214
19 2 272
19 3 195
19 4 247
19 5 200
19 6 255
19 7 324
20 1 140
20 2 178
20 3 128
20 4 162
20 5 131
20 6 167
20 7 212

# Energy Consumption
1 1 0
1 2 42
1 3 0
1 4 36
1 5 20
1 6 0
1 7 30
2 1 0
2 2 37
2 3 0
2 4 29
2 5 17
2 6 0
2 7 26
3 1 0
3 2 49
3 3 0
3 4 29
3 5 18
3 6 0
3 7 29
4 1 0
4 2 42
4 3 0
4 4 29
4 5 17
4 6 0
4 7 25
5 1 0
5 2 46
5 3 0
5 4 31
5 5 19
5 6 0
5 7 32
6 1 0
6 2 60
6 3 0
6 4 47
6 5 29
6 6 0
6 7 44
7 1 0
7 2 36
7 3 0
7 4 26
7 5 17
7 6 0
7 7 25
8 1 0
8 2 21
8 3 0
8 4 17
8 5 10
8 6 0
8 7 16
9 1 0
9 2 28
9 3 0
9 4 21
9 5 11
9 6 0
9 7 18
10 1 0
10 2 73
10 3 0
10 4 55
10 5 31
10 6 0
10 7 50
11 1 0
11 2 58
11 3 0
11 4 36
11 5 23
11 6 0
11 7 30
12 1 0
12 2 54
12 3 0
12 4 42
12 5 24
12 6 0
12 7 37
13 1 0
13 2 21
13 3 0
13 4 15
13 5 8
13 6 0
13 7 13
14 1 0
14 2 54
14 3 0
14 4 46
14 5 25
14 6 0
14 7 36
15 1 0
15 2 66
15 3 0
15 4 53
15 5 31
15 6 0
15 7 48
16 1 0
16 2 54
16 3 0
16 4 49
16 5 28
16 6 0
16 7 36
17 1 0
17 2 54
17 3 0
17 4 32
17 5 22
17 6 0
17 7 31
18 1 0
18 2 38
18 3 0
18 4 23
18 5 15
18 6 0
18 7 23
19 1 0
19 2 64
19 3 0
19 4 45
19 5 29
19 6 0
19 7 42
20 1 0
20 2 43
20 3 0
20 4 34
20 5 20
20 6 0
20 7 32

# Precedence Relations
1 5
2 7
3 6
3 10
4 8
4 9
4 10
5 13
6 11
7 12
8 18
9 15
10 13
11 15
12 15
13 14
13 15
14 16
15 17
15 18
15 19
16 20
17 20
18 20
19 20

# Parameters
R_e = 0.0500
T = 1000.0
C_s = 4.0
C_w = 36.0
C_c = 5.0
