# Tasks
1 2 3 4 5 6 7 8 9 10 11 12 13 14 15 16 17 18 19 20

# Workstations
1 2 3 4 5 6 7 8 9 10 11 12 13 14 15 16 17 18 19 20

# Modes
1 2 3 4 5 6 7

# Processing Times
1 1 570
1 2 1110
1 3 564
1 4 1098
1 5 532
1 6 601
1 7 1170
2 1 504
2 2 996
2 3 523
2 4 1033
2 5 476
2 6 526
2 7 1038
3 1 232
3 2 475
3 3 225
3 4 460
3 5 219
3 6 251
3 7 513
4 1 336
4 2 750
4 3 343
4 4 765
4 5 290
4 6 340
4 7 758
5 1 724
5 2 1344
5 3 736
5 4 1365
5 5 611
5 6 791
5 7 1469
6 1 463
6 2 1018
6 3 449
6 4 986
6 5 417
6 6 482
6 7 1059
7 1 537
7 2 1119
7 3 522
7 4 1087
7 5 502
7 6 547
7 7 1140
8 1 553
8 2 1181
8 3 563
8 4 1202
8 5 460
8 6 576
8 7 1229
9 1 669
9 2 1375
9 3 660
9 4 1356
9 5 539
9 6 707
9 7 1453
10 1 350
10 2 760
10 3 363
10 4 788
10 5 286
10 6 364
10 7 791
11 1 463
11 2 1052
11 3 469
11 4 1066
11 5 408
11 6 490
11 7 1112
12 1 365
12 2 804
12 3 361
12 4 794
12 5 323
12 6 366
12 7 805
13 1 422
13 2 980
13 3 431
13 4 1000
13 5 381
13 6 461
13 7 1069
14 1 544
14 2 995
14 3 520
14 4 951
14 5 474
14 6 576
14 7 1054
15 1 483
15 2 1137
15 3 504
15 4 1185
15 5 452
15 6 501
15 7 1178
16 1 380
16 2 943
16 3 395
16 4 978
16 5 353
16 6 391
16 7 969
17 1 535
17 2 976
17 3 543
17 4 990
17 5 449
17 6 570
17 7 1039
18 1 628
18 2 1527
18 3 631
18 4 1533
18 5 568
18 6 634
18 7 1541
19 1 437
19 2 883
19 3 442
19 4 892
19 5 392
19 6 446
19 7 901
20 1 283
20 2 619
20 3 276
20 4 604
20 5 267
20 6 308
20 7 673

# Energy Consumption
1 1 0
1 2 282
1 3 0
1 4 225
1 5 80
1 6 0
1 7 173
2 1 0
2 2 251
2 3 0
2 4 222
2 5 76
2 6 0
2 7 147
3 1 0
3 2 123
3 3 0
3 4 96
3 5 35
3 6 0
3 7 65
4 1 0
4 2 202
4 3 0
4 4 155
4 5 45
4 6 0
4 7 94
5 1 0
5 2 326
5 3 0
5 4 246
5 5 98
5 6 0
5 7 178
6 1 0
6 2 275
6 3 0
6 4 186
6 5 63
6 6 0
6 7 137
7 1 0
7 2 278
7 3 0
7 4 199
7 5 77
7 6 0
7 7 171
8 1 0
8 2 346
8 3 0
8 4 249
8 5 70
8 6 0
8 7 175
9 1 0
9 2 392
9 3 0
9 4 254
9 5 78
9 6 0
9 7 194
10 1 0
10 2 219
10 3 0
10 4 168
10 5 45
10 6 0
10 7 112
11 1 0
11 2 232
11 3 0
11 4 224
11 5 65
11 6 0
11 7 135
12 1 0
12 2 188
12 3 0
12 4 175
12 5 52
12 6 0
12 7 111
13 1 0
13 2 281
13 3 0
13 4 185
13 5 60
13 6 0
13 7 158
14 1 0
14 2 255
14 3 0
14 4 176
14 5 74
14 6 0
14 7 128
15 1 0
15 2 294
15 3 0
15 4 232
15 5 70
15 6 0
15 7 150
16 1 0
16 2 241
16 3 0
16 4 191
16 5 52
16 6 0
16 7 124
17 1 0
17 2 258
17 3 0
17 4 189
17 5 72
17 6 0
17 7 125
18 1 0
18 2 445
18 3 0
18 4 309
18 5 86
18 6 0
18 7 219
19 1 0
19 2 258
19 3 0
19 4 162
19 5 59
19 6 0
19 7 135
20 1 0
20 2 148
20 3 0
20 4 121
20 5 38
20 6 0
20 7 101

# Precedence Relations
1 10
2 10
3 10
4 6
4 8
4 12
5 7
5 9
5 10
5 11
6 10
7 18
8 11
9 12
9 17
9 18
10 13
10 14
10 15
10 16
11 17
11 18
13 20
14 17
15 17
16 18
17 19
17 20
18 19

# Parameters
R_e = 0.0500
T = 1618.0500000000002
C_s = 4.0
C_w = 36.0
C_c = 5.0
