# Tasks
1 2 3 4 5 6 7 8 9 10 11 12 13 14 15 16 17 18 19 20 21 22 23 24 25 26 27 28 29 30 31 32 33 34 35 36 37 38 39 40 41 42 43 44 45 46 47 48 49 50

# Workstations
1 2 3 4 5 6 7 8 9 10 11 12 13 14 15 16 17 18 19 20 21 22 23 24 25 26 27 28 29 30 31 32 33 34 35 36 37 38 39 40 41 42 43 44 45 46 47 48 49 50

# Modes
1 2 3 4 5 6 7

# Processing Times
1 1 192
1 2 374
1 3 186
1 4 361
1 5 172
1 6 202
1 7 393
2 1 342
2 2 676
2 3 352
2 4 695
2 5 293
2 6 368
2 7 726
3 1 36
3 2 74
3 3 36
3 4 73
3 5 33
3 6 40
3 7 81
4 1 323
4 2 721
4 3 316
4 4 705
4 5 261
4 6 336
4 7 749
5 1 120
5 2 223
5 3 118
5 4 218
5 5 113
5 6 129
5 7 239
6 1 473
6 2 1040
6 3 471
6 4 1034
6 5 441
6 6 490
6 7 1078
7 1 494
7 2 1030
7 3 474
7 4 988
7 5 443
7 6 540
7 7 1125
8 1 120
8 2 257
8 3 115
8 4 245
8 5 106
8 6 129
8 7 276
9 1 214
9 2 440
9 3 208
9 4 428
9 5 191
9 6 224
9 7 460
10 1 199
10 2 432
10 3 201
10 4 436
10 5 167
10 6 202
10 7 438
11 1 96
11 2 219
11 3 100
11 4 227
11 5 85
11 6 101
11 7 230
12 1 600
12 2 1322
12 3 594
12 4 1308
12 5 518
12 6 637
12 7 1403
13 1 277
13 2 643
13 3 287
13 4 665
13 5 255
13 6 289
13 7 670
14 1 170
14 2 311
14 3 179
14 4 326
14 5 139
14 6 185
14 7 338
15 1 222
15 2 523
15 3 228
15 4 536
15 5 209
15 6 239
15 7 563
16 1 84
16 2 209
16 3 83
16 4 207
16 5 73
16 6 89
16 7 220
17 1 222
17 2 405
17 3 230
17 4 419
17 5 184
17 6 231
17 7 421
18 1 169
18 2 411
18 3 166
18 4 404
18 5 146
18 6 183
18 7 443
19 1 102
19 2 206
19 3 102
19 4 205
19 5 91
19 6 111
19 7 223
20 1 116
20 2 254
20 3 118
20 4 258
20 5 100
20 6 117
20 7 256
21 1 29
21 2 71
21 3 29
21 4 70
21 5 26
21 6 32
21 7 78
22 1 208
22 2 514
22 3 209
22 4 517
22 5 167
22 6 215
22 7 531
23 1 403
23 2 996
23 3 415
23 4 1024
23 5 378
23 6 433
23 7 1069
24 1 446
24 2 933
24 3 443
24 4 925
24 5 396
24 6 491
24 7 1027
25 1 604
25 2 1209
25 3 610
25 4 1220
25 5 516
25 6 638
25 7 1276
26 1 518
26 2 1173
26 3 532
26 4 1204
26 5 436
26 6 549
26 7 1242
27 1 32
27 2 78
27 3 32
27 4 77
27 5 29
27 6 34
27 7 82
28 1 276
28 2 538
28 3 272
28 4 530
28 5 225
28 6 292
28 7 568
29 1 47
29 2 86
29 3 47
29 4 85
29 5 40
29 6 48
29 7 87
30 1 539
30 2 1012
30 3 556
30 4 1044
30 5 502
30 6 579
30 7 1087
31 1 71
31 2 155
31 3 75
31 4 162
31 5 58
31 6 75
31 7 163
32 1 191
32 2 418
32 3 197
32 4 429
32 5 157
32 6 204
32 7 446
33 1 178
33 2 405
33 3 182
33 4 414
33 5 162
33 6 186
33 7 423
34 1 58
34 2 124
34 3 60
34 4 128
34 5 47
34 6 61
34 7 129
35 1 210
35 2 512
35 3 204
35 4 497
35 5 171
35 6 217
35 7 528
36 1 137
36 2 328
36 3 141
36 4 336
36 5 130
36 6 151
36 7 361
37 1 542
37 2 1073
37 3 545
37 4 1078
37 5 509
37 6 583
37 7 1153
38 1 135
38 2 308
38 3 130
38 4 296
38 5 126
38 6 136
38 7 309
39 1 123
39 2 277
39 3 130
39 4 291
39 5 103
39 6 131
39 7 295
40 1 126
40 2 311
40 3 126
40 4 310
40 5 113
40 6 129
40 7 319
41 1 228
41 2 472
41 3 223
41 4 461
41 5 198
41 6 233
41 7 482
42 1 238
42 2 573
42 3 240
42 4 578
42 5 202
42 6 261
42 7 628
43 1 268
43 2 514
43 3 274
43 4 524
43 5 253
43 6 277
43 7 530
44 1 412
44 2 940
44 3 411
44 4 937
44 5 352
44 6 444
44 7 1013
45 1 146
45 2 330
45 3 144
45 4 325
45 5 125
45 6 149
45 7 337
46 1 294
46 2 567
46 3 286
46 4 551
46 5 250
46 6 310
46 7 597
47 1 92
47 2 180
47 3 97
47 4 189
47 5 76
47 6 93
47 7 182
48 1 48
48 2 110
48 3 47
48 4 107
48 5 46
48 6 49
48 7 112
49 1 114
49 2 234
49 3 111
49 4 228
49 5 101
49 6 122
49 7 251
50 1 526
50 2 1263
50 3 517
50 4 1241
50 5 421
50 6 560
50 7 1343

# Energy Consumption
1 1 0
1 2 95
1 3 0
1 4 74
1 5 26
1 6 0
1 7 59
2 1 0
2 2 170
2 3 0
2 4 150
2 5 47
2 6 0
2 7 103
3 1 0
3 2 20
3 3 0
3 4 16
3 5 6
3 6 0
3 7 11
4 1 0
4 2 194
4 3 0
4 4 143
4 5 40
4 6 0
4 7 93
5 1 0
5 2 55
5 3 0
5 4 40
5 5 19
5 6 0
5 7 29
6 1 0
6 2 281
6 3 0
6 4 195
6 5 66
6 6 0
6 7 139
7 1 0
7 2 256
7 3 0
7 4 181
7 5 68
7 6 0
7 7 169
8 1 0
8 2 76
8 3 0
8 4 51
8 5 17
8 6 0
8 7 40
9 1 0
9 2 126
9 3 0
9 4 81
9 5 28
9 6 0
9 7 62
10 1 0
10 2 125
10 3 0
10 4 93
10 5 26
10 6 0
10 7 62
11 1 0
11 2 49
11 3 0
11 4 48
11 5 14
11 6 0
11 7 28
12 1 0
12 2 309
12 3 0
12 4 288
12 5 83
12 6 0
12 7 192
13 1 0
13 2 184
13 3 0
13 4 123
13 5 40
13 6 0
13 7 100
14 1 0
14 2 80
14 3 0
14 4 61
14 5 22
14 6 0
14 7 41
15 1 0
15 2 135
15 3 0
15 4 105
15 5 33
15 6 0
15 7 72
16 1 0
16 2 54
16 3 0
16 4 41
16 5 11
16 6 0
16 7 29
17 1 0
17 2 107
17 3 0
17 4 80
17 5 30
17 6 0
17 7 51
18 1 0
18 2 120
18 3 0
18 4 82
18 5 22
18 6 0
18 7 63
19 1 0
19 2 61
19 3 0
19 4 38
19 5 14
19 6 0
19 7 34
20 1 0
20 2 61
20 3 0
20 4 52
20 5 15
20 6 0
20 7 39
21 1 0
21 2 20
21 3 0
21 4 14
21 5 5
21 6 0
21 7 12
22 1 0
22 2 120
22 3 0
22 4 108
22 5 24
22 6 0
22 7 79
23 1 0
23 2 295
23 3 0
23 4 206
23 5 57
23 6 0
23 7 153
24 1 0
24 2 265
24 3 0
24 4 191
24 5 56
24 6 0
24 7 141
25 1 0
25 2 351
25 3 0
25 4 244
25 5 81
25 6 0
25 7 159
26 1 0
26 2 271
26 3 0
26 4 240
26 5 65
26 6 0
26 7 154
27 1 0
27 2 22
27 3 0
27 4 17
27 5 5
27 6 0
27 7 12
28 1 0
28 2 156
28 3 0
28 4 110
28 5 35
28 6 0
28 7 74
29 1 0
29 2 23
29 3 0
29 4 17
29 5 7
29 6 0
29 7 12
30 1 0
30 2 229
30 3 0
30 4 198
30 5 76
30 6 0
30 7 140
31 1 0
31 2 36
31 3 0
31 4 31
31 5 9
31 6 0
31 7 21
32 1 0
32 2 125
32 3 0
32 4 79
32 5 24
32 6 0
32 7 55
33 1 0
33 2 103
33 3 0
33 4 85
33 5 24
33 6 0
33 7 60
34 1 0
34 2 29
34 3 0
34 4 25
34 5 7
34 6 0
34 7 17
35 1 0
35 2 118
35 3 0
35 4 93
35 5 25
35 6 0
35 7 66
36 1 0
36 2 74
36 3 0
36 4 67
36 5 21
36 6 0
36 7 53
37 1 0
37 2 245
37 3 0
37 4 224
37 5 73
37 6 0
37 7 145
38 1 0
38 2 74
38 3 0
38 4 58
38 5 20
38 6 0
38 7 42
39 1 0
39 2 71
39 3 0
39 4 60
39 5 17
39 6 0
39 7 40
40 1 0
40 2 73
40 3 0
40 4 59
40 5 16
40 6 0
40 7 45
41 1 0
41 2 108
41 3 0
41 4 100
41 5 32
41 6 0
41 7 59
42 1 0
42 2 133
42 3 0
42 4 121
42 5 33
42 6 0
42 7 84
43 1 0
43 2 121
43 3 0
43 4 97
43 5 40
43 6 0
43 7 73
44 1 0
44 2 211
44 3 0
44 4 169
44 5 52
44 6 0
44 7 137
45 1 0
45 2 92
45 3 0
45 4 61
45 5 18
45 6 0
45 7 46
46 1 0
46 2 149
46 3 0
46 4 114
46 5 37
46 6 0
46 7 90
47 1 0
47 2 53
47 3 0
47 4 35
47 5 11
47 6 0
47 7 26
48 1 0
48 2 30
48 3 0
48 4 20
48 5 7
48 6 0
48 7 16
49 1 0
49 2 56
49 3 0
49 4 46
49 5 15
49 6 0
49 7 32
50 1 0
50 2 363
50 3 0
50 4 242
50 5 63
50 6 0
50 7 181

# Precedence Relations
1 8
2 7
2 9
2 11
2 12
5 10
7 36
8 14
9 15
10 16
11 17
11 20
12 13
12 18
12 19
12 21
13 36
14 25
15 22
16 24
17 23
18 26
19 27
22 36
23 29
24 30
25 28
25 31
26 28
26 34
26 35
27 32
27 33
28 36
29 38
30 38
31 37
32 39
33 40
36 41
36 42
36 43
36 44
36 45
36 47
37 46
41 48
46 49
46 50

# Parameters
R_e = 0.0500
T = 1000.0
C_s = 4.0
C_w = 36.0
C_c = 5.0
