# Tasks
1 2 3 4 5 6 7 8 9 10 11 12 13 14 15 16 17 18 19 20

# Workstations
1 2 3 4 5 6 7 8 9 10 11 12 13 14 15 16 17 18 19 20

# Modes
1 2 3 4 5 6 7

# Processing Times
1 1 27
1 2 55
1 3 29
1 4 59
1 5 9
1 6 31
1 7 63
2 1 123
2 2 258
2 3 131
2 4 275
2 5 53
2 6 148
2 7 309
3 1 188
3 2 352
3 3 206
3 4 386
3 5 83
3 6 215
3 7 401
4 1 152
4 2 339
4 3 162
4 4 361
4 5 61
4 6 176
4 7 392
5 1 210
5 2 444
5 3 230
5 4 487
5 5 89
5 6 255
5 7 538
6 1 206
6 2 505
6 3 222
6 4 544
6 5 64
6 6 235
6 7 576
7 1 234
7 2 583
7 3 250
7 4 623
7 5 83
7 6 280
7 7 698
8 1 178
8 2 413
8 3 191
8 4 443
8 5 79
8 6 199
8 7 462
9 1 82
9 2 200
9 3 89
9 4 217
9 5 31
9 6 96
9 7 233
10 1 126
10 2 292
10 3 133
10 4 307
10 5 50
10 6 158
10 7 365
11 1 93
11 2 174
11 3 101
11 4 188
11 5 35
11 6 116
11 7 217
12 1 135
12 2 310
12 3 148
12 4 338
12 5 49
12 6 165
12 7 379
13 1 159
13 2 307
13 3 173
13 4 334
13 5 58
13 6 188
13 7 362
14 1 177
14 2 347
14 3 191
14 4 374
14 5 55
14 6 214
14 7 419
15 1 196
15 2 430
15 3 211
15 4 462
15 5 82
15 6 238
15 7 521
16 1 165
16 2 336
16 3 181
16 4 368
16 5 64
16 6 203
16 7 412
17 1 104
17 2 205
17 3 114
17 4 224
17 5 37
17 6 127
17 7 249
18 1 157
18 2 347
18 3 168
18 4 371
18 5 66
18 6 190
18 7 420
19 1 87
19 2 198
19 3 93
19 4 210
19 5 31
19 6 108
19 7 245
20 1 140
20 2 297
20 3 151
20 4 319
20 5 48
20 6 161
20 7 340

# Energy Consumption
1 1 0
1 2 14
1 3 0
1 4 13
1 5 2
1 6 0
1 7 10
2 1 0
2 2 65
2 3 0
2 4 60
2 5 9
2 6 0
2 7 43
3 1 0
3 2 80
3 3 0
3 4 75
3 5 13
3 6 0
3 7 50
4 1 0
4 2 96
4 3 0
4 4 78
4 5 10
4 6 0
4 7 51
5 1 0
5 2 114
5 3 0
5 4 103
5 5 14
5 6 0
5 7 72
6 1 0
6 2 115
6 3 0
6 4 102
6 5 10
6 6 0
6 7 80
7 1 0
7 2 169
7 3 0
7 4 125
7 5 12
7 6 0
7 7 98
8 1 0
8 2 108
8 3 0
8 4 87
8 5 12
8 6 0
8 7 66
9 1 0
9 2 55
9 3 0
9 4 47
9 5 5
9 6 0
9 7 35
10 1 0
10 2 76
10 3 0
10 4 63
10 5 8
10 6 0
10 7 48
11 1 0
11 2 40
11 3 0
11 4 34
11 5 6
11 6 0
11 7 33
12 1 0
12 2 74
12 3 0
12 4 64
12 5 8
12 6 0
12 7 52
13 1 0
13 2 80
13 3 0
13 4 67
13 5 9
13 6 0
13 7 47
14 1 0
14 2 103
14 3 0
14 4 75
14 5 8
14 6 0
14 7 61
15 1 0
15 2 126
15 3 0
15 4 97
15 5 13
15 6 0
15 7 65
16 1 0
16 2 82
16 3 0
16 4 78
16 5 10
16 6 0
16 7 52
17 1 0
17 2 57
17 3 0
17 4 45
17 5 6
17 6 0
17 7 35
18 1 0
18 2 86
18 3 0
18 4 73
18 5 11
18 6 0
18 7 60
19 1 0
19 2 51
19 3 0
19 4 43
19 5 5
19 6 0
19 7 34
20 1 0
20 2 84
20 3 0
20 4 62
20 5 8
20 6 0
20 7 49

# Precedence Relations
1 9
2 9
3 9
4 7
5 6
5 8
6 9
7 9
8 10
8 11
9 12
9 13
9 14
9 15
10 17
12 17
13 16
16 19
16 20
17 18

# Parameters
R_e = 0.0500
T = 1000.0
C_s = 4.0
C_w = 36.0
C_c = 5.0
