# Tasks
1 2 3 4 5 6 7 8 9 10 11 12 13 14 15 16 17 18 19 20 21 22 23 24 25 26 27 28 29 30 31 32 33 34 35 36 37 38 39 40 41 42 43 44 45 46 47 48 49 50 51 52 53 54 55 56 57 58 59 60 61 62 63 64 65 66 67 68 69 70 71 72 73 74 75 76 77 78 79 80 81 82 83 84 85 86 87 88 89 90 91 92 93 94

# Workstations
1 2 3 4 5 6 7 8 9 10 11 12 13 14 15 16 17 18 19 20 21 22 23 24 25 26 27 28 29 30 31 32 33 34 35 36 37 38 39 40 41 42 43 44 45 46 47 48 49 50 51 52 53 54 55 56 57 58 59 60 61 62 63 64 65 66 67 68 69 70 71 72 73 74 75 76 77 78 79 80 81 82 83 84 85 86 87 88 89 90 91 92 93 94

# Modes
1 2 3 4 5 6 7

# Processing Times
1 1 158
1 2 219
1 3 169
1 4 234
1 5 92
1 6 168
1 7 232
2 1 42
2 2 64
2 3 46
2 4 70
2 5 27
2 6 44
2 7 67
3 1 17
3 2 21
3 3 19
3 4 23
3 5 10
3 6 18
3 7 23
4 1 24
4 2 35
4 3 26
4 4 37
4 5 14
4 6 25
4 7 36
5 1 71
5 2 99
5 3 77
5 4 107
5 5 42
5 6 75
5 7 105
6 1 66
6 2 101
6 3 71
6 4 108
6 5 42
6 6 72
6 7 110
7 1 50
7 2 77
7 3 54
7 4 82
7 5 34
7 6 55
7 7 85
8 1 55
8 2 85
8 3 60
8 4 92
8 5 34
8 6 59
8 7 91
9 1 30
9 2 40
9 3 33
9 4 44
9 5 17
9 6 32
9 7 43
10 1 28
10 2 42
10 3 31
10 4 46
10 5 20
10 6 29
10 7 43
11 1 113
11 2 174
11 3 122
11 4 187
11 5 78
11 6 121
11 7 187
12 1 114
12 2 166
12 3 122
12 4 178
12 5 73
12 6 125
12 7 182
13 1 57
13 2 84
13 3 60
13 4 89
13 5 37
13 6 62
13 7 92
14 1 65
14 2 87
14 3 70
14 4 94
14 5 36
14 6 68
14 7 91
15 1 15
15 2 20
15 3 17
15 4 22
15 5 10
15 6 16
15 7 21
16 1 11
16 2 14
16 3 13
16 4 16
16 5 7
16 6 12
16 7 15
17 1 10
17 2 15
17 3 11
17 4 17
17 5 6
17 6 11
17 7 17
18 1 19
18 2 28
18 3 21
18 4 31
18 5 12
18 6 20
18 7 29
19 1 8
19 2 12
19 3 9
19 4 14
19 5 5
19 6 9
19 7 13
20 1 17
20 2 23
20 3 18
20 4 25
20 5 11
20 6 18
20 7 24
21 1 57
21 2 80
21 3 61
21 4 85
21 5 39
21 6 58
21 7 82
22 1 40
22 2 53
22 3 44
22 4 59
22 5 24
22 6 42
22 7 55
23 1 17
23 2 26
23 3 19
23 4 29
23 5 11
23 6 19
23 7 29
24 1 11
24 2 17
24 3 13
24 4 19
24 5 8
24 6 12
24 7 19
25 1 17
25 2 22
25 3 19
25 4 24
25 5 12
25 6 18
25 7 23
26 1 27
26 2 38
26 3 29
26 4 41
26 5 18
26 6 28
26 7 39
27 1 17
27 2 23
27 3 19
27 4 25
27 5 12
27 6 19
27 7 25
28 1 18
28 2 29
28 3 20
28 4 31
28 5 12
28 6 20
28 7 32
29 1 16
29 2 21
29 3 18
29 4 23
29 5 10
29 6 17
29 7 22
30 1 18
30 2 26
30 3 20
30 4 29
30 5 12
30 6 19
30 7 27
31 1 50
31 2 67
31 3 55
31 4 74
31 5 31
31 6 55
31 7 73
32 1 18
32 2 26
32 3 20
32 4 28
32 5 12
32 6 19
32 7 27
33 1 13
33 2 19
33 3 14
33 4 21
33 5 10
33 6 14
33 7 21
34 1 21
34 2 31
34 3 23
34 4 34
34 5 13
34 6 23
34 7 33
35 1 63
35 2 82
35 3 68
35 4 89
35 5 38
35 6 66
35 7 86
36 1 8
36 2 13
36 3 9
36 4 15
36 5 5
36 6 9
36 7 14
37 1 63
37 2 101
37 3 68
37 4 108
37 5 43
37 6 69
37 7 110
38 1 9
38 2 12
38 3 10
38 4 14
38 5 6
38 6 10
38 7 14
39 1 20
39 2 28
39 3 22
39 4 31
39 5 12
39 6 22
39 7 31
40 1 72
40 2 93
40 3 78
40 4 100
40 5 42
40 6 73
40 7 94
41 1 30
41 2 40
41 3 33
41 4 44
41 5 21
41 6 33
41 7 44
42 1 69
42 2 84
42 3 75
42 4 91
42 5 40
42 6 74
42 7 91
43 1 27
43 2 40
43 3 30
43 4 44
43 5 17
43 6 30
43 7 44
44 1 9
44 2 13
44 3 10
44 4 14
44 5 6
44 6 10
44 7 14
45 1 41
45 2 56
45 3 44
45 4 61
45 5 25
45 6 44
45 7 60
46 1 38
46 2 57
46 3 41
46 4 62
46 5 24
46 6 40
46 7 60
47 1 76
47 2 119
47 3 81
47 4 127
47 5 48
47 6 82
47 7 129
48 1 31
48 2 46
48 3 33
48 4 49
48 5 21
48 6 34
48 7 50
49 1 11
49 2 18
49 3 12
49 4 20
49 5 7
49 6 12
49 7 20
50 1 29
50 2 41
50 3 31
50 4 44
50 5 17
50 6 30
50 7 42
51 1 48
51 2 75
51 3 52
51 4 81
51 5 30
51 6 49
51 7 77
52 1 8
52 2 11
52 3 9
52 4 12
52 5 6
52 6 9
52 7 12
53 1 171
53 2 247
53 3 186
53 4 269
53 5 113
53 6 175
53 7 252
54 1 48
54 2 65
54 3 53
54 4 72
54 5 33
54 6 49
54 7 67
55 1 43
55 2 67
55 3 46
55 4 72
55 5 26
55 6 46
55 7 71
56 1 18
56 2 27
56 3 20
56 4 30
56 5 11
56 6 19
56 7 28
57 1 94
57 2 113
57 3 102
57 4 123
57 5 58
57 6 100
57 7 121
58 1 9
58 2 12
58 3 10
58 4 14
58 5 6
58 6 10
58 7 14
59 1 19
59 2 29
59 3 21
59 4 31
59 5 12
59 6 21
59 7 32
60 1 24
60 2 33
60 3 27
60 4 37
60 5 17
60 6 25
60 7 34
61 1 8
61 2 12
61 3 9
61 4 14
61 5 6
61 6 9
61 7 14
62 1 34
62 2 50
62 3 38
62 4 55
62 5 22
62 6 38
62 7 55
63 1 62
63 2 87
63 3 67
63 4 93
63 5 41
63 6 65
63 7 91
64 1 12
64 2 19
64 3 14
64 4 21
64 5 7
64 6 13
64 7 20
65 1 8
65 2 11
65 3 9
65 4 12
65 5 5
65 6 9
65 7 12
66 1 47
66 2 68
66 3 51
66 4 74
66 5 33
66 6 50
66 7 72
67 1 27
67 2 40
67 3 29
67 4 43
67 5 17
67 6 29
67 7 43
68 1 18
68 2 28
68 3 20
68 4 31
68 5 11
68 6 19
68 7 29
69 1 52
69 2 64
69 3 57
69 4 70
69 5 31
69 6 56
69 7 69
70 1 65
70 2 81
70 3 71
70 4 88
70 5 45
70 6 67
70 7 83
71 1 72
71 2 109
71 3 76
71 4 115
71 5 47
71 6 73
71 7 110
72 1 51
72 2 68
72 3 54
72 4 72
72 5 29
72 6 55
72 7 73
73 1 58
73 2 90
73 3 62
73 4 96
73 5 36
73 6 60
73 7 93
74 1 53
74 2 71
74 3 57
74 4 76
74 5 33
74 6 57
74 7 76
75 1 76
75 2 93
75 3 84
75 4 103
75 5 45
75 6 81
75 7 99
76 1 93
76 2 133
76 3 98
76 4 140
76 5 63
76 6 96
76 7 136
77 1 86
77 2 107
77 3 94
77 4 117
77 5 57
77 6 93
77 7 116
78 1 76
78 2 121
78 3 84
78 4 134
78 5 43
78 6 79
78 7 125
79 1 9
79 2 14
79 3 10
79 4 16
79 5 7
79 6 10
79 7 15
80 1 14
80 2 21
80 3 16
80 4 23
80 5 9
80 6 15
80 7 22
81 1 55
81 2 87
81 3 59
81 4 93
81 5 32
81 6 56
81 7 89
82 1 32
82 2 42
82 3 35
82 4 46
82 5 20
82 6 33
82 7 43
83 1 22
83 2 35
83 3 25
83 4 39
83 5 14
83 6 25
83 7 39
84 1 35
84 2 47
84 3 39
84 4 52
84 5 25
84 6 38
84 7 51
85 1 63
85 2 80
85 3 67
85 4 85
85 5 43
85 6 66
85 7 83
86 1 59
86 2 88
86 3 64
86 4 96
86 5 34
86 6 64
86 7 96
87 1 149
87 2 201
87 3 162
87 4 218
87 5 100
87 6 152
87 7 205
88 1 40
88 2 51
88 3 43
88 4 54
88 5 26
88 6 44
88 7 56
89 1 24
89 2 32
89 3 26
89 4 34
89 5 15
89 6 26
89 7 35
90 1 123
90 2 149
90 3 136
90 4 164
90 5 75
90 6 125
90 7 151
91 1 25
91 2 40
91 3 27
91 4 43
91 5 18
91 6 27
91 7 42
92 1 115
92 2 140
92 3 126
92 4 153
92 5 77
92 6 125
92 7 152
93 1 103
93 2 148
93 3 113
93 4 163
93 5 66
93 6 111
93 7 159
94 1 54
94 2 66
94 3 58
94 4 71
94 5 38
94 6 55
94 7 68

# Energy Consumption
1 1 0
1 2 53
1 3 0
1 4 49
1 5 15
1 6 0
1 7 34
2 1 0
2 2 17
2 3 0
2 4 14
2 5 5
2 6 0
2 7 10
3 1 0
3 2 6
3 3 0
3 4 5
3 5 2
3 6 0
3 7 4
4 1 0
4 2 9
4 3 0
4 4 9
4 5 2
4 6 0
4 7 6
5 1 0
5 2 25
5 3 0
5 4 23
5 5 7
5 6 0
5 7 15
6 1 0
6 2 23
6 3 0
6 4 23
6 5 7
6 6 0
6 7 16
7 1 0
7 2 18
7 3 0
7 4 18
7 5 5
7 6 0
7 7 13
8 1 0
8 2 22
8 3 0
8 4 20
8 5 6
8 6 0
8 7 13
9 1 0
9 2 11
9 3 0
9 4 10
9 5 3
9 6 0
9 7 7
10 1 0
10 2 12
10 3 0
10 4 10
10 5 3
10 6 0
10 7 7
11 1 0
11 2 39
11 3 0
11 4 35
11 5 12
11 6 0
11 7 27
12 1 0
12 2 43
12 3 0
12 4 39
12 5 11
12 6 0
12 7 26
13 1 0
13 2 21
13 3 0
13 4 18
13 5 6
13 6 0
13 7 13
14 1 0
14 2 26
14 3 0
14 4 20
14 5 6
14 6 0
14 7 13
15 1 0
15 2 6
15 3 0
15 4 5
15 5 2
15 6 0
15 7 3
16 1 0
16 2 4
16 3 0
16 4 4
16 5 2
16 6 0
16 7 2
17 1 0
17 2 5
17 3 0
17 4 4
17 5 1
17 6 0
17 7 3
18 1 0
18 2 7
18 3 0
18 4 7
18 5 2
18 6 0
18 7 4
19 1 0
19 2 4
19 3 0
19 4 3
19 5 1
19 6 0
19 7 2
20 1 0
20 2 6
20 3 0
20 4 6
20 5 2
20 6 0
20 7 3
21 1 0
21 2 18
21 3 0
21 4 18
21 5 6
21 6 0
21 7 12
22 1 0
22 2 13
22 3 0
22 4 13
22 5 4
22 6 0
22 7 8
23 1 0
23 2 7
23 3 0
23 4 6
23 5 2
23 6 0
23 7 5
24 1 0
24 2 4
24 3 0
24 4 4
24 5 2
24 6 0
24 7 3
25 1 0
25 2 6
25 3 0
25 4 5
25 5 2
25 6 0
25 7 3
26 1 0
26 2 11
26 3 0
26 4 8
26 5 3
26 6 0
26 7 5
27 1 0
27 2 7
27 3 0
27 4 6
27 5 2
27 6 0
27 7 4
28 1 0
28 2 7
28 3 0
28 4 6
28 5 2
28 6 0
28 7 5
29 1 0
29 2 6
29 3 0
29 4 5
29 5 2
29 6 0
29 7 4
30 1 0
30 2 7
30 3 0
30 4 7
30 5 2
30 6 0
30 7 4
31 1 0
31 2 17
31 3 0
31 4 15
31 5 5
31 6 0
31 7 11
32 1 0
32 2 7
32 3 0
32 4 6
32 5 2
32 6 0
32 7 4
33 1 0
33 2 5
33 3 0
33 4 5
33 5 2
33 6 0
33 7 3
34 1 0
34 2 8
34 3 0
34 4 7
34 5 2
34 6 0
34 7 5
35 1 0
35 2 25
35 3 0
35 4 17
35 5 6
35 6 0
35 7 13
36 1 0
36 2 4
36 3 0
36 4 4
36 5 1
36 6 0
36 7 2
37 1 0
37 2 30
37 3 0
37 4 22
37 5 7
37 6 0
37 7 14
38 1 0
38 2 4
38 3 0
38 4 3
38 5 1
38 6 0
38 7 2
39 1 0
39 2 8
39 3 0
39 4 6
39 5 2
39 6 0
39 7 4
40 1 0
40 2 24
40 3 0
40 4 20
40 5 7
40 6 0
40 7 13
41 1 0
41 2 12
41 3 0
41 4 10
41 5 4
41 6 0
41 7 7
42 1 0
42 2 23
42 3 0
42 4 17
42 5 7
42 6 0
42 7 13
43 1 0
43 2 10
43 3 0
43 4 9
43 5 3
43 6 0
43 7 6
44 1 0
44 2 4
44 3 0
44 4 3
44 5 1
44 6 0
44 7 2
45 1 0
45 2 15
45 3 0
45 4 13
45 5 4
45 6 0
45 7 8
46 1 0
46 2 15
46 3 0
46 4 13
46 5 4
46 6 0
46 7 9
47 1 0
47 2 34
47 3 0
47 4 26
47 5 8
47 6 0
47 7 19
48 1 0
48 2 11
48 3 0
48 4 10
48 5 3
48 6 0
48 7 8
49 1 0
49 2 5
49 3 0
49 4 4
49 5 1
49 6 0
49 7 3
50 1 0
50 2 13
50 3 0
50 4 9
50 5 3
50 6 0
50 7 6
51 1 0
51 2 21
51 3 0
51 4 17
51 5 5
51 6 0
51 7 11
52 1 0
52 2 4
52 3 0
52 4 3
52 5 1
52 6 0
52 7 2
53 1 0
53 2 63
53 3 0
53 4 49
53 5 18
53 6 0
53 7 35
54 1 0
54 2 20
54 3 0
54 4 14
54 5 6
54 6 0
54 7 10
55 1 0
55 2 17
55 3 0
55 4 16
55 5 5
55 6 0
55 7 10
56 1 0
56 2 9
56 3 0
56 4 7
56 5 2
56 6 0
56 7 5
57 1 0
57 2 29
57 3 0
57 4 23
57 5 9
57 6 0
57 7 16
58 1 0
58 2 3
58 3 0
58 4 3
58 5 1
58 6 0
58 7 2
59 1 0
59 2 8
59 3 0
59 4 7
59 5 2
59 6 0
59 7 5
60 1 0
60 2 8
60 3 0
60 4 9
60 5 3
60 6 0
60 7 5
61 1 0
61 2 4
61 3 0
61 4 3
61 5 1
61 6 0
61 7 2
62 1 0
62 2 15
62 3 0
62 4 12
62 5 4
62 6 0
62 7 8
63 1 0
63 2 23
63 3 0
63 4 19
63 5 7
63 6 0
63 7 13
64 1 0
64 2 6
64 3 0
64 4 5
64 5 2
64 6 0
64 7 3
65 1 0
65 2 3
65 3 0
65 4 3
65 5 1
65 6 0
65 7 2
66 1 0
66 2 17
66 3 0
66 4 15
66 5 6
66 6 0
66 7 9
67 1 0
67 2 9
67 3 0
67 4 9
67 5 3
67 6 0
67 7 7
68 1 0
68 2 9
68 3 0
68 4 7
68 5 2
68 6 0
68 7 4
69 1 0
69 2 16
69 3 0
69 4 13
69 5 5
69 6 0
69 7 9
70 1 0
70 2 25
70 3 0
70 4 19
70 5 7
70 6 0
70 7 11
71 1 0
71 2 33
71 3 0
71 4 25
71 5 8
71 6 0
71 7 15
72 1 0
72 2 18
72 3 0
72 4 15
72 5 5
72 6 0
72 7 11
73 1 0
73 2 21
73 3 0
73 4 21
73 5 6
73 6 0
73 7 12
74 1 0
74 2 20
74 3 0
74 4 15
74 5 5
74 6 0
74 7 11
75 1 0
75 2 26
75 3 0
75 4 23
75 5 7
75 6 0
75 7 14
76 1 0
76 2 32
76 3 0
76 4 27
76 5 10
76 6 0
76 7 21
77 1 0
77 2 31
77 3 0
77 4 26
77 5 9
77 6 0
77 7 16
78 1 0
78 2 30
78 3 0
78 4 30
78 5 7
78 6 0
78 7 17
79 1 0
79 2 4
79 3 0
79 4 4
79 5 2
79 6 0
79 7 3
80 1 0
80 2 6
80 3 0
80 4 5
80 5 2
80 6 0
80 7 3
81 1 0
81 2 20
81 3 0
81 4 18
81 5 6
81 6 0
81 7 12
82 1 0
82 2 11
82 3 0
82 4 10
82 5 4
82 6 0
82 7 6
83 1 0
83 2 10
83 3 0
83 4 8
83 5 3
83 6 0
83 7 6
84 1 0
84 2 14
84 3 0
84 4 10
84 5 4
84 6 0
84 7 7
85 1 0
85 2 24
85 3 0
85 4 16
85 5 7
85 6 0
85 7 12
86 1 0
86 2 24
86 3 0
86 4 19
86 5 6
86 6 0
86 7 14
87 1 0
87 2 49
87 3 0
87 4 40
87 5 15
87 6 0
87 7 28
88 1 0
88 2 13
88 3 0
88 4 11
88 5 5
88 6 0
88 7 8
89 1 0
89 2 9
89 3 0
89 4 7
89 5 3
89 6 0
89 7 6
90 1 0
90 2 42
90 3 0
90 4 34
90 5 11
90 6 0
90 7 19
91 1 0
91 2 10
91 3 0
91 4 10
91 5 3
91 6 0
91 7 6
92 1 0
92 2 40
92 3 0
92 4 29
92 5 12
92 6 0
92 7 20
93 1 0
93 2 43
93 3 0
93 4 32
93 5 11
93 6 0
93 7 23
94 1 0
94 2 17
94 3 0
94 4 13
94 5 6
94 6 0
94 7 10

# Precedence Relations
1 2
1 3
1 4
1 5
1 6
1 7
1 8
1 9
1 10
2 11
2 17
3 12
4 11
4 16
5 11
5 13
5 18
5 16
6 11
6 15
6 13
6 19
7 42
8 29
9 11
10 19
10 37
10 48
10 50
11 14
12 20
12 61
12 52
13 82
14 25
14 23
14 30
14 31
14 24
14 32
14 22
14 21
14 26
14 28
14 27
14 29
15 81
16 75
17 82
18 75
19 75
20 78
21 71
21 60
21 53
21 39
21 40
21 41
22 38
22 72
22 49
22 58
23 34
23 35
24 37
24 44
25 57
25 63
25 33
25 73
25 60
25 65
25 56
26 41
26 43
27 62
27 58
27 54
27 55
27 56
28 33
28 35
28 40
28 43
28 49
28 51
28 52
28 54
29 75
30 59
30 42
30 36
31 74
32 36
32 47
32 44
32 60
32 45
32 69
32 46
32 48
32 50
33 78
34 78
35 78
36 82
37 61
37 73
37 64
37 66
37 67
37 68
37 69
37 70
37 71
37 72
37 62
38 82
39 82
40 78
41 78
42 74
43 78
44 75
45 75
46 75
46 76
47 75
48 75
49 78
50 75
51 78
52 78
53 76
53 77
54 78
55 77
56 77
57 76
57 77
58 77
59 82
60 77
61 77
62 77
63 77
64 74
65 74
66 75
66 76
67 74
68 82
69 77
69 75
70 77
70 76
71 76
72 76
73 77
74 82
75 82
76 82
77 78
78 79
78 80
79 81
80 81
81 82
82 83
83 84
83 85
84 86
85 86
86 87
87 88
88 89
88 90
89 92
90 91
90 93
92 94

# Parameters
R_e = 0.0500
T = 600.0
C_s = 4.0
C_w = 36.0
C_c = 5.0
