# Tasks
1 2 3 4 5 6 7 8 9 10 11 12 13 14 15 16 17 18 19 20

# Workstations
1 2 3 4 5 6 7 8 9 10 11 12 13 14 15 16 17 18 19 20

# Modes
1 2 3 4 5 6 7

# Processing Times
1 1 141
1 2 146
1 3 137
1 4 142
1 5 91
1 6 173
1 7 179
2 1 118
2 2 119
2 3 123
2 4 124
2 5 72
2 6 137
2 7 138
3 1 136
3 2 139
3 3 133
3 4 136
3 5 86
3 6 151
3 7 155
4 1 117
4 2 101
4 3 120
4 4 104
4 5 66
4 6 140
4 7 121
5 1 140
5 2 121
5 3 138
5 4 119
5 5 94
5 6 163
5 7 141
6 1 194
6 2 211
6 3 197
6 4 214
6 5 118
6 6 232
6 7 252
7 1 110
7 2 100
7 3 115
7 4 104
7 5 70
7 6 137
7 7 125
8 1 69
8 2 67
8 3 69
8 4 67
8 5 43
8 6 77
8 7 75
9 1 80
9 2 72
9 3 81
9 4 73
9 5 52
9 6 89
9 7 80
10 1 219
10 2 211
10 3 211
10 4 203
10 5 145
10 6 271
10 7 261
11 1 155
11 2 135
11 3 150
11 4 130
11 5 105
11 6 193
11 7 168
12 1 168
12 2 185
12 3 174
12 4 192
12 5 110
12 6 195
12 7 215
13 1 60
13 2 62
13 3 62
13 4 65
13 5 35
13 6 67
13 7 69
14 1 185
14 2 192
14 3 189
14 4 196
14 5 124
14 6 211
14 7 219
15 1 218
15 2 206
15 3 225
15 4 213
15 5 148
15 6 252
15 7 238
16 1 192
16 2 196
16 3 186
16 4 190
16 5 110
16 6 237
16 7 242
17 1 148
17 2 144
17 3 155
17 4 151
17 5 102
17 6 183
17 7 178
18 1 102
18 2 109
18 3 98
18 4 105
18 5 58
18 6 126
18 7 134
19 1 214
19 2 187
19 3 225
19 4 196
19 5 149
19 6 259
19 7 226
20 1 140
20 2 141
20 3 146
20 4 147
20 5 98
20 6 164
20 7 166

# Energy Consumption
1 1 0
1 2 39
1 3 0
1 4 28
1 5 15
1 6 0
1 7 22
2 1 0
2 2 29
2 3 0
2 4 27
2 5 11
2 6 0
2 7 18
3 1 0
3 2 37
3 3 0
3 4 29
3 5 13
3 6 0
3 7 23
4 1 0
4 2 30
4 3 0
4 4 20
4 5 10
4 6 0
4 7 17
5 1 0
5 2 29
5 3 0
5 4 24
5 5 15
5 6 0
5 7 19
6 1 0
6 2 51
6 3 0
6 4 43
6 5 19
6 6 0
6 7 32
7 1 0
7 2 23
7 3 0
7 4 20
7 5 11
7 6 0
7 7 16
8 1 0
8 2 20
8 3 0
8 4 14
8 5 7
8 6 0
8 7 11
9 1 0
9 2 20
9 3 0
9 4 16
9 5 9
9 6 0
9 7 11
10 1 0
10 2 59
10 3 0
10 4 42
10 5 22
10 6 0
10 7 34
11 1 0
11 2 36
11 3 0
11 4 25
11 5 16
11 6 0
11 7 24
12 1 0
12 2 49
12 3 0
12 4 40
12 5 18
12 6 0
12 7 28
13 1 0
13 2 18
13 3 0
13 4 14
13 5 6
13 6 0
13 7 10
14 1 0
14 2 57
14 3 0
14 4 39
14 5 19
14 6 0
14 7 33
15 1 0
15 2 62
15 3 0
15 4 41
15 5 22
15 6 0
15 7 35
16 1 0
16 2 50
16 3 0
16 4 41
16 5 17
16 6 0
16 7 35
17 1 0
17 2 38
17 3 0
17 4 32
17 5 15
17 6 0
17 7 23
18 1 0
18 2 30
18 3 0
18 4 21
18 5 10
18 6 0
18 7 20
19 1 0
19 2 43
19 3 0
19 4 40
19 5 23
19 6 0
19 7 32
20 1 0
20 2 39
20 3 0
20 4 30
20 5 16
20 6 0
20 7 21

# Precedence Relations
1 5
2 7
3 6
3 10
4 8
4 9
4 10
5 13
6 11
7 12
8 18
9 15
10 13
11 15
12 15
13 14
13 15
14 16
15 17
15 18
15 19
16 20
17 20
18 20
19 20

# Parameters
R_e = 0.0500
T = 1000.0
C_s = 4.0
C_w = 36.0
C_c = 5.0
