# Tasks
1 2 3 4 5 6 7 8 9 10 11

# Workstations
1 2 3 4 5 6 7 8 9 10 11

# Modes
1 2 3 4 5 6 7

# Processing Times
1 1 4
1 2 9
1 3 5
1 4 10
1 5 4
1 6 6
1 7 12
2 1 38
2 2 80
2 3 41
2 4 85
2 5 36
2 6 49
2 7 103
3 1 45
3 2 95
3 3 48
3 4 101
3 5 43
3 6 58
3 7 122
4 1 12
4 2 26
4 3 13
4 4 28
4 5 12
4 6 16
4 7 34
5 1 10
5 2 21
5 3 11
5 4 23
5 5 10
5 6 13
5 7 27
6 1 8
6 2 17
6 3 9
6 4 18
6 5 8
6 6 11
6 7 22
7 1 12
7 2 26
7 3 13
7 4 28
7 5 12
7 6 16
7 7 34
8 1 10
8 2 21
8 3 11
8 4 23
8 5 10
8 6 13
8 7 27
9 1 2
9 2 5
9 3 3
9 4 6
9 5 2
9 6 3
9 7 7
10 1 10
10 2 21
10 3 11
10 4 23
10 5 10
10 6 13
10 7 27
11 1 34
11 2 72
11 3 36
11 4 77
11 5 32
11 6 44
11 7 92

# Energy Consumption
1 1 0
1 2 3
1 3 0
1 4 3
1 5 1
1 6 0
1 7 2
2 1 0
2 2 21
2 3 0
2 4 19
2 5 6
2 6 0
2 7 15
3 1 0
3 2 26
3 3 0
3 4 19
3 5 7
3 6 0
3 7 15
4 1 0
4 2 7
4 3 0
4 4 7
4 5 2
4 6 0
4 7 5
5 1 0
5 2 6
5 3 0
5 4 5
5 5 2
5 6 0
5 7 4
6 1 0
6 2 5
6 3 0
6 4 4
6 5 2
6 6 0
6 7 4
7 1 0
7 2 7
7 3 0
7 4 6
7 5 2
7 6 0
7 7 5
8 1 0
8 2 7
8 3 0
8 4 5
8 5 2
8 6 0
8 7 4
9 1 0
9 2 2
9 3 0
9 4 2
9 5 1
9 6 0
9 7 1
10 1 0
10 2 7
10 3 0
10 4 5
10 5 2
10 6 0
10 7 4
11 1 0
11 2 21
11 3 0
11 4 17
11 5 5
11 6 0
11 7 12

# Precedence Relations
1 4
2 4
2 5
3 11
4 6
5 7
6 8
7 9
8 10
9 10
10 11

# Parameters
R_e = 0.0500
T = 600.0
C_s = 4.0
C_w = 36.0
C_c = 5.0
