# Tasks
1 2 3 4 5 6 7 8 9 10 11 12 13 14 15 16 17 18 19 20

# Workstations
1 2 3 4 5 6 7 8 9 10 11 12 13 14 15 16 17 18 19 20

# Modes
1 2 3 4 5 6 7

# Processing Times
1 1 464
1 2 488
1 3 402
1 4 423
1 5 173
1 6 468
1 7 492
2 1 154
2 2 167
2 3 143
2 4 155
2 5 61
2 6 168
2 7 182
3 1 506
3 2 526
3 3 440
3 4 457
3 5 164
3 6 517
3 7 537
4 1 476
4 2 474
4 3 424
4 4 422
4 5 144
4 6 499
4 7 496
5 1 77
5 2 84
5 3 73
5 4 79
5 5 31
5 6 83
5 7 90
6 1 155
6 2 138
6 3 141
6 4 126
6 5 63
6 6 161
6 7 143
7 1 340
7 2 303
7 3 320
7 4 285
7 5 104
7 6 364
7 7 325
8 1 467
8 2 466
8 3 432
8 4 431
8 5 187
8 6 494
8 7 493
9 1 94
9 2 95
9 3 88
9 4 89
9 5 36
9 6 98
9 7 99
10 1 65
10 2 56
10 3 61
10 4 53
10 5 23
10 6 67
10 7 58
11 1 192
11 2 177
11 3 178
11 4 164
11 5 70
11 6 199
11 7 184
12 1 127
12 2 136
12 3 120
12 4 129
12 5 50
12 6 134
12 7 143
13 1 204
13 2 200
13 3 182
13 4 179
13 5 83
13 6 205
13 7 201
14 1 108
14 2 105
14 3 97
14 4 94
14 5 47
14 6 114
14 7 111
15 1 481
15 2 463
15 3 421
15 4 405
15 5 191
15 6 493
15 7 474
16 1 213
16 2 191
16 3 185
16 4 166
16 5 87
16 6 217
16 7 194
17 1 116
17 2 107
17 3 101
17 4 93
17 5 44
17 6 122
17 7 112
18 1 74
18 2 80
18 3 64
18 4 69
18 5 25
18 6 80
18 7 87
19 1 220
19 2 235
19 3 191
19 4 204
19 5 76
19 6 231
19 7 247
20 1 117
20 2 119
20 3 101
20 4 102
20 5 51
20 6 121
20 7 123

# Energy Consumption
1 1 0
1 2 122
1 3 0
1 4 83
1 5 27
1 6 0
1 7 71
2 1 0
2 2 40
2 3 0
2 4 32
2 5 10
2 6 0
2 7 26
3 1 0
3 2 127
3 3 0
3 4 83
3 5 24
3 6 0
3 7 79
4 1 0
4 2 139
4 3 0
4 4 78
4 5 22
4 6 0
4 7 73
5 1 0
5 2 26
5 3 0
5 4 16
5 5 5
5 6 0
5 7 13
6 1 0
6 2 40
6 3 0
6 4 24
6 5 10
6 6 0
6 7 20
7 1 0
7 2 70
7 3 0
7 4 61
7 5 16
7 6 0
7 7 47
8 1 0
8 2 137
8 3 0
8 4 90
8 5 28
8 6 0
8 7 67
9 1 0
9 2 24
9 3 0
9 4 19
9 5 6
9 6 0
9 7 15
10 1 0
10 2 15
10 3 0
10 4 12
10 5 4
10 6 0
10 7 8
11 1 0
11 2 42
11 3 0
11 4 35
11 5 11
11 6 0
11 7 27
12 1 0
12 2 34
12 3 0
12 4 28
12 5 8
12 6 0
12 7 21
13 1 0
13 2 49
13 3 0
13 4 35
13 5 14
13 6 0
13 7 26
14 1 0
14 2 26
14 3 0
14 4 18
14 5 8
14 6 0
14 7 14
15 1 0
15 2 138
15 3 0
15 4 89
15 5 31
15 6 0
15 7 60
16 1 0
16 2 44
16 3 0
16 4 32
16 5 13
16 6 0
16 7 26
17 1 0
17 2 30
17 3 0
17 4 20
17 5 7
17 6 0
17 7 17
18 1 0
18 2 19
18 3 0
18 4 15
18 5 4
18 6 0
18 7 12
19 1 0
19 2 52
19 3 0
19 4 44
19 5 13
19 6 0
19 7 36
20 1 0
20 2 32
20 3 0
20 4 20
20 5 8
20 6 0
20 7 18

# Precedence Relations
1 9
2 9
3 9
4 9
5 11
5 12
8 10
9 13
9 14
9 15
9 16
14 17
15 18
17 20
18 19

# Parameters
R_e = 0.0500
T = 1000.0
C_s = 4.0
C_w = 36.0
C_c = 5.0
