# Tasks
1 2 3 4 5 6 7 8 9 10 11 12 13 14 15 16 17 18 19 20 21 22 23 24 25 26 27 28

# Workstations
1 2 3 4 5 6 7 8 9 10 11 12 13 14 15 16 17 18 19 20 21 22 23 24 25 26 27 28

# Modes
1 2 3 4 5 6 7

# Processing Times
1 1 70
1 2 108
1 3 65
1 4 99
1 5 64
1 6 81
1 7 125
2 1 59
2 2 81
2 3 53
2 4 72
2 5 49
2 6 67
2 7 92
3 1 33
3 2 43
3 3 30
3 4 39
3 5 31
3 6 40
3 7 52
4 1 6
4 2 10
4 3 6
4 4 9
4 5 5
4 6 8
4 7 13
5 1 1
5 2 2
5 3 1
5 4 2
5 5 1
5 6 2
5 7 3
6 1 27
6 2 36
6 3 24
6 4 31
6 5 24
6 6 30
6 7 40
7 1 17
7 2 21
7 3 15
7 4 19
7 5 17
7 6 21
7 7 26
8 1 62
8 2 91
8 3 57
8 4 83
8 5 52
8 6 74
8 7 109
9 1 31
9 2 40
9 3 30
9 4 38
9 5 30
9 6 36
9 7 47
10 1 53
10 2 84
10 3 46
10 4 72
10 5 45
10 6 65
10 7 103
11 1 21
11 2 28
11 3 18
11 4 24
11 5 19
11 6 27
11 7 35
12 1 19
12 2 29
12 3 18
12 4 27
12 5 16
12 6 23
12 7 34
13 1 108
13 2 165
13 3 99
13 4 151
13 5 94
13 6 120
13 7 183
14 1 52
14 2 75
14 3 49
14 4 71
14 5 46
14 6 63
14 7 90
15 1 5
15 2 8
15 3 5
15 4 8
15 5 5
15 6 7
15 7 10
16 1 8
16 2 12
16 3 8
16 4 11
16 5 8
16 6 10
16 7 15
17 1 97
17 2 118
17 3 85
17 4 104
17 5 93
17 6 121
17 7 147
18 1 8
18 2 13
18 3 7
18 4 12
18 5 8
18 6 10
18 7 17
19 1 47
19 2 67
19 3 45
19 4 64
19 5 42
19 6 58
19 7 83
20 1 67
20 2 93
20 3 58
20 4 80
20 5 58
20 6 81
20 7 113
21 1 17
21 2 21
21 3 16
21 4 19
21 5 17
21 6 21
21 7 26
22 1 8
22 2 10
22 3 8
22 4 10
22 5 8
22 6 10
22 7 12
23 1 3
23 2 4
23 3 3
23 4 4
23 5 3
23 6 4
23 7 5
24 1 21
24 2 29
24 3 19
24 4 26
24 5 18
24 6 26
24 7 36
25 1 107
25 2 139
25 3 92
25 4 119
25 5 98
25 6 120
25 7 156
26 1 3
26 2 4
26 3 3
26 4 4
26 5 3
26 6 4
26 7 5
27 1 2
27 2 4
27 3 2
27 4 4
27 5 2
27 6 3
27 7 5
28 1 72
28 2 92
28 3 62
28 4 79
28 5 59
28 6 86
28 7 109

# Energy Consumption
1 1 0
1 2 26
1 3 0
1 4 22
1 5 10
1 6 0
1 7 18
2 1 0
2 2 20
2 3 0
2 4 15
2 5 8
2 6 0
2 7 14
3 1 0
3 2 13
3 3 0
3 4 8
3 5 5
3 6 0
3 7 8
4 1 0
4 2 3
4 3 0
4 4 2
4 5 1
4 6 0
4 7 2
5 1 0
5 2 1
5 3 0
5 4 1
5 5 1
5 6 0
5 7 1
6 1 0
6 2 9
6 3 0
6 4 7
6 5 4
6 6 0
6 7 6
7 1 0
7 2 6
7 3 0
7 4 4
7 5 3
7 6 0
7 7 4
8 1 0
8 2 22
8 3 0
8 4 18
8 5 8
8 6 0
8 7 17
9 1 0
9 2 11
9 3 0
9 4 9
9 5 5
9 6 0
9 7 7
10 1 0
10 2 22
10 3 0
10 4 16
10 5 7
10 6 0
10 7 16
11 1 0
11 2 9
11 3 0
11 4 5
11 5 3
11 6 0
11 7 5
12 1 0
12 2 8
12 3 0
12 4 6
12 5 3
12 6 0
12 7 5
13 1 0
13 2 45
13 3 0
13 4 33
13 5 14
13 6 0
13 7 25
14 1 0
14 2 17
14 3 0
14 4 16
14 5 7
14 6 0
14 7 12
15 1 0
15 2 2
15 3 0
15 4 2
15 5 1
15 6 0
15 7 2
16 1 0
16 2 3
16 3 0
16 4 3
16 5 2
16 6 0
16 7 2
17 1 0
17 2 34
17 3 0
17 4 19
17 5 15
17 6 0
17 7 21
18 1 0
18 2 4
18 3 0
18 4 3
18 5 2
18 6 0
18 7 3
19 1 0
19 2 16
19 3 0
19 4 12
19 5 6
19 6 0
19 7 11
20 1 0
20 2 23
20 3 0
20 4 17
20 5 9
20 6 0
20 7 17
21 1 0
21 2 6
21 3 0
21 4 4
21 5 3
21 6 0
21 7 4
22 1 0
22 2 3
22 3 0
22 4 3
22 5 2
22 6 0
22 7 2
23 1 0
23 2 2
23 3 0
23 4 1
23 5 1
23 6 0
23 7 1
24 1 0
24 2 8
24 3 0
24 4 6
24 5 3
24 6 0
24 7 5
25 1 0
25 2 32
25 3 0
25 4 24
25 5 16
25 6 0
25 7 21
26 1 0
26 2 2
26 3 0
26 4 1
26 5 1
26 6 0
26 7 1
27 1 0
27 2 2
27 3 0
27 4 1
27 5 1
27 6 0
27 7 1
28 1 0
28 2 25
28 3 0
28 4 16
28 5 10
28 6 0
28 7 16

# Precedence Relations
1 3
1 4
1 5
1 8
1 19
1 21
1 22
1 23
1 24
1 26
2 6
2 17
3 28
4 28
5 28
6 7
7 18
8 9
9 10
10 11
10 12
11 15
12 13
13 14
13 16
14 28
15 28
16 28
17 28
18 28
19 20
20 28
21 28
22 28
23 28
24 25
25 28
26 27
27 28

# Parameters
R_e = 0.0500
T = 236.0
C_s = 4.0
C_w = 36.0
C_c = 5.0
