# Tasks
1 2 3 4 5 6 7 8 9 10 11 12 13 14 15 16 17 18 19 20

# Workstations
1 2 3 4 5 6 7 8 9 10 11 12 13 14 15 16 17 18 19 20

# Modes
1 2 3 4 5 6 7

# Processing Times
1 1 141
1 2 138
1 3 154
1 4 151
1 5 121
1 6 201
1 7 197
2 1 118
2 2 111
2 3 129
2 4 121
2 5 100
2 6 164
2 7 154
3 1 136
3 2 141
3 3 147
3 4 152
3 5 126
3 6 186
3 7 192
4 1 117
4 2 115
4 3 128
4 4 126
4 5 97
4 6 155
4 7 152
5 1 140
5 2 151
5 3 148
5 4 160
5 5 126
5 6 185
5 7 200
6 1 194
6 2 174
6 3 212
6 4 190
6 5 179
6 6 281
6 7 252
7 1 110
7 2 109
7 3 117
7 4 116
7 5 93
7 6 145
7 7 143
8 1 69
8 2 70
8 3 75
8 4 76
8 5 56
8 6 92
8 7 93
9 1 80
9 2 85
9 3 86
9 4 92
9 5 66
9 6 110
9 7 117
10 1 219
10 2 216
10 3 234
10 4 230
10 5 180
10 6 290
10 7 286
11 1 155
11 2 160
11 3 165
11 4 170
11 5 142
11 6 212
11 7 219
12 1 168
12 2 144
12 3 180
12 4 154
12 5 147
12 6 220
12 7 189
13 1 60
13 2 57
13 3 66
13 4 63
13 5 52
13 6 81
13 7 77
14 1 185
14 2 176
14 3 196
14 4 187
14 5 159
14 6 263
14 7 250
15 1 218
15 2 209
15 3 238
15 4 228
15 5 192
15 6 298
15 7 285
16 1 192
16 2 209
16 3 206
16 4 224
16 5 169
16 6 248
16 7 270
17 1 148
17 2 137
17 3 159
17 4 147
17 5 134
17 6 208
17 7 192
18 1 102
18 2 93
18 3 109
18 4 99
18 5 88
18 6 138
18 7 126
19 1 214
19 2 234
19 3 229
19 4 250
19 5 196
19 6 309
19 7 338
20 1 140
20 2 121
20 3 149
20 4 129
20 5 119
20 6 184
20 7 159

# Energy Consumption
1 1 0
1 2 31
1 3 0
1 4 33
1 5 20
1 6 0
1 7 29
2 1 0
2 2 30
2 3 0
2 4 27
2 5 16
2 6 0
2 7 22
3 1 0
3 2 32
3 3 0
3 4 30
3 5 19
3 6 0
3 7 24
4 1 0
4 2 35
4 3 0
4 4 25
4 5 14
4 6 0
4 7 20
5 1 0
5 2 38
5 3 0
5 4 33
5 5 21
5 6 0
5 7 27
6 1 0
6 2 43
6 3 0
6 4 36
6 5 29
6 6 0
6 7 35
7 1 0
7 2 32
7 3 0
7 4 24
7 5 15
7 6 0
7 7 22
8 1 0
8 2 18
8 3 0
8 4 16
8 5 9
8 6 0
8 7 12
9 1 0
9 2 23
9 3 0
9 4 20
9 5 11
9 6 0
9 7 15
10 1 0
10 2 54
10 3 0
10 4 51
10 5 28
10 6 0
10 7 37
11 1 0
11 2 41
11 3 0
11 4 32
11 5 20
11 6 0
11 7 31
12 1 0
12 2 33
12 3 0
12 4 34
12 5 23
12 6 0
12 7 25
13 1 0
13 2 16
13 3 0
13 4 12
13 5 8
13 6 0
13 7 11
14 1 0
14 2 48
14 3 0
14 4 37
14 5 26
14 6 0
14 7 33
15 1 0
15 2 58
15 3 0
15 4 50
15 5 30
15 6 0
15 7 38
16 1 0
16 2 60
16 3 0
16 4 43
16 5 27
16 6 0
16 7 39
17 1 0
17 2 34
17 3 0
17 4 31
17 5 21
17 6 0
17 7 29
18 1 0
18 2 25
18 3 0
18 4 20
18 5 14
18 6 0
18 7 16
19 1 0
19 2 53
19 3 0
19 4 50
19 5 29
19 6 0
19 7 42
20 1 0
20 2 30
20 3 0
20 4 27
20 5 18
20 6 0
20 7 22

# Precedence Relations
1 5
2 7
3 6
3 10
4 8
4 9
4 10
5 13
6 11
7 12
8 18
9 15
10 13
11 15
12 15
13 14
13 15
14 16
15 17
15 18
15 19
16 20
17 20
18 20
19 20

# Parameters
R_e = 0.0500
T = 1000.0
C_s = 4.0
C_w = 36.0
C_c = 5.0
