# Tasks
1 2 3 4 5 6 7 8 9 10 11 12 13 14 15 16 17 18 19 20 21 22 23 24 25 26 27 28 29 30 31 32 33 34 35 36 37 38 39 40 41 42 43 44 45 46 47 48 49 50 51 52 53

# Workstations
1 2 3 4 5 6 7 8 9 10 11 12 13 14 15 16 17 18 19 20 21 22 23 24 25 26 27 28 29 30 31 32 33 34 35 36 37 38 39 40 41 42 43 44 45 46 47 48 49 50 51 52 53

# Modes
1 2 3 4 5 6 7

# Processing Times
1 1 971
1 2 1260
1 3 1055
1 4 1369
1 5 629
1 6 1046
1 7 1358
2 1 142
2 2 185
2 3 155
2 4 201
2 5 92
2 6 153
2 7 200
3 1 142
3 2 185
3 3 155
3 4 201
3 5 92
3 6 153
3 7 200
4 1 142
4 2 185
4 3 155
4 4 201
4 5 92
4 6 153
4 7 200
5 1 103
5 2 134
5 3 112
5 4 146
5 5 67
5 6 111
5 7 145
6 1 96
6 2 125
6 3 105
6 4 136
6 5 63
6 6 104
6 7 135
7 1 99
7 2 129
7 3 108
7 4 141
7 5 65
7 6 107
7 7 139
8 1 1207
8 2 1566
8 3 1311
8 4 1701
8 5 782
8 6 1301
8 7 1687
9 1 160
9 2 208
9 3 174
9 4 226
9 5 104
9 6 173
9 7 225
10 1 180
10 2 234
10 3 196
10 4 255
10 5 117
10 6 194
10 7 253
11 1 82
11 2 107
11 3 90
11 4 117
11 5 54
11 6 89
11 7 116
12 1 60
12 2 78
12 3 66
12 4 85
12 5 39
12 6 65
12 7 85
13 1 112
13 2 146
13 3 122
13 4 159
13 5 73
13 6 121
13 7 158
14 1 420
14 2 545
14 3 457
14 4 592
14 5 272
14 6 453
14 7 588
15 1 1556
15 2 2019
15 3 1690
15 4 2193
15 5 1008
15 6 1677
15 7 2175
16 1 236
16 2 307
16 3 257
16 4 334
16 5 153
16 6 255
16 7 331
17 1 259
17 2 336
17 3 282
17 4 365
17 5 168
17 6 279
17 7 362
18 1 125
18 2 163
18 3 136
18 4 178
18 5 81
18 6 135
18 7 176
19 1 601
19 2 780
19 3 653
19 4 848
19 5 390
19 6 648
19 7 841
20 1 80
20 2 104
20 3 87
20 4 113
20 5 52
20 6 87
20 7 113
21 1 80
21 2 104
21 3 87
21 4 113
21 5 52
21 6 87
21 7 113
22 1 70
22 2 91
22 3 77
22 4 99
22 5 46
22 6 76
22 7 99
23 1 89
23 2 116
23 3 97
23 4 126
23 5 58
23 6 96
23 7 125
24 1 89
24 2 116
24 3 97
24 4 126
24 5 58
24 6 96
24 7 125
25 1 105
25 2 137
25 3 115
25 4 149
25 5 68
25 6 114
25 7 148
26 1 330
26 2 429
26 3 359
26 4 466
26 5 214
26 6 356
26 7 463
27 1 132
27 2 172
27 3 144
27 4 187
27 5 86
27 6 143
27 7 186
28 1 69
28 2 90
28 3 75
28 4 98
28 5 45
28 6 75
28 7 97
29 1 99
29 2 129
29 3 108
29 4 141
29 5 65
29 6 107
29 7 139
30 1 70
30 2 91
30 3 77
30 4 99
30 5 46
30 6 76
30 7 99
31 1 70
31 2 91
31 3 77
31 4 99
31 5 46
31 6 76
31 7 99
32 1 158
32 2 205
32 3 172
32 4 223
32 5 103
32 6 171
32 7 221
33 1 191
33 2 248
33 3 208
33 4 270
33 5 124
33 6 206
33 7 268
34 1 70
34 2 91
34 3 77
34 4 99
34 5 46
34 6 76
34 7 99
35 1 53
35 2 69
35 3 58
35 4 75
35 5 35
35 6 58
35 7 75
36 1 50
36 2 65
36 3 55
36 4 71
36 5 33
36 6 54
36 7 71
37 1 125
37 2 163
37 3 136
37 4 178
37 5 81
37 6 135
37 7 176
38 1 353
38 2 458
38 3 384
38 4 498
38 5 229
38 6 381
38 7 494
39 1 70
39 2 91
39 3 77
39 4 99
39 5 46
39 6 76
39 7 99
40 1 128
40 2 167
40 3 140
40 4 182
40 5 83
40 6 138
40 7 180
41 1 65
41 2 85
41 3 71
41 4 93
41 5 43
41 6 71
41 7 92
42 1 1775
42 2 2303
42 3 1928
42 4 2502
42 5 1150
42 6 1913
42 7 2481
43 1 91
43 2 119
43 3 99
43 4 130
43 5 59
43 6 99
43 7 129
44 1 91
44 2 119
44 3 99
44 4 130
44 5 59
44 6 99
44 7 129
45 1 113
45 2 147
45 3 123
45 4 160
45 5 74
45 6 122
45 7 159
46 1 487
46 2 632
46 3 529
46 4 687
46 5 316
46 6 525
46 7 681
47 1 138
47 2 180
47 3 150
47 4 196
47 5 90
47 6 149
47 7 194
48 1 80
48 2 104
48 3 87
48 4 113
48 5 52
48 6 87
48 7 113
49 1 80
49 2 104
49 3 87
49 4 113
49 5 52
49 6 87
49 7 113
50 1 65
50 2 85
50 3 71
50 4 93
50 5 43
50 6 71
50 7 92
51 1 40
51 2 52
51 3 44
51 4 57
51 5 26
51 6 44
51 7 57
52 1 742
52 2 963
52 3 806
52 4 1046
52 5 481
52 6 800
52 7 1038
53 1 1085
53 2 1408
53 3 1179
53 4 1530
53 5 703
53 6 1169
53 7 1517

# Energy Consumption
1 1 0
1 2 302
1 3 0
1 4 282
1 5 98
1 6 0
1 7 195
2 1 0
2 2 47
2 3 0
2 4 40
2 5 14
2 6 0
2 7 29
3 1 0
3 2 52
3 3 0
3 4 40
3 5 15
3 6 0
3 7 28
4 1 0
4 2 47
4 3 0
4 4 45
4 5 13
4 6 0
4 7 29
5 1 0
5 2 33
5 3 0
5 4 31
5 5 11
5 6 0
5 7 20
6 1 0
6 2 28
6 3 0
6 4 29
6 5 10
6 6 0
6 7 19
7 1 0
7 2 29
7 3 0
7 4 31
7 5 10
7 6 0
7 7 20
8 1 0
8 2 398
8 3 0
8 4 357
8 5 116
8 6 0
8 7 237
9 1 0
9 2 56
9 3 0
9 4 49
9 5 17
9 6 0
9 7 34
10 1 0
10 2 67
10 3 0
10 4 53
10 5 18
10 6 0
10 7 36
11 1 0
11 2 24
11 3 0
11 4 22
11 5 9
11 6 0
11 7 17
12 1 0
12 2 20
12 3 0
12 4 19
12 5 6
12 6 0
12 7 12
13 1 0
13 2 36
13 3 0
13 4 32
13 5 11
13 6 0
13 7 22
14 1 0
14 2 162
14 3 0
14 4 121
14 5 43
14 6 0
14 7 79
15 1 0
15 2 516
15 3 0
15 4 405
15 5 154
15 6 0
15 7 266
16 1 0
16 2 87
16 3 0
16 4 71
16 5 24
16 6 0
16 7 43
17 1 0
17 2 91
17 3 0
17 4 80
17 5 26
17 6 0
17 7 46
18 1 0
18 2 40
18 3 0
18 4 36
18 5 13
18 6 0
18 7 22
19 1 0
19 2 215
19 3 0
19 4 173
19 5 61
19 6 0
19 7 126
20 1 0
20 2 27
20 3 0
20 4 25
20 5 9
20 6 0
20 7 15
21 1 0
21 2 23
21 3 0
21 4 24
21 5 8
21 6 0
21 7 16
22 1 0
22 2 23
22 3 0
22 4 21
22 5 7
22 6 0
22 7 15
23 1 0
23 2 31
23 3 0
23 4 25
23 5 9
23 6 0
23 7 19
24 1 0
24 2 27
24 3 0
24 4 26
24 5 9
24 6 0
24 7 18
25 1 0
25 2 36
25 3 0
25 4 29
25 5 10
25 6 0
25 7 19
26 1 0
26 2 124
26 3 0
26 4 87
26 5 33
26 6 0
26 7 59
27 1 0
27 2 49
27 3 0
27 4 41
27 5 13
27 6 0
27 7 23
28 1 0
28 2 20
28 3 0
28 4 18
28 5 7
28 6 0
28 7 13
29 1 0
29 2 34
29 3 0
29 4 31
29 5 10
29 6 0
29 7 21
30 1 0
30 2 25
30 3 0
30 4 22
30 5 7
30 6 0
30 7 13
31 1 0
31 2 23
31 3 0
31 4 19
31 5 8
31 6 0
31 7 15
32 1 0
32 2 52
32 3 0
32 4 47
32 5 16
32 6 0
32 7 30
33 1 0
33 2 55
33 3 0
33 4 54
33 5 19
33 6 0
33 7 38
34 1 0
34 2 24
34 3 0
34 4 20
34 5 7
34 6 0
34 7 15
35 1 0
35 2 21
35 3 0
35 4 14
35 5 6
35 6 0
35 7 12
36 1 0
36 2 20
36 3 0
36 4 15
36 5 5
36 6 0
36 7 10
37 1 0
37 2 49
37 3 0
37 4 35
37 5 13
37 6 0
37 7 22
38 1 0
38 2 125
38 3 0
38 4 93
38 5 33
38 6 0
38 7 66
39 1 0
39 2 23
39 3 0
39 4 19
39 5 8
39 6 0
39 7 13
40 1 0
40 2 42
40 3 0
40 4 36
40 5 14
40 6 0
40 7 25
41 1 0
41 2 25
41 3 0
41 4 20
41 5 7
41 6 0
41 7 13
42 1 0
42 2 607
42 3 0
42 4 454
42 5 174
42 6 0
42 7 337
43 1 0
43 2 28
43 3 0
43 4 24
43 5 9
43 6 0
43 7 17
44 1 0
44 2 34
44 3 0
44 4 24
44 5 9
44 6 0
44 7 19
45 1 0
45 2 38
45 3 0
45 4 33
45 5 12
45 6 0
45 7 21
46 1 0
46 2 158
46 3 0
46 4 141
46 5 47
46 6 0
46 7 100
47 1 0
47 2 52
47 3 0
47 4 40
47 5 14
47 6 0
47 7 28
48 1 0
48 2 25
48 3 0
48 4 22
48 5 8
48 6 0
48 7 16
49 1 0
49 2 25
49 3 0
49 4 21
49 5 8
49 6 0
49 7 15
50 1 0
50 2 26
50 3 0
50 4 18
50 5 7
50 6 0
50 7 12
51 1 0
51 2 14
51 3 0
51 4 12
51 5 4
51 6 0
51 7 8
52 1 0
52 2 284
52 3 0
52 4 199
52 5 70
52 6 0
52 7 130
53 1 0
53 2 359
53 3 0
53 4 278
53 5 111
53 6 0
53 7 210

# Precedence Relations
1 2
1 3
1 4
1 5
1 6
1 7
2 36
3 36
4 9
5 9
6 9
7 9
8 9
9 10
10 11
11 12
12 13
12 14
12 15
13 16
13 17
13 18
14 22
15 16
15 17
16 29
16 30
16 31
17 19
18 42
19 20
19 21
19 22
20 23
21 24
22 25
23 36
24 36
25 26
26 27
27 28
28 29
28 30
28 31
28 32
28 33
28 34
29 35
30 35
31 35
32 35
33 35
34 35
35 36
36 37
37 38
37 39
37 40
38 41
39 41
40 41
41 42
42 43
42 44
42 45
42 46
42 47
43 48
44 49
45 51
45 52
46 50
47 51
47 52
48 51
48 52
49 51
49 52
50 51
50 52
51 53
52 53

# Parameters
R_e = 0.0500
T = 10000.0
C_s = 4.0
C_w = 36.0
C_c = 5.0
