# Tasks
1 2 3 4 5 6 7 8 9 10 11 12 13 14 15 16 17 18 19 20 21 22 23 24 25 26 27 28 29 30 31 32 33 34 35 36 37 38 39 40 41 42 43 44 45 46 47 48 49 50 51 52 53 54 55 56 57 58 59 60 61 62 63 64 65 66 67 68 69 70 71 72 73 74 75 76 77 78 79 80 81 82 83 84 85 86 87 88 89 90 91 92 93 94

# Workstations
1 2 3 4 5 6 7 8 9 10 11 12 13 14 15 16 17 18 19 20 21 22 23 24 25 26 27 28 29 30 31 32 33 34 35 36 37 38 39 40 41 42 43 44 45 46 47 48 49 50 51 52 53 54 55 56 57 58 59 60 61 62 63 64 65 66 67 68 69 70 71 72 73 74 75 76 77 78 79 80 81 82 83 84 85 86 87 88 89 90 91 92 93 94

# Modes
1 2 3 4 5 6 7

# Processing Times
1 1 158
1 2 167
1 3 139
1 4 146
1 5 59
1 6 166
1 7 176
2 1 42
2 2 46
2 3 37
2 4 41
2 5 14
2 6 43
2 7 47
3 1 17
3 2 18
3 3 17
3 4 17
3 5 6
3 6 19
3 7 20
4 1 24
4 2 24
4 3 21
4 4 21
4 5 11
4 6 25
4 7 25
5 1 71
5 2 78
5 3 64
5 4 70
5 5 27
5 6 72
5 7 79
6 1 66
6 2 59
6 3 62
6 4 56
6 5 28
6 6 68
6 7 61
7 1 50
7 2 45
7 3 48
7 4 43
7 5 16
7 6 51
7 7 46
8 1 55
8 2 55
8 3 49
8 4 49
8 5 22
8 6 61
8 7 61
9 1 30
9 2 31
9 3 27
9 4 28
9 5 10
9 6 32
9 7 33
10 1 28
10 2 25
10 3 25
10 4 23
10 5 12
10 6 31
10 7 27
11 1 113
11 2 104
11 3 100
11 4 92
11 5 35
11 6 116
11 7 107
12 1 114
12 2 122
12 3 101
12 4 108
12 5 37
12 6 115
12 7 123
13 1 57
13 2 56
13 3 54
13 4 53
13 5 22
13 6 63
13 7 62
14 1 65
14 2 63
14 3 58
14 4 56
14 5 26
14 6 66
14 7 64
15 1 15
15 2 15
15 3 13
15 4 13
15 5 6
15 6 17
15 7 17
16 1 11
16 2 10
16 3 11
16 4 10
16 5 5
16 6 12
16 7 11
17 1 10
17 2 10
17 3 9
17 4 9
17 5 4
17 6 11
17 7 11
18 1 19
18 2 21
18 3 18
18 4 20
18 5 9
18 6 20
18 7 22
19 1 8
19 2 9
19 3 7
19 4 8
19 5 3
19 6 9
19 7 10
20 1 17
20 2 18
20 3 17
20 4 17
20 5 7
20 6 19
20 7 20
21 1 57
21 2 56
21 3 50
21 4 49
21 5 22
21 6 58
21 7 57
22 1 40
22 2 41
22 3 38
22 4 39
22 5 16
22 6 44
22 7 45
23 1 17
23 2 16
23 3 16
23 4 15
23 5 7
23 6 19
23 7 18
24 1 11
24 2 10
24 3 10
24 4 9
24 5 5
24 6 12
24 7 11
25 1 17
25 2 18
25 3 16
25 4 17
25 5 6
25 6 18
25 7 19
26 1 27
26 2 28
26 3 24
26 4 25
26 5 9
26 6 28
26 7 29
27 1 17
27 2 15
27 3 16
27 4 14
27 5 6
27 6 19
27 7 17
28 1 18
28 2 19
28 3 16
28 4 17
28 5 6
28 6 20
28 7 21
29 1 16
29 2 16
29 3 15
29 4 15
29 5 7
29 6 17
29 7 17
30 1 18
30 2 17
30 3 17
30 4 16
30 5 8
30 6 20
30 7 19
31 1 50
31 2 48
31 3 48
31 4 46
31 5 18
31 6 52
31 7 50
32 1 18
32 2 18
32 3 16
32 4 16
32 5 7
32 6 20
32 7 20
33 1 13
33 2 14
33 3 12
33 4 13
33 5 6
33 6 14
33 7 15
34 1 21
34 2 23
34 3 19
34 4 21
34 5 9
34 6 22
34 7 24
35 1 63
35 2 64
35 3 57
35 4 58
35 5 24
35 6 66
35 7 67
36 1 8
36 2 9
36 3 7
36 4 8
36 5 4
36 6 9
36 7 10
37 1 63
37 2 62
37 3 59
37 4 58
37 5 26
37 6 64
37 7 63
38 1 9
38 2 9
38 3 9
38 4 9
38 5 3
38 6 10
38 7 10
39 1 20
39 2 19
39 3 18
39 4 17
39 5 8
39 6 21
39 7 20
40 1 72
40 2 78
40 3 69
40 4 74
40 5 24
40 6 73
40 7 79
41 1 30
41 2 27
41 3 28
41 4 25
41 5 13
41 6 33
41 7 30
42 1 69
42 2 72
42 3 66
42 4 69
42 5 23
42 6 72
42 7 75
43 1 27
43 2 25
43 3 25
43 4 23
43 5 10
43 6 29
43 7 27
44 1 9
44 2 9
44 3 9
44 4 9
44 5 3
44 6 10
44 7 10
45 1 41
45 2 44
45 3 39
45 4 42
45 5 17
45 6 43
45 7 47
46 1 38
46 2 38
46 3 34
46 4 34
46 5 17
46 6 39
46 7 39
47 1 76
47 2 82
47 3 70
47 4 76
47 5 33
47 6 82
47 7 88
48 1 31
48 2 33
48 3 27
48 4 29
48 5 13
48 6 34
48 7 36
49 1 11
49 2 12
49 3 10
49 4 11
49 5 5
49 6 12
49 7 13
50 1 29
50 2 31
50 3 25
50 4 27
50 5 11
50 6 32
50 7 34
51 1 48
51 2 50
51 3 44
51 4 46
51 5 22
51 6 52
51 7 54
52 1 8
52 2 9
52 3 8
52 4 9
52 5 4
52 6 9
52 7 10
53 1 171
53 2 163
53 3 153
53 4 145
53 5 72
53 6 188
53 7 179
54 1 48
54 2 46
54 3 44
54 4 42
54 5 19
54 6 53
54 7 51
55 1 43
55 2 40
55 3 39
55 4 36
55 5 17
55 6 44
55 7 41
56 1 18
56 2 17
56 3 17
56 4 16
56 5 7
56 6 20
56 7 19
57 1 94
57 2 84
57 3 80
57 4 72
57 5 40
57 6 102
57 7 91
58 1 9
58 2 8
58 3 9
58 4 8
58 5 4
58 6 10
58 7 9
59 1 19
59 2 17
59 3 18
59 4 17
59 5 6
59 6 20
59 7 18
60 1 24
60 2 21
60 3 23
60 4 20
60 5 10
60 6 27
60 7 23
61 1 8
61 2 7
61 3 8
61 4 7
61 5 4
61 6 9
61 7 8
62 1 34
62 2 37
62 3 30
62 4 32
62 5 12
62 6 38
62 7 41
63 1 62
63 2 56
63 3 54
63 4 49
63 5 25
63 6 65
63 7 59
64 1 12
64 2 12
64 3 11
64 4 11
64 5 6
64 6 13
64 7 13
65 1 8
65 2 9
65 3 7
65 4 8
65 5 3
65 6 9
65 7 10
66 1 47
66 2 44
66 3 44
66 4 41
66 5 20
66 6 52
66 7 49
67 1 27
67 2 28
67 3 26
67 4 27
67 5 10
67 6 29
67 7 31
68 1 18
68 2 18
68 3 17
68 4 17
68 5 8
68 6 20
68 7 20
69 1 52
69 2 50
69 3 49
69 4 47
69 5 17
69 6 53
69 7 51
70 1 65
70 2 59
70 3 62
70 4 56
70 5 23
70 6 68
70 7 61
71 1 72
71 2 68
71 3 69
71 4 65
71 5 23
71 6 78
71 7 74
72 1 51
72 2 50
72 3 46
72 4 45
72 5 21
72 6 52
72 7 51
73 1 58
73 2 50
73 3 55
73 4 48
73 5 19
73 6 59
73 7 51
74 1 53
74 2 52
74 3 49
74 4 48
74 5 18
74 6 57
74 7 56
75 1 76
75 2 70
75 3 68
75 4 63
75 5 25
75 6 80
75 7 74
76 1 93
76 2 83
76 3 81
76 4 72
76 5 31
76 6 101
76 7 90
77 1 86
77 2 83
77 3 81
77 4 78
77 5 35
77 6 93
77 7 90
78 1 76
78 2 80
78 3 71
78 4 75
78 5 24
78 6 82
78 7 87
79 1 9
79 2 9
79 3 9
79 4 9
79 5 4
79 6 10
79 7 10
80 1 14
80 2 13
80 3 14
80 4 13
80 5 7
80 6 15
80 7 14
81 1 55
81 2 61
81 3 52
81 4 57
81 5 22
81 6 58
81 7 64
82 1 32
82 2 29
82 3 29
82 4 26
82 5 14
82 6 34
82 7 31
83 1 22
83 2 20
83 3 19
83 4 18
83 5 8
83 6 24
83 7 22
84 1 35
84 2 38
84 3 30
84 4 33
84 5 12
84 6 38
84 7 41
85 1 63
85 2 66
85 3 56
85 4 58
85 5 21
85 6 65
85 7 68
86 1 59
86 2 64
86 3 55
86 4 60
86 5 22
86 6 61
86 7 66
87 1 149
87 2 142
87 3 133
87 4 127
87 5 64
87 6 159
87 7 152
88 1 40
88 2 43
88 3 36
88 4 39
88 5 14
88 6 42
88 7 45
89 1 24
89 2 26
89 3 23
89 4 25
89 5 10
89 6 26
89 7 28
90 1 123
90 2 130
90 3 108
90 4 114
90 5 43
90 6 124
90 7 131
91 1 25
91 2 26
91 3 23
91 4 24
91 5 9
91 6 26
91 7 27
92 1 115
92 2 112
92 3 105
92 4 102
92 5 42
92 6 118
92 7 115
93 1 103
93 2 97
93 3 89
93 4 84
93 5 45
93 6 113
93 7 106
94 1 54
94 2 58
94 3 48
94 4 52
94 5 20
94 6 56
94 7 60

# Energy Consumption
1 1 0
1 2 42
1 3 0
1 4 29
1 5 9
1 6 0
1 7 26
2 1 0
2 2 11
2 3 0
2 4 9
2 5 3
2 6 0
2 7 7
3 1 0
3 2 5
3 3 0
3 4 4
3 5 1
3 6 0
3 7 3
4 1 0
4 2 7
4 3 0
4 4 4
4 5 2
4 6 0
4 7 4
5 1 0
5 2 24
5 3 0
5 4 15
5 5 4
5 6 0
5 7 11
6 1 0
6 2 18
6 3 0
6 4 11
6 5 5
6 6 0
6 7 9
7 1 0
7 2 11
7 3 0
7 4 10
7 5 3
7 6 0
7 7 7
8 1 0
8 2 17
8 3 0
8 4 11
8 5 4
8 6 0
8 7 9
9 1 0
9 2 8
9 3 0
9 4 6
9 5 2
9 6 0
9 7 5
10 1 0
10 2 7
10 3 0
10 4 5
10 5 2
10 6 0
10 7 4
11 1 0
11 2 25
11 3 0
11 4 20
11 5 6
11 6 0
11 7 16
12 1 0
12 2 31
12 3 0
12 4 23
12 5 6
12 6 0
12 7 18
13 1 0
13 2 14
13 3 0
13 4 11
13 5 4
13 6 0
13 7 9
14 1 0
14 2 16
14 3 0
14 4 11
14 5 4
14 6 0
14 7 8
15 1 0
15 2 5
15 3 0
15 4 3
15 5 1
15 6 0
15 7 3
16 1 0
16 2 3
16 3 0
16 4 2
16 5 1
16 6 0
16 7 2
17 1 0
17 2 3
17 3 0
17 4 2
17 5 1
17 6 0
17 7 2
18 1 0
18 2 5
18 3 0
18 4 5
18 5 2
18 6 0
18 7 4
19 1 0
19 2 2
19 3 0
19 4 2
19 5 1
19 6 0
19 7 2
20 1 0
20 2 5
20 3 0
20 4 4
20 5 2
20 6 0
20 7 3
21 1 0
21 2 14
21 3 0
21 4 9
21 5 4
21 6 0
21 7 7
22 1 0
22 2 10
22 3 0
22 4 9
22 5 3
22 6 0
22 7 7
23 1 0
23 2 5
23 3 0
23 4 4
23 5 2
23 6 0
23 7 3
24 1 0
24 2 3
24 3 0
24 4 2
24 5 1
24 6 0
24 7 2
25 1 0
25 2 5
25 3 0
25 4 4
25 5 1
25 6 0
25 7 3
26 1 0
26 2 8
26 3 0
26 4 6
26 5 2
26 6 0
26 7 4
27 1 0
27 2 5
27 3 0
27 4 4
27 5 1
27 6 0
27 7 3
28 1 0
28 2 6
28 3 0
28 4 4
28 5 1
28 6 0
28 7 3
29 1 0
29 2 4
29 3 0
29 4 4
29 5 2
29 6 0
29 7 3
30 1 0
30 2 5
30 3 0
30 4 4
30 5 2
30 6 0
30 7 3
31 1 0
31 2 13
31 3 0
31 4 9
31 5 3
31 6 0
31 7 8
32 1 0
32 2 5
32 3 0
32 4 4
32 5 2
32 6 0
32 7 3
33 1 0
33 2 4
33 3 0
33 4 3
33 5 1
33 6 0
33 7 2
34 1 0
34 2 7
34 3 0
34 4 5
34 5 2
34 6 0
34 7 4
35 1 0
35 2 18
35 3 0
35 4 12
35 5 4
35 6 0
35 7 9
36 1 0
36 2 3
36 3 0
36 4 2
36 5 1
36 6 0
36 7 2
37 1 0
37 2 18
37 3 0
37 4 13
37 5 4
37 6 0
37 7 10
38 1 0
38 2 3
38 3 0
38 4 2
38 5 1
38 6 0
38 7 2
39 1 0
39 2 6
39 3 0
39 4 4
39 5 2
39 6 0
39 7 3
40 1 0
40 2 20
40 3 0
40 4 17
40 5 4
40 6 0
40 7 10
41 1 0
41 2 7
41 3 0
41 4 6
41 5 2
41 6 0
41 7 5
42 1 0
42 2 18
42 3 0
42 4 15
42 5 4
42 6 0
42 7 10
43 1 0
43 2 7
43 3 0
43 4 5
43 5 2
43 6 0
43 7 4
44 1 0
44 2 3
44 3 0
44 4 2
44 5 1
44 6 0
44 7 2
45 1 0
45 2 14
45 3 0
45 4 9
45 5 3
45 6 0
45 7 7
46 1 0
46 2 11
46 3 0
46 4 7
46 5 3
46 6 0
46 7 6
47 1 0
47 2 23
47 3 0
47 4 15
47 5 6
47 6 0
47 7 12
48 1 0
48 2 8
48 3 0
48 4 6
48 5 3
48 6 0
48 7 5
49 1 0
49 2 4
49 3 0
49 4 3
49 5 1
49 6 0
49 7 2
50 1 0
50 2 9
50 3 0
50 4 6
50 5 2
50 6 0
50 7 5
51 1 0
51 2 12
51 3 0
51 4 9
51 5 4
51 6 0
51 7 9
52 1 0
52 2 3
52 3 0
52 4 2
52 5 1
52 6 0
52 7 2
53 1 0
53 2 41
53 3 0
53 4 28
53 5 12
53 6 0
53 7 26
54 1 0
54 2 14
54 3 0
54 4 9
54 5 4
54 6 0
54 7 7
55 1 0
55 2 9
55 3 0
55 4 7
55 5 3
55 6 0
55 7 6
56 1 0
56 2 5
56 3 0
56 4 3
56 5 1
56 6 0
56 7 3
57 1 0
57 2 19
57 3 0
57 4 16
57 5 6
57 6 0
57 7 12
58 1 0
58 2 3
58 3 0
58 4 2
58 5 1
58 6 0
58 7 2
59 1 0
59 2 5
59 3 0
59 4 4
59 5 1
59 6 0
59 7 3
60 1 0
60 2 6
60 3 0
60 4 4
60 5 2
60 6 0
60 7 4
61 1 0
61 2 2
61 3 0
61 4 2
61 5 1
61 6 0
61 7 2
62 1 0
62 2 10
62 3 0
62 4 7
62 5 2
62 6 0
62 7 6
63 1 0
63 2 17
63 3 0
63 4 11
63 5 4
63 6 0
63 7 9
64 1 0
64 2 3
64 3 0
64 4 3
64 5 1
64 6 0
64 7 2
65 1 0
65 2 3
65 3 0
65 4 2
65 5 1
65 6 0
65 7 2
66 1 0
66 2 13
66 3 0
66 4 9
66 5 4
66 6 0
66 7 8
67 1 0
67 2 7
67 3 0
67 4 6
67 5 2
67 6 0
67 7 5
68 1 0
68 2 5
68 3 0
68 4 4
68 5 2
68 6 0
68 7 3
69 1 0
69 2 12
69 3 0
69 4 10
69 5 3
69 6 0
69 7 7
70 1 0
70 2 14
70 3 0
70 4 13
70 5 4
70 6 0
70 7 9
71 1 0
71 2 21
71 3 0
71 4 14
71 5 4
71 6 0
71 7 11
72 1 0
72 2 14
72 3 0
72 4 9
72 5 3
72 6 0
72 7 7
73 1 0
73 2 12
73 3 0
73 4 10
73 5 3
73 6 0
73 7 8
74 1 0
74 2 15
74 3 0
74 4 10
74 5 3
74 6 0
74 7 8
75 1 0
75 2 16
75 3 0
75 4 13
75 5 4
75 6 0
75 7 10
76 1 0
76 2 21
76 3 0
76 4 15
76 5 5
76 6 0
76 7 13
77 1 0
77 2 20
77 3 0
77 4 15
77 5 5
77 6 0
77 7 12
78 1 0
78 2 20
78 3 0
78 4 16
78 5 4
78 6 0
78 7 13
79 1 0
79 2 3
79 3 0
79 4 2
79 5 1
79 6 0
79 7 2
80 1 0
80 2 4
80 3 0
80 4 3
80 5 2
80 6 0
80 7 2
81 1 0
81 2 15
81 3 0
81 4 11
81 5 4
81 6 0
81 7 8
82 1 0
82 2 8
82 3 0
82 4 6
82 5 3
82 6 0
82 7 5
83 1 0
83 2 5
83 3 0
83 4 4
83 5 2
83 6 0
83 7 3
84 1 0
84 2 9
84 3 0
84 4 7
84 5 2
84 6 0
84 7 6
85 1 0
85 2 19
85 3 0
85 4 13
85 5 4
85 6 0
85 7 11
86 1 0
86 2 19
86 3 0
86 4 12
86 5 4
86 6 0
86 7 9
87 1 0
87 2 35
87 3 0
87 4 28
87 5 10
87 6 0
87 7 23
88 1 0
88 2 13
88 3 0
88 4 9
88 5 3
88 6 0
88 7 6
89 1 0
89 2 8
89 3 0
89 4 6
89 5 2
89 6 0
89 7 4
90 1 0
90 2 39
90 3 0
90 4 25
90 5 7
90 6 0
90 7 19
91 1 0
91 2 8
91 3 0
91 4 5
91 5 2
91 6 0
91 7 4
92 1 0
92 2 34
92 3 0
92 4 21
92 5 7
92 6 0
92 7 14
93 1 0
93 2 26
93 3 0
93 4 16
93 5 7
93 6 0
93 7 16
94 1 0
94 2 16
94 3 0
94 4 11
94 5 4
94 6 0
94 7 9

# Precedence Relations
1 2
1 3
1 4
1 5
1 6
1 7
1 8
1 9
1 10
2 11
2 17
3 12
4 11
4 16
5 11
5 13
5 18
5 16
6 11
6 15
6 13
6 19
7 42
8 29
9 11
10 19
10 37
10 48
10 50
11 14
12 20
12 61
12 52
13 82
14 25
14 23
14 30
14 31
14 24
14 32
14 22
14 21
14 26
14 28
14 27
14 29
15 81
16 75
17 82
18 75
19 75
20 78
21 71
21 60
21 53
21 39
21 40
21 41
22 38
22 72
22 49
22 58
23 34
23 35
24 37
24 44
25 57
25 63
25 33
25 73
25 60
25 65
25 56
26 41
26 43
27 62
27 58
27 54
27 55
27 56
28 33
28 35
28 40
28 43
28 49
28 51
28 52
28 54
29 75
30 59
30 42
30 36
31 74
32 36
32 47
32 44
32 60
32 45
32 69
32 46
32 48
32 50
33 78
34 78
35 78
36 82
37 61
37 73
37 64
37 66
37 67
37 68
37 69
37 70
37 71
37 72
37 62
38 82
39 82
40 78
41 78
42 74
43 78
44 75
45 75
46 75
46 76
47 75
48 75
49 78
50 75
51 78
52 78
53 76
53 77
54 78
55 77
56 77
57 76
57 77
58 77
59 82
60 77
61 77
62 77
63 77
64 74
65 74
66 75
66 76
67 74
68 82
69 77
69 75
70 77
70 76
71 76
72 76
73 77
74 82
75 82
76 82
77 78
78 79
78 80
79 81
80 81
81 82
82 83
83 84
83 85
84 86
85 86
86 87
87 88
88 89
88 90
89 92
90 91
90 93
92 94

# Parameters
R_e = 0.0500
T = 600.0
C_s = 4.0
C_w = 36.0
C_c = 5.0
