# Tasks
1 2 3 4 5 6 7 8 9 10 11 12 13 14 15 16 17 18 19 20

# Workstations
1 2 3 4 5 6 7 8 9 10 11 12 13 14 15 16 17 18 19 20

# Modes
1 2 3 4 5 6 7

# Processing Times
1 1 209
1 2 205
1 3 228
1 4 224
1 5 180
1 6 298
1 7 292
2 1 93
2 2 87
2 3 102
2 4 95
2 5 79
2 6 129
2 7 121
3 1 197
3 2 204
3 3 212
3 4 220
3 5 183
3 6 269
3 7 278
4 1 223
4 2 219
4 3 244
4 4 239
4 5 185
4 6 295
4 7 290
5 1 75
5 2 81
5 3 80
5 4 86
5 5 68
5 6 100
5 7 108
6 1 92
6 2 83
6 3 101
6 4 91
6 5 85
6 6 133
6 7 120
7 1 36
7 2 36
7 3 39
7 4 39
7 5 31
7 6 48
7 7 48
8 1 27
8 2 28
8 3 30
8 4 31
8 5 22
8 6 36
8 7 38
9 1 26
9 2 28
9 3 28
9 4 31
9 5 22
9 6 36
9 7 39
10 1 114
10 2 113
10 3 122
10 4 121
10 5 94
10 6 151
10 7 150
11 1 128
11 2 132
11 3 136
11 4 140
11 5 118
11 6 175
11 7 181
12 1 229
12 2 196
12 3 245
12 4 209
12 5 200
12 6 300
12 7 256
13 1 383
13 2 362
13 3 419
13 4 396
13 5 328
13 6 514
13 7 486
14 1 113
14 2 108
14 3 120
14 4 115
14 5 98
14 6 161
14 7 154
15 1 217
15 2 208
15 3 237
15 4 227
15 5 191
15 6 296
15 7 284
16 1 306
16 2 332
16 3 328
16 4 356
16 5 268
16 6 395
16 7 429
17 1 50
17 2 47
17 3 54
17 4 51
17 5 46
17 6 70
17 7 66
18 1 125
18 2 113
18 3 133
18 4 121
18 5 108
18 6 169
18 7 152
19 1 68
19 2 75
19 3 73
19 4 80
19 5 63
19 6 99
19 7 109
20 1 120
20 2 104
20 3 128
20 4 111
20 5 102
20 6 158
20 7 137

# Energy Consumption
1 1 0
1 2 46
1 3 0
1 4 49
1 5 29
1 6 0
1 7 42
2 1 0
2 2 24
2 3 0
2 4 21
2 5 13
2 6 0
2 7 17
3 1 0
3 2 46
3 3 0
3 4 43
3 5 27
3 6 0
3 7 35
4 1 0
4 2 65
4 3 0
4 4 46
4 5 27
4 6 0
4 7 38
5 1 0
5 2 21
5 3 0
5 4 18
5 5 11
5 6 0
5 7 15
6 1 0
6 2 21
6 3 0
6 4 17
6 5 14
6 6 0
6 7 17
7 1 0
7 2 11
7 3 0
7 4 8
7 5 5
7 6 0
7 7 8
8 1 0
8 2 8
8 3 0
8 4 7
8 5 4
8 6 0
8 7 5
9 1 0
9 2 8
9 3 0
9 4 7
9 5 4
9 6 0
9 7 5
10 1 0
10 2 28
10 3 0
10 4 27
10 5 15
10 6 0
10 7 20
11 1 0
11 2 34
11 3 0
11 4 26
11 5 17
11 6 0
11 7 26
12 1 0
12 2 45
12 3 0
12 4 46
12 5 31
12 6 0
12 7 33
13 1 0
13 2 97
13 3 0
13 4 75
13 5 51
13 6 0
13 7 68
14 1 0
14 2 30
14 3 0
14 4 23
14 5 16
14 6 0
14 7 21
15 1 0
15 2 58
15 3 0
15 4 49
15 5 30
15 6 0
15 7 37
16 1 0
16 2 94
16 3 0
16 4 68
16 5 43
16 6 0
16 7 61
17 1 0
17 2 12
17 3 0
17 4 11
17 5 8
17 6 0
17 7 10
18 1 0
18 2 31
18 3 0
18 4 25
18 5 17
18 6 0
18 7 19
19 1 0
19 2 17
19 3 0
19 4 16
19 5 10
19 6 0
19 7 14
20 1 0
20 2 26
20 3 0
20 4 24
20 5 15
20 6 0
20 7 19

# Precedence Relations
1 10
2 10
4 9
6 7
6 8
7 10
8 10
9 11
9 12
9 13
9 14
10 15
10 16
10 17
10 18
10 19
18 20

# Parameters
R_e = 0.0500
T = 1000.0
C_s = 4.0
C_w = 36.0
C_c = 5.0
