# Tasks
1 2 3 4 5 6 7 8 9 10 11 12 13 14 15 16 17 18 19 20 21 22 23 24 25 26 27 28 29 30 31 32 33 34 35 36 37 38 39 40 41 42 43 44 45 46 47 48 49 50

# Workstations
1 2 3 4 5 6 7 8 9 10 11 12 13 14 15 16 17 18 19 20 21 22 23 24 25 26 27 28 29 30 31 32 33 34 35 36 37 38 39 40 41 42 43 44 45 46 47 48 49 50

# Modes
1 2 3 4 5 6 7

# Processing Times
1 1 68
1 2 138
1 3 73
1 4 148
1 5 27
1 6 83
1 7 168
2 1 348
2 2 729
2 3 378
2 4 792
2 5 146
2 6 389
2 7 814
3 1 107
3 2 201
3 3 116
3 4 218
3 5 44
3 6 131
3 7 245
4 1 110
4 2 246
4 3 117
4 4 260
4 5 42
4 6 127
4 7 283
5 1 49
5 2 104
5 3 52
5 4 111
5 5 19
5 6 57
5 7 121
6 1 124
6 2 304
6 3 133
6 4 325
6 5 54
6 6 148
6 7 362
7 1 197
7 2 490
7 3 211
7 4 523
7 5 84
7 6 226
7 7 563
8 1 289
8 2 670
8 3 318
8 4 736
8 5 104
8 6 340
8 7 788
9 1 76
9 2 185
9 3 81
9 4 196
9 5 25
9 6 85
9 7 205
10 1 163
10 2 377
10 3 180
10 4 415
10 5 61
10 6 202
10 7 466
11 1 193
11 2 360
11 3 207
11 4 386
11 5 64
11 6 228
11 7 425
12 1 34
12 2 78
12 3 38
12 4 86
12 5 14
12 6 41
12 7 93
13 1 208
13 2 401
13 3 222
13 4 428
13 5 71
13 6 237
13 7 457
14 1 148
14 2 291
14 3 159
14 4 312
14 5 53
14 6 179
14 7 351
15 1 197
15 2 432
15 3 213
15 4 466
15 5 81
15 6 241
15 7 528
16 1 129
16 2 263
16 3 138
16 4 281
16 5 44
16 6 148
16 7 301
17 1 187
17 2 368
17 3 201
17 4 395
17 5 75
17 6 215
17 7 423
18 1 105
18 2 232
18 3 115
18 4 252
18 5 34
18 6 131
18 7 289
19 1 114
19 2 259
19 3 121
19 4 275
19 5 42
19 6 134
19 7 303
20 1 24
20 2 51
20 3 27
20 4 56
20 5 11
20 6 30
20 7 63
21 1 200
21 2 378
21 3 213
21 4 401
21 5 90
21 6 227
21 7 429
22 1 132
22 2 318
22 3 142
22 4 341
22 5 56
22 6 162
22 7 391
23 1 184
23 2 449
23 3 198
23 4 483
23 5 70
23 6 229
23 7 558
24 1 307
24 2 698
24 3 326
24 4 741
24 5 125
24 6 383
24 7 870
25 1 266
25 2 627
25 3 291
25 4 685
25 5 110
25 6 303
25 7 714
26 1 96
26 2 178
26 3 105
26 4 194
26 5 41
26 6 108
26 7 199
27 1 262
27 2 539
27 3 283
27 4 582
27 5 108
27 6 307
27 7 632
28 1 122
28 2 301
28 3 130
28 4 320
28 5 50
28 6 138
28 7 339
29 1 65
29 2 139
29 3 71
29 4 151
29 5 29
29 6 75
29 7 160
30 1 271
30 2 609
30 3 289
30 4 648
30 5 94
30 6 312
30 7 700
31 1 202
31 2 428
31 3 214
31 4 453
31 5 86
31 6 237
31 7 502
32 1 26
32 2 54
32 3 29
32 4 59
32 5 11
32 6 29
32 7 60
33 1 57
33 2 120
33 3 62
33 4 130
33 5 25
33 6 68
33 7 143
34 1 220
34 2 405
34 3 242
34 4 445
34 5 87
34 6 247
34 7 454
35 1 119
35 2 278
35 3 127
35 4 296
35 5 53
35 6 148
35 7 346
36 1 198
36 2 436
36 3 215
36 4 473
36 5 80
36 6 221
36 7 487
37 1 253
37 2 522
37 3 278
37 4 574
37 5 107
37 6 296
37 7 610
38 1 209
38 2 493
38 3 230
38 4 542
38 5 67
38 6 243
38 7 573
39 1 110
39 2 226
39 3 120
39 4 247
39 5 39
39 6 131
39 7 268
40 1 33
40 2 66
40 3 36
40 4 71
40 5 14
40 6 37
40 7 74
41 1 93
41 2 190
41 3 98
41 4 201
41 5 42
41 6 115
41 7 235
42 1 66
42 2 132
42 3 71
42 4 142
42 5 23
42 6 79
42 7 158
43 1 93
43 2 226
43 3 100
43 4 242
43 5 33
43 6 113
43 7 273
44 1 58
44 2 115
44 3 64
44 4 126
44 5 23
44 6 69
44 7 136
45 1 223
45 2 543
45 3 242
45 4 588
45 5 72
45 6 248
45 7 603
46 1 40
46 2 87
46 3 44
46 4 95
46 5 18
46 6 49
46 7 107
47 1 298
47 2 612
47 3 328
47 4 674
47 5 133
47 6 347
47 7 711
48 1 239
48 2 502
48 3 262
48 4 549
48 5 77
48 6 296
48 7 620
49 1 170
49 2 383
49 3 181
49 4 406
49 5 75
49 6 203
49 7 458
50 1 27
50 2 49
50 3 29
50 4 52
50 5 10
50 6 33
50 7 60

# Energy Consumption
1 1 0
1 2 35
1 3 0
1 4 33
1 5 4
1 6 0
1 7 25
2 1 0
2 2 183
2 3 0
2 4 171
2 5 23
2 6 0
2 7 113
3 1 0
3 2 46
3 3 0
3 4 42
3 5 7
3 6 0
3 7 30
4 1 0
4 2 70
4 3 0
4 4 57
4 5 7
4 6 0
4 7 37
5 1 0
5 2 27
5 3 0
5 4 24
5 5 3
5 6 0
5 7 17
6 1 0
6 2 70
6 3 0
6 4 61
6 5 8
6 6 0
6 7 50
7 1 0
7 2 142
7 3 0
7 4 105
7 5 12
7 6 0
7 7 79
8 1 0
8 2 175
8 3 0
8 4 145
8 5 15
8 6 0
8 7 111
9 1 0
9 2 51
9 3 0
9 4 43
9 5 4
9 6 0
9 7 31
10 1 0
10 2 98
10 3 0
10 4 85
10 5 9
10 6 0
10 7 62
11 1 0
11 2 83
11 3 0
11 4 70
11 5 10
11 6 0
11 7 64
12 1 0
12 2 19
12 3 0
12 4 17
12 5 3
12 6 0
12 7 13
13 1 0
13 2 104
13 3 0
13 4 86
13 5 11
13 6 0
13 7 60
14 1 0
14 2 87
14 3 0
14 4 63
14 5 8
14 6 0
14 7 51
15 1 0
15 2 127
15 3 0
15 4 98
15 5 13
15 6 0
15 7 66
16 1 0
16 2 64
16 3 0
16 4 60
16 5 7
16 6 0
16 7 38
17 1 0
17 2 102
17 3 0
17 4 79
17 5 11
17 6 0
17 7 59
18 1 0
18 2 57
18 3 0
18 4 50
18 5 6
18 6 0
18 7 42
19 1 0
19 2 66
19 3 0
19 4 56
19 5 7
19 6 0
19 7 42
20 1 0
20 2 15
20 3 0
20 4 11
20 5 2
20 6 0
20 7 9
21 1 0
21 2 104
21 3 0
21 4 88
21 5 13
21 6 0
21 7 56
22 1 0
22 2 86
22 3 0
22 4 62
22 5 9
22 6 0
22 7 57
23 1 0
23 2 114
23 3 0
23 4 89
23 5 11
23 6 0
23 7 83
24 1 0
24 2 170
24 3 0
24 4 155
24 5 19
24 6 0
24 7 111
25 1 0
25 2 171
25 3 0
25 4 137
25 5 16
25 6 0
25 7 94
26 1 0
26 2 44
26 3 0
26 4 36
26 5 6
26 6 0
26 7 27
27 1 0
27 2 158
27 3 0
27 4 116
27 5 17
27 6 0
27 7 81
28 1 0
28 2 88
28 3 0
28 4 69
28 5 8
28 6 0
28 7 45
29 1 0
29 2 39
29 3 0
29 4 32
29 5 5
29 6 0
29 7 22
30 1 0
30 2 168
30 3 0
30 4 139
30 5 15
30 6 0
30 7 101
31 1 0
31 2 100
31 3 0
31 4 87
31 5 14
31 6 0
31 7 68
32 1 0
32 2 13
32 3 0
32 4 12
32 5 2
32 6 0
32 7 8
33 1 0
33 2 30
33 3 0
33 4 27
33 5 4
33 6 0
33 7 19
34 1 0
34 2 99
34 3 0
34 4 91
34 5 13
34 6 0
34 7 66
35 1 0
35 2 72
35 3 0
35 4 65
35 5 8
35 6 0
35 7 42
36 1 0
36 2 112
36 3 0
36 4 91
36 5 13
36 6 0
36 7 64
37 1 0
37 2 121
37 3 0
37 4 117
37 5 16
37 6 0
37 7 82
38 1 0
38 2 142
38 3 0
38 4 102
38 5 10
38 6 0
38 7 82
39 1 0
39 2 59
39 3 0
39 4 47
39 5 6
39 6 0
39 7 37
40 1 0
40 2 19
40 3 0
40 4 16
40 5 2
40 6 0
40 7 10
41 1 0
41 2 45
41 3 0
41 4 39
41 5 7
41 6 0
41 7 33
42 1 0
42 2 39
42 3 0
42 4 29
42 5 4
42 6 0
42 7 24
43 1 0
43 2 54
43 3 0
43 4 53
43 5 5
43 6 0
43 7 35
44 1 0
44 2 27
44 3 0
44 4 27
44 5 4
44 6 0
44 7 19
45 1 0
45 2 155
45 3 0
45 4 112
45 5 11
45 6 0
45 7 77
46 1 0
46 2 26
46 3 0
46 4 21
46 5 3
46 6 0
46 7 14
47 1 0
47 2 146
47 3 0
47 4 130
47 5 22
47 6 0
47 7 101
48 1 0
48 2 136
48 3 0
48 4 111
48 5 12
48 6 0
48 7 85
49 1 0
49 2 109
49 3 0
49 4 77
49 5 12
49 6 0
49 7 57
50 1 0
50 2 12
50 3 0
50 4 12
50 5 2
50 6 0
50 7 8

# Precedence Relations
1 9
2 8
2 12
3 7
3 11
4 6
5 10
5 16
6 32
7 32
8 13
9 14
10 23
11 15
12 16
12 17
12 18
12 19
13 21
14 20
15 22
15 23
15 26
18 24
18 25
20 32
21 27
22 28
24 31
25 29
26 30
27 32
28 34
29 33
29 35
30 36
30 37
32 38
32 39
32 40
32 41
33 43
34 42
35 44
37 45
38 48
41 49
42 46
43 47
45 48
45 50

# Parameters
R_e = 0.0500
T = 1000.0
C_s = 4.0
C_w = 36.0
C_c = 5.0
