# Tasks
1 2 3 4 5 6 7 8 9 10 11 12 13 14 15 16 17 18 19 20 21 22 23 24 25 26 27 28 29 30 31 32 33 34 35 36 37 38 39 40 41 42 43 44 45 46 47 48 49 50 51 52 53 54 55 56 57 58 59 60 61 62 63 64 65 66 67 68 69 70 71 72 73 74 75

# Workstations
1 2 3 4 5 6 7 8 9 10 11 12 13 14 15 16 17 18 19 20 21 22 23 24 25 26 27 28 29 30 31 32 33 34 35 36 37 38 39 40 41 42 43 44 45 46 47 48 49 50 51 52 53 54 55 56 57 58 59 60 61 62 63 64 65 66 67 68 69 70 71 72 73 74 75

# Modes
1 2 3 4 5 6 7

# Processing Times
1 1 23
1 2 49
1 3 23
1 4 49
1 5 21
1 6 26
1 7 54
2 1 24
2 2 51
2 3 24
2 4 51
2 5 22
2 6 27
2 7 56
3 1 25
3 2 53
3 3 25
3 4 53
3 5 23
3 6 28
3 7 58
4 1 26
4 2 55
4 3 26
4 4 55
4 5 24
4 6 29
4 7 61
5 1 23
5 2 49
5 3 23
5 4 49
5 5 21
5 6 26
5 7 54
6 1 22
6 2 47
6 3 22
6 4 47
6 5 20
6 6 25
6 7 52
7 1 6
7 2 13
7 3 6
7 4 13
7 5 6
7 6 7
7 7 15
8 1 22
8 2 47
8 3 22
8 4 47
8 5 20
8 6 25
8 7 52
9 1 23
9 2 49
9 3 23
9 4 49
9 5 21
9 6 26
9 7 54
10 1 21
10 2 45
10 3 21
10 4 45
10 5 19
10 6 23
10 7 50
11 1 22
11 2 47
11 3 22
11 4 47
11 5 20
11 6 25
11 7 52
12 1 15
12 2 32
12 3 15
12 4 32
12 5 14
12 6 17
12 7 35
13 1 5
13 2 11
13 3 5
13 4 11
13 5 5
13 6 6
13 7 13
14 1 23
14 2 49
14 3 23
14 4 49
14 5 21
14 6 26
14 7 54
15 1 4
15 2 9
15 3 4
15 4 9
15 5 4
15 6 5
15 7 10
16 1 26
16 2 55
16 3 26
16 4 55
16 5 24
16 6 29
16 7 61
17 1 21
17 2 45
17 3 21
17 4 45
17 5 19
17 6 23
17 7 50
18 1 5
18 2 11
18 3 5
18 4 11
18 5 5
18 6 6
18 7 13
19 1 24
19 2 51
19 3 24
19 4 51
19 5 22
19 6 27
19 7 56
20 1 25
20 2 53
20 3 25
20 4 53
20 5 23
20 6 28
20 7 58
21 1 26
21 2 55
21 3 26
21 4 55
21 5 24
21 6 29
21 7 61
22 1 26
22 2 55
22 3 26
22 4 55
22 5 24
22 6 29
22 7 61
23 1 24
23 2 51
23 3 24
23 4 51
23 5 22
23 6 27
23 7 56
24 1 27
24 2 57
24 3 27
24 4 57
24 5 25
24 6 30
24 7 63
25 1 20
25 2 42
25 3 20
25 4 42
25 5 18
25 6 22
25 7 46
26 1 23
26 2 49
26 3 23
26 4 49
26 5 21
26 6 26
26 7 54
27 1 25
27 2 53
27 3 25
27 4 53
27 5 23
27 6 28
27 7 58
28 1 13
28 2 28
28 3 13
28 4 28
28 5 12
28 6 15
28 7 31
29 1 3
29 2 7
29 3 3
29 4 7
29 5 3
29 6 4
29 7 8
30 1 11
30 2 24
30 3 11
30 4 24
30 5 10
30 6 13
30 7 27
31 1 21
31 2 45
31 3 21
31 4 45
31 5 19
31 6 23
31 7 50
32 1 22
32 2 47
32 3 22
32 4 47
32 5 20
32 6 25
32 7 52
33 1 21
33 2 45
33 3 21
33 4 45
33 5 19
33 6 23
33 7 50
34 1 22
34 2 47
34 3 22
34 4 47
34 5 20
34 6 25
34 7 52
35 1 25
35 2 53
35 3 25
35 4 53
35 5 23
35 6 28
35 7 58
36 1 8
36 2 17
36 3 8
36 4 17
36 5 8
36 6 9
36 7 19
37 1 22
37 2 47
37 3 22
37 4 47
37 5 20
37 6 25
37 7 52
38 1 24
38 2 51
38 3 24
38 4 51
38 5 22
38 6 27
38 7 56
39 1 22
39 2 47
39 3 22
39 4 47
39 5 20
39 6 25
39 7 52
40 1 21
40 2 45
40 3 21
40 4 45
40 5 19
40 6 23
40 7 50
41 1 6
41 2 13
41 3 6
41 4 13
41 5 6
41 6 7
41 7 15
42 1 26
42 2 55
42 3 26
42 4 55
42 5 24
42 6 29
42 7 61
43 1 22
43 2 47
43 3 22
43 4 47
43 5 20
43 6 25
43 7 52
44 1 6
44 2 13
44 3 6
44 4 13
44 5 6
44 6 7
44 7 15
45 1 21
45 2 45
45 3 21
45 4 45
45 5 19
45 6 23
45 7 50
46 1 25
46 2 53
46 3 25
46 4 53
46 5 23
46 6 28
46 7 58
47 1 11
47 2 24
47 3 11
47 4 24
47 5 10
47 6 13
47 7 27
48 1 22
48 2 47
48 3 22
48 4 47
48 5 20
48 6 25
48 7 52
49 1 21
49 2 45
49 3 21
49 4 45
49 5 19
49 6 23
49 7 50
50 1 25
50 2 53
50 3 25
50 4 53
50 5 23
50 6 28
50 7 58
51 1 22
51 2 47
51 3 22
51 4 47
51 5 20
51 6 25
51 7 52
52 1 22
52 2 47
52 3 22
52 4 47
52 5 20
52 6 25
52 7 52
53 1 23
53 2 49
53 3 23
53 4 49
53 5 21
53 6 26
53 7 54
54 1 22
54 2 47
54 3 22
54 4 47
54 5 20
54 6 25
54 7 52
55 1 22
55 2 47
55 3 22
55 4 47
55 5 20
55 6 25
55 7 52
56 1 25
56 2 53
56 3 25
56 4 53
56 5 23
56 6 28
56 7 58
57 1 23
57 2 49
57 3 23
57 4 49
57 5 21
57 6 26
57 7 54
58 1 21
58 2 45
58 3 21
58 4 45
58 5 19
58 6 23
58 7 50
59 1 22
59 2 47
59 3 22
59 4 47
59 5 20
59 6 25
59 7 52
60 1 22
60 2 47
60 3 22
60 4 47
60 5 20
60 6 25
60 7 52
61 1 22
61 2 47
61 3 22
61 4 47
61 5 20
61 6 25
61 7 52
62 1 22
62 2 47
62 3 22
62 4 47
62 5 20
62 6 25
62 7 52
63 1 21
63 2 45
63 3 21
63 4 45
63 5 19
63 6 23
63 7 50
64 1 27
64 2 57
64 3 27
64 4 57
64 5 25
64 6 30
64 7 63
65 1 23
65 2 49
65 3 23
65 4 49
65 5 21
65 6 26
65 7 54
66 1 2
66 2 5
66 3 2
66 4 5
66 5 2
66 6 3
66 7 6
67 1 26
67 2 55
67 3 26
67 4 55
67 5 24
67 6 29
67 7 61
68 1 25
68 2 53
68 3 25
68 4 53
68 5 23
68 6 28
68 7 58
69 1 24
69 2 51
69 3 24
69 4 51
69 5 22
69 6 27
69 7 56
70 1 22
70 2 47
70 3 22
70 4 47
70 5 20
70 6 25
70 7 52
71 1 24
71 2 51
71 3 24
71 4 51
71 5 22
71 6 27
71 7 56
72 1 4
72 2 9
72 3 4
72 4 9
72 5 4
72 6 5
72 7 10
73 1 22
73 2 47
73 3 22
73 4 47
73 5 20
73 6 25
73 7 52
74 1 10
74 2 21
74 3 10
74 4 21
74 5 9
74 6 11
74 7 23
75 1 25
75 2 53
75 3 25
75 4 53
75 5 23
75 6 28
75 7 58

# Energy Consumption
1 1 0
1 2 13
1 3 0
1 4 11
1 5 4
1 6 0
1 7 8
2 1 0
2 2 13
2 3 0
2 4 11
2 5 4
2 6 0
2 7 8
3 1 0
3 2 14
3 3 0
3 4 12
3 5 4
3 6 0
3 7 8
4 1 0
4 2 15
4 3 0
4 4 12
4 5 4
4 6 0
4 7 8
5 1 0
5 2 12
5 3 0
5 4 9
5 5 4
5 6 0
5 7 7
6 1 0
6 2 13
6 3 0
6 4 9
6 5 3
6 6 0
6 7 7
7 1 0
7 2 4
7 3 0
7 4 3
7 5 1
7 6 0
7 7 3
8 1 0
8 2 14
8 3 0
8 4 10
8 5 4
8 6 0
8 7 8
9 1 0
9 2 14
9 3 0
9 4 10
9 5 4
9 6 0
9 7 8
10 1 0
10 2 13
10 3 0
10 4 10
10 5 3
10 6 0
10 7 8
11 1 0
11 2 11
11 3 0
11 4 10
11 5 4
11 6 0
11 7 7
12 1 0
12 2 8
12 3 0
12 4 8
12 5 3
12 6 0
12 7 5
13 1 0
13 2 4
13 3 0
13 4 3
13 5 1
13 6 0
13 7 2
14 1 0
14 2 13
14 3 0
14 4 10
14 5 4
14 6 0
14 7 7
15 1 0
15 2 3
15 3 0
15 4 2
15 5 1
15 6 0
15 7 2
16 1 0
16 2 15
16 3 0
16 4 11
16 5 4
16 6 0
16 7 8
17 1 0
17 2 12
17 3 0
17 4 9
17 5 4
17 6 0
17 7 7
18 1 0
18 2 4
18 3 0
18 4 3
18 5 1
18 6 0
18 7 2
19 1 0
19 2 15
19 3 0
19 4 10
19 5 4
19 6 0
19 7 9
20 1 0
20 2 13
20 3 0
20 4 11
20 5 4
20 6 0
20 7 9
21 1 0
21 2 15
21 3 0
21 4 11
21 5 4
21 6 0
21 7 9
22 1 0
22 2 13
22 3 0
22 4 12
22 5 4
22 6 0
22 7 9
23 1 0
23 2 16
23 3 0
23 4 11
23 5 4
23 6 0
23 7 9
24 1 0
24 2 17
24 3 0
24 4 12
24 5 4
24 6 0
24 7 9
25 1 0
25 2 13
25 3 0
25 4 9
25 5 3
25 6 0
25 7 6
26 1 0
26 2 12
26 3 0
26 4 10
26 5 4
26 6 0
26 7 7
27 1 0
27 2 15
27 3 0
27 4 12
27 5 4
27 6 0
27 7 9
28 1 0
28 2 9
28 3 0
28 4 6
28 5 2
28 6 0
28 7 5
29 1 0
29 2 2
29 3 0
29 4 2
29 5 1
29 6 0
29 7 2
30 1 0
30 2 6
30 3 0
30 4 5
30 5 2
30 6 0
30 7 4
31 1 0
31 2 11
31 3 0
31 4 9
31 5 3
31 6 0
31 7 7
32 1 0
32 2 15
32 3 0
32 4 9
32 5 3
32 6 0
32 7 7
33 1 0
33 2 12
33 3 0
33 4 10
33 5 3
33 6 0
33 7 8
34 1 0
34 2 11
34 3 0
34 4 10
34 5 3
34 6 0
34 7 7
35 1 0
35 2 13
35 3 0
35 4 10
35 5 4
35 6 0
35 7 8
36 1 0
36 2 4
36 3 0
36 4 4
36 5 2
36 6 0
36 7 3
37 1 0
37 2 11
37 3 0
37 4 10
37 5 3
37 6 0
37 7 7
38 1 0
38 2 13
38 3 0
38 4 10
38 5 4
38 6 0
38 7 8
39 1 0
39 2 13
39 3 0
39 4 10
39 5 4
39 6 0
39 7 7
40 1 0
40 2 11
40 3 0
40 4 9
40 5 3
40 6 0
40 7 7
41 1 0
41 2 3
41 3 0
41 4 3
41 5 1
41 6 0
41 7 2
42 1 0
42 2 13
42 3 0
42 4 12
42 5 4
42 6 0
42 7 9
43 1 0
43 2 11
43 3 0
43 4 9
43 5 4
43 6 0
43 7 8
44 1 0
44 2 3
44 3 0
44 4 3
44 5 1
44 6 0
44 7 3
45 1 0
45 2 13
45 3 0
45 4 9
45 5 3
45 6 0
45 7 7
46 1 0
46 2 14
46 3 0
46 4 11
46 5 4
46 6 0
46 7 9
47 1 0
47 2 7
47 3 0
47 4 5
47 5 2
47 6 0
47 7 4
48 1 0
48 2 13
48 3 0
48 4 9
48 5 4
48 6 0
48 7 8
49 1 0
49 2 11
49 3 0
49 4 10
49 5 3
49 6 0
49 7 7
50 1 0
50 2 16
50 3 0
50 4 11
50 5 4
50 6 0
50 7 8
51 1 0
51 2 14
51 3 0
51 4 9
51 5 3
51 6 0
51 7 7
52 1 0
52 2 15
52 3 0
52 4 10
52 5 4
52 6 0
52 7 8
53 1 0
53 2 11
53 3 0
53 4 9
53 5 4
53 6 0
53 7 8
54 1 0
54 2 15
54 3 0
54 4 11
54 5 4
54 6 0
54 7 8
55 1 0
55 2 11
55 3 0
55 4 11
55 5 4
55 6 0
55 7 7
56 1 0
56 2 16
56 3 0
56 4 12
56 5 4
56 6 0
56 7 8
57 1 0
57 2 13
57 3 0
57 4 10
57 5 4
57 6 0
57 7 8
58 1 0
58 2 14
58 3 0
58 4 9
58 5 4
58 6 0
58 7 8
59 1 0
59 2 14
59 3 0
59 4 11
59 5 4
59 6 0
59 7 7
60 1 0
60 2 11
60 3 0
60 4 10
60 5 3
60 6 0
60 7 7
61 1 0
61 2 12
61 3 0
61 4 11
61 5 4
61 6 0
61 7 7
62 1 0
62 2 12
62 3 0
62 4 10
62 5 3
62 6 0
62 7 7
63 1 0
63 2 14
63 3 0
63 4 9
63 5 3
63 6 0
63 7 7
64 1 0
64 2 15
64 3 0
64 4 12
64 5 4
64 6 0
64 7 8
65 1 0
65 2 12
65 3 0
65 4 10
65 5 4
65 6 0
65 7 8
66 1 0
66 2 2
66 3 0
66 4 1
66 5 1
66 6 0
66 7 1
67 1 0
67 2 17
67 3 0
67 4 11
67 5 4
67 6 0
67 7 9
68 1 0
68 2 16
68 3 0
68 4 10
68 5 4
68 6 0
68 7 8
69 1 0
69 2 14
69 3 0
69 4 10
69 5 4
69 6 0
69 7 7
70 1 0
70 2 13
70 3 0
70 4 9
70 5 4
70 6 0
70 7 7
71 1 0
71 2 12
71 3 0
71 4 12
71 5 4
71 6 0
71 7 9
72 1 0
72 2 3
72 3 0
72 4 2
72 5 1
72 6 0
72 7 2
73 1 0
73 2 11
73 3 0
73 4 9
73 5 3
73 6 0
73 7 7
74 1 0
74 2 6
74 3 0
74 4 5
74 5 2
74 6 0
74 7 4
75 1 0
75 2 13
75 3 0
75 4 11
75 5 4
75 6 0
75 7 9

# Precedence Relations
1 2
1 3
1 4
1 5
1 6
1 7
2 15
3 13
3 24
4 8
4 14
4 16
5 12
5 15
6 9
6 10
6 11
6 13
9 20
9 24
10 18
12 19
13 22
15 17
15 20
15 23
16 21
16 26
17 30
18 26
18 30
20 27
21 33
24 25
25 28
25 30
25 33
25 34
26 31
26 32
26 41
27 29
27 35
27 36
31 37
31 39
32 44
32 45
33 41
35 38
35 42
36 40
36 43
39 51
40 46
42 47
43 48
43 50
46 51
46 48
47 49
47 50
47 52
47 53
49 59
49 61
49 62
50 54
50 55
50 60
50 62
52 56
52 57
53 58
55 63
58 65
59 64
59 66
62 67
66 68
68 69
68 70
68 71
68 72
68 73
68 74
68 75

# Parameters
R_e = 0.0500
T = 600.0
C_s = 4.0
C_w = 36.0
C_c = 5.0
