# Tasks
1 2 3 4 5 6 7 8 9 10 11 12 13 14 15 16 17 18 19 20 21 22 23 24 25 26 27 28 29 30 31 32

# Workstations
1 2 3 4 5 6 7 8 9 10 11 12 13 14 15 16 17 18 19 20 21 22 23 24 25 26 27 28 29 30 31 32

# Modes
1 2 3 4 5 6 7

# Processing Times
1 1 458
1 2 449
1 3 490
1 4 480
1 5 392
1 6 623
1 7 611
2 1 276
2 2 258
2 3 304
2 4 284
2 5 237
2 6 350
2 7 328
3 1 520
3 2 538
3 3 554
3 4 573
3 5 458
3 6 715
3 7 740
4 1 1400
4 2 1371
4 3 1497
4 4 1466
4 5 1226
4 6 1935
4 7 1895
5 1 352
5 2 378
5 3 381
5 4 409
5 5 318
5 6 458
5 7 491
6 1 196
6 2 176
6 3 210
6 4 188
6 5 169
6 6 270
6 7 243
7 1 214
7 2 212
7 3 231
7 4 229
7 5 196
7 6 310
7 7 307
8 1 456
8 2 457
8 3 486
8 4 487
8 5 387
8 6 575
8 7 576
9 1 646
9 2 684
9 3 694
9 4 734
9 5 594
9 6 935
9 7 990
10 1 512
10 2 504
10 3 560
10 4 551
10 5 469
10 6 644
10 7 633
11 1 408
11 2 421
11 3 440
11 4 454
11 5 357
11 6 580
11 7 598
12 1 262
12 2 225
12 3 278
12 4 239
12 5 241
12 6 360
12 7 310
13 1 544
13 2 514
13 3 592
13 4 559
13 5 442
13 6 702
13 7 663
14 1 202
14 2 192
14 3 217
14 4 207
14 5 187
14 6 281
14 7 267
15 1 458
15 2 439
15 3 503
15 4 482
15 5 385
15 6 624
15 7 598
16 1 694
16 2 753
16 3 740
16 4 803
16 5 608
16 6 980
16 7 1063
17 1 616
17 2 568
17 3 674
17 4 621
17 5 533
17 6 803
17 7 740
18 1 678
18 2 612
18 3 716
18 4 646
18 5 573
18 6 909
18 7 821
19 1 328
19 2 358
19 3 347
19 4 379
19 5 272
19 6 418
19 7 456
20 1 324
20 2 280
20 3 341
20 4 295
20 5 275
20 6 462
20 7 399
21 1 100
21 2 95
21 3 106
21 4 100
21 5 93
21 6 131
21 7 124
22 1 352
22 2 325
22 3 387
22 4 357
22 5 290
22 6 486
22 7 449
23 1 544
23 2 577
23 3 589
23 4 625
23 5 502
23 6 777
23 7 824
24 1 500
24 2 450
24 3 535
24 4 482
24 5 429
24 6 648
24 7 583
25 1 382
25 2 385
25 3 410
25 4 413
25 5 327
25 6 530
25 7 535
26 1 858
26 2 902
26 3 917
26 4 964
26 5 721
26 6 1189
26 7 1250
27 1 388
27 2 355
27 3 426
27 4 390
27 5 329
27 6 498
27 7 456
28 1 352
28 2 302
28 3 386
28 4 331
28 5 292
28 6 446
28 7 382
29 1 428
29 2 377
29 3 454
29 4 400
29 5 399
29 6 549
29 7 484
30 1 238
30 2 211
30 3 251
30 4 223
30 5 215
30 6 314
30 7 279
31 1 258
31 2 269
31 3 276
31 4 288
31 5 228
31 6 370
31 7 386
32 1 196
32 2 191
32 3 210
32 4 205
32 5 168
32 6 253
32 7 247

# Energy Consumption
1 1 0
1 2 100
1 3 0
1 4 104
1 5 63
1 6 0
1 7 88
2 1 0
2 2 70
2 3 0
2 4 62
2 5 37
2 6 0
2 7 46
3 1 0
3 2 119
3 3 0
3 4 112
3 5 67
3 6 0
3 7 93
4 1 0
4 2 407
4 3 0
4 4 282
4 5 177
4 6 0
4 7 244
5 1 0
5 2 95
5 3 0
5 4 83
5 5 51
5 6 0
5 7 66
6 1 0
6 2 43
6 3 0
6 4 36
6 5 27
6 6 0
6 7 34
7 1 0
7 2 61
7 3 0
7 4 46
7 5 31
7 6 0
7 7 46
8 1 0
8 2 118
8 3 0
8 4 100
8 5 61
8 6 0
8 7 74
9 1 0
9 2 185
9 3 0
9 4 158
9 5 93
9 6 0
9 7 122
10 1 0
10 2 124
10 3 0
10 4 121
10 5 72
10 6 0
10 7 81
11 1 0
11 2 107
11 3 0
11 4 84
11 5 51
11 6 0
11 7 84
12 1 0
12 2 51
12 3 0
12 4 53
12 5 38
12 6 0
12 7 40
13 1 0
13 2 137
13 3 0
13 4 105
13 5 68
13 6 0
13 7 92
14 1 0
14 2 52
14 3 0
14 4 40
14 5 30
14 6 0
14 7 35
15 1 0
15 2 121
15 3 0
15 4 104
15 5 59
15 6 0
15 7 78
16 1 0
16 2 213
16 3 0
16 4 153
16 5 97
16 6 0
16 7 151
17 1 0
17 2 140
17 3 0
17 4 128
17 5 84
17 6 0
17 7 110
18 1 0
18 2 164
18 3 0
18 4 130
18 5 88
18 6 0
18 7 101
19 1 0
19 2 81
19 3 0
19 4 75
19 5 40
19 6 0
19 7 56
20 1 0
20 2 70
20 3 0
20 4 62
20 5 40
20 6 0
20 7 55
21 1 0
21 2 26
21 3 0
21 4 21
21 5 15
21 6 0
21 7 19
22 1 0
22 2 84
22 3 0
22 4 75
22 5 43
22 6 0
22 7 68
23 1 0
23 2 159
23 3 0
23 4 132
23 5 79
23 6 0
23 7 111
24 1 0
24 2 116
24 3 0
24 4 90
24 5 69
24 6 0
24 7 77
25 1 0
25 2 102
25 3 0
25 4 87
25 5 46
25 6 0
25 7 68
26 1 0
26 2 258
26 3 0
26 4 212
26 5 111
26 6 0
26 7 162
27 1 0
27 2 90
27 3 0
27 4 74
27 5 52
27 6 0
27 7 65
28 1 0
28 2 76
28 3 0
28 4 70
28 5 45
28 6 0
28 7 49
29 1 0
29 2 91
29 3 0
29 4 79
29 5 61
29 6 0
29 7 65
30 1 0
30 2 58
30 3 0
30 4 47
30 5 34
30 6 0
30 7 35
31 1 0
31 2 73
31 3 0
31 4 52
31 5 34
31 6 0
31 7 58
32 1 0
32 2 54
32 3 0
32 4 38
32 5 27
32 6 0
32 7 32

# Precedence Relations
1 5
2 6
3 9
4 15
5 6
6 7
6 8
6 9
7 21
8 21
9 10
9 11
10 16
11 12
12 13
13 14
13 15
14 16
14 17
15 17
16 18
17 19
18 21
19 20
20 21
21 22
21 23
21 24
22 25
23 32
24 32
25 26
26 27
27 28
28 29
29 30
30 31
31 32

# Parameters
R_e = 0.0500
T = 1894.0
C_s = 4.0
C_w = 36.0
C_c = 5.0
