# Tasks
1 2 3 4 5 6 7 8 9 10 11 12 13 14 15 16 17 18 19 20 21 22 23 24 25 26 27 28 29 30 31 32 33 34 35 36 37 38 39 40 41 42 43 44 45 46 47 48 49 50

# Workstations
1 2 3 4 5 6 7 8 9 10 11 12 13 14 15 16 17 18 19 20 21 22 23 24 25 26 27 28 29 30 31 32 33 34 35 36 37 38 39 40 41 42 43 44 45 46 47 48 49 50

# Modes
1 2 3 4 5 6 7

# Processing Times
1 1 44
1 2 44
1 3 47
1 4 47
1 5 37
1 6 63
1 7 63
2 1 83
2 2 78
2 3 90
2 4 85
2 5 71
2 6 119
2 7 112
3 1 495
3 2 512
3 3 544
3 4 563
3 5 458
3 6 663
3 7 685
4 1 256
4 2 251
4 3 270
4 4 265
4 5 211
4 6 359
4 7 352
5 1 109
5 2 117
5 3 120
5 4 129
5 5 101
5 6 157
5 7 168
6 1 224
6 2 201
6 3 236
6 4 212
6 5 193
6 6 284
6 7 255
7 1 297
7 2 293
7 3 325
7 4 321
7 5 254
7 6 380
7 7 375
8 1 30
8 2 31
8 3 33
8 4 34
8 5 26
8 6 43
8 7 45
9 1 105
9 2 112
9 3 112
9 4 119
9 5 89
9 6 145
9 7 155
10 1 432
10 2 425
10 3 469
10 4 461
10 5 358
10 6 566
10 7 557
11 1 264
11 2 273
11 3 285
11 4 295
11 5 246
11 6 356
11 7 368
12 1 104
12 2 89
12 3 114
12 4 98
12 5 94
12 6 151
12 7 129
13 1 240
13 2 227
13 3 256
13 4 242
13 5 212
13 6 321
13 7 304
14 1 128
14 2 122
14 3 138
14 4 131
14 5 110
14 6 172
14 7 164
15 1 92
15 2 89
15 3 98
15 4 94
15 5 79
15 6 119
15 7 115
16 1 69
16 2 75
16 3 76
16 4 82
16 5 66
16 6 93
16 7 101
17 1 110
17 2 102
17 3 117
17 4 109
17 5 93
17 6 157
17 7 146
18 1 335
18 2 303
18 3 363
18 4 328
18 5 288
18 6 483
18 7 437
19 1 109
19 2 119
19 3 120
19 4 131
19 5 97
19 6 155
19 7 169
20 1 26
20 2 23
20 3 28
20 4 25
20 5 23
20 6 37
20 7 33
21 1 158
21 2 150
21 3 172
21 4 163
21 5 141
21 6 217
21 7 206
22 1 66
22 2 61
22 3 72
22 4 67
22 5 56
22 6 85
22 7 78
23 1 480
23 2 509
23 3 509
23 4 539
23 5 418
23 6 681
23 7 722
24 1 53
24 2 48
24 3 56
24 4 51
24 5 50
24 6 72
24 7 65
25 1 578
25 2 582
25 3 612
25 4 616
25 5 512
25 6 802
25 7 808
26 1 292
26 2 307
26 3 312
26 4 328
26 5 243
26 6 379
26 7 399
27 1 188
27 2 172
27 3 207
27 4 189
27 5 172
27 6 244
27 7 223
28 1 94
28 2 81
28 3 100
28 4 86
28 5 82
28 6 127
28 7 110
29 1 150
29 2 133
29 3 161
29 4 143
29 5 142
29 6 217
29 7 193
30 1 179
30 2 159
30 3 189
30 4 168
30 5 152
30 6 237
30 7 210
31 1 442
31 2 461
31 3 472
31 4 493
31 5 412
31 6 563
31 7 587
32 1 193
32 2 188
32 3 210
32 4 205
32 5 158
32 6 250
32 7 244
33 1 49
33 2 47
33 3 54
33 4 52
33 5 41
33 6 63
33 7 60
34 1 143
34 2 136
34 3 153
34 4 146
34 5 116
34 6 199
34 7 190
35 1 89
35 2 88
35 3 96
35 4 95
35 5 72
35 6 122
35 7 121
36 1 259
36 2 253
36 3 284
36 4 278
36 5 245
36 6 340
36 7 333
37 1 185
37 2 190
37 3 195
37 4 200
37 5 166
37 6 262
37 7 269
38 1 280
38 2 266
38 3 295
38 4 281
38 5 241
38 6 355
38 7 338
39 1 424
39 2 442
39 3 464
39 4 484
39 5 367
39 6 607
39 7 633
40 1 33
40 2 31
40 3 36
40 4 34
40 5 29
40 6 46
40 7 43
41 1 172
41 2 181
41 3 189
41 4 199
41 5 162
41 6 240
41 7 252
42 1 171
42 2 179
42 3 182
42 4 190
42 5 160
42 6 219
42 7 230
43 1 169
43 2 165
43 3 181
43 4 177
43 5 141
43 6 218
43 7 213
44 1 327
44 2 343
44 3 356
44 4 373
44 5 266
44 6 450
44 7 472
45 1 482
45 2 419
45 3 523
45 4 455
45 5 411
45 6 636
45 7 553
46 1 287
46 2 303
46 3 304
46 4 321
46 5 246
46 6 400
46 7 423
47 1 83
47 2 77
47 3 89
47 4 83
47 5 74
47 6 115
47 7 107
48 1 425
48 2 415
48 3 449
48 4 439
48 5 346
48 6 561
48 7 547
49 1 152
49 2 146
49 3 166
49 4 160
49 5 136
49 6 204
49 7 196
50 1 374
50 2 346
50 3 403
50 4 373
50 5 337
50 6 539
50 7 499

# Energy Consumption
1 1 0
1 2 10
1 3 0
1 4 11
1 5 6
1 6 0
1 7 10
2 1 0
2 2 21
2 3 0
2 4 19
2 5 11
2 6 0
2 7 16
3 1 0
3 2 114
3 3 0
3 4 111
3 5 67
3 6 0
3 7 86
4 1 0
4 2 75
4 3 0
4 4 51
4 5 31
4 6 0
4 7 46
5 1 0
5 2 30
5 3 0
5 4 27
5 5 17
5 6 0
5 7 23
6 1 0
6 2 49
6 3 0
6 4 40
6 5 31
6 6 0
6 7 35
7 1 0
7 2 85
7 3 0
7 4 64
7 5 40
7 6 0
7 7 56
8 1 0
8 2 8
8 3 0
8 4 7
8 5 5
8 6 0
8 7 6
9 1 0
9 2 31
9 3 0
9 4 26
9 5 14
9 6 0
9 7 19
10 1 0
10 2 105
10 3 0
10 4 102
10 5 55
10 6 0
10 7 71
11 1 0
11 2 70
11 3 0
11 4 55
11 5 35
11 6 0
11 7 52
12 1 0
12 2 21
12 3 0
12 4 22
12 5 15
12 6 0
12 7 17
13 1 0
13 2 61
13 3 0
13 4 46
13 5 33
13 6 0
13 7 43
14 1 0
14 2 33
14 3 0
14 4 26
14 5 18
14 6 0
14 7 22
15 1 0
15 2 25
15 3 0
15 4 21
15 5 13
15 6 0
15 7 15
16 1 0
16 2 22
16 3 0
16 4 16
16 5 11
16 6 0
16 7 15
17 1 0
17 2 25
17 3 0
17 4 23
17 5 15
17 6 0
17 7 22
18 1 0
18 2 81
18 3 0
18 4 66
18 5 45
18 6 0
18 7 54
19 1 0
19 2 27
19 3 0
19 4 26
19 5 15
19 6 0
19 7 21
20 1 0
20 2 6
20 3 0
20 4 6
20 5 4
20 6 0
20 7 5
21 1 0
21 2 41
21 3 0
21 4 34
21 5 22
21 6 0
21 7 30
22 1 0
22 2 16
22 3 0
22 4 14
22 5 9
22 6 0
22 7 12
23 1 0
23 2 140
23 3 0
23 4 114
23 5 66
23 6 0
23 7 97
24 1 0
24 2 13
24 3 0
24 4 10
24 5 8
24 6 0
24 7 9
25 1 0
25 2 154
25 3 0
25 4 130
25 5 72
25 6 0
25 7 103
26 1 0
26 2 88
26 3 0
26 4 72
26 5 38
26 6 0
26 7 52
27 1 0
27 2 44
27 3 0
27 4 36
27 5 27
27 6 0
27 7 32
28 1 0
28 2 21
28 3 0
28 4 19
28 5 13
28 6 0
28 7 14
29 1 0
29 2 32
29 3 0
29 4 29
29 5 22
29 6 0
29 7 26
30 1 0
30 2 43
30 3 0
30 4 35
30 5 24
30 6 0
30 7 26
31 1 0
31 2 124
31 3 0
31 4 89
31 5 62
31 6 0
31 7 88
32 1 0
32 2 53
32 3 0
32 4 38
32 5 25
32 6 0
32 7 31
33 1 0
33 2 14
33 3 0
33 4 10
33 5 7
33 6 0
33 7 9
34 1 0
34 2 40
34 3 0
34 4 31
34 5 17
34 6 0
34 7 24
35 1 0
35 2 24
35 3 0
35 4 20
35 5 11
35 6 0
35 7 15
36 1 0
36 2 60
36 3 0
36 4 57
36 5 40
36 6 0
36 7 47
37 1 0
37 2 52
37 3 0
37 4 44
37 5 25
37 6 0
37 7 36
38 1 0
38 2 60
38 3 0
38 4 58
38 5 38
38 6 0
38 7 43
39 1 0
39 2 130
39 3 0
39 4 102
39 5 53
39 6 0
39 7 79
40 1 0
40 2 9
40 3 0
40 4 7
40 5 5
40 6 0
40 7 6
41 1 0
41 2 45
41 3 0
41 4 40
41 5 24
41 6 0
41 7 34
42 1 0
42 2 42
42 3 0
42 4 38
42 5 24
42 6 0
42 7 30
43 1 0
43 2 37
43 3 0
43 4 39
43 5 21
43 6 0
43 7 31
44 1 0
44 2 84
44 3 0
44 4 82
44 5 39
44 6 0
44 7 69
45 1 0
45 2 117
45 3 0
45 4 83
45 5 62
45 6 0
45 7 83
46 1 0
46 2 91
46 3 0
46 4 68
46 5 36
46 6 0
46 7 60
47 1 0
47 2 19
47 3 0
47 4 17
47 5 12
47 6 0
47 7 15
48 1 0
48 2 125
48 3 0
48 4 86
48 5 54
48 6 0
48 7 70
49 1 0
49 2 38
49 3 0
49 4 35
49 5 22
49 6 0
49 7 27
50 1 0
50 2 99
50 3 0
50 4 76
50 5 51
50 6 0
50 7 70

# Precedence Relations
1 16
2 12
3 7
3 8
3 10
4 11
5 6
5 9
6 20
7 20
9 13
9 18
9 19
11 14
11 16
11 17
12 15
13 20
14 20
15 21
15 22
15 24
18 23
18 25
20 26
20 27
20 28
20 29
20 30
20 49
21 32
22 33
23 31
24 34
26 36
27 39
31 35
32 37
33 38
35 42
36 41
37 40
38 43
38 44
40 45
41 46
42 49
42 50
43 47
44 48

# Parameters
R_e = 0.0500
T = 1000.0
C_s = 4.0
C_w = 36.0
C_c = 5.0
