# Tasks
1 2 3 4 5 6 7 8 9 10 11 12 13 14 15 16 17 18 19 20

# Workstations
1 2 3 4 5 6 7 8 9 10 11 12 13 14 15 16 17 18 19 20

# Modes
1 2 3 4 5 6 7

# Processing Times
1 1 136
1 2 265
1 3 135
1 4 262
1 5 127
1 6 144
1 7 280
2 1 106
2 2 210
2 3 110
2 4 218
2 5 101
2 6 111
2 7 219
3 1 251
3 2 514
3 3 243
3 4 497
3 5 237
3 6 271
3 7 555
4 1 272
4 2 607
4 3 278
4 4 619
4 5 235
4 6 275
4 7 613
5 1 38
5 2 71
5 3 39
5 4 73
5 5 33
5 6 42
5 7 78
6 1 132
6 2 291
6 3 128
6 4 282
6 5 119
6 6 138
6 7 303
7 1 207
7 2 432
7 3 201
7 4 420
7 5 194
7 6 211
7 7 440
8 1 105
8 2 225
8 3 107
8 4 229
8 5 88
8 6 110
8 7 235
9 1 175
9 2 360
9 3 173
9 4 355
9 5 141
9 6 185
9 7 381
10 1 207
10 2 449
10 3 215
10 4 465
10 5 169
10 6 216
10 7 467
11 1 89
11 2 203
11 3 91
11 4 206
11 5 79
11 6 95
11 7 215
12 1 133
12 2 293
12 3 132
12 4 290
12 5 118
12 6 134
12 7 294
13 1 168
13 2 390
13 3 172
13 4 398
13 5 152
13 6 184
13 7 426
14 1 43
14 2 79
14 3 42
14 4 76
14 5 38
14 6 46
14 7 84
15 1 221
15 2 521
15 3 231
15 4 543
15 5 207
15 6 229
15 7 540
16 1 121
16 2 300
16 3 126
16 4 312
16 5 113
16 6 125
16 7 309
17 1 61
17 2 112
17 3 62
17 4 114
17 5 52
17 6 65
17 7 120
18 1 30
18 2 73
18 3 31
18 4 74
18 5 28
18 6 31
18 7 74
19 1 262
19 2 530
19 3 265
19 4 535
19 5 235
19 6 268
19 7 541
20 1 153
20 2 335
20 3 150
20 4 327
20 5 145
20 6 167
20 7 365

# Energy Consumption
1 1 0
1 2 68
1 3 0
1 4 54
1 5 19
1 6 0
1 7 42
2 1 0
2 2 53
2 3 0
2 4 47
2 5 17
2 6 0
2 7 31
3 1 0
3 2 133
3 3 0
3 4 104
3 5 38
3 6 0
3 7 70
4 1 0
4 2 163
4 3 0
4 4 125
4 5 36
4 6 0
4 7 76
5 1 0
5 2 18
5 3 0
5 4 14
5 5 6
5 6 0
5 7 10
6 1 0
6 2 79
6 3 0
6 4 53
6 5 18
6 6 0
6 7 39
7 1 0
7 2 107
7 3 0
7 4 77
7 5 30
7 6 0
7 7 66
8 1 0
8 2 66
8 3 0
8 4 48
8 5 14
8 6 0
8 7 34
9 1 0
9 2 103
9 3 0
9 4 67
9 5 21
9 6 0
9 7 51
10 1 0
10 2 130
10 3 0
10 4 99
10 5 27
10 6 0
10 7 66
11 1 0
11 2 45
11 3 0
11 4 44
11 5 13
11 6 0
11 7 26
12 1 0
12 2 69
12 3 0
12 4 64
12 5 19
12 6 0
12 7 41
13 1 0
13 2 112
13 3 0
13 4 74
13 5 24
13 6 0
13 7 63
14 1 0
14 2 21
14 3 0
14 4 14
14 5 6
14 6 0
14 7 11
15 1 0
15 2 135
15 3 0
15 4 106
15 5 32
15 6 0
15 7 69
16 1 0
16 2 77
16 3 0
16 4 61
16 5 17
16 6 0
16 7 40
17 1 0
17 2 30
17 3 0
17 4 22
17 5 9
17 6 0
17 7 15
18 1 0
18 2 22
18 3 0
18 4 15
18 5 5
18 6 0
18 7 11
19 1 0
19 2 155
19 3 0
19 4 97
19 5 35
19 6 0
19 7 81
20 1 0
20 2 80
20 3 0
20 4 66
20 5 21
20 6 0
20 7 55

# Precedence Relations
1 7
2 6
2 15
3 11
4 8
5 8
6 10
7 9
8 11
9 12
10 13
11 14
11 15
12 17
13 17
14 16
15 17
16 18
17 18
17 19
17 20

# Parameters
R_e = 0.0500
T = 1000.0
C_s = 4.0
C_w = 36.0
C_c = 5.0
