# Tasks
1 2 3 4 5 6 7 8 9 10 11 12 13 14 15 16 17 18 19 20

# Workstations
1 2 3 4 5 6 7 8 9 10 11 12 13 14 15 16 17 18 19 20

# Modes
1 2 3 4 5 6 7

# Processing Times
1 1 85
1 2 84
1 3 93
1 4 92
1 5 73
1 6 121
1 7 120
2 1 262
2 2 245
2 3 286
2 4 267
2 5 221
2 6 363
2 7 339
3 1 34
3 2 36
3 3 37
3 4 39
3 5 32
3 6 47
3 7 49
4 1 93
4 2 92
4 3 102
4 4 101
4 5 78
4 6 123
4 7 122
5 1 40
5 2 43
5 3 43
5 4 46
5 5 36
5 6 53
5 7 57
6 1 149
6 2 134
6 3 163
6 4 147
6 5 138
6 6 216
6 7 194
7 1 56
7 2 56
7 3 60
7 4 60
7 5 47
7 6 74
7 7 74
8 1 103
8 2 104
8 3 111
8 4 112
8 5 83
8 6 137
8 7 138
9 1 53
9 2 57
9 3 57
9 4 62
9 5 44
9 6 73
9 7 79
10 1 41
10 2 41
10 3 44
10 4 44
10 5 34
10 6 55
10 7 55
11 1 118
11 2 122
11 3 125
11 4 130
11 5 108
11 6 162
11 7 167
12 1 121
12 2 104
12 3 129
12 4 111
12 5 106
12 6 159
12 7 136
13 1 124
13 2 118
13 3 136
13 4 129
13 5 106
13 6 167
13 7 159
14 1 44
14 2 42
14 3 47
14 4 45
14 5 38
14 6 63
14 7 60
15 1 199
15 2 191
15 3 218
15 4 209
15 5 175
15 6 272
15 7 261
16 1 95
16 2 103
16 3 102
16 4 111
16 5 84
16 6 123
16 7 133
17 1 27
17 2 25
17 3 29
17 4 27
17 5 25
17 6 38
17 7 35
18 1 151
18 2 137
18 3 161
18 4 146
18 5 130
18 6 204
18 7 185
19 1 43
19 2 47
19 3 46
19 4 51
19 5 40
19 6 62
19 7 68
20 1 95
20 2 82
20 3 101
20 4 87
20 5 81
20 6 125
20 7 108

# Energy Consumption
1 1 0
1 2 19
1 3 0
1 4 20
1 5 12
1 6 0
1 7 18
2 1 0
2 2 66
2 3 0
2 4 59
2 5 34
2 6 0
2 7 48
3 1 0
3 2 8
3 3 0
3 4 8
3 5 5
3 6 0
3 7 7
4 1 0
4 2 28
4 3 0
4 4 20
4 5 12
4 6 0
4 7 16
5 1 0
5 2 11
5 3 0
5 4 10
5 5 6
5 6 0
5 7 8
6 1 0
6 2 33
6 3 0
6 4 28
6 5 22
6 6 0
6 7 27
7 1 0
7 2 17
7 3 0
7 4 12
7 5 8
7 6 0
7 7 12
8 1 0
8 2 27
8 3 0
8 4 23
8 5 14
8 6 0
8 7 18
9 1 0
9 2 16
9 3 0
9 4 14
9 5 7
9 6 0
9 7 10
10 1 0
10 2 11
10 3 0
10 4 10
10 5 6
10 6 0
10 7 8
11 1 0
11 2 32
11 3 0
11 4 24
11 5 16
11 6 0
11 7 24
12 1 0
12 2 24
12 3 0
12 4 25
12 5 17
12 6 0
12 7 18
13 1 0
13 2 32
13 3 0
13 4 25
13 5 17
13 6 0
13 7 23
14 1 0
14 2 12
14 3 0
14 4 9
14 5 7
14 6 0
14 7 8
15 1 0
15 2 53
15 3 0
15 4 45
15 5 27
15 6 0
15 7 34
16 1 0
16 2 30
16 3 0
16 4 22
16 5 14
16 6 0
16 7 19
17 1 0
17 2 7
17 3 0
17 4 6
17 5 4
17 6 0
17 7 6
18 1 0
18 2 37
18 3 0
18 4 30
18 5 20
18 6 0
18 7 23
19 1 0
19 2 11
19 3 0
19 4 11
19 5 6
19 6 0
19 7 9
20 1 0
20 2 21
20 3 0
20 4 19
20 5 12
20 6 0
20 7 15

# Precedence Relations
1 11
2 11
3 4
3 5
4 11
5 6
5 7
5 8
5 9
5 10
6 11
7 11
8 20
9 12
10 12
11 13
11 14
11 15
11 16
12 19
14 18
14 20
15 17
16 19
16 20

# Parameters
R_e = 0.0500
T = 1000.0
C_s = 4.0
C_w = 36.0
C_c = 5.0
