# Tasks
1 2 3 4 5 6 7 8 9 10 11 12 13 14 15 16 17 18 19 20

# Workstations
1 2 3 4 5 6 7 8 9 10 11 12 13 14 15 16 17 18 19 20

# Modes
1 2 3 4 5 6 7

# Processing Times
1 1 142
1 2 139
1 3 155
1 4 152
1 5 122
1 6 203
1 7 198
2 1 34
2 2 32
2 3 37
2 4 35
2 5 29
2 6 48
2 7 45
3 1 140
3 2 145
3 3 151
3 4 156
3 5 130
3 6 191
3 7 198
4 1 214
4 2 210
4 3 234
4 4 229
4 5 178
4 6 283
4 7 278
5 1 121
5 2 130
5 3 128
5 4 137
5 5 109
5 6 160
5 7 172
6 1 279
6 2 250
6 3 305
6 4 273
6 5 257
6 6 403
6 7 362
7 1 50
7 2 50
7 3 54
7 4 54
7 5 42
7 6 66
7 7 66
8 1 282
8 2 283
8 3 304
8 4 305
8 5 227
8 6 375
8 7 376
9 1 129
9 2 137
9 3 139
9 4 147
9 5 106
9 6 177
9 7 188
10 1 175
10 2 173
10 3 187
10 4 185
10 5 144
10 6 232
10 7 229
11 1 97
11 2 100
11 3 103
11 4 106
11 5 89
11 6 133
11 7 137
12 1 132
12 2 113
12 3 141
12 4 121
12 5 116
12 6 173
12 7 148
13 1 107
13 2 102
13 3 117
13 4 112
13 5 92
13 6 144
13 7 137
14 1 132
14 2 126
14 3 140
14 4 134
14 5 114
14 6 188
14 7 179
15 1 69
15 2 67
15 3 76
15 4 74
15 5 61
15 6 95
15 7 92
16 1 169
16 2 184
16 3 181
16 4 197
16 5 148
16 6 219
16 7 238
17 1 73
17 2 68
17 3 78
17 4 73
17 5 66
17 6 103
17 7 96
18 1 231
18 2 209
18 3 246
18 4 223
18 5 199
18 6 311
18 7 281
19 1 120
19 2 131
19 3 128
19 4 140
19 5 110
19 6 173
19 7 189
20 1 186
20 2 161
20 3 198
20 4 171
20 5 158
20 6 244
20 7 212

# Energy Consumption
1 1 0
1 2 31
1 3 0
1 4 33
1 5 20
1 6 0
1 7 29
2 1 0
2 2 9
2 3 0
2 4 8
2 5 5
2 6 0
2 7 7
3 1 0
3 2 33
3 3 0
3 4 31
3 5 19
3 6 0
3 7 25
4 1 0
4 2 63
4 3 0
4 4 44
4 5 26
4 6 0
4 7 36
5 1 0
5 2 33
5 3 0
5 4 28
5 5 18
5 6 0
5 7 23
6 1 0
6 2 61
6 3 0
6 4 51
6 5 41
6 6 0
6 7 50
7 1 0
7 2 15
7 3 0
7 4 11
7 5 7
7 6 0
7 7 10
8 1 0
8 2 73
8 3 0
8 4 63
8 5 36
8 6 0
8 7 48
9 1 0
9 2 37
9 3 0
9 4 32
9 5 17
9 6 0
9 7 24
10 1 0
10 2 43
10 3 0
10 4 41
10 5 23
10 6 0
10 7 30
11 1 0
11 2 26
11 3 0
11 4 20
11 5 13
11 6 0
11 7 20
12 1 0
12 2 26
12 3 0
12 4 27
12 5 18
12 6 0
12 7 19
13 1 0
13 2 28
13 3 0
13 4 21
13 5 15
13 6 0
13 7 20
14 1 0
14 2 35
14 3 0
14 4 26
14 5 19
14 6 0
14 7 24
15 1 0
15 2 19
15 3 0
15 4 16
15 5 10
15 6 0
15 7 12
16 1 0
16 2 52
16 3 0
16 4 38
16 5 24
16 6 0
16 7 34
17 1 0
17 2 17
17 3 0
17 4 15
17 5 11
17 6 0
17 7 15
18 1 0
18 2 56
18 3 0
18 4 45
18 5 31
18 6 0
18 7 35
19 1 0
19 2 30
19 3 0
19 4 28
19 5 17
19 6 0
19 7 23
20 1 0
20 2 40
20 3 0
20 4 36
20 5 23
20 6 0
20 7 29

# Precedence Relations
1 6
2 7
4 8
5 9
6 10
7 11
8 12
10 13
11 13
12 14
12 15
13 16
13 17
13 18
14 20
15 19

# Parameters
R_e = 0.0500
T = 1000.0
C_s = 4.0
C_w = 36.0
C_c = 5.0
