# Tasks
1 2 3 4 5 6 7 8 9 10 11 12 13 14 15 16 17 18 19 20 21 22 23 24 25 26 27 28 29 30 31 32 33 34 35 36 37 38 39 40 41 42 43 44 45 46 47 48 49 50 51 52 53 54 55 56 57 58 59 60 61 62 63 64 65 66 67 68 69 70 71 72 73 74 75 76 77 78 79 80 81 82 83 84 85 86 87 88 89 90 91 92 93 94 95 96 97 98 99 100

# Workstations
1 2 3 4 5 6 7 8 9 10 11 12 13 14 15 16 17 18 19 20 21 22 23 24 25 26 27 28 29 30 31 32 33 34 35 36 37 38 39 40 41 42 43 44 45 46 47 48 49 50 51 52 53 54 55 56 57 58 59 60 61 62 63 64 65 66 67 68 69 70 71 72 73 74 75 76 77 78 79 80 81 82 83 84 85 86 87 88 89 90 91 92 93 94 95 96 97 98 99 100

# Modes
1 2 3 4 5 6 7

# Processing Times
1 1 124
1 2 189
1 3 128
1 4 195
1 5 52
1 6 173
1 7 263
2 1 461
2 2 600
2 3 441
2 4 574
2 5 188
2 6 613
2 7 798
3 1 193
3 2 295
3 3 198
3 4 303
3 5 85
3 6 257
3 7 393
4 1 190
4 2 266
4 3 185
4 4 258
4 5 57
4 6 259
4 7 362
5 1 113
5 2 166
5 3 114
5 4 167
5 5 38
5 6 153
5 7 225
6 1 201
6 2 252
6 3 203
6 4 254
6 5 66
6 6 275
6 7 344
7 1 368
7 2 455
7 3 375
7 4 464
7 5 162
7 6 480
7 7 593
8 1 160
8 2 214
8 3 164
8 4 219
8 5 58
8 6 209
8 7 280
9 1 430
9 2 672
9 3 436
9 4 680
9 5 150
9 6 572
9 7 893
10 1 56
10 2 75
10 3 54
10 4 72
10 5 22
10 6 82
10 7 109
11 1 580
11 2 844
11 3 552
11 4 802
11 5 223
11 6 733
11 7 1067
12 1 367
12 2 530
12 3 383
12 4 552
12 5 131
12 6 477
12 7 688
13 1 263
13 2 389
13 3 259
13 4 382
13 5 115
13 6 343
13 7 507
14 1 37
14 2 59
14 3 37
14 4 59
14 5 12
14 6 50
14 7 79
15 1 47
15 2 71
15 3 49
15 4 74
15 5 21
15 6 61
15 7 92
16 1 263
16 2 398
16 3 271
16 4 410
16 5 94
16 6 372
16 7 562
17 1 492
17 2 773
17 3 496
17 4 778
17 5 183
17 6 676
17 7 1062
18 1 143
18 2 196
18 3 150
18 4 205
18 5 57
18 6 185
18 7 253
19 1 221
19 2 336
19 3 230
19 4 349
19 5 90
19 6 288
19 7 437
20 1 140
20 2 199
20 3 146
20 4 207
20 5 53
20 6 195
20 7 278
21 1 530
21 2 828
21 3 541
21 4 844
21 5 213
21 6 758
21 7 1183
22 1 129
22 2 186
22 3 131
22 4 188
22 5 46
22 6 181
22 7 261
23 1 66
23 2 90
23 3 70
23 4 95
23 5 21
23 6 87
23 7 119
24 1 85
24 2 132
24 3 87
24 4 135
24 5 26
24 6 118
24 7 183
25 1 206
25 2 273
25 3 206
25 4 273
25 5 72
25 6 291
25 7 385
26 1 171
26 2 211
26 3 163
26 4 201
26 5 54
26 6 233
26 7 287
27 1 109
27 2 137
27 3 114
27 4 143
27 5 41
27 6 137
27 7 172
28 1 481
28 2 746
28 3 470
28 4 729
28 5 193
28 6 651
28 7 1010
29 1 34
29 2 53
29 3 35
29 4 54
29 5 11
29 6 43
29 7 67
30 1 527
30 2 741
30 3 535
30 4 752
30 5 203
30 6 740
30 7 1041
31 1 179
31 2 266
31 3 174
31 4 258
31 5 79
31 6 240
31 7 357
32 1 83
32 2 107
32 3 86
32 4 110
32 5 31
32 6 114
32 7 147
33 1 91
33 2 119
33 3 96
33 4 125
33 5 30
33 6 126
33 7 164
34 1 318
34 2 472
34 3 310
34 4 460
34 5 112
34 6 431
34 7 639
35 1 267
35 2 328
35 3 260
35 4 320
35 5 98
35 6 346
35 7 425
36 1 26
36 2 34
36 3 26
36 4 34
36 5 12
36 6 36
36 7 48
37 1 425
37 2 595
37 3 422
37 4 590
37 5 173
37 6 596
37 7 835
38 1 214
38 2 316
38 3 222
38 4 327
38 5 91
38 6 293
38 7 433
39 1 72
39 2 93
39 3 70
39 4 90
39 5 23
39 6 102
39 7 131
40 1 441
40 2 613
40 3 457
40 4 635
40 5 164
40 6 585
40 7 813
41 1 619
41 2 892
41 3 621
41 4 894
41 5 203
41 6 862
41 7 1242
42 1 196
42 2 296
42 3 195
42 4 294
42 5 86
42 6 253
42 7 381
43 1 256
43 2 353
43 3 254
43 4 350
43 5 87
43 6 321
43 7 442
44 1 219
44 2 298
44 3 210
44 4 286
44 5 76
44 6 310
44 7 422
45 1 487
45 2 675
45 3 493
45 4 683
45 5 177
45 6 694
45 7 962
46 1 216
46 2 267
46 3 221
46 4 273
46 5 83
46 6 287
46 7 354
47 1 160
47 2 214
47 3 164
47 4 219
47 5 59
47 6 232
47 7 310
48 1 165
48 2 233
48 3 167
48 4 236
48 5 74
48 6 225
48 7 317
49 1 79
49 2 100
49 3 79
49 4 100
49 5 29
49 6 112
49 7 142
50 1 145
50 2 205
50 3 141
50 4 199
50 5 47
50 6 204
50 7 288
51 1 124
51 2 180
51 3 121
51 4 175
51 5 48
51 6 176
51 7 255
52 1 96
52 2 149
52 3 96
52 4 149
52 5 31
52 6 123
52 7 191
53 1 238
53 2 354
53 3 248
53 4 368
53 5 107
53 6 318
53 7 473
54 1 356
54 2 501
54 3 342
54 4 481
54 5 122
54 6 455
54 7 640
55 1 422
55 2 662
55 3 443
55 4 695
55 5 150
55 6 593
55 7 929
56 1 145
56 2 204
56 3 140
56 4 197
56 5 60
56 6 202
56 7 283
57 1 99
57 2 143
57 3 96
57 4 139
57 5 38
57 6 132
57 7 190
58 1 73
58 2 108
58 3 72
58 4 106
58 5 24
58 6 94
58 7 139
59 1 199
59 2 268
59 3 203
59 4 273
59 5 72
59 6 277
59 7 373
60 1 56
60 2 76
60 3 57
60 4 77
60 5 23
60 6 75
60 7 102
61 1 83
61 2 115
61 3 88
61 4 121
61 5 28
61 6 117
61 7 162
62 1 85
62 2 104
62 3 82
62 4 100
62 5 34
62 6 108
62 7 132
63 1 122
63 2 175
63 3 127
63 4 181
63 5 44
63 6 168
63 7 240
64 1 276
64 2 417
64 3 264
64 4 399
64 5 101
64 6 381
64 7 575
65 1 224
65 2 352
65 3 232
65 4 364
65 5 81
65 6 301
65 7 472
66 1 79
66 2 108
66 3 80
66 4 109
66 5 29
66 6 100
66 7 137
67 1 208
67 2 303
67 3 199
67 4 289
67 5 90
67 6 294
67 7 429
68 1 97
68 2 146
68 3 96
68 4 144
68 5 31
68 6 137
68 7 206
69 1 195
69 2 295
69 3 201
69 4 303
69 5 79
69 6 250
69 7 378
70 1 273
70 2 407
70 3 275
70 4 410
70 5 106
70 6 345
70 7 514
71 1 188
71 2 262
71 3 186
71 4 259
71 5 85
71 6 238
71 7 332
72 1 240
72 2 363
72 3 241
72 4 365
72 5 74
72 6 337
72 7 510
73 1 340
73 2 435
73 3 336
73 4 430
73 5 147
73 6 450
73 7 576
74 1 384
74 2 573
74 3 368
74 4 548
74 5 163
74 6 551
74 7 822
75 1 564
75 2 849
75 3 585
75 4 880
75 5 230
75 6 712
75 7 1072
76 1 139
76 2 193
76 3 141
76 4 195
76 5 48
76 6 199
76 7 276
77 1 90
77 2 135
77 3 94
77 4 140
77 5 40
77 6 122
77 7 182
78 1 123
78 2 171
78 3 120
78 4 167
78 5 38
78 6 169
78 7 235
79 1 183
79 2 255
79 3 178
79 4 247
79 5 77
79 6 233
79 7 324
80 1 530
80 2 793
80 3 509
80 4 761
80 5 214
80 6 750
80 7 1122
81 1 153
81 2 187
81 3 161
81 4 196
81 5 54
81 6 199
81 7 244
82 1 77
82 2 116
82 3 81
82 4 121
82 5 31
82 6 106
82 7 159
83 1 254
83 2 341
83 3 244
83 4 327
83 5 89
83 6 329
83 7 441
84 1 250
84 2 360
84 3 251
84 4 362
84 5 92
84 6 337
84 7 485
85 1 491
85 2 601
85 3 497
85 4 609
85 5 203
85 6 649
85 7 794
86 1 103
86 2 153
86 3 103
86 4 153
86 5 42
86 6 140
86 7 207
87 1 104
87 2 157
87 3 104
87 4 157
87 5 47
87 6 147
87 7 222
88 1 125
88 2 178
88 3 126
88 4 180
88 5 45
88 6 160
88 7 227
89 1 124
89 2 169
89 3 127
89 4 172
89 5 38
89 6 163
89 7 222
90 1 51
90 2 74
90 3 49
90 4 71
90 5 20
90 6 67
90 7 97
91 1 91
91 2 125
91 3 96
91 4 132
91 5 29
91 6 117
91 7 161
92 1 256
92 2 385
92 3 255
92 4 383
92 5 101
92 6 341
92 7 513
93 1 604
93 2 758
93 3 628
93 4 788
93 5 231
93 6 803
93 7 1008
94 1 517
94 2 623
94 3 523
94 4 630
94 5 181
94 6 655
94 7 789
95 1 159
95 2 233
95 3 166
95 4 244
95 5 66
95 6 208
95 7 304
96 1 92
96 2 129
96 3 94
96 4 131
96 5 39
96 6 121
96 7 169
97 1 210
97 2 259
97 3 204
97 4 252
97 5 72
97 6 272
97 7 336
98 1 231
98 2 294
98 3 229
98 4 292
98 5 89
98 6 320
98 7 407
99 1 249
99 2 303
99 3 261
99 4 318
99 5 100
99 6 331
99 7 402
100 1 123
100 2 194
100 3 128
100 4 202
100 5 51
100 6 155
100 7 244

# Energy Consumption
1 1 0
1 2 44
1 3 0
1 4 39
1 5 8
1 6 0
1 7 37
2 1 0
2 2 134
2 3 0
2 4 117
2 5 28
2 6 0
2 7 104
3 1 0
3 2 86
3 3 0
3 4 57
3 5 14
3 6 0
3 7 48
4 1 0
4 2 63
4 3 0
4 4 55
4 5 9
4 6 0
4 7 50
5 1 0
5 2 45
5 3 0
5 4 32
5 5 6
5 6 0
5 7 31
6 1 0
6 2 69
6 3 0
6 4 54
6 5 10
6 6 0
6 7 46
7 1 0
7 2 124
7 3 0
7 4 101
7 5 26
7 6 0
7 7 79
8 1 0
8 2 59
8 3 0
8 4 48
8 5 9
8 6 0
8 7 35
9 1 0
9 2 164
9 3 0
9 4 127
9 5 22
9 6 0
9 7 114
10 1 0
10 2 19
10 3 0
10 4 14
10 5 4
10 6 0
10 7 16
11 1 0
11 2 242
11 3 0
11 4 147
11 5 32
11 6 0
11 7 148
12 1 0
12 2 133
12 3 0
12 4 116
12 5 20
12 6 0
12 7 84
13 1 0
13 2 98
13 3 0
13 4 80
13 5 19
13 6 0
13 7 69
14 1 0
14 2 14
14 3 0
14 4 12
14 5 2
14 6 0
14 7 12
15 1 0
15 2 20
15 3 0
15 4 15
15 5 4
15 6 0
15 7 14
16 1 0
16 2 90
16 3 0
16 4 79
16 5 15
16 6 0
16 7 69
17 1 0
17 2 229
17 3 0
17 4 148
17 5 27
17 6 0
17 7 154
18 1 0
18 2 47
18 3 0
18 4 45
18 5 9
18 6 0
18 7 32
19 1 0
19 2 95
19 3 0
19 4 68
19 5 14
19 6 0
19 7 63
20 1 0
20 2 60
20 3 0
20 4 43
20 5 9
20 6 0
20 7 34
21 1 0
21 2 207
21 3 0
21 4 167
21 5 34
21 6 0
21 7 156
22 1 0
22 2 43
22 3 0
22 4 35
22 5 7
22 6 0
22 7 39
23 1 0
23 2 22
23 3 0
23 4 18
23 5 3
23 6 0
23 7 16
24 1 0
24 2 32
24 3 0
24 4 25
24 5 4
24 6 0
24 7 23
25 1 0
25 2 68
25 3 0
25 4 51
25 5 12
25 6 0
25 7 53
26 1 0
26 2 48
26 3 0
26 4 44
26 5 9
26 6 0
26 7 35
27 1 0
27 2 39
27 3 0
27 4 27
27 5 7
27 6 0
27 7 24
28 1 0
28 2 202
28 3 0
28 4 132
28 5 29
28 6 0
28 7 122
29 1 0
29 2 15
29 3 0
29 4 11
29 5 2
29 6 0
29 7 10
30 1 0
30 2 217
30 3 0
30 4 155
30 5 30
30 6 0
30 7 144
31 1 0
31 2 69
31 3 0
31 4 50
31 5 13
31 6 0
31 7 44
32 1 0
32 2 29
32 3 0
32 4 21
32 5 5
32 6 0
32 7 19
33 1 0
33 2 29
33 3 0
33 4 24
33 5 5
33 6 0
33 7 25
34 1 0
34 2 122
34 3 0
34 4 94
34 5 18
34 6 0
34 7 84
35 1 0
35 2 86
35 3 0
35 4 58
35 5 15
35 6 0
35 7 54
36 1 0
36 2 8
36 3 0
36 4 7
36 5 2
36 6 0
36 7 7
37 1 0
37 2 164
37 3 0
37 4 127
37 5 26
37 6 0
37 7 121
38 1 0
38 2 82
38 3 0
38 4 72
38 5 13
38 6 0
38 7 54
39 1 0
39 2 22
39 3 0
39 4 18
39 5 4
39 6 0
39 7 16
40 1 0
40 2 149
40 3 0
40 4 130
40 5 25
40 6 0
40 7 122
41 1 0
41 2 262
41 3 0
41 4 195
41 5 32
41 6 0
41 7 174
42 1 0
42 2 83
42 3 0
42 4 58
42 5 14
42 6 0
42 7 47
43 1 0
43 2 106
43 3 0
43 4 74
43 5 13
43 6 0
43 7 64
44 1 0
44 2 84
44 3 0
44 4 57
44 5 11
44 6 0
44 7 58
45 1 0
45 2 174
45 3 0
45 4 143
45 5 27
45 6 0
45 7 127
46 1 0
46 2 67
46 3 0
46 4 51
46 5 14
46 6 0
46 7 50
47 1 0
47 2 59
47 3 0
47 4 41
47 5 9
47 6 0
47 7 38
48 1 0
48 2 63
48 3 0
48 4 51
48 5 12
48 6 0
48 7 46
49 1 0
49 2 25
49 3 0
49 4 19
49 5 5
49 6 0
49 7 20
50 1 0
50 2 58
50 3 0
50 4 41
50 5 8
50 6 0
50 7 42
51 1 0
51 2 41
51 3 0
51 4 38
51 5 7
51 6 0
51 7 35
52 1 0
52 2 39
52 3 0
52 4 28
52 5 5
52 6 0
52 7 24
53 1 0
53 2 103
53 3 0
53 4 67
53 5 17
53 6 0
53 7 60
54 1 0
54 2 131
54 3 0
54 4 93
54 5 20
54 6 0
54 7 96
55 1 0
55 2 153
55 3 0
55 4 130
55 5 24
55 6 0
55 7 133
56 1 0
56 2 53
56 3 0
56 4 37
56 5 9
56 6 0
56 7 39
57 1 0
57 2 38
57 3 0
57 4 27
57 5 6
57 6 0
57 7 25
58 1 0
58 2 24
58 3 0
58 4 23
58 5 4
58 6 0
58 7 17
59 1 0
59 2 69
59 3 0
59 4 58
59 5 12
59 6 0
59 7 51
60 1 0
60 2 22
60 3 0
60 4 17
60 5 4
60 6 0
60 7 13
61 1 0
61 2 27
61 3 0
61 4 25
61 5 5
61 6 0
61 7 20
62 1 0
62 2 31
62 3 0
62 4 21
62 5 6
62 6 0
62 7 20
63 1 0
63 2 43
63 3 0
63 4 37
63 5 7
63 6 0
63 7 36
64 1 0
64 2 112
64 3 0
64 4 82
64 5 15
64 6 0
64 7 86
65 1 0
65 2 98
65 3 0
65 4 72
65 5 13
65 6 0
65 7 67
66 1 0
66 2 27
66 3 0
66 4 21
66 5 5
66 6 0
66 7 20
67 1 0
67 2 82
67 3 0
67 4 62
67 5 14
67 6 0
67 7 62
68 1 0
68 2 39
68 3 0
68 4 27
68 5 5
68 6 0
68 7 29
69 1 0
69 2 88
69 3 0
69 4 62
69 5 13
69 6 0
69 7 47
70 1 0
70 2 114
70 3 0
70 4 77
70 5 16
70 6 0
70 7 77
71 1 0
71 2 70
71 3 0
71 4 48
71 5 14
71 6 0
71 7 44
72 1 0
72 2 102
72 3 0
72 4 79
72 5 12
72 6 0
72 7 70
73 1 0
73 2 109
73 3 0
73 4 94
73 5 22
73 6 0
73 7 77
74 1 0
74 2 135
74 3 0
74 4 111
74 5 26
74 6 0
74 7 107
75 1 0
75 2 243
75 3 0
75 4 179
75 5 34
75 6 0
75 7 136
76 1 0
76 2 50
76 3 0
76 4 39
76 5 8
76 6 0
76 7 36
77 1 0
77 2 39
77 3 0
77 4 29
77 5 7
77 6 0
77 7 27
78 1 0
78 2 39
78 3 0
78 4 34
78 5 6
78 6 0
78 7 30
79 1 0
79 2 69
79 3 0
79 4 52
79 5 12
79 6 0
79 7 42
80 1 0
80 2 195
80 3 0
80 4 148
80 5 34
80 6 0
80 7 136
81 1 0
81 2 55
81 3 0
81 4 39
81 5 8
81 6 0
81 7 34
82 1 0
82 2 32
82 3 0
82 4 23
82 5 5
82 6 0
82 7 20
83 1 0
83 2 92
83 3 0
83 4 64
83 5 15
83 6 0
83 7 54
84 1 0
84 2 106
84 3 0
84 4 69
84 5 14
84 6 0
84 7 61
85 1 0
85 2 158
85 3 0
85 4 129
85 5 30
85 6 0
85 7 105
86 1 0
86 2 38
86 3 0
86 4 31
86 5 7
86 6 0
86 7 30
87 1 0
87 2 38
87 3 0
87 4 34
87 5 8
87 6 0
87 7 31
88 1 0
88 2 49
88 3 0
88 4 35
88 5 7
88 6 0
88 7 28
89 1 0
89 2 42
89 3 0
89 4 37
89 5 6
89 6 0
89 7 33
90 1 0
90 2 20
90 3 0
90 4 14
90 5 3
90 6 0
90 7 12
91 1 0
91 2 33
91 3 0
91 4 29
91 5 5
91 6 0
91 7 23
92 1 0
92 2 114
92 3 0
92 4 80
92 5 16
92 6 0
92 7 68
93 1 0
93 2 222
93 3 0
93 4 172
93 5 35
93 6 0
93 7 136
94 1 0
94 2 138
94 3 0
94 4 137
94 5 28
94 6 0
94 7 105
95 1 0
95 2 63
95 3 0
95 4 46
95 5 10
95 6 0
95 7 42
96 1 0
96 2 34
96 3 0
96 4 25
96 5 6
96 6 0
96 7 23
97 1 0
97 2 78
97 3 0
97 4 53
97 5 11
97 6 0
97 7 42
98 1 0
98 2 73
98 3 0
98 4 63
98 5 13
98 6 0
98 7 55
99 1 0
99 2 85
99 3 0
99 4 65
99 5 15
99 6 0
99 7 51
100 1 0
100 2 55
100 3 0
100 4 38
100 5 8
100 6 0
100 7 33

# Precedence Relations
1 7
2 8
3 10
4 9
4 11
4 12
4 13
4 15
4 31
5 24
6 14
7 19
8 16
9 18
10 19
11 17
11 20
11 23
11 89
11 90
13 91
13 92
14 21
14 24
15 22
16 25
17 27
18 29
19 31
20 26
21 28
21 32
21 44
22 30
22 33
22 34
24 33
24 34
24 91
25 42
26 35
27 37
28 38
29 39
30 40
31 36
31 44
31 72
33 41
34 43
35 49
36 47
37 49
38 50
39 52
40 48
41 45
41 69
42 53
43 46
43 51
43 98
44 60
45 54
46 55
47 56
48 58
49 59
51 57
52 60
52 61
54 65
55 63
56 64
57 62
58 67
58 68
60 69
61 66
62 73
63 70
64 71
66 72
66 75
67 98
69 74
69 80
70 76
71 77
72 78
72 81
73 79
73 80
73 87
76 82
77 83
78 85
79 84
79 89
80 86
80 90
80 92
81 87
81 88
81 91
82 94
83 95
84 93
85 94
86 96
87 97
88 98
90 99
90 100

# Parameters
R_e = 0.0500
T = 1000.0
C_s = 4.0
C_w = 36.0
C_c = 5.0
