# Tasks
1 2 3 4 5 6 7 8 9 10 11 12 13 14 15 16 17 18 19 20

# Workstations
1 2 3 4 5 6 7 8 9 10 11 12 13 14 15 16 17 18 19 20

# Modes
1 2 3 4 5 6 7

# Processing Times
1 1 210
1 2 261
1 3 204
1 4 254
1 5 79
1 6 291
1 7 362
2 1 169
2 2 210
2 3 164
2 4 204
2 5 63
2 6 235
2 7 291
3 1 191
3 2 237
3 3 186
3 4 230
3 5 72
3 6 265
3 7 329
4 1 141
4 2 175
4 3 137
4 4 170
4 5 53
4 6 196
4 7 243
5 1 66
5 2 82
5 3 64
5 4 80
5 5 25
5 6 92
5 7 114
6 1 117
6 2 145
6 3 114
6 4 141
6 5 44
6 6 163
6 7 201
7 1 232
7 2 288
7 3 225
7 4 280
7 5 87
7 6 322
7 7 399
8 1 39
8 2 49
8 3 38
8 4 48
8 5 15
8 6 55
8 7 68
9 1 164
9 2 204
9 3 159
9 4 198
9 5 61
9 6 228
9 7 283
10 1 167
10 2 207
10 3 162
10 4 201
10 5 63
10 6 232
10 7 287
11 1 120
11 2 149
11 3 117
11 4 145
11 5 45
11 6 167
11 7 207
12 1 33
12 2 41
12 3 32
12 4 40
12 5 13
12 6 46
12 7 57
13 1 35
13 2 44
13 3 34
13 4 43
13 5 14
13 6 49
13 7 61
14 1 255
14 2 316
14 3 248
14 4 307
14 5 95
14 6 354
14 7 438
15 1 134
15 2 167
15 3 130
15 4 162
15 5 50
15 6 186
15 7 232
16 1 275
16 2 341
16 3 267
16 4 331
16 5 103
16 6 381
16 7 473
17 1 22
17 2 28
17 3 22
17 4 28
17 5 9
17 6 31
17 7 39
18 1 110
18 2 137
18 3 107
18 4 133
18 5 41
18 6 153
18 7 190
19 1 218
19 2 271
19 3 212
19 4 263
19 5 82
19 6 302
19 7 376
20 1 94
20 2 117
20 3 92
20 4 114
20 5 35
20 6 131
20 7 163

# Energy Consumption
1 1 0
1 2 60
1 3 0
1 4 51
1 5 12
1 6 0
1 7 51
2 1 0
2 2 47
2 3 0
2 4 42
2 5 10
2 6 0
2 7 38
3 1 0
3 2 69
3 3 0
3 4 43
3 5 12
3 6 0
3 7 40
4 1 0
4 2 41
4 3 0
4 4 37
4 5 8
4 6 0
4 7 34
5 1 0
5 2 23
5 3 0
5 4 16
5 5 4
5 6 0
5 7 16
6 1 0
6 2 40
6 3 0
6 4 30
6 5 7
6 6 0
6 7 27
7 1 0
7 2 78
7 3 0
7 4 61
7 5 14
7 6 0
7 7 53
8 1 0
8 2 14
8 3 0
8 4 11
8 5 3
8 6 0
8 7 9
9 1 0
9 2 50
9 3 0
9 4 37
9 5 9
9 6 0
9 7 37
10 1 0
10 2 52
10 3 0
10 4 39
10 5 10
10 6 0
10 7 41
11 1 0
11 2 43
11 3 0
11 4 27
11 5 7
11 6 0
11 7 29
12 1 0
12 2 11
12 3 0
12 4 9
12 5 2
12 6 0
12 7 7
13 1 0
13 2 12
13 3 0
13 4 9
13 5 3
13 6 0
13 7 9
14 1 0
14 2 75
14 3 0
14 4 59
14 5 15
14 6 0
14 7 66
15 1 0
15 2 46
15 3 0
15 4 32
15 5 8
15 6 0
15 7 34
16 1 0
16 2 77
16 3 0
16 4 64
16 5 16
16 6 0
16 7 58
17 1 0
17 2 9
17 3 0
17 4 6
17 5 2
17 6 0
17 7 6
18 1 0
18 2 33
18 3 0
18 4 30
18 5 7
18 6 0
18 7 24
19 1 0
19 2 77
19 3 0
19 4 52
19 5 12
19 6 0
19 7 54
20 1 0
20 2 35
20 3 0
20 4 24
20 5 6
20 6 0
20 7 20

# Precedence Relations
1 9
2 3
2 4
2 5
3 9
4 7
4 8
5 6
6 9
7 9
8 10
8 11
8 12
9 13
9 14
9 15
9 16
9 17
13 20
14 18
15 19
16 18
16 19
17 19

# Parameters
R_e = 0.0500
T = 1000.0
C_s = 4.0
C_w = 36.0
C_c = 5.0
