# Tasks
1 2 3 4 5 6 7 8 9 10 11 12 13 14 15 16 17 18 19 20 21 22 23 24 25 26 27 28 29 30 31 32 33 34 35 36 37 38 39 40 41 42 43 44 45 46 47 48 49 50 51 52 53 54 55 56 57 58 59 60 61 62 63 64 65 66 67 68 69 70 71 72 73 74 75 76 77 78 79 80 81 82 83 84 85 86 87 88 89 90 91 92 93 94

# Workstations
1 2 3 4 5 6 7 8 9 10 11 12 13 14 15 16 17 18 19 20 21 22 23 24 25 26 27 28 29 30 31 32 33 34 35 36 37 38 39 40 41 42 43 44 45 46 47 48 49 50 51 52 53 54 55 56 57 58 59 60 61 62 63 64 65 66 67 68 69 70 71 72 73 74 75 76 77 78 79 80 81 82 83 84 85 86 87 88 89 90 91 92 93 94

# Modes
1 2 3 4 5 6 7

# Processing Times
1 1 158
1 2 201
1 3 144
1 4 183
1 5 148
1 6 188
1 7 239
2 1 42
2 2 54
2 3 39
2 4 49
2 5 40
2 6 50
2 7 65
3 1 17
3 2 22
3 3 16
3 4 20
3 5 16
3 6 21
3 7 27
4 1 24
4 2 31
4 3 22
4 4 29
4 5 23
4 6 29
4 7 37
5 1 71
5 2 91
5 3 65
5 4 83
5 5 67
5 6 85
5 7 109
6 1 66
6 2 84
6 3 60
6 4 77
6 5 62
6 6 79
6 7 100
7 1 50
7 2 64
7 3 46
7 4 59
7 5 47
7 6 60
7 7 77
8 1 55
8 2 70
8 3 50
8 4 64
8 5 52
8 6 66
8 7 84
9 1 30
9 2 39
9 3 28
9 4 36
9 5 28
9 6 36
9 7 47
10 1 28
10 2 36
10 3 26
10 4 33
10 5 27
10 6 34
10 7 43
11 1 113
11 2 144
11 3 103
11 4 131
11 5 106
11 6 135
11 7 172
12 1 114
12 2 145
12 3 104
12 4 132
12 5 107
12 6 136
12 7 173
13 1 57
13 2 73
13 3 52
13 4 67
13 5 54
13 6 68
13 7 87
14 1 65
14 2 83
14 3 59
14 4 76
14 5 61
14 6 78
14 7 99
15 1 15
15 2 20
15 3 14
15 4 19
15 5 14
15 6 18
15 7 24
16 1 11
16 2 14
16 3 10
16 4 13
16 5 11
16 6 14
16 7 17
17 1 10
17 2 13
17 3 10
17 4 12
17 5 10
17 6 12
17 7 16
18 1 19
18 2 25
18 3 18
18 4 23
18 5 18
18 6 23
18 7 30
19 1 8
19 2 11
19 3 8
19 4 10
19 5 8
19 6 10
19 7 14
20 1 17
20 2 22
20 3 16
20 4 20
20 5 16
20 6 21
20 7 27
21 1 57
21 2 73
21 3 52
21 4 67
21 5 54
21 6 68
21 7 87
22 1 40
22 2 51
22 3 37
22 4 47
22 5 38
22 6 48
22 7 61
23 1 17
23 2 22
23 3 16
23 4 20
23 5 16
23 6 21
23 7 27
24 1 11
24 2 14
24 3 10
24 4 13
24 5 11
24 6 14
24 7 17
25 1 17
25 2 22
25 3 16
25 4 20
25 5 16
25 6 21
25 7 27
26 1 27
26 2 35
26 3 25
26 4 32
26 5 26
26 6 33
26 7 42
27 1 17
27 2 22
27 3 16
27 4 20
27 5 16
27 6 21
27 7 27
28 1 18
28 2 23
28 3 17
28 4 21
28 5 17
28 6 22
28 7 28
29 1 16
29 2 21
29 3 15
29 4 20
29 5 15
29 6 20
29 7 25
30 1 18
30 2 23
30 3 17
30 4 21
30 5 17
30 6 22
30 7 28
31 1 50
31 2 64
31 3 46
31 4 59
31 5 47
31 6 60
31 7 77
32 1 18
32 2 23
32 3 17
32 4 21
32 5 17
32 6 22
32 7 28
33 1 13
33 2 17
33 3 12
33 4 16
33 5 13
33 6 16
33 7 21
34 1 21
34 2 27
34 3 20
34 4 25
34 5 20
34 6 25
34 7 33
35 1 63
35 2 80
35 3 58
35 4 73
35 5 59
35 6 75
35 7 96
36 1 8
36 2 11
36 3 8
36 4 10
36 5 8
36 6 10
36 7 14
37 1 63
37 2 80
37 3 58
37 4 73
37 5 59
37 6 75
37 7 96
38 1 9
38 2 12
38 3 9
38 4 11
38 5 9
38 6 11
38 7 15
39 1 20
39 2 26
39 3 19
39 4 24
39 5 19
39 6 24
39 7 31
40 1 72
40 2 92
40 3 66
40 4 84
40 5 68
40 6 86
40 7 110
41 1 30
41 2 39
41 3 28
41 4 36
41 5 28
41 6 36
41 7 47
42 1 69
42 2 88
42 3 63
42 4 80
42 5 65
42 6 82
42 7 105
43 1 27
43 2 35
43 3 25
43 4 32
43 5 26
43 6 33
43 7 42
44 1 9
44 2 12
44 3 9
44 4 11
44 5 9
44 6 11
44 7 15
45 1 41
45 2 53
45 3 38
45 4 49
45 5 39
45 6 49
45 7 63
46 1 38
46 2 49
46 3 35
46 4 45
46 5 36
46 6 46
46 7 59
47 1 76
47 2 97
47 3 69
47 4 89
47 5 71
47 6 91
47 7 116
48 1 31
48 2 40
48 3 29
48 4 37
48 5 29
48 6 37
48 7 48
49 1 11
49 2 14
49 3 10
49 4 13
49 5 11
49 6 14
49 7 17
50 1 29
50 2 37
50 3 27
50 4 34
50 5 28
50 6 35
50 7 44
51 1 48
51 2 61
51 3 44
51 4 56
51 5 45
51 6 58
51 7 73
52 1 8
52 2 11
52 3 8
52 4 10
52 5 8
52 6 10
52 7 14
53 1 171
53 2 217
53 3 156
53 4 197
53 5 160
53 6 204
53 7 258
54 1 48
54 2 61
54 3 44
54 4 56
54 5 45
54 6 58
54 7 73
55 1 43
55 2 55
55 3 40
55 4 50
55 5 41
55 6 52
55 7 66
56 1 18
56 2 23
56 3 17
56 4 21
56 5 17
56 6 22
56 7 28
57 1 94
57 2 120
57 3 86
57 4 109
57 5 88
57 6 112
57 7 143
58 1 9
58 2 12
58 3 9
58 4 11
58 5 9
58 6 11
58 7 15
59 1 19
59 2 25
59 3 18
59 4 23
59 5 18
59 6 23
59 7 30
60 1 24
60 2 31
60 3 22
60 4 29
60 5 23
60 6 29
60 7 37
61 1 8
61 2 11
61 3 8
61 4 10
61 5 8
61 6 10
61 7 14
62 1 34
62 2 44
62 3 31
62 4 40
62 5 32
62 6 41
62 7 53
63 1 62
63 2 79
63 3 57
63 4 72
63 5 58
63 6 74
63 7 94
64 1 12
64 2 16
64 3 11
64 4 15
64 5 12
64 6 15
64 7 20
65 1 8
65 2 11
65 3 8
65 4 10
65 5 8
65 6 10
65 7 14
66 1 47
66 2 60
66 3 43
66 4 55
66 5 44
66 6 56
66 7 72
67 1 27
67 2 35
67 3 25
67 4 32
67 5 26
67 6 33
67 7 42
68 1 18
68 2 23
68 3 17
68 4 21
68 5 17
68 6 22
68 7 28
69 1 52
69 2 66
69 3 48
69 4 60
69 5 49
69 6 62
69 7 79
70 1 65
70 2 83
70 3 59
70 4 76
70 5 61
70 6 78
70 7 99
71 1 72
71 2 92
71 3 66
71 4 84
71 5 68
71 6 86
71 7 110
72 1 51
72 2 65
72 3 47
72 4 59
72 5 48
72 6 61
72 7 78
73 1 58
73 2 74
73 3 53
73 4 68
73 5 55
73 6 69
73 7 88
74 1 53
74 2 68
74 3 49
74 4 62
74 5 50
74 6 63
74 7 81
75 1 76
75 2 97
75 3 69
75 4 89
75 5 71
75 6 91
75 7 116
76 1 93
76 2 118
76 3 85
76 4 108
76 5 87
76 6 111
76 7 141
77 1 86
77 2 110
77 3 79
77 4 100
77 5 81
77 6 103
77 7 131
78 1 76
78 2 97
78 3 69
78 4 89
78 5 71
78 6 91
78 7 116
79 1 9
79 2 12
79 3 9
79 4 11
79 5 9
79 6 11
79 7 15
80 1 14
80 2 18
80 3 13
80 4 17
80 5 14
80 6 17
80 7 22
81 1 55
81 2 70
81 3 50
81 4 64
81 5 52
81 6 66
81 7 84
82 1 32
82 2 41
82 3 30
82 4 38
82 5 30
82 6 39
82 7 49
83 1 22
83 2 28
83 3 20
83 4 26
83 5 21
83 6 27
83 7 34
84 1 35
84 2 45
84 3 32
84 4 41
84 5 33
84 6 42
84 7 54
85 1 63
85 2 80
85 3 58
85 4 73
85 5 59
85 6 75
85 7 96
86 1 59
86 2 75
86 3 54
86 4 69
86 5 56
86 6 71
86 7 90
87 1 149
87 2 189
87 3 136
87 4 172
87 5 140
87 6 178
87 7 225
88 1 40
88 2 51
88 3 37
88 4 47
88 5 38
88 6 48
88 7 61
89 1 24
89 2 31
89 3 22
89 4 29
89 5 23
89 6 29
89 7 37
90 1 123
90 2 157
90 3 112
90 4 143
90 5 115
90 6 147
90 7 187
91 1 25
91 2 32
91 3 23
91 4 30
91 5 24
91 6 30
91 7 39
92 1 115
92 2 146
92 3 105
92 4 133
92 5 108
92 6 137
92 7 174
93 1 103
93 2 131
93 3 94
93 4 119
93 5 97
93 6 123
93 7 156
94 1 54
94 2 69
94 3 49
94 4 63
94 5 51
94 6 65
94 7 82

# Energy Consumption
1 1 0
1 2 47
1 3 0
1 4 40
1 5 23
1 6 0
1 7 33
2 1 0
2 2 14
2 3 0
2 4 11
2 5 6
2 6 0
2 7 10
3 1 0
3 2 7
3 3 0
3 4 4
3 5 3
3 6 0
3 7 4
4 1 0
4 2 9
4 3 0
4 4 7
4 5 4
4 6 0
4 7 6
5 1 0
5 2 24
5 3 0
5 4 16
5 5 10
5 6 0
5 7 17
6 1 0
6 2 21
6 3 0
6 4 16
6 5 10
6 6 0
6 7 15
7 1 0
7 2 17
7 3 0
7 4 12
7 5 8
7 6 0
7 7 12
8 1 0
8 2 17
8 3 0
8 4 14
8 5 8
8 6 0
8 7 13
9 1 0
9 2 11
9 3 0
9 4 8
9 5 5
9 6 0
9 7 7
10 1 0
10 2 10
10 3 0
10 4 8
10 5 5
10 6 0
10 7 7
11 1 0
11 2 42
11 3 0
11 4 27
11 5 17
11 6 0
11 7 22
12 1 0
12 2 37
12 3 0
12 4 28
12 5 16
12 6 0
12 7 26
13 1 0
13 2 20
13 3 0
13 4 15
13 5 8
13 6 0
13 7 12
14 1 0
14 2 19
14 3 0
14 4 17
14 5 9
14 6 0
14 7 13
15 1 0
15 2 5
15 3 0
15 4 4
15 5 3
15 6 0
15 7 4
16 1 0
16 2 4
16 3 0
16 4 3
16 5 2
16 6 0
16 7 3
17 1 0
17 2 4
17 3 0
17 4 3
17 5 2
17 6 0
17 7 3
18 1 0
18 2 8
18 3 0
18 4 5
18 5 3
18 6 0
18 7 5
19 1 0
19 2 3
19 3 0
19 4 2
19 5 2
19 6 0
19 7 2
20 1 0
20 2 6
20 3 0
20 4 5
20 5 3
20 6 0
20 7 5
21 1 0
21 2 19
21 3 0
21 4 13
21 5 9
21 6 0
21 7 11
22 1 0
22 2 14
22 3 0
22 4 11
22 5 6
22 6 0
22 7 10
23 1 0
23 2 7
23 3 0
23 4 4
23 5 3
23 6 0
23 7 4
24 1 0
24 2 4
24 3 0
24 4 3
24 5 2
24 6 0
24 7 3
25 1 0
25 2 5
25 3 0
25 4 4
25 5 3
25 6 0
25 7 4
26 1 0
26 2 9
26 3 0
26 4 7
26 5 4
26 6 0
26 7 6
27 1 0
27 2 7
27 3 0
27 4 5
27 5 3
27 6 0
27 7 4
28 1 0
28 2 7
28 3 0
28 4 5
28 5 3
28 6 0
28 7 5
29 1 0
29 2 6
29 3 0
29 4 5
29 5 3
29 6 0
29 7 4
30 1 0
30 2 6
30 3 0
30 4 5
30 5 3
30 6 0
30 7 4
31 1 0
31 2 19
31 3 0
31 4 12
31 5 8
31 6 0
31 7 12
32 1 0
32 2 6
32 3 0
32 4 5
32 5 3
32 6 0
32 7 4
33 1 0
33 2 5
33 3 0
33 4 4
33 5 2
33 6 0
33 7 3
34 1 0
34 2 8
34 3 0
34 4 5
34 5 3
34 6 0
34 7 5
35 1 0
35 2 21
35 3 0
35 4 14
35 5 10
35 6 0
35 7 12
36 1 0
36 2 3
36 3 0
36 4 2
36 5 2
36 6 0
36 7 3
37 1 0
37 2 21
37 3 0
37 4 16
37 5 9
37 6 0
37 7 14
38 1 0
38 2 4
38 3 0
38 4 3
38 5 2
38 6 0
38 7 2
39 1 0
39 2 7
39 3 0
39 4 5
39 5 3
39 6 0
39 7 5
40 1 0
40 2 26
40 3 0
40 4 17
40 5 11
40 6 0
40 7 17
41 1 0
41 2 11
41 3 0
41 4 8
41 5 5
41 6 0
41 7 8
42 1 0
42 2 21
42 3 0
42 4 15
42 5 11
42 6 0
42 7 16
43 1 0
43 2 11
43 3 0
43 4 6
43 5 4
43 6 0
43 7 7
44 1 0
44 2 4
44 3 0
44 4 3
44 5 2
44 6 0
44 7 3
45 1 0
45 2 13
45 3 0
45 4 10
45 5 7
45 6 0
45 7 8
46 1 0
46 2 12
46 3 0
46 4 10
46 5 6
46 6 0
46 7 9
47 1 0
47 2 24
47 3 0
47 4 20
47 5 11
47 6 0
47 7 15
48 1 0
48 2 12
48 3 0
48 4 8
48 5 5
48 6 0
48 7 7
49 1 0
49 2 5
49 3 0
49 4 3
49 5 2
49 6 0
49 7 3
50 1 0
50 2 10
50 3 0
50 4 7
50 5 5
50 6 0
50 7 6
51 1 0
51 2 19
51 3 0
51 4 13
51 5 8
51 6 0
51 7 10
52 1 0
52 2 4
52 3 0
52 4 3
52 5 2
52 6 0
52 7 2
53 1 0
53 2 51
53 3 0
53 4 37
53 5 23
53 6 0
53 7 35
54 1 0
54 2 18
54 3 0
54 4 12
54 5 8
54 6 0
54 7 9
55 1 0
55 2 14
55 3 0
55 4 11
55 5 6
55 6 0
55 7 9
56 1 0
56 2 7
56 3 0
56 4 4
56 5 3
56 6 0
56 7 5
57 1 0
57 2 27
57 3 0
57 4 24
57 5 14
57 6 0
57 7 21
58 1 0
58 2 4
58 3 0
58 4 3
58 5 2
58 6 0
58 7 2
59 1 0
59 2 7
59 3 0
59 4 5
59 5 3
59 6 0
59 7 4
60 1 0
60 2 8
60 3 0
60 4 6
60 5 4
60 6 0
60 7 5
61 1 0
61 2 4
61 3 0
61 4 2
61 5 2
61 6 0
61 7 2
62 1 0
62 2 12
62 3 0
62 4 9
62 5 5
62 6 0
62 7 7
63 1 0
63 2 19
63 3 0
63 4 16
63 5 9
63 6 0
63 7 12
64 1 0
64 2 5
64 3 0
64 4 4
64 5 2
64 6 0
64 7 3
65 1 0
65 2 4
65 3 0
65 4 3
65 5 2
65 6 0
65 7 2
66 1 0
66 2 16
66 3 0
66 4 12
66 5 7
66 6 0
66 7 11
67 1 0
67 2 9
67 3 0
67 4 8
67 5 5
67 6 0
67 7 6
68 1 0
68 2 6
68 3 0
68 4 5
68 5 3
68 6 0
68 7 4
69 1 0
69 2 18
69 3 0
69 4 13
69 5 8
69 6 0
69 7 10
70 1 0
70 2 21
70 3 0
70 4 17
70 5 10
70 6 0
70 7 13
71 1 0
71 2 23
71 3 0
71 4 17
71 5 10
71 6 0
71 7 14
72 1 0
72 2 20
72 3 0
72 4 13
72 5 8
72 6 0
72 7 10
73 1 0
73 2 19
73 3 0
73 4 14
73 5 9
73 6 0
73 7 13
74 1 0
74 2 16
74 3 0
74 4 13
74 5 8
74 6 0
74 7 11
75 1 0
75 2 26
75 3 0
75 4 20
75 5 11
75 6 0
75 7 16
76 1 0
76 2 34
76 3 0
76 4 22
76 5 14
76 6 0
76 7 20
77 1 0
77 2 33
77 3 0
77 4 21
77 5 13
77 6 0
77 7 17
78 1 0
78 2 27
78 3 0
78 4 19
78 5 11
78 6 0
78 7 17
79 1 0
79 2 4
79 3 0
79 4 3
79 5 2
79 6 0
79 7 3
80 1 0
80 2 5
80 3 0
80 4 4
80 5 3
80 6 0
80 7 3
81 1 0
81 2 21
81 3 0
81 4 12
81 5 8
81 6 0
81 7 12
82 1 0
82 2 12
82 3 0
82 4 7
82 5 5
82 6 0
82 7 7
83 1 0
83 2 7
83 3 0
83 4 6
83 5 3
83 6 0
83 7 6
84 1 0
84 2 13
84 3 0
84 4 8
84 5 6
84 6 0
84 7 7
85 1 0
85 2 24
85 3 0
85 4 16
85 5 10
85 6 0
85 7 13
86 1 0
86 2 18
86 3 0
86 4 14
86 5 9
86 6 0
86 7 13
87 1 0
87 2 47
87 3 0
87 4 32
87 5 21
87 6 0
87 7 29
88 1 0
88 2 15
88 3 0
88 4 10
88 5 6
88 6 0
88 7 9
89 1 0
89 2 7
89 3 0
89 4 6
89 5 4
89 6 0
89 7 6
90 1 0
90 2 42
90 3 0
90 4 31
90 5 18
90 6 0
90 7 24
91 1 0
91 2 8
91 3 0
91 4 7
91 5 4
91 6 0
91 7 6
92 1 0
92 2 39
92 3 0
92 4 30
92 5 17
92 6 0
92 7 26
93 1 0
93 2 39
93 3 0
93 4 26
93 5 16
93 6 0
93 7 20
94 1 0
94 2 16
94 3 0
94 4 13
94 5 8
94 6 0
94 7 10

# Precedence Relations
1 2
1 3
1 4
1 5
1 6
1 7
1 8
1 9
1 10
2 11
2 17
3 12
4 11
4 16
5 11
5 13
5 18
5 16
6 11
6 15
6 13
6 19
7 42
8 29
9 11
10 19
10 37
10 48
10 50
11 14
12 20
12 61
12 52
13 82
14 25
14 23
14 30
14 31
14 24
14 32
14 22
14 21
14 26
14 28
14 27
14 29
15 81
16 75
17 82
18 75
19 75
20 78
21 71
21 60
21 53
21 39
21 40
21 41
22 38
22 72
22 49
22 58
23 34
23 35
24 37
24 44
25 57
25 63
25 33
25 73
25 60
25 65
25 56
26 41
26 43
27 62
27 58
27 54
27 55
27 56
28 33
28 35
28 40
28 43
28 49
28 51
28 52
28 54
29 75
30 59
30 42
30 36
31 74
32 36
32 47
32 44
32 60
32 45
32 69
32 46
32 48
32 50
33 78
34 78
35 78
36 82
37 61
37 73
37 64
37 66
37 67
37 68
37 69
37 70
37 71
37 72
37 62
38 82
39 82
40 78
41 78
42 74
43 78
44 75
45 75
46 75
46 76
47 75
48 75
49 78
50 75
51 78
52 78
53 76
53 77
54 78
55 77
56 77
57 76
57 77
58 77
59 82
60 77
61 77
62 77
63 77
64 74
65 74
66 75
66 76
67 74
68 82
69 77
69 75
70 77
70 76
71 76
72 76
73 77
74 82
75 82
76 82
77 78
78 79
78 80
79 81
80 81
81 82
82 83
83 84
83 85
84 86
85 86
86 87
87 88
88 89
88 90
89 92
90 91
90 93
92 94

# Parameters
R_e = 0.0500
T = 600.0
C_s = 4.0
C_w = 36.0
C_c = 5.0
