# Tasks
1 2 3 4 5 6 7 8 9 10 11 12 13 14 15 16 17 18 19 20 21 22 23 24 25 26 27 28 29 30 31 32 33 34 35 36 37 38 39 40 41 42 43 44 45 46 47 48 49 50 51 52 53 54 55 56 57 58 59 60 61 62 63 64 65 66 67 68 69 70 71 72 73 74 75

# Workstations
1 2 3 4 5 6 7 8 9 10 11 12 13 14 15 16 17 18 19 20 21 22 23 24 25 26 27 28 29 30 31 32 33 34 35 36 37 38 39 40 41 42 43 44 45 46 47 48 49 50 51 52 53 54 55 56 57 58 59 60 61 62 63 64 65 66 67 68 69 70 71 72 73 74 75

# Modes
1 2 3 4 5 6 7

# Processing Times
1 1 23
1 2 29
1 3 23
1 4 29
1 5 9
1 6 32
1 7 41
2 1 24
2 2 30
2 3 24
2 4 30
2 5 9
2 6 34
2 7 42
3 1 25
3 2 31
3 3 25
3 4 31
3 5 10
3 6 35
3 7 43
4 1 26
4 2 33
4 3 26
4 4 32
4 5 10
4 6 37
4 7 46
5 1 23
5 2 29
5 3 23
5 4 29
5 5 9
5 6 32
5 7 41
6 1 22
6 2 28
6 3 22
6 4 28
6 5 9
6 6 31
6 7 39
7 1 6
7 2 8
7 3 6
7 4 8
7 5 3
7 6 9
7 7 12
8 1 22
8 2 28
8 3 22
8 4 28
8 5 9
8 6 31
8 7 39
9 1 23
9 2 29
9 3 23
9 4 29
9 5 9
9 6 32
9 7 41
10 1 21
10 2 27
10 3 21
10 4 27
10 5 8
10 6 30
10 7 38
11 1 22
11 2 28
11 3 22
11 4 28
11 5 9
11 6 31
11 7 39
12 1 15
12 2 19
12 3 15
12 4 19
12 5 6
12 6 21
12 7 27
13 1 5
13 2 7
13 3 5
13 4 7
13 5 2
13 6 7
13 7 10
14 1 23
14 2 29
14 3 23
14 4 29
14 5 9
14 6 32
14 7 41
15 1 4
15 2 5
15 3 4
15 4 5
15 5 2
15 6 6
15 7 7
16 1 26
16 2 33
16 3 26
16 4 32
16 5 10
16 6 37
16 7 46
17 1 21
17 2 27
17 3 21
17 4 27
17 5 8
17 6 30
17 7 38
18 1 5
18 2 7
18 3 5
18 4 7
18 5 2
18 6 7
18 7 10
19 1 24
19 2 30
19 3 24
19 4 30
19 5 9
19 6 34
19 7 42
20 1 25
20 2 31
20 3 25
20 4 31
20 5 10
20 6 35
20 7 43
21 1 26
21 2 33
21 3 26
21 4 32
21 5 10
21 6 37
21 7 46
22 1 26
22 2 33
22 3 26
22 4 32
22 5 10
22 6 37
22 7 46
23 1 24
23 2 30
23 3 24
23 4 30
23 5 9
23 6 34
23 7 42
24 1 27
24 2 34
24 3 27
24 4 33
24 5 11
24 6 38
24 7 48
25 1 20
25 2 25
25 3 20
25 4 25
25 5 8
25 6 28
25 7 35
26 1 23
26 2 29
26 3 23
26 4 29
26 5 9
26 6 32
26 7 41
27 1 25
27 2 31
27 3 25
27 4 31
27 5 10
27 6 35
27 7 43
28 1 13
28 2 17
28 3 13
28 4 17
28 5 5
28 6 19
28 7 24
29 1 3
29 2 4
29 3 3
29 4 4
29 5 2
29 6 5
29 7 6
30 1 11
30 2 14
30 3 11
30 4 14
30 5 5
30 6 16
30 7 20
31 1 21
31 2 27
31 3 21
31 4 27
31 5 8
31 6 30
31 7 38
32 1 22
32 2 28
32 3 22
32 4 28
32 5 9
32 6 31
32 7 39
33 1 21
33 2 27
33 3 21
33 4 27
33 5 8
33 6 30
33 7 38
34 1 22
34 2 28
34 3 22
34 4 28
34 5 9
34 6 31
34 7 39
35 1 25
35 2 31
35 3 25
35 4 31
35 5 10
35 6 35
35 7 43
36 1 8
36 2 10
36 3 8
36 4 10
36 5 3
36 6 12
36 7 14
37 1 22
37 2 28
37 3 22
37 4 28
37 5 9
37 6 31
37 7 39
38 1 24
38 2 30
38 3 24
38 4 30
38 5 9
38 6 34
38 7 42
39 1 22
39 2 28
39 3 22
39 4 28
39 5 9
39 6 31
39 7 39
40 1 21
40 2 27
40 3 21
40 4 27
40 5 8
40 6 30
40 7 38
41 1 6
41 2 8
41 3 6
41 4 8
41 5 3
41 6 9
41 7 12
42 1 26
42 2 33
42 3 26
42 4 32
42 5 10
42 6 37
42 7 46
43 1 22
43 2 28
43 3 22
43 4 28
43 5 9
43 6 31
43 7 39
44 1 6
44 2 8
44 3 6
44 4 8
44 5 3
44 6 9
44 7 12
45 1 21
45 2 27
45 3 21
45 4 27
45 5 8
45 6 30
45 7 38
46 1 25
46 2 31
46 3 25
46 4 31
46 5 10
46 6 35
46 7 43
47 1 11
47 2 14
47 3 11
47 4 14
47 5 5
47 6 16
47 7 20
48 1 22
48 2 28
48 3 22
48 4 28
48 5 9
48 6 31
48 7 39
49 1 21
49 2 27
49 3 21
49 4 27
49 5 8
49 6 30
49 7 38
50 1 25
50 2 31
50 3 25
50 4 31
50 5 10
50 6 35
50 7 43
51 1 22
51 2 28
51 3 22
51 4 28
51 5 9
51 6 31
51 7 39
52 1 22
52 2 28
52 3 22
52 4 28
52 5 9
52 6 31
52 7 39
53 1 23
53 2 29
53 3 23
53 4 29
53 5 9
53 6 32
53 7 41
54 1 22
54 2 28
54 3 22
54 4 28
54 5 9
54 6 31
54 7 39
55 1 22
55 2 28
55 3 22
55 4 28
55 5 9
55 6 31
55 7 39
56 1 25
56 2 31
56 3 25
56 4 31
56 5 10
56 6 35
56 7 43
57 1 23
57 2 29
57 3 23
57 4 29
57 5 9
57 6 32
57 7 41
58 1 21
58 2 27
58 3 21
58 4 27
58 5 8
58 6 30
58 7 38
59 1 22
59 2 28
59 3 22
59 4 28
59 5 9
59 6 31
59 7 39
60 1 22
60 2 28
60 3 22
60 4 28
60 5 9
60 6 31
60 7 39
61 1 22
61 2 28
61 3 22
61 4 28
61 5 9
61 6 31
61 7 39
62 1 22
62 2 28
62 3 22
62 4 28
62 5 9
62 6 31
62 7 39
63 1 21
63 2 27
63 3 21
63 4 27
63 5 8
63 6 30
63 7 38
64 1 27
64 2 34
64 3 27
64 4 33
64 5 11
64 6 38
64 7 48
65 1 23
65 2 29
65 3 23
65 4 29
65 5 9
65 6 32
65 7 41
66 1 2
66 2 3
66 3 2
66 4 3
66 5 1
66 6 3
66 7 5
67 1 26
67 2 33
67 3 26
67 4 32
67 5 10
67 6 37
67 7 46
68 1 25
68 2 31
68 3 25
68 4 31
68 5 10
68 6 35
68 7 43
69 1 24
69 2 30
69 3 24
69 4 30
69 5 9
69 6 34
69 7 42
70 1 22
70 2 28
70 3 22
70 4 28
70 5 9
70 6 31
70 7 39
71 1 24
71 2 30
71 3 24
71 4 30
71 5 9
71 6 34
71 7 42
72 1 4
72 2 5
72 3 4
72 4 5
72 5 2
72 6 6
72 7 7
73 1 22
73 2 28
73 3 22
73 4 28
73 5 9
73 6 31
73 7 39
74 1 10
74 2 13
74 3 10
74 4 13
74 5 4
74 6 14
74 7 19
75 1 25
75 2 31
75 3 25
75 4 31
75 5 10
75 6 35
75 7 43

# Energy Consumption
1 1 0
1 2 7
1 3 0
1 4 6
1 5 2
1 6 0
1 7 6
2 1 0
2 2 7
2 3 0
2 4 7
2 5 2
2 6 0
2 7 6
3 1 0
3 2 9
3 3 0
3 4 6
3 5 2
3 6 0
3 7 6
4 1 0
4 2 8
4 3 0
4 4 7
4 5 2
4 6 0
4 7 7
5 1 0
5 2 8
5 3 0
5 4 6
5 5 2
5 6 0
5 7 6
6 1 0
6 2 8
6 3 0
6 4 6
6 5 2
6 6 0
6 7 6
7 1 0
7 2 3
7 3 0
7 4 2
7 5 1
7 6 0
7 7 2
8 1 0
8 2 8
8 3 0
8 4 7
8 5 2
8 6 0
8 7 5
9 1 0
9 2 8
9 3 0
9 4 6
9 5 2
9 6 0
9 7 6
10 1 0
10 2 7
10 3 0
10 4 6
10 5 2
10 6 0
10 7 6
11 1 0
11 2 9
11 3 0
11 4 6
11 5 2
11 6 0
11 7 6
12 1 0
12 2 5
12 3 0
12 4 4
12 5 1
12 6 0
12 7 4
13 1 0
13 2 2
13 3 0
13 4 2
13 5 1
13 6 0
13 7 2
14 1 0
14 2 7
14 3 0
14 4 6
14 5 2
14 6 0
14 7 7
15 1 0
15 2 2
15 3 0
15 4 1
15 5 1
15 6 0
15 7 2
16 1 0
16 2 8
16 3 0
16 4 7
16 5 2
16 6 0
16 7 6
17 1 0
17 2 8
17 3 0
17 4 6
17 5 2
17 6 0
17 7 6
18 1 0
18 2 2
18 3 0
18 4 2
18 5 1
18 6 0
18 7 2
19 1 0
19 2 9
19 3 0
19 4 6
19 5 2
19 6 0
19 7 7
20 1 0
20 2 10
20 3 0
20 4 7
20 5 2
20 6 0
20 7 6
21 1 0
21 2 9
21 3 0
21 4 7
21 5 2
21 6 0
21 7 7
22 1 0
22 2 8
22 3 0
22 4 6
22 5 2
22 6 0
22 7 7
23 1 0
23 2 8
23 3 0
23 4 6
23 5 2
23 6 0
23 7 6
24 1 0
24 2 9
24 3 0
24 4 6
24 5 2
24 6 0
24 7 6
25 1 0
25 2 7
25 3 0
25 4 5
25 5 2
25 6 0
25 7 5
26 1 0
26 2 7
26 3 0
26 4 7
26 5 2
26 6 0
26 7 5
27 1 0
27 2 9
27 3 0
27 4 6
27 5 2
27 6 0
27 7 6
28 1 0
28 2 5
28 3 0
28 4 4
28 5 1
28 6 0
28 7 3
29 1 0
29 2 2
29 3 0
29 4 1
29 5 1
29 6 0
29 7 1
30 1 0
30 2 5
30 3 0
30 4 3
30 5 1
30 6 0
30 7 3
31 1 0
31 2 7
31 3 0
31 4 6
31 5 2
31 6 0
31 7 5
32 1 0
32 2 8
32 3 0
32 4 6
32 5 2
32 6 0
32 7 5
33 1 0
33 2 7
33 3 0
33 4 5
33 5 2
33 6 0
33 7 6
34 1 0
34 2 8
34 3 0
34 4 6
34 5 2
34 6 0
34 7 6
35 1 0
35 2 9
35 3 0
35 4 6
35 5 2
35 6 0
35 7 6
36 1 0
36 2 3
36 3 0
36 4 2
36 5 1
36 6 0
36 7 2
37 1 0
37 2 8
37 3 0
37 4 6
37 5 2
37 6 0
37 7 6
38 1 0
38 2 8
38 3 0
38 4 7
38 5 2
38 6 0
38 7 6
39 1 0
39 2 7
39 3 0
39 4 6
39 5 2
39 6 0
39 7 5
40 1 0
40 2 7
40 3 0
40 4 6
40 5 2
40 6 0
40 7 6
41 1 0
41 2 3
41 3 0
41 4 2
41 5 1
41 6 0
41 7 2
42 1 0
42 2 10
42 3 0
42 4 7
42 5 2
42 6 0
42 7 6
43 1 0
43 2 9
43 3 0
43 4 6
43 5 2
43 6 0
43 7 6
44 1 0
44 2 3
44 3 0
44 4 2
44 5 1
44 6 0
44 7 2
45 1 0
45 2 7
45 3 0
45 4 6
45 5 2
45 6 0
45 7 5
46 1 0
46 2 8
46 3 0
46 4 6
46 5 2
46 6 0
46 7 7
47 1 0
47 2 4
47 3 0
47 4 3
47 5 1
47 6 0
47 7 3
48 1 0
48 2 8
48 3 0
48 4 6
48 5 2
48 6 0
48 7 6
49 1 0
49 2 7
49 3 0
49 4 6
49 5 2
49 6 0
49 7 6
50 1 0
50 2 9
50 3 0
50 4 7
50 5 2
50 6 0
50 7 7
51 1 0
51 2 7
51 3 0
51 4 7
51 5 2
51 6 0
51 7 6
52 1 0
52 2 8
52 3 0
52 4 6
52 5 2
52 6 0
52 7 5
53 1 0
53 2 9
53 3 0
53 4 6
53 5 2
53 6 0
53 7 6
54 1 0
54 2 8
54 3 0
54 4 6
54 5 2
54 6 0
54 7 6
55 1 0
55 2 7
55 3 0
55 4 6
55 5 2
55 6 0
55 7 6
56 1 0
56 2 8
56 3 0
56 4 6
56 5 2
56 6 0
56 7 6
57 1 0
57 2 8
57 3 0
57 4 6
57 5 2
57 6 0
57 7 6
58 1 0
58 2 6
58 3 0
58 4 6
58 5 2
58 6 0
58 7 5
59 1 0
59 2 8
59 3 0
59 4 6
59 5 2
59 6 0
59 7 6
60 1 0
60 2 8
60 3 0
60 4 6
60 5 2
60 6 0
60 7 5
61 1 0
61 2 7
61 3 0
61 4 6
61 5 2
61 6 0
61 7 5
62 1 0
62 2 9
62 3 0
62 4 6
62 5 2
62 6 0
62 7 6
63 1 0
63 2 7
63 3 0
63 4 6
63 5 2
63 6 0
63 7 6
64 1 0
64 2 10
64 3 0
64 4 7
64 5 2
64 6 0
64 7 8
65 1 0
65 2 9
65 3 0
65 4 6
65 5 2
65 6 0
65 7 6
66 1 0
66 2 1
66 3 0
66 4 1
66 5 1
66 6 0
66 7 1
67 1 0
67 2 9
67 3 0
67 4 7
67 5 2
67 6 0
67 7 7
68 1 0
68 2 9
68 3 0
68 4 6
68 5 2
68 6 0
68 7 7
69 1 0
69 2 9
69 3 0
69 4 7
69 5 2
69 6 0
69 7 6
70 1 0
70 2 8
70 3 0
70 4 6
70 5 2
70 6 0
70 7 6
71 1 0
71 2 8
71 3 0
71 4 6
71 5 2
71 6 0
71 7 6
72 1 0
72 2 2
72 3 0
72 4 2
72 5 1
72 6 0
72 7 1
73 1 0
73 2 7
73 3 0
73 4 7
73 5 2
73 6 0
73 7 6
74 1 0
74 2 4
74 3 0
74 4 3
74 5 1
74 6 0
74 7 3
75 1 0
75 2 9
75 3 0
75 4 7
75 5 2
75 6 0
75 7 6

# Precedence Relations
1 2
1 3
1 4
1 5
1 6
1 7
2 15
3 13
3 24
4 8
4 14
4 16
5 12
5 15
6 9
6 10
6 11
6 13
9 20
9 24
10 18
12 19
13 22
15 17
15 20
15 23
16 21
16 26
17 30
18 26
18 30
20 27
21 33
24 25
25 28
25 30
25 33
25 34
26 31
26 32
26 41
27 29
27 35
27 36
31 37
31 39
32 44
32 45
33 41
35 38
35 42
36 40
36 43
39 51
40 46
42 47
43 48
43 50
46 51
46 48
47 49
47 50
47 52
47 53
49 59
49 61
49 62
50 54
50 55
50 60
50 62
52 56
52 57
53 58
55 63
58 65
59 64
59 66
62 67
66 68
68 69
68 70
68 71
68 72
68 73
68 74
68 75

# Parameters
R_e = 0.0500
T = 600.0
C_s = 4.0
C_w = 36.0
C_c = 5.0
