# Tasks
1 2 3 4 5 6 7 8 9 10 11 12 13 14 15 16 17 18 19 20 21 22 23 24 25 26 27 28 29 30 31 32 33 34 35 36 37 38 39 40 41 42 43 44 45 46 47 48 49 50 51 52 53 54 55 56 57 58 59 60 61 62 63 64 65 66 67 68 69 70 71 72 73 74 75 76 77 78 79 80 81 82 83 84 85 86 87 88 89 90 91 92 93 94 95 96 97 98 99 100 101 102 103 104 105 106 107 108 109 110 111

# Workstations
1 2 3 4 5 6 7 8 9 10 11 12 13 14 15 16 17 18 19 20 21 22 23 24 25 26 27 28 29 30 31 32 33 34 35 36 37 38 39 40 41 42 43 44 45 46 47 48 49 50 51 52 53 54 55 56 57 58 59 60 61 62 63 64 65 66 67 68 69 70 71 72 73 74 75 76 77 78 79 80 81 82 83 84 85 86 87 88 89 90 91 92 93 94 95 96 97 98 99 100 101 102 103 104 105 106 107 108 109 110 111

# Modes
1 2 3 4 5 6 7

# Processing Times
1 1 1960
1 2 1918
1 3 2063
1 4 2019
1 5 1806
1 6 2678
1 7 2620
2 1 1715
2 2 1602
2 3 1844
2 4 1722
2 5 1439
2 6 2230
2 7 2083
3 1 735
3 2 760
3 3 784
3 4 811
3 5 638
3 6 1036
3 7 1071
4 1 1715
4 2 1679
4 3 1842
4 4 1803
4 5 1402
4 6 2171
4 7 2126
5 1 490
5 2 526
5 3 524
5 4 563
5 5 456
5 6 670
5 7 720
6 1 1225
6 2 1098
6 3 1297
6 4 1163
6 5 1027
6 6 1604
6 7 1437
7 1 169
7 2 167
7 3 179
7 4 176
7 5 152
7 6 245
7 7 242
8 1 2252
8 2 2253
8 3 2387
8 4 2388
8 5 2100
8 6 2951
8 7 2952
9 1 1225
9 2 1296
9 3 1307
9 4 1383
9 5 1022
9 6 1751
9 7 1853
10 1 2319
10 2 2281
10 3 2442
10 4 2402
10 5 2094
10 6 3344
10 7 3290
11 1 1715
11 2 1768
11 3 1802
11 4 1857
11 5 1547
11 6 2241
11 7 2310
12 1 980
12 2 839
12 3 1050
12 4 899
12 5 809
12 6 1324
12 7 1133
13 1 735
13 2 695
13 3 783
13 4 740
13 5 596
13 6 1058
13 7 1001
14 1 2281
14 2 2165
14 3 2487
14 4 2360
14 5 1881
14 6 3192
14 7 3030
15 1 2750
15 2 2636
15 3 2891
15 4 2771
15 5 2341
15 6 3445
15 7 3302
16 1 77
16 2 84
16 3 84
16 4 92
16 5 73
16 6 109
16 7 119
17 1 89
17 2 83
17 3 98
17 4 92
17 5 74
17 6 117
17 7 109
18 1 51
18 2 47
18 3 56
18 4 52
18 5 45
18 6 64
18 7 59
19 1 364
19 2 397
19 3 397
19 4 433
19 5 293
19 6 459
19 7 501
20 1 405
20 2 349
20 3 438
20 4 378
20 5 346
20 6 551
20 7 475
21 1 3060
21 2 2897
21 3 3365
21 4 3186
21 5 2795
21 6 3873
21 7 3666
22 1 125
22 2 116
22 3 138
22 4 128
22 5 119
22 6 176
22 7 164
23 1 3429
23 2 3635
23 3 3611
23 4 3827
23 5 2947
23 6 4390
23 7 4654
24 1 43
24 2 39
24 3 47
24 4 43
24 5 37
24 6 56
24 7 51
25 1 3430
25 2 3450
25 3 3673
25 4 3695
25 5 3214
25 6 4398
25 7 4423
26 1 1960
26 2 2059
26 3 2138
26 4 2246
26 5 1579
26 6 2793
26 7 2934
27 1 29
27 2 27
27 3 31
27 4 29
27 5 24
27 6 38
27 7 35
28 1 27
28 2 24
28 3 30
28 4 27
28 5 26
28 6 37
28 7 33
29 1 15
29 2 14
29 3 17
29 4 16
29 5 14
29 6 21
29 7 19
30 1 121
30 2 107
30 3 130
30 4 115
30 5 115
30 6 172
30 7 152
31 1 1715
31 2 1786
31 3 1855
31 4 1932
31 5 1418
31 6 2447
31 7 2549
32 1 2127
32 2 2065
32 3 2243
32 4 2178
32 5 1812
32 6 2668
32 7 2591
33 1 1470
33 2 1382
33 3 1560
33 4 1467
33 5 1334
33 6 1860
33 7 1748
34 1 4037
34 2 3826
34 3 4336
34 4 4109
34 5 3641
34 6 5291
34 7 5015
35 1 68
35 2 67
35 3 75
35 4 74
35 5 57
35 6 98
35 7 96
36 1 62
36 2 61
36 3 66
36 4 65
36 5 54
36 6 85
36 7 84
37 1 42
37 2 43
37 3 46
37 4 47
37 5 35
37 6 60
37 7 61
38 1 364
38 2 346
38 3 395
38 4 375
38 5 336
38 6 466
38 7 443
39 1 4998
39 2 5204
39 3 5291
39 4 5509
39 5 4386
39 6 6387
39 7 6650
40 1 1470
40 2 1369
40 3 1550
40 4 1443
40 5 1375
40 6 1853
40 7 1726
41 1 2963
41 2 3106
41 3 3210
41 4 3365
41 5 2771
41 6 4098
41 7 4295
42 1 5689
42 2 5923
42 3 6253
42 4 6510
42 5 4925
42 6 7854
42 7 8177
43 1 68
43 2 67
43 3 75
43 4 73
43 5 63
43 6 95
43 7 94
44 1 18
44 2 19
44 3 20
44 4 21
44 5 17
44 6 24
44 7 25
45 1 10
45 2 9
45 3 11
45 4 10
45 5 9
45 6 15
45 7 13
46 1 81
46 2 86
46 3 87
46 4 92
46 5 67
46 6 104
46 7 111
47 1 5200
47 2 4764
47 3 5513
47 4 5051
47 5 4829
47 6 7069
47 7 6476
48 1 39
48 2 39
48 3 43
48 4 43
48 5 35
48 6 51
48 7 51
49 1 67
49 2 65
49 3 74
49 4 72
49 5 57
49 6 97
49 7 94
50 1 27
50 2 25
50 3 29
50 4 27
50 5 24
50 6 39
50 7 36
51 1 15
51 2 14
51 3 17
51 4 16
51 5 15
51 6 20
51 7 18
52 1 121
52 2 113
52 3 133
52 4 124
52 5 105
52 6 172
52 7 160
53 1 58
53 2 62
53 3 63
53 4 67
53 5 51
53 6 74
53 7 79
54 1 1715
54 2 1520
54 3 1864
54 4 1652
54 5 1417
54 6 2225
54 7 1972
55 1 125
55 2 132
55 3 133
55 4 140
55 5 109
55 6 158
55 7 167
56 1 4010
56 2 3797
56 3 4409
56 4 4175
56 5 3734
56 6 5453
56 7 5164
57 1 1470
57 2 1385
57 3 1579
57 4 1487
57 5 1386
57 6 1856
57 7 1749
58 1 1470
58 2 1346
58 3 1597
58 4 1463
58 5 1362
58 6 1924
58 7 1762
59 1 2303
59 2 2138
59 3 2514
59 4 2333
59 5 2137
59 6 3041
59 7 2823
60 1 1960
60 2 1758
60 3 2068
60 4 1855
60 5 1741
60 6 2707
60 7 2428
61 1 2205
61 2 2353
61 3 2354
61 4 2512
61 5 1810
61 6 2988
61 7 3189
62 1 4018
62 2 4082
62 3 4414
62 4 4485
62 5 3717
62 6 5688
62 7 5779
63 1 2744
63 2 2714
63 3 2917
63 4 2885
63 5 2394
63 6 3598
63 7 3559
64 1 2999
64 2 2816
64 3 3218
64 4 3022
64 5 2707
64 6 3979
64 7 3736
65 1 735
65 2 691
65 3 778
65 4 731
65 5 615
65 6 960
65 7 903
66 1 735
66 2 804
66 3 806
66 4 882
66 5 613
66 6 999
66 7 1093
67 1 735
67 2 680
67 3 805
67 4 745
67 5 643
67 6 971
67 7 898
68 1 735
68 2 696
68 3 795
68 4 753
68 5 696
68 6 1054
68 7 998
69 1 545
69 2 545
69 3 586
69 4 586
69 5 465
69 6 781
69 7 781
70 1 3386
70 2 3184
70 3 3642
70 4 3425
70 5 2767
70 6 4351
70 7 4091
71 1 3234
71 2 3220
71 3 3410
71 4 3395
71 5 2693
71 6 4140
71 7 4122
72 1 2205
72 2 2029
72 3 2348
72 4 2160
72 5 1807
72 6 3173
72 7 2920
73 1 2206
73 2 2129
73 3 2402
73 4 2319
73 5 2000
73 6 2992
73 7 2887
74 1 490
74 2 521
74 3 524
74 4 557
74 5 437
74 6 659
74 7 700
75 1 825
75 2 818
75 3 894
75 4 886
75 5 699
75 6 1076
75 7 1066
76 1 3528
76 2 3177
76 3 3805
76 4 3427
76 5 3253
76 6 4756
76 7 4283
77 1 3568
77 2 3702
77 3 3913
77 4 4060
77 5 2902
77 6 4631
77 7 4805
78 1 1200
78 2 1162
78 3 1311
78 4 1269
78 5 1124
78 6 1628
78 7 1576
79 1 618
79 2 674
79 3 654
79 4 714
79 5 557
79 6 863
79 7 941
80 1 1470
80 2 1361
80 3 1587
80 4 1469
80 5 1332
80 6 1907
80 7 1766
81 1 1715
81 2 1830
81 3 1861
81 4 1986
81 5 1412
81 6 2303
81 7 2458
82 1 735
82 2 642
82 3 784
82 4 685
82 5 610
82 6 947
82 7 827
83 1 1960
83 2 1727
83 3 2126
83 4 1873
83 5 1752
83 6 2683
83 7 2364
84 1 2889
84 2 2489
84 3 3077
84 4 2651
84 5 2462
84 6 3778
84 7 3255
85 1 618
85 2 530
85 3 665
85 4 570
85 5 561
85 6 799
85 7 685
86 1 490
86 2 536
86 3 517
86 4 566
86 5 440
86 6 661
86 7 723
87 1 735
87 2 742
87 3 805
87 4 813
87 5 626
87 6 1039
87 7 1049
88 1 490
88 2 465
88 3 536
88 4 508
88 5 424
88 6 702
88 7 667
89 1 921
89 2 884
89 3 976
89 4 937
89 5 869
89 6 1227
89 7 1177
90 1 326
90 2 308
90 3 348
90 4 329
90 5 289
90 6 455
90 7 430
91 1 5390
91 2 5832
91 3 5795
91 4 6270
91 5 4645
91 6 6884
91 7 7449
92 1 243
92 2 261
92 3 264
92 4 284
92 5 213
92 6 318
92 7 342
93 1 371
93 2 334
93 3 396
93 4 356
93 5 340
93 6 506
93 7 456
94 1 58
94 2 51
94 3 64
94 4 56
94 5 54
94 6 80
94 7 71
95 1 5059
95 2 4737
95 3 5542
95 4 5189
95 5 4618
95 6 7238
95 7 6778
96 1 1225
96 2 1157
96 3 1315
96 4 1242
96 5 1067
96 6 1714
96 7 1619
97 1 769
97 2 759
97 3 828
97 4 817
97 5 654
97 6 1064
97 7 1050
98 1 768
98 2 670
98 3 813
98 4 709
98 5 696
98 6 1114
98 7 972
99 1 1670
99 2 1679
99 3 1781
99 4 1790
99 5 1548
99 6 2179
99 7 2190
100 1 1670
100 2 1695
100 3 1755
100 4 1781
100 5 1349
100 6 2169
100 7 2201
101 1 490
101 2 447
101 3 532
101 4 485
101 5 407
101 6 615
101 7 561
102 1 202
102 2 204
102 3 215
102 4 217
102 5 192
102 6 258
102 7 261
103 1 203
103 2 222
103 3 217
103 4 237
103 5 178
103 6 293
103 7 321
104 1 202
104 2 174
104 3 213
104 4 184
104 5 186
104 6 253
104 7 218
105 1 2744
105 2 3010
105 3 2996
105 4 3287
105 5 2599
105 6 3766
105 7 4131
106 1 162
106 2 139
106 3 177
106 4 152
106 5 140
106 6 214
106 7 184
107 1 324
107 2 345
107 3 343
107 4 365
107 5 294
107 6 450
107 7 479
108 1 162
108 2 163
108 3 175
108 4 176
108 5 143
108 6 235
108 7 236
109 1 121
109 2 109
109 3 131
109 4 118
109 5 112
109 6 152
109 7 137
110 1 162
110 2 166
110 3 173
110 4 177
110 5 138
110 6 210
110 7 216
111 1 91
111 2 91
111 3 96
111 4 96
111 5 74
111 6 131
111 7 131

# Energy Consumption
1 1 0
1 2 424
1 3 0
1 4 438
1 5 289
1 6 0
1 7 376
2 1 0
2 2 429
2 3 0
2 4 376
2 5 221
2 6 0
2 7 292
3 1 0
3 2 168
3 3 0
3 4 159
3 5 93
3 6 0
3 7 134
4 1 0
4 2 498
4 3 0
4 4 347
4 5 203
4 6 0
4 7 274
5 1 0
5 2 132
5 3 0
5 4 115
5 5 73
5 6 0
5 7 97
6 1 0
6 2 266
6 3 0
6 4 217
6 5 162
6 6 0
6 7 198
7 1 0
7 2 48
7 3 0
7 4 35
7 5 24
7 6 0
7 7 37
8 1 0
8 2 579
8 3 0
8 4 490
8 5 331
8 6 0
8 7 376
9 1 0
9 2 350
9 3 0
9 4 297
9 5 159
9 6 0
9 7 227
10 1 0
10 2 560
10 3 0
10 4 528
10 5 321
10 6 0
10 7 420
11 1 0
11 2 450
11 3 0
11 4 342
11 5 217
11 6 0
11 7 322
12 1 0
12 2 189
12 3 0
12 4 198
12 5 125
12 6 0
12 7 146
13 1 0
13 2 185
13 3 0
13 4 139
13 5 92
13 6 0
13 7 139
14 1 0
14 2 586
14 3 0
14 4 456
14 5 301
14 6 0
14 7 398
15 1 0
15 2 724
15 3 0
15 4 596
15 5 358
15 6 0
15 7 429
16 1 0
16 2 24
16 3 0
16 4 18
16 5 12
16 6 0
16 7 17
17 1 0
17 2 21
17 3 0
17 4 19
17 5 12
17 6 0
17 7 17
18 1 0
18 2 13
18 3 0
18 4 11
18 5 7
18 6 0
18 7 8
19 1 0
19 2 90
19 3 0
19 4 86
19 5 43
19 6 0
19 7 61
20 1 0
20 2 87
20 3 0
20 4 80
20 5 50
20 6 0
20 7 65
21 1 0
21 2 789
21 3 0
21 4 646
21 5 425
21 6 0
21 7 534
22 1 0
22 2 30
22 3 0
22 4 27
22 5 18
22 6 0
22 7 25
23 1 0
23 2 998
23 3 0
23 4 803
23 5 461
23 6 0
23 7 625
24 1 0
24 2 11
24 3 0
24 4 9
24 5 6
24 6 0
24 7 7
25 1 0
25 2 913
25 3 0
25 4 776
25 5 451
25 6 0
25 7 559
26 1 0
26 2 589
26 3 0
26 4 493
26 5 242
26 6 0
26 7 379
27 1 0
27 2 7
27 3 0
27 4 6
27 5 4
27 6 0
27 7 5
28 1 0
28 2 6
28 3 0
28 4 6
28 5 4
28 6 0
28 7 5
29 1 0
29 2 4
29 3 0
29 4 4
29 5 3
29 6 0
29 7 3
30 1 0
30 2 29
30 3 0
30 4 24
30 5 18
30 6 0
30 7 19
31 1 0
31 2 479
31 3 0
31 4 349
31 5 211
31 6 0
31 7 381
32 1 0
32 2 577
32 3 0
32 4 397
32 5 282
32 6 0
32 7 328
33 1 0
33 2 412
33 3 0
33 4 279
33 5 209
33 6 0
33 7 245
34 1 0
34 2 1110
34 3 0
34 4 852
34 5 533
34 6 0
34 7 616
35 1 0
35 2 19
35 3 0
35 4 16
35 5 9
35 6 0
35 7 12
36 1 0
36 2 15
36 3 0
36 4 14
36 5 9
36 6 0
36 7 12
37 1 0
37 2 12
37 3 0
37 4 11
37 5 6
37 6 0
37 7 8
38 1 0
38 2 77
38 3 0
38 4 77
38 5 52
38 6 0
38 7 56
39 1 0
39 2 1522
39 3 0
39 4 1158
39 5 624
39 6 0
39 7 827
40 1 0
40 2 374
40 3 0
40 4 261
40 5 214
40 6 0
40 7 231
41 1 0
41 2 759
41 3 0
41 4 673
41 5 396
41 6 0
41 7 566
42 1 0
42 2 1362
42 3 0
42 4 1284
42 5 711
42 6 0
42 7 1045
43 1 0
43 2 15
43 3 0
43 4 16
43 5 10
43 6 0
43 7 14
44 1 0
44 2 5
44 3 0
44 4 5
44 5 3
44 6 0
44 7 4
45 1 0
45 2 3
45 3 0
45 4 2
45 5 2
45 6 0
45 7 2
46 1 0
46 2 26
46 3 0
46 4 20
46 5 10
46 6 0
46 7 16
47 1 0
47 2 1136
47 3 0
47 4 1033
47 5 767
47 6 0
47 7 865
48 1 0
48 2 12
48 3 0
48 4 9
48 5 6
48 6 0
48 7 7
49 1 0
49 2 17
49 3 0
49 4 16
49 5 9
49 6 0
49 7 13
50 1 0
50 2 8
50 3 0
50 4 6
50 5 4
50 6 0
50 7 6
51 1 0
51 2 4
51 3 0
51 4 4
51 5 3
51 6 0
51 7 3
52 1 0
52 2 31
52 3 0
52 4 25
52 5 16
52 6 0
52 7 22
53 1 0
53 2 18
53 3 0
53 4 14
53 5 8
53 6 0
53 7 11
54 1 0
54 2 364
54 3 0
54 4 343
54 5 227
54 6 0
54 7 266
55 1 0
55 2 38
55 3 0
55 4 28
55 5 18
55 6 0
55 7 24
56 1 0
56 2 1072
56 3 0
56 4 914
56 5 542
56 6 0
56 7 737
57 1 0
57 2 337
57 3 0
57 4 307
57 5 204
57 6 0
57 7 242
58 1 0
58 2 378
58 3 0
58 4 292
58 5 201
58 6 0
58 7 262
59 1 0
59 2 578
59 3 0
59 4 446
59 5 317
59 6 0
59 7 372
60 1 0
60 2 449
60 3 0
60 4 385
60 5 264
60 6 0
60 7 348
61 1 0
61 2 557
61 3 0
61 4 552
61 5 256
61 6 0
61 7 447
62 1 0
62 2 943
62 3 0
62 4 819
62 5 524
62 6 0
62 7 718
63 1 0
63 2 624
63 3 0
63 4 575
63 5 339
63 6 0
63 7 517
64 1 0
64 2 715
64 3 0
64 4 617
64 5 431
64 6 0
64 7 551
65 1 0
65 2 162
65 3 0
65 4 143
65 5 88
65 6 0
65 7 114
66 1 0
66 2 178
66 3 0
66 4 161
66 5 90
66 6 0
66 7 141
67 1 0
67 2 179
67 3 0
67 4 155
67 5 96
67 6 0
67 7 116
68 1 0
68 2 169
68 3 0
68 4 149
68 5 104
68 6 0
68 7 145
69 1 0
69 2 136
69 3 0
69 4 111
69 5 70
69 6 0
69 7 96
70 1 0
70 2 891
70 3 0
70 4 668
70 5 407
70 6 0
70 7 556
71 1 0
71 2 723
71 3 0
71 4 677
71 5 389
71 6 0
71 7 610
72 1 0
72 2 562
72 3 0
72 4 407
72 5 286
72 6 0
72 7 418
73 1 0
73 2 522
73 3 0
73 4 483
73 5 302
73 6 0
73 7 409
74 1 0
74 2 116
74 3 0
74 4 105
74 5 65
74 6 0
74 7 100
75 1 0
75 2 186
75 3 0
75 4 173
75 5 104
75 6 0
75 7 156
76 1 0
76 2 807
76 3 0
76 4 670
76 5 510
76 6 0
76 7 590
77 1 0
77 2 1057
77 3 0
77 4 883
77 5 410
77 6 0
77 7 708
78 1 0
78 2 330
78 3 0
78 4 253
78 5 167
78 6 0
78 7 229
79 1 0
79 2 188
79 3 0
79 4 130
79 5 86
79 6 0
79 7 127
80 1 0
80 2 318
80 3 0
80 4 298
80 5 188
80 6 0
80 7 215
81 1 0
81 2 455
81 3 0
81 4 430
81 5 222
81 6 0
81 7 349
82 1 0
82 2 156
82 3 0
82 4 132
82 5 97
82 6 0
82 7 107
83 1 0
83 2 503
83 3 0
83 4 407
83 5 266
83 6 0
83 7 335
84 1 0
84 2 591
84 3 0
84 4 550
84 5 368
84 6 0
84 7 398
85 1 0
85 2 155
85 3 0
85 4 107
85 5 88
85 6 0
85 7 91
86 1 0
86 2 137
86 3 0
86 4 106
86 5 68
86 6 0
86 7 99
87 1 0
87 2 223
87 3 0
87 4 158
87 5 89
87 6 0
87 7 133
88 1 0
88 2 105
88 3 0
88 4 111
88 5 60
88 6 0
88 7 86
89 1 0
89 2 229
89 3 0
89 4 201
89 5 138
89 6 0
89 7 144
90 1 0
90 2 90
90 3 0
90 4 68
90 5 44
90 6 0
90 7 65
91 1 0
91 2 1748
91 3 0
91 4 1323
91 5 733
91 6 0
91 7 1063
92 1 0
92 2 63
92 3 0
92 4 62
92 5 31
92 6 0
92 7 50
93 1 0
93 2 84
93 3 0
93 4 73
93 5 50
93 6 0
93 7 64
94 1 0
94 2 12
94 3 0
94 4 13
94 5 9
94 6 0
94 7 10
95 1 0
95 2 1332
95 3 0
95 4 1042
95 5 655
95 6 0
95 7 1000
96 1 0
96 2 281
96 3 0
96 4 225
96 5 166
96 6 0
96 7 207
97 1 0
97 2 204
97 3 0
97 4 177
97 5 100
97 6 0
97 7 149
98 1 0
98 2 176
98 3 0
98 4 143
98 5 110
98 6 0
98 7 145
99 1 0
99 2 452
99 3 0
99 4 379
99 5 222
99 6 0
99 7 281
100 1 0
100 2 408
100 3 0
100 4 392
100 5 196
100 6 0
100 7 267
101 1 0
101 2 127
101 3 0
101 4 88
101 5 62
101 6 0
101 7 83
102 1 0
102 2 46
102 3 0
102 4 41
102 5 30
102 6 0
102 7 34
103 1 0
103 2 56
103 3 0
103 4 46
103 5 26
103 6 0
103 7 43
104 1 0
104 2 47
104 3 0
104 4 34
104 5 28
104 6 0
104 7 30
105 1 0
105 2 733
105 3 0
105 4 657
105 5 370
105 6 0
105 7 514
106 1 0
106 2 42
106 3 0
106 4 33
106 5 21
106 6 0
106 7 24
107 1 0
107 2 95
107 3 0
107 4 76
107 5 47
107 6 0
107 7 69
108 1 0
108 2 37
108 3 0
108 4 38
108 5 23
108 6 0
108 7 34
109 1 0
109 2 32
109 3 0
109 4 25
109 5 17
109 6 0
109 7 19
110 1 0
110 2 43
110 3 0
110 4 35
110 5 20
110 6 0
110 7 31
111 1 0
111 2 21
111 3 0
111 4 20
111 5 12
111 6 0
111 7 17

# Precedence Relations
1 2
2 3
3 4
4 5
4 6
4 7
4 8
4 9
4 10
5 39
6 39
7 83
8 71
9 32
10 11
10 12
11 13
11 14
11 15
11 16
11 17
11 18
11 19
11 20
11 21
12 13
12 14
12 15
12 16
12 17
12 18
12 19
12 20
12 21
13 71
14 22
14 23
14 24
14 25
15 26
16 27
17 28
18 29
19 30
20 91
21 111
22 31
22 83
23 32
23 33
24 69
24 70
25 34
26 82
27 35
28 36
29 37
30 38
31 39
32 41
33 111
34 42
35 43
36 44
36 91
37 45
37 91
38 46
38 91
39 40
40 111
41 69
41 70
42 47
43 48
43 49
44 50
45 51
46 52
47 54
47 55
47 56
47 57
47 58
47 59
47 60
48 53
49 91
50 111
51 111
52 111
53 111
54 69
54 70
55 61
55 62
55 63
56 63
56 64
57 65
57 91
58 66
58 91
59 67
59 91
60 68
60 91
61 69
61 70
62 71
63 111
64 72
65 111
66 111
67 111
68 111
69 77
69 78
70 73
71 91
72 74
73 75
74 76
75 77
75 78
75 79
76 80
76 81
76 82
77 83
78 84
79 85
80 86
80 91
81 87
81 91
82 111
83 91
84 88
84 89
84 91
85 111
86 111
87 90
88 105
89 105
90 111
91 92
91 93
91 94
92 95
93 95
94 95
95 96
95 97
95 98
95 99
95 100
95 104
96 101
97 102
98 103
99 111
100 111
101 105
102 106
102 107
103 107
103 108
104 111
105 111
106 109
107 111
108 110
109 111
110 111

# Parameters
R_e = 0.0500
T = 8585.85
C_s = 4.0
C_w = 36.0
C_c = 5.0
