# Tasks
1 2 3 4 5 6 7 8 9 10 11 12 13 14 15 16 17 18 19 20

# Workstations
1 2 3 4 5 6 7 8 9 10 11 12 13 14 15 16 17 18 19 20

# Modes
1 2 3 4 5 6 7

# Processing Times
1 1 471
1 2 584
1 3 457
1 4 567
1 5 176
1 6 653
1 7 809
2 1 570
2 2 707
2 3 553
2 4 686
2 5 212
2 6 790
2 7 980
3 1 335
3 2 416
3 3 325
3 4 404
3 5 125
3 6 464
3 7 577
4 1 590
4 2 732
4 3 573
4 4 710
4 5 220
4 6 818
4 7 1014
5 1 564
5 2 699
5 3 547
5 4 678
5 5 210
5 6 782
5 7 968
6 1 599
6 2 743
6 3 581
6 4 721
6 5 223
6 6 830
6 7 1029
7 1 494
7 2 613
7 3 479
7 4 595
7 5 184
7 6 685
7 7 849
8 1 547
8 2 678
8 3 531
8 4 658
8 5 204
8 6 758
8 7 939
9 1 714
9 2 885
9 3 693
9 4 859
9 5 266
9 6 989
9 7 1226
10 1 524
10 2 650
10 3 509
10 4 631
10 5 195
10 6 726
10 7 901
11 1 646
11 2 801
11 3 627
11 4 777
11 5 241
11 6 895
11 7 1110
12 1 564
12 2 699
12 3 547
12 4 678
12 5 210
12 6 782
12 7 968
13 1 314
13 2 390
13 3 305
13 4 379
13 5 117
13 6 435
13 7 541
14 1 372
14 2 461
14 3 361
14 4 447
14 5 139
14 6 516
14 7 639
15 1 653
15 2 810
15 3 634
15 4 786
15 5 243
15 6 905
15 7 1122
16 1 732
16 2 907
16 3 710
16 4 880
16 5 273
16 6 1014
16 7 1257
17 1 471
17 2 584
17 3 457
17 4 567
17 5 176
17 6 653
17 7 809
18 1 281
18 2 349
18 3 273
18 4 339
18 5 105
18 6 390
18 7 484
19 1 381
19 2 473
19 3 370
19 4 459
19 5 142
19 6 528
19 7 656
20 1 638
20 2 791
20 3 619
20 4 767
20 5 238
20 6 884
20 7 1096

# Energy Consumption
1 1 0
1 2 134
1 3 0
1 4 113
1 5 26
1 6 0
1 7 114
2 1 0
2 2 158
2 3 0
2 4 139
2 5 32
2 6 0
2 7 127
3 1 0
3 2 121
3 3 0
3 4 76
3 5 20
3 6 0
3 7 70
4 1 0
4 2 172
4 3 0
4 4 152
4 5 32
4 6 0
4 7 140
5 1 0
5 2 189
5 3 0
5 4 128
5 5 33
5 6 0
5 7 133
6 1 0
6 2 203
6 3 0
6 4 152
6 5 33
6 6 0
6 7 137
7 1 0
7 2 166
7 3 0
7 4 129
7 5 29
7 6 0
7 7 113
8 1 0
8 2 186
8 3 0
8 4 143
8 5 31
8 6 0
8 7 117
9 1 0
9 2 216
9 3 0
9 4 160
9 5 38
9 6 0
9 7 157
10 1 0
10 2 163
10 3 0
10 4 122
10 5 30
10 6 0
10 7 127
11 1 0
11 2 230
11 3 0
11 4 143
11 5 34
11 6 0
11 7 154
12 1 0
12 2 176
12 3 0
12 4 142
12 5 31
12 6 0
12 7 118
13 1 0
13 2 98
13 3 0
13 4 79
13 5 19
13 6 0
13 7 74
14 1 0
14 2 110
14 3 0
14 4 85
14 5 21
14 6 0
14 7 95
15 1 0
15 2 220
15 3 0
15 4 153
15 5 35
15 6 0
15 7 162
16 1 0
16 2 205
16 3 0
16 4 169
16 5 43
16 6 0
16 7 153
17 1 0
17 2 173
17 3 0
17 4 108
17 5 26
17 6 0
17 7 118
18 1 0
18 2 84
18 3 0
18 4 75
18 5 17
18 6 0
18 7 61
19 1 0
19 2 134
19 3 0
19 4 90
19 5 21
19 6 0
19 7 94
20 1 0
20 2 236
20 3 0
20 4 157
20 5 39
20 6 0
20 7 134

# Precedence Relations
1 5
1 6
2 5
3 4
4 14
5 7
5 8
5 9
7 10
7 11
8 12
8 13
10 14
11 14
12 14
13 15
14 16
14 17
14 18
14 19
14 20

# Parameters
R_e = 0.0500
T = 1319.8500000000001
C_s = 4.0
C_w = 36.0
C_c = 5.0
