# Tasks
1 2 3 4 5 6 7 8 9 10 11 12 13 14 15 16 17 18 19 20 21 22 23 24 25 26 27 28 29 30 31 32 33 34 35 36 37 38 39 40 41 42 43 44 45 46 47 48 49 50 51 52 53

# Workstations
1 2 3 4 5 6 7 8 9 10 11 12 13 14 15 16 17 18 19 20 21 22 23 24 25 26 27 28 29 30 31 32 33 34 35 36 37 38 39 40 41 42 43 44 45 46 47 48 49 50 51 52 53

# Modes
1 2 3 4 5 6 7

# Processing Times
1 1 971
1 2 1477
1 3 1013
1 4 1540
1 5 367
1 6 1349
1 7 2051
2 1 142
2 2 185
2 3 141
2 4 184
2 5 63
2 6 185
2 7 241
3 1 142
3 2 217
3 3 140
3 4 213
3 5 54
3 6 195
3 7 297
4 1 142
4 2 199
4 3 144
4 4 201
4 5 56
4 6 189
4 7 265
5 1 103
5 2 151
5 3 104
5 4 152
5 5 42
5 6 138
5 7 202
6 1 96
6 2 120
6 3 95
6 4 119
6 5 35
6 6 128
6 7 160
7 1 99
7 2 123
7 3 103
7 4 128
7 5 36
7 6 133
7 7 165
8 1 1207
8 2 1609
8 3 1151
8 4 1534
8 5 444
8 6 1721
8 7 2294
9 1 160
9 2 250
9 3 167
9 4 261
9 5 50
9 6 203
9 7 317
10 1 180
10 2 240
10 3 178
10 4 237
10 5 70
10 6 250
10 7 334
11 1 82
11 2 120
11 3 82
11 4 120
11 5 35
11 6 112
11 7 164
12 1 60
12 2 87
12 3 61
12 4 89
12 5 27
12 6 87
12 7 126
13 1 112
13 2 166
13 3 115
13 4 170
13 5 41
13 6 142
13 7 210
14 1 420
14 2 665
14 3 421
14 4 666
14 5 167
14 6 599
14 7 948
15 1 1556
15 2 2338
15 3 1584
15 4 2379
15 5 644
15 6 2203
15 7 3309
16 1 236
16 2 357
16 3 233
16 4 352
16 5 99
16 6 329
16 7 498
17 1 259
17 2 407
17 3 249
17 4 392
17 5 106
17 6 338
17 7 531
18 1 125
18 2 171
18 3 119
18 4 163
18 5 47
18 6 180
18 7 246
19 1 601
19 2 913
19 3 591
19 4 898
19 5 251
19 6 753
19 7 1144
20 1 80
20 2 114
20 3 77
20 4 110
20 5 27
20 6 113
20 7 161
21 1 80
21 2 125
21 3 80
21 4 125
21 5 33
21 6 111
21 7 174
22 1 70
22 2 101
22 3 72
22 4 103
22 5 29
22 6 92
22 7 133
23 1 89
23 2 121
23 3 86
23 4 117
23 5 33
23 6 124
23 7 168
24 1 89
24 2 138
24 3 90
24 4 139
24 5 37
24 6 118
24 7 182
25 1 105
25 2 140
25 3 110
25 4 146
25 5 39
25 6 141
25 7 188
26 1 330
26 2 407
26 3 329
26 4 405
26 5 123
26 6 462
26 7 570
27 1 132
27 2 166
27 3 128
27 4 161
27 5 55
27 6 183
27 7 230
28 1 69
28 2 107
28 3 68
28 4 106
28 5 22
28 6 100
28 7 155
29 1 99
29 2 154
29 3 99
29 4 154
29 5 41
29 6 131
29 7 204
30 1 70
30 2 99
30 3 74
30 4 104
30 5 25
30 6 89
30 7 125
31 1 70
31 2 105
31 3 72
31 4 108
31 5 28
31 6 95
31 7 143
32 1 158
32 2 204
32 3 163
32 4 211
32 5 49
32 6 200
32 7 258
33 1 191
33 2 249
33 3 183
33 4 239
33 5 78
33 6 263
33 7 343
34 1 70
34 2 104
34 3 70
34 4 104
34 5 30
34 6 96
34 7 142
35 1 53
35 2 65
35 3 52
35 4 63
35 5 21
35 6 70
35 7 86
36 1 50
36 2 66
36 3 53
36 4 69
36 5 18
36 6 70
36 7 93
37 1 125
37 2 175
37 3 122
37 4 171
37 5 50
37 6 176
37 7 247
38 1 353
38 2 521
38 3 347
38 4 512
38 5 129
38 6 461
38 7 680
39 1 70
39 2 91
39 3 70
39 4 91
39 5 29
39 6 96
39 7 125
40 1 128
40 2 178
40 3 129
40 4 179
40 5 41
40 6 177
40 7 246
41 1 65
41 2 94
41 3 65
41 4 94
41 5 20
41 6 91
41 7 132
42 1 1775
42 2 2675
42 3 1862
42 4 2806
42 5 708
42 6 2500
42 7 3767
43 1 91
43 2 126
43 3 90
43 4 125
43 5 34
43 6 115
43 7 159
44 1 91
44 2 124
44 3 88
44 4 120
44 5 29
44 6 128
44 7 174
45 1 113
45 2 157
45 3 114
45 4 158
45 5 37
45 6 146
45 7 203
46 1 487
46 2 601
46 3 468
46 4 578
46 5 149
46 6 660
46 7 815
47 1 138
47 2 184
47 3 145
47 4 193
47 5 61
47 6 188
47 7 251
48 1 80
48 2 113
48 3 79
48 4 111
48 5 34
48 6 111
48 7 157
49 1 80
49 2 101
49 3 79
49 4 100
49 5 33
49 6 112
49 7 141
50 1 65
50 2 92
50 3 67
50 4 95
50 5 29
50 6 90
50 7 127
51 1 40
51 2 58
51 3 41
51 4 59
51 5 12
51 6 51
51 7 74
52 1 742
52 2 1146
52 3 717
52 4 1107
52 5 244
52 6 928
52 7 1434
53 1 1085
53 2 1613
53 3 1076
53 4 1599
53 5 353
53 6 1555
53 7 2312

# Energy Consumption
1 1 0
1 2 337
1 3 0
1 4 307
1 5 53
1 6 0
1 7 288
2 1 0
2 2 42
2 3 0
2 4 38
2 5 10
2 6 0
2 7 32
3 1 0
3 2 63
3 3 0
3 4 40
3 5 9
3 6 0
3 7 36
4 1 0
4 2 47
4 3 0
4 4 43
4 5 9
4 6 0
4 7 37
5 1 0
5 2 41
5 3 0
5 4 29
5 5 7
5 6 0
5 7 28
6 1 0
6 2 33
6 3 0
6 4 26
6 5 6
6 6 0
6 7 22
7 1 0
7 2 34
7 3 0
7 4 28
7 5 6
7 6 0
7 7 22
8 1 0
8 2 441
8 3 0
8 4 332
8 5 68
8 6 0
8 7 285
9 1 0
9 2 61
9 3 0
9 4 49
9 5 8
9 6 0
9 7 41
10 1 0
10 2 61
10 3 0
10 4 46
10 5 11
10 6 0
10 7 47
11 1 0
11 2 35
11 3 0
11 4 22
11 5 5
11 6 0
11 7 23
12 1 0
12 2 22
12 3 0
12 4 19
12 5 4
12 6 0
12 7 16
13 1 0
13 2 42
13 3 0
13 4 36
13 5 7
13 6 0
13 7 29
14 1 0
14 2 158
14 3 0
14 4 127
14 5 25
14 6 0
14 7 141
15 1 0
15 2 634
15 3 0
15 4 461
15 5 93
15 6 0
15 7 476
16 1 0
16 2 81
16 3 0
16 4 68
16 5 16
16 6 0
16 7 61
17 1 0
17 2 121
17 3 0
17 4 75
17 5 16
17 6 0
17 7 77
18 1 0
18 2 41
18 3 0
18 4 36
18 5 8
18 6 0
18 7 31
19 1 0
19 2 258
19 3 0
19 4 175
19 5 37
19 6 0
19 7 164
20 1 0
20 2 34
20 3 0
20 4 23
20 5 5
20 6 0
20 7 20
21 1 0
21 2 32
21 3 0
21 4 25
21 5 6
21 6 0
21 7 23
22 1 0
22 2 24
22 3 0
22 4 20
22 5 5
22 6 0
22 7 20
23 1 0
23 2 30
23 3 0
23 4 22
23 5 5
23 6 0
23 7 22
24 1 0
24 2 34
24 3 0
24 4 26
24 5 6
24 6 0
24 7 23
25 1 0
25 2 35
25 3 0
25 4 27
25 5 7
25 6 0
25 7 26
26 1 0
26 2 93
26 3 0
26 4 88
26 5 19
26 6 0
26 7 70
27 1 0
27 2 47
27 3 0
27 4 30
27 5 9
27 6 0
27 7 32
28 1 0
28 2 29
28 3 0
28 4 20
28 5 4
28 6 0
28 7 19
29 1 0
29 2 44
29 3 0
29 4 30
29 5 6
29 6 0
29 7 29
30 1 0
30 2 29
30 3 0
30 4 22
30 5 4
30 6 0
30 7 18
31 1 0
31 2 27
31 3 0
31 4 21
31 5 5
31 6 0
31 7 18
32 1 0
32 2 56
32 3 0
32 4 41
32 5 8
32 6 0
32 7 33
33 1 0
33 2 60
33 3 0
33 4 44
33 5 13
33 6 0
33 7 51
34 1 0
34 2 27
34 3 0
34 4 22
34 5 5
34 6 0
34 7 19
35 1 0
35 2 18
35 3 0
35 4 12
35 5 4
35 6 0
35 7 11
36 1 0
36 2 15
36 3 0
36 4 13
36 5 3
36 6 0
36 7 12
37 1 0
37 2 49
37 3 0
37 4 37
37 5 8
37 6 0
37 7 36
38 1 0
38 2 136
38 3 0
38 4 112
38 5 19
38 6 0
38 7 85
39 1 0
39 2 22
39 3 0
39 4 18
39 5 5
39 6 0
39 7 16
40 1 0
40 2 44
40 3 0
40 4 37
40 5 7
40 6 0
40 7 37
41 1 0
41 2 28
41 3 0
41 4 21
41 5 4
41 6 0
41 7 19
42 1 0
42 2 747
42 3 0
42 4 552
42 5 114
42 6 0
42 7 463
43 1 0
43 2 38
43 3 0
43 4 27
43 5 5
43 6 0
43 7 23
44 1 0
44 2 35
44 3 0
44 4 24
44 5 5
44 6 0
44 7 24
45 1 0
45 2 41
45 3 0
45 4 33
45 5 6
45 6 0
45 7 27
46 1 0
46 2 151
46 3 0
46 4 108
46 5 24
46 6 0
46 7 115
47 1 0
47 2 51
47 3 0
47 4 36
47 5 9
47 6 0
47 7 31
48 1 0
48 2 31
48 3 0
48 4 24
48 5 6
48 6 0
48 7 23
49 1 0
49 2 25
49 3 0
49 4 19
49 5 5
49 6 0
49 7 20
50 1 0
50 2 26
50 3 0
50 4 20
50 5 5
50 6 0
50 7 19
51 1 0
51 2 14
51 3 0
51 4 13
51 5 2
51 6 0
51 7 10
52 1 0
52 2 296
52 3 0
52 4 203
52 5 39
52 6 0
52 7 177
53 1 0
53 2 466
53 3 0
53 4 291
53 5 56
53 6 0
53 7 289

# Precedence Relations
1 2
1 3
1 4
1 5
1 6
1 7
2 36
3 36
4 9
5 9
6 9
7 9
8 9
9 10
10 11
11 12
12 13
12 14
12 15
13 16
13 17
13 18
14 22
15 16
15 17
16 29
16 30
16 31
17 19
18 42
19 20
19 21
19 22
20 23
21 24
22 25
23 36
24 36
25 26
26 27
27 28
28 29
28 30
28 31
28 32
28 33
28 34
29 35
30 35
31 35
32 35
33 35
34 35
35 36
36 37
37 38
37 39
37 40
38 41
39 41
40 41
41 42
42 43
42 44
42 45
42 46
42 47
43 48
44 49
45 51
45 52
46 50
47 51
47 52
48 51
48 52
49 51
49 52
50 51
50 52
51 53
52 53

# Parameters
R_e = 0.0500
T = 10000.0
C_s = 4.0
C_w = 36.0
C_c = 5.0
