# Tasks
1 2 3 4 5 6 7 8 9 10 11 12 13 14 15 16 17 18 19 20 21 22 23 24 25 26 27 28 29 30 31 32 33 34 35 36 37 38 39 40 41 42 43 44 45 46 47 48 49 50 51 52 53 54 55 56 57 58 59 60 61 62 63 64 65 66 67 68 69 70 71 72 73 74 75 76 77 78 79 80 81 82 83

# Workstations
1 2 3 4 5 6 7 8 9 10 11 12 13 14 15 16 17 18 19 20 21 22 23 24 25 26 27 28 29 30 31 32 33 34 35 36 37 38 39 40 41 42 43 44 45 46 47 48 49 50 51 52 53 54 55 56 57 58 59 60 61 62 63 64 65 66 67 68 69 70 71 72 73 74 75 76 77 78 79 80 81 82 83

# Modes
1 2 3 4 5 6 7

# Processing Times
1 1 1673
1 2 1638
1 3 1830
1 4 1792
1 5 1350
1 6 2351
1 7 2302
2 1 985
2 2 921
2 3 1081
2 4 1011
2 5 792
2 6 1384
2 7 1294
3 1 1836
3 2 1899
3 3 2006
3 4 2074
3 5 1736
3 6 2456
3 7 2541
4 1 973
4 2 953
4 3 1064
4 4 1042
4 5 872
4 6 1339
4 7 1311
5 1 1700
5 2 1825
5 3 1835
5 4 1970
5 5 1460
5 6 2156
5 7 2314
6 1 2881
6 2 2581
6 3 3045
6 4 2728
6 5 2494
6 6 3727
6 7 3339
7 1 2231
7 2 2201
7 3 2436
7 4 2403
7 5 1911
7 6 3002
7 7 2962
8 1 1040
8 2 1041
8 3 1118
8 4 1119
8 5 977
8 6 1507
8 7 1508
9 1 1793
9 2 1896
9 3 1944
9 4 2056
9 5 1672
9 6 2331
9 7 2465
10 1 1250
10 2 1229
10 3 1328
10 4 1306
10 5 1038
10 6 1776
10 7 1746
11 1 700
11 2 722
11 3 743
11 4 767
11 5 569
11 6 969
11 7 999
12 1 464
12 2 398
12 3 499
12 4 428
12 5 396
12 6 596
12 7 512
13 1 500
13 2 473
13 3 550
13 4 520
13 5 429
13 6 633
13 7 599
14 1 1133
14 2 1076
14 3 1210
14 4 1149
14 5 1000
14 6 1567
14 7 1488
15 1 577
15 2 554
15 3 610
15 4 585
15 5 470
15 6 835
15 7 802
16 1 483
16 2 524
16 3 513
16 4 556
16 5 432
16 6 680
16 7 737
17 1 880
17 2 812
17 3 930
17 4 858
17 5 791
17 6 1162
17 7 1073
18 1 667
18 2 602
18 3 724
18 4 654
18 5 559
18 6 867
18 7 783
19 1 600
19 2 654
19 3 649
19 4 707
19 5 537
19 6 794
19 7 865
20 1 233
20 2 201
20 3 249
20 4 215
20 5 221
20 6 301
20 7 260
21 1 408
21 2 387
21 3 445
21 4 423
21 5 330
21 6 564
21 7 535
22 1 847
22 2 781
22 3 894
22 4 824
22 5 803
22 6 1215
22 7 1121
23 1 767
23 2 814
23 3 841
23 4 892
23 5 618
23 6 1033
23 7 1096
24 1 850
24 2 764
24 3 921
24 4 828
24 5 789
24 6 1177
24 7 1058
25 1 780
25 2 785
25 3 847
25 4 852
25 5 697
25 6 1121
25 7 1128
26 1 912
26 2 958
26 3 965
26 4 1014
26 5 757
26 6 1225
26 7 1286
27 1 748
27 2 683
27 3 793
27 4 724
27 5 676
27 6 1044
27 7 954
28 1 1863
28 2 1594
28 3 2015
28 4 1724
28 5 1646
28 6 2401
28 7 2054
29 1 714
29 2 629
29 3 763
29 4 672
29 5 658
29 6 1034
29 7 911
30 1 1004
30 2 887
30 3 1091
30 4 964
30 5 843
30 6 1350
30 7 1193
31 1 713
31 2 743
31 3 772
31 4 805
31 5 619
31 6 995
31 7 1037
32 1 642
32 2 624
32 3 685
32 4 666
32 5 525
32 6 909
32 7 883
33 1 629
33 2 592
33 3 675
33 4 635
33 5 585
33 6 799
33 7 752
34 1 1234
34 2 1170
34 3 1355
34 4 1285
34 5 1035
34 6 1628
34 7 1544
35 1 1143
35 2 1123
35 3 1233
35 4 1211
35 5 1025
35 6 1651
35 7 1622
36 1 1266
36 2 1235
36 3 1356
36 4 1323
36 5 1181
36 6 1648
36 7 1607
37 1 792
37 2 810
37 3 852
37 4 871
37 5 661
37 6 1063
37 7 1087
38 1 1251
38 2 1188
38 3 1362
38 4 1294
38 5 1130
38 6 1601
38 7 1521
39 1 1310
39 2 1364
39 3 1431
39 4 1490
39 5 1181
39 6 1880
39 7 1958
40 1 663
40 2 618
40 3 722
40 4 673
40 5 548
40 6 949
40 7 885
41 1 494
41 2 518
41 3 531
41 4 557
41 5 401
41 6 680
41 7 713
42 1 1288
42 2 1341
42 3 1375
42 4 1431
42 5 1062
42 6 1738
42 7 1810
43 1 792
43 2 770
43 3 860
43 4 836
43 5 675
43 6 1071
43 7 1041
44 1 578
44 2 607
44 3 632
44 4 663
44 5 542
44 6 733
44 7 769
45 1 594
45 2 516
45 3 626
45 4 544
45 5 493
45 6 777
45 7 675
46 1 578
46 2 609
46 3 613
46 4 646
46 5 501
46 6 813
46 7 856
47 1 622
47 2 570
47 3 684
47 4 627
47 5 499
47 6 823
47 7 755
48 1 578
48 2 564
48 3 621
48 4 606
48 5 493
48 6 799
48 7 780
49 1 564
49 2 541
49 3 615
49 4 590
49 5 516
49 6 770
49 7 738
50 1 578
50 2 534
50 3 636
50 4 587
50 5 548
50 6 831
50 7 768
51 1 578
51 2 519
51 3 619
51 4 556
51 5 497
51 6 819
51 7 736
52 1 578
52 2 537
52 3 628
52 4 583
52 5 497
52 6 741
52 7 689
53 1 578
53 2 612
53 3 623
53 4 659
53 5 542
53 6 790
53 7 836
54 1 578
54 2 512
54 3 630
54 4 558
54 5 466
54 6 804
54 7 712
55 1 578
55 2 610
55 3 617
55 4 651
55 5 468
55 6 761
55 7 803
56 1 578
56 2 548
56 3 610
56 4 578
56 5 539
56 6 802
56 7 760
57 1 578
57 2 545
57 3 609
57 4 574
57 5 529
57 6 757
57 7 714
58 1 578
58 2 530
58 3 622
58 4 570
58 5 546
58 6 780
58 7 715
59 1 578
59 2 537
59 3 617
59 4 573
59 5 478
59 6 735
59 7 682
60 1 578
60 2 519
60 3 621
60 4 558
60 5 493
60 6 827
60 7 743
61 1 578
61 2 617
61 3 618
61 4 660
61 5 525
61 6 821
61 7 876
62 1 578
62 2 588
62 3 612
62 4 623
62 5 522
62 6 745
62 7 758
63 1 578
63 2 572
63 3 609
63 4 603
63 5 479
63 6 759
63 7 751
64 1 578
64 2 543
64 3 613
64 4 576
64 5 495
64 6 781
64 7 734
65 1 578
65 2 543
65 3 617
65 4 580
65 5 473
65 6 806
65 7 758
66 1 578
66 2 632
66 3 609
66 4 666
66 5 534
66 6 759
66 7 829
67 1 578
67 2 535
67 3 608
67 4 562
67 5 508
67 6 824
67 7 763
68 1 578
68 2 547
68 3 619
68 4 586
68 5 541
68 6 828
68 7 784
69 1 467
69 2 467
69 3 498
69 4 498
69 5 437
69 6 628
69 7 628
70 1 887
70 2 834
70 3 967
70 4 909
70 5 768
70 6 1200
70 7 1128
71 1 396
71 2 395
71 3 417
71 4 416
71 5 362
71 6 508
71 7 506
72 1 1296
72 2 1193
72 3 1410
72 4 1298
72 5 1215
72 6 1704
72 7 1569
73 1 1100
73 2 1062
73 3 1207
73 4 1166
73 5 892
73 6 1377
73 7 1330
74 1 2543
74 2 2704
74 3 2761
74 4 2936
74 5 2090
74 6 3526
74 7 3750
75 1 764
75 2 758
75 3 833
75 4 827
75 5 710
75 6 997
75 7 989
76 1 357
76 2 322
76 3 387
76 4 349
76 5 320
76 6 470
76 7 424
77 1 701
77 2 728
77 3 771
77 4 801
77 5 592
77 6 887
77 7 921
78 1 1164
78 2 1127
78 3 1278
78 4 1237
78 5 1017
78 6 1650
78 7 1597
79 1 286
79 2 312
79 3 302
79 4 329
79 5 271
79 6 406
79 7 443
80 1 2100
80 2 1944
80 3 2265
80 4 2097
80 5 1817
80 6 2672
80 7 2474
81 1 450
81 2 480
81 3 482
81 4 514
81 5 391
81 6 611
81 7 651
82 1 1300
82 2 1136
82 3 1418
82 4 1239
82 5 1074
82 6 1756
82 7 1535
83 1 3691
83 2 3252
83 3 3884
83 4 3422
83 5 3212
83 6 4828
83 7 4254

# Energy Consumption
1 1 0
1 2 362
1 3 0
1 4 389
1 5 216
1 6 0
1 7 330
2 1 0
2 2 247
2 3 0
2 4 221
2 5 122
2 6 0
2 7 182
3 1 0
3 2 420
3 3 0
3 4 406
3 5 252
3 6 0
3 7 317
4 1 0
4 2 283
4 3 0
4 4 201
4 5 126
4 6 0
4 7 169
5 1 0
5 2 458
5 3 0
5 4 399
5 5 233
5 6 0
5 7 310
6 1 0
6 2 626
6 3 0
6 4 509
6 5 393
6 6 0
6 7 459
7 1 0
7 2 632
7 3 0
7 4 478
7 5 294
7 6 0
7 7 442
8 1 0
8 2 268
8 3 0
8 4 230
8 5 154
8 6 0
8 7 192
9 1 0
9 2 512
9 3 0
9 4 441
9 5 261
9 6 0
9 7 302
10 1 0
10 2 302
10 3 0
10 4 287
10 5 159
10 6 0
10 7 223
11 1 0
11 2 184
11 3 0
11 4 142
11 5 80
11 6 0
11 7 139
12 1 0
12 2 90
12 3 0
12 4 94
12 5 61
12 6 0
12 7 66
13 1 0
13 2 126
13 3 0
13 4 98
13 5 66
13 6 0
13 7 84
14 1 0
14 2 291
14 3 0
14 4 222
14 5 160
14 6 0
14 7 196
15 1 0
15 2 152
15 3 0
15 4 126
15 5 72
15 6 0
15 7 105
16 1 0
16 2 149
16 3 0
16 4 106
16 5 69
16 6 0
16 7 105
17 1 0
17 2 199
17 3 0
17 4 176
17 5 124
17 6 0
17 7 159
18 1 0
18 2 161
18 3 0
18 4 132
18 5 86
18 6 0
18 7 97
19 1 0
19 2 148
19 3 0
19 4 139
19 5 79
19 6 0
19 7 106
20 1 0
20 2 50
20 3 0
20 4 45
20 5 32
20 6 0
20 7 36
21 1 0
21 2 106
21 3 0
21 4 86
21 5 51
21 6 0
21 7 78
22 1 0
22 2 200
22 3 0
22 4 172
22 5 118
22 6 0
22 7 168
23 1 0
23 2 224
23 3 0
23 4 188
23 5 97
23 6 0
23 7 148
24 1 0
24 2 197
24 3 0
24 4 155
24 5 126
24 6 0
24 7 140
25 1 0
25 2 208
25 3 0
25 4 179
25 5 98
25 6 0
25 7 143
26 1 0
26 2 274
26 3 0
26 4 223
26 5 116
26 6 0
26 7 166
27 1 0
27 2 172
27 3 0
27 4 137
27 5 106
27 6 0
27 7 136
28 1 0
28 2 398
28 3 0
28 4 364
28 5 250
28 6 0
28 7 260
29 1 0
29 2 151
29 3 0
29 4 132
29 5 101
29 6 0
29 7 121
30 1 0
30 2 240
30 3 0
30 4 199
30 5 130
30 6 0
30 7 146
31 1 0
31 2 199
31 3 0
31 4 146
31 5 92
31 6 0
31 7 155
32 1 0
32 2 175
32 3 0
32 4 122
32 5 82
32 6 0
32 7 112
33 1 0
33 2 177
33 3 0
33 4 121
33 5 92
33 6 0
33 7 106
34 1 0
34 2 340
34 3 0
34 4 267
34 5 152
34 6 0
34 7 190
35 1 0
35 2 306
35 3 0
35 4 249
35 5 155
35 6 0
35 7 200
36 1 0
36 2 290
36 3 0
36 4 269
36 5 189
36 6 0
36 7 225
37 1 0
37 2 222
37 3 0
37 4 191
37 5 100
37 6 0
37 7 143
38 1 0
38 2 264
38 3 0
38 4 266
38 5 175
38 6 0
38 7 191
39 1 0
39 2 399
39 3 0
39 4 314
39 5 168
39 6 0
39 7 244
40 1 0
40 2 169
40 3 0
40 4 122
40 5 86
40 6 0
40 7 119
41 1 0
41 2 127
41 3 0
41 4 112
41 5 58
41 6 0
41 7 94
42 1 0
42 2 309
42 3 0
42 4 283
42 5 154
42 6 0
42 7 232
43 1 0
43 2 170
43 3 0
43 4 183
43 5 97
43 6 0
43 7 148
44 1 0
44 2 149
44 3 0
44 4 146
44 5 79
44 6 0
44 7 112
45 1 0
45 2 143
45 3 0
45 4 99
45 5 74
45 6 0
45 7 101
46 1 0
46 2 183
46 3 0
46 4 135
46 5 72
46 6 0
46 7 121
47 1 0
47 2 136
47 3 0
47 4 129
47 5 80
47 6 0
47 7 101
48 1 0
48 2 169
48 3 0
48 4 118
48 5 77
48 6 0
48 7 100
49 1 0
49 2 140
49 3 0
49 4 127
49 5 81
49 6 0
49 7 101
50 1 0
50 2 152
50 3 0
50 4 119
50 5 83
50 6 0
50 7 108
51 1 0
51 2 142
51 3 0
51 4 118
51 5 70
51 6 0
51 7 105
52 1 0
52 2 146
52 3 0
52 4 117
52 5 73
52 6 0
52 7 95
53 1 0
53 2 174
53 3 0
53 4 137
53 5 84
53 6 0
53 7 116
54 1 0
54 2 123
54 3 0
54 4 116
54 5 75
54 6 0
54 7 96
55 1 0
55 2 175
55 3 0
55 4 126
55 5 74
55 6 0
55 7 113
56 1 0
56 2 155
56 3 0
56 4 127
56 5 79
56 6 0
56 7 109
57 1 0
57 2 133
57 3 0
57 4 119
57 5 78
57 6 0
57 7 99
58 1 0
58 2 149
58 3 0
58 4 114
58 5 81
58 6 0
58 7 107
59 1 0
59 2 146
59 3 0
59 4 110
59 5 71
59 6 0
59 7 90
60 1 0
60 2 133
60 3 0
60 4 116
60 5 75
60 6 0
60 7 107
61 1 0
61 2 147
61 3 0
61 4 145
61 5 75
61 6 0
61 7 123
62 1 0
62 2 136
62 3 0
62 4 114
62 5 74
62 6 0
62 7 95
63 1 0
63 2 132
63 3 0
63 4 121
63 5 68
63 6 0
63 7 110
64 1 0
64 2 138
64 3 0
64 4 118
64 5 79
64 6 0
64 7 109
65 1 0
65 2 127
65 3 0
65 4 114
65 5 68
65 6 0
65 7 95
66 1 0
66 2 140
66 3 0
66 4 121
66 5 78
66 6 0
66 7 107
67 1 0
67 2 141
67 3 0
67 4 117
67 5 76
67 6 0
67 7 98
68 1 0
68 2 133
68 3 0
68 4 116
68 5 81
68 6 0
68 7 114
69 1 0
69 2 117
69 3 0
69 4 95
69 5 66
69 6 0
69 7 77
70 1 0
70 2 234
70 3 0
70 4 178
70 5 113
70 6 0
70 7 154
71 1 0
71 2 89
71 3 0
71 4 83
71 5 53
71 6 0
71 7 75
72 1 0
72 2 331
72 3 0
72 4 245
72 5 192
72 6 0
72 7 225
73 1 0
73 2 261
73 3 0
73 4 243
73 5 135
73 6 0
73 7 189
74 1 0
74 2 602
74 3 0
74 4 553
74 5 311
74 6 0
74 7 535
75 1 0
75 2 172
75 3 0
75 4 161
75 5 106
75 6 0
75 7 144
76 1 0
76 2 82
76 3 0
76 4 69
76 5 51
76 6 0
76 7 59
77 1 0
77 2 208
77 3 0
77 4 175
77 5 84
77 6 0
77 7 136
78 1 0
78 2 320
78 3 0
78 4 246
78 5 151
78 6 0
78 7 232
79 1 0
79 2 87
79 3 0
79 4 60
79 5 42
79 6 0
79 7 60
80 1 0
80 2 454
80 3 0
80 4 425
80 5 256
80 6 0
80 7 301
81 1 0
81 2 120
81 3 0
81 4 112
81 5 62
81 6 0
81 7 93
82 1 0
82 2 275
82 3 0
82 4 238
82 5 170
82 6 0
82 7 199
83 1 0
83 2 947
83 3 0
83 4 743
83 5 487
83 6 0
83 7 602

# Precedence Relations
1 2
2 3
2 4
2 5
3 6
4 6
4 7
5 8
6 9
6 10
7 11
8 77
8 78
9 12
10 13
10 14
10 25
11 15
12 16
13 17
13 18
13 20
14 19
15 20
15 39
16 77
16 78
17 21
17 22
17 28
18 23
19 24
20 26
21 27
22 27
23 74
24 28
24 29
25 32
26 74
27 69
28 32
29 30
30 31
31 39
32 33
32 34
32 35
32 36
33 37
34 77
34 78
35 77
35 78
36 38
36 39
37 40
38 41
39 42
39 43
39 44
39 75
40 77
40 78
41 45
42 77
42 78
43 77
43 78
44 46
45 47
46 48
47 49
48 50
49 69
50 51
51 52
52 53
53 54
54 55
55 56
56 57
57 58
58 59
59 60
60 61
61 62
62 63
63 64
64 65
65 66
66 67
67 68
68 74
68 75
69 70
69 71
70 72
71 73
72 73
73 74
73 75
74 76
75 76
76 77
76 78
77 79
78 79
79 80
79 81
80 82
81 83
82 83

# Parameters
R_e = 0.0500
T = 7916.0
C_s = 4.0
C_w = 36.0
C_c = 5.0
