# Tasks
1 2 3 4 5 6 7 8 9 10 11 12 13 14 15 16 17 18 19 20 21 22 23 24 25 26 27 28 29 30 31 32 33 34 35 36 37 38 39 40 41 42 43 44 45 46 47 48 49 50 51 52 53 54 55 56 57 58 59 60 61 62 63 64 65 66 67 68 69 70 71 72 73 74 75 76 77 78 79 80 81 82 83 84 85 86 87 88 89 90 91 92 93 94

# Workstations
1 2 3 4 5 6 7 8 9 10 11 12 13 14 15 16 17 18 19 20 21 22 23 24 25 26 27 28 29 30 31 32 33 34 35 36 37 38 39 40 41 42 43 44 45 46 47 48 49 50 51 52 53 54 55 56 57 58 59 60 61 62 63 64 65 66 67 68 69 70 71 72 73 74 75 76 77 78 79 80 81 82 83 84 85 86 87 88 89 90 91 92 93 94

# Modes
1 2 3 4 5 6 7

# Processing Times
1 1 158
1 2 332
1 3 157
1 4 330
1 5 142
1 6 173
1 7 363
2 1 42
2 2 89
2 3 42
2 4 89
2 5 38
2 6 46
2 7 98
3 1 17
3 2 36
3 3 17
3 4 36
3 5 16
3 6 19
3 7 40
4 1 24
4 2 51
4 3 24
4 4 51
4 5 22
4 6 27
4 7 56
5 1 71
5 2 149
5 3 71
5 4 149
5 5 64
5 6 78
5 7 163
6 1 66
6 2 139
6 3 66
6 4 139
6 5 59
6 6 73
6 7 152
7 1 50
7 2 105
7 3 50
7 4 105
7 5 45
7 6 55
7 7 115
8 1 55
8 2 116
8 3 55
8 4 116
8 5 50
8 6 61
8 7 127
9 1 30
9 2 63
9 3 30
9 4 63
9 5 27
9 6 33
9 7 69
10 1 28
10 2 59
10 3 28
10 4 59
10 5 25
10 6 31
10 7 65
11 1 113
11 2 237
11 3 113
11 4 236
11 5 101
11 6 124
11 7 259
12 1 114
12 2 239
12 3 114
12 4 238
12 5 102
12 6 125
12 7 262
13 1 57
13 2 120
13 3 57
13 4 120
13 5 51
13 6 63
13 7 132
14 1 65
14 2 137
14 3 65
14 4 137
14 5 59
14 6 72
14 7 150
15 1 15
15 2 32
15 3 15
15 4 32
15 5 14
15 6 17
15 7 35
16 1 11
16 2 24
16 3 11
16 4 24
16 5 10
16 6 13
16 7 27
17 1 10
17 2 21
17 3 10
17 4 21
17 5 9
17 6 11
17 7 23
18 1 19
18 2 40
18 3 19
18 4 40
18 5 17
18 6 21
18 7 44
19 1 8
19 2 17
19 3 8
19 4 17
19 5 8
19 6 9
19 7 19
20 1 17
20 2 36
20 3 17
20 4 36
20 5 16
20 6 19
20 7 40
21 1 57
21 2 120
21 3 57
21 4 120
21 5 51
21 6 63
21 7 132
22 1 40
22 2 84
22 3 40
22 4 84
22 5 36
22 6 44
22 7 92
23 1 17
23 2 36
23 3 17
23 4 36
23 5 16
23 6 19
23 7 40
24 1 11
24 2 24
24 3 11
24 4 24
24 5 10
24 6 13
24 7 27
25 1 17
25 2 36
25 3 17
25 4 36
25 5 16
25 6 19
25 7 40
26 1 27
26 2 57
26 3 27
26 4 57
26 5 25
26 6 30
26 7 63
27 1 17
27 2 36
27 3 17
27 4 36
27 5 16
27 6 19
27 7 40
28 1 18
28 2 38
28 3 18
28 4 38
28 5 17
28 6 20
28 7 42
29 1 16
29 2 34
29 3 16
29 4 34
29 5 15
29 6 18
29 7 38
30 1 18
30 2 38
30 3 18
30 4 38
30 5 17
30 6 20
30 7 42
31 1 50
31 2 105
31 3 50
31 4 105
31 5 45
31 6 55
31 7 115
32 1 18
32 2 38
32 3 18
32 4 38
32 5 17
32 6 20
32 7 42
33 1 13
33 2 28
33 3 13
33 4 28
33 5 12
33 6 15
33 7 31
34 1 21
34 2 45
34 3 21
34 4 45
34 5 19
34 6 23
34 7 50
35 1 63
35 2 133
35 3 63
35 4 133
35 5 57
35 6 69
35 7 146
36 1 8
36 2 17
36 3 8
36 4 17
36 5 8
36 6 9
36 7 19
37 1 63
37 2 133
37 3 63
37 4 133
37 5 57
37 6 69
37 7 146
38 1 9
38 2 19
38 3 9
38 4 19
38 5 9
38 6 10
38 7 21
39 1 20
39 2 42
39 3 20
39 4 42
39 5 18
39 6 22
39 7 46
40 1 72
40 2 151
40 3 72
40 4 151
40 5 65
40 6 79
40 7 165
41 1 30
41 2 63
41 3 30
41 4 63
41 5 27
41 6 33
41 7 69
42 1 69
42 2 145
42 3 69
42 4 145
42 5 62
42 6 76
42 7 159
43 1 27
43 2 57
43 3 27
43 4 57
43 5 25
43 6 30
43 7 63
44 1 9
44 2 19
44 3 9
44 4 19
44 5 9
44 6 10
44 7 21
45 1 41
45 2 86
45 3 41
45 4 86
45 5 37
45 6 45
45 7 94
46 1 38
46 2 80
46 3 38
46 4 80
46 5 34
46 6 42
46 7 88
47 1 76
47 2 160
47 3 76
47 4 159
47 5 68
47 6 84
47 7 175
48 1 31
48 2 65
48 3 31
48 4 65
48 5 28
48 6 34
48 7 72
49 1 11
49 2 24
49 3 11
49 4 24
49 5 10
49 6 13
49 7 27
50 1 29
50 2 61
50 3 29
50 4 61
50 5 26
50 6 32
50 7 67
51 1 48
51 2 101
51 3 48
51 4 101
51 5 43
51 6 53
51 7 111
52 1 8
52 2 17
52 3 8
52 4 17
52 5 8
52 6 9
52 7 19
53 1 171
53 2 359
53 3 170
53 4 357
53 5 153
53 6 187
53 7 393
54 1 48
54 2 101
54 3 48
54 4 101
54 5 43
54 6 53
54 7 111
55 1 43
55 2 91
55 3 43
55 4 91
55 5 39
55 6 47
55 7 100
56 1 18
56 2 38
56 3 18
56 4 38
56 5 17
56 6 20
56 7 42
57 1 94
57 2 198
57 3 94
57 4 197
57 5 84
57 6 103
57 7 217
58 1 9
58 2 19
58 3 9
58 4 19
58 5 9
58 6 10
58 7 21
59 1 19
59 2 40
59 3 19
59 4 40
59 5 17
59 6 21
59 7 44
60 1 24
60 2 51
60 3 24
60 4 51
60 5 22
60 6 27
60 7 56
61 1 8
61 2 17
61 3 8
61 4 17
61 5 8
61 6 9
61 7 19
62 1 34
62 2 72
62 3 34
62 4 72
62 5 31
62 6 38
62 7 79
63 1 62
63 2 130
63 3 62
63 4 130
63 5 56
63 6 68
63 7 143
64 1 12
64 2 26
64 3 12
64 4 26
64 5 11
64 6 14
64 7 29
65 1 8
65 2 17
65 3 8
65 4 17
65 5 8
65 6 9
65 7 19
66 1 47
66 2 99
66 3 47
66 4 99
66 5 42
66 6 52
66 7 109
67 1 27
67 2 57
67 3 27
67 4 57
67 5 25
67 6 30
67 7 63
68 1 18
68 2 38
68 3 18
68 4 38
68 5 17
68 6 20
68 7 42
69 1 52
69 2 109
69 3 52
69 4 109
69 5 47
69 6 57
69 7 120
70 1 65
70 2 137
70 3 65
70 4 137
70 5 59
70 6 72
70 7 150
71 1 72
71 2 151
71 3 72
71 4 151
71 5 65
71 6 79
71 7 165
72 1 51
72 2 107
72 3 51
72 4 107
72 5 46
72 6 56
72 7 117
73 1 58
73 2 122
73 3 58
73 4 122
73 5 52
73 6 64
73 7 134
74 1 53
74 2 112
74 3 53
74 4 112
74 5 48
74 6 58
74 7 123
75 1 76
75 2 160
75 3 76
75 4 159
75 5 68
75 6 84
75 7 175
76 1 93
76 2 195
76 3 93
76 4 194
76 5 84
76 6 102
76 7 214
77 1 86
77 2 181
77 3 86
77 4 180
77 5 77
77 6 94
77 7 198
78 1 76
78 2 160
78 3 76
78 4 159
78 5 68
78 6 84
78 7 175
79 1 9
79 2 19
79 3 9
79 4 19
79 5 9
79 6 10
79 7 21
80 1 14
80 2 30
80 3 14
80 4 30
80 5 13
80 6 16
80 7 33
81 1 55
81 2 116
81 3 55
81 4 116
81 5 50
81 6 61
81 7 127
82 1 32
82 2 68
82 3 32
82 4 68
82 5 29
82 6 35
82 7 75
83 1 22
83 2 47
83 3 22
83 4 47
83 5 20
83 6 25
83 7 52
84 1 35
84 2 74
84 3 35
84 4 74
84 5 32
84 6 39
84 7 81
85 1 63
85 2 133
85 3 63
85 4 133
85 5 57
85 6 69
85 7 146
86 1 59
86 2 124
86 3 59
86 4 124
86 5 53
86 6 65
86 7 136
87 1 149
87 2 313
87 3 149
87 4 311
87 5 133
87 6 163
87 7 342
88 1 40
88 2 84
88 3 40
88 4 84
88 5 36
88 6 44
88 7 92
89 1 24
89 2 51
89 3 24
89 4 51
89 5 22
89 6 27
89 7 56
90 1 123
90 2 258
90 3 123
90 4 257
90 5 110
90 6 135
90 7 282
91 1 25
91 2 53
91 3 25
91 4 53
91 5 23
91 6 28
91 7 58
92 1 115
92 2 242
92 3 115
92 4 241
92 5 103
92 6 126
92 7 265
93 1 103
93 2 216
93 3 103
93 4 215
93 5 92
93 6 113
93 7 237
94 1 54
94 2 114
94 3 54
94 4 114
94 5 49
94 6 60
94 7 125

# Energy Consumption
1 1 0
1 2 85
1 3 0
1 4 68
1 5 22
1 6 0
1 7 54
2 1 0
2 2 23
2 3 0
2 4 20
2 5 7
2 6 0
2 7 14
3 1 0
3 2 10
3 3 0
3 4 8
3 5 3
3 6 0
3 7 6
4 1 0
4 2 14
4 3 0
4 4 11
4 5 4
4 6 0
4 7 7
5 1 0
5 2 37
5 3 0
5 4 27
5 5 11
5 6 0
5 7 20
6 1 0
6 2 38
6 3 0
6 4 27
6 5 9
6 6 0
6 7 20
7 1 0
7 2 26
7 3 0
7 4 20
7 5 7
7 6 0
7 7 18
8 1 0
8 2 34
8 3 0
8 4 25
8 5 8
8 6 0
8 7 19
9 1 0
9 2 18
9 3 0
9 4 12
9 5 4
9 6 0
9 7 10
10 1 0
10 2 17
10 3 0
10 4 13
10 5 4
10 6 0
10 7 10
11 1 0
11 2 53
11 3 0
11 4 50
11 5 17
11 6 0
11 7 32
12 1 0
12 2 56
12 3 0
12 4 53
12 5 17
12 6 0
12 7 36
13 1 0
13 2 35
13 3 0
13 4 23
13 5 8
13 6 0
13 7 20
14 1 0
14 2 36
14 3 0
14 4 26
14 5 10
14 6 0
14 7 19
15 1 0
15 2 9
15 3 0
15 4 7
15 5 3
15 6 0
15 7 5
16 1 0
16 2 7
16 3 0
16 4 5
16 5 2
16 6 0
16 7 4
17 1 0
17 2 6
17 3 0
17 4 4
17 5 2
17 6 0
17 7 3
18 1 0
18 2 12
18 3 0
18 4 9
18 5 3
18 6 0
18 7 7
19 1 0
19 2 5
19 3 0
19 4 4
19 5 2
19 6 0
19 7 3
20 1 0
20 2 9
20 3 0
20 4 8
20 5 3
20 6 0
20 7 6
21 1 0
21 2 33
21 3 0
21 4 24
21 5 8
21 6 0
21 7 20
22 1 0
22 2 20
22 3 0
22 4 18
22 5 6
22 6 0
22 7 14
23 1 0
23 2 11
23 3 0
23 4 8
23 5 3
23 6 0
23 7 6
24 1 0
24 2 7
24 3 0
24 4 5
24 5 2
24 6 0
24 7 4
25 1 0
25 2 11
25 3 0
25 4 8
25 5 3
25 6 0
25 7 5
26 1 0
26 2 14
26 3 0
26 4 12
26 5 4
26 6 0
26 7 8
27 1 0
27 2 10
27 3 0
27 4 8
27 5 3
27 6 0
27 7 6
28 1 0
28 2 11
28 3 0
28 4 8
28 5 3
28 6 0
28 7 6
29 1 0
29 2 9
29 3 0
29 4 7
29 5 3
29 6 0
29 7 5
30 1 0
30 2 9
30 3 0
30 4 8
30 5 3
30 6 0
30 7 6
31 1 0
31 2 24
31 3 0
31 4 20
31 5 7
31 6 0
31 7 15
32 1 0
32 2 12
32 3 0
32 4 7
32 5 3
32 6 0
32 7 6
33 1 0
33 2 8
33 3 0
33 4 6
33 5 2
33 6 0
33 7 5
34 1 0
34 2 11
34 3 0
34 4 9
34 5 3
34 6 0
34 7 7
35 1 0
35 2 31
35 3 0
35 4 25
35 5 9
35 6 0
35 7 18
36 1 0
36 2 4
36 3 0
36 4 4
36 5 2
36 6 0
36 7 3
37 1 0
37 2 31
37 3 0
37 4 28
37 5 9
37 6 0
37 7 19
38 1 0
38 2 5
38 3 0
38 4 4
38 5 2
38 6 0
38 7 3
39 1 0
39 2 11
39 3 0
39 4 9
39 5 3
39 6 0
39 7 7
40 1 0
40 2 36
40 3 0
40 4 29
40 5 10
40 6 0
40 7 23
41 1 0
41 2 15
41 3 0
41 4 14
41 5 5
41 6 0
41 7 9
42 1 0
42 2 34
42 3 0
42 4 31
42 5 10
42 6 0
42 7 22
43 1 0
43 2 14
43 3 0
43 4 11
43 5 4
43 6 0
43 7 9
44 1 0
44 2 5
44 3 0
44 4 4
44 5 2
44 6 0
44 7 3
45 1 0
45 2 24
45 3 0
45 4 17
45 5 6
45 6 0
45 7 13
46 1 0
46 2 21
46 3 0
46 4 17
46 5 6
46 6 0
46 7 14
47 1 0
47 2 47
47 3 0
47 4 30
47 5 10
47 6 0
47 7 25
48 1 0
48 2 18
48 3 0
48 4 13
48 5 5
48 6 0
48 7 11
49 1 0
49 2 6
49 3 0
49 4 5
49 5 2
49 6 0
49 7 4
50 1 0
50 2 18
50 3 0
50 4 12
50 5 4
50 6 0
50 7 10
51 1 0
51 2 30
51 3 0
51 4 19
51 5 7
51 6 0
51 7 15
52 1 0
52 2 6
52 3 0
52 4 4
52 5 2
52 6 0
52 7 3
53 1 0
53 2 80
53 3 0
53 4 65
53 5 25
53 6 0
53 7 52
54 1 0
54 2 31
54 3 0
54 4 23
54 5 7
54 6 0
54 7 17
55 1 0
55 2 21
55 3 0
55 4 20
55 5 7
55 6 0
55 7 14
56 1 0
56 2 12
56 3 0
56 4 8
56 5 3
56 6 0
56 7 6
57 1 0
57 2 50
57 3 0
57 4 37
57 5 13
57 6 0
57 7 32
58 1 0
58 2 6
58 3 0
58 4 4
58 5 2
58 6 0
58 7 4
59 1 0
59 2 12
59 3 0
59 4 9
59 5 3
59 6 0
59 7 6
60 1 0
60 2 12
60 3 0
60 4 11
60 5 4
60 6 0
60 7 8
61 1 0
61 2 5
61 3 0
61 4 4
61 5 2
61 6 0
61 7 3
62 1 0
62 2 18
62 3 0
62 4 15
62 5 5
62 6 0
62 7 11
63 1 0
63 2 39
63 3 0
63 4 25
63 5 9
63 6 0
63 7 20
64 1 0
64 2 7
64 3 0
64 4 6
64 5 2
64 6 0
64 7 4
65 1 0
65 2 4
65 3 0
65 4 4
65 5 2
65 6 0
65 7 3
66 1 0
66 2 24
66 3 0
66 4 19
66 5 7
66 6 0
66 7 14
67 1 0
67 2 17
67 3 0
67 4 11
67 5 4
67 6 0
67 7 9
68 1 0
68 2 12
68 3 0
68 4 8
68 5 3
68 6 0
68 7 6
69 1 0
69 2 29
69 3 0
69 4 22
69 5 7
69 6 0
69 7 15
70 1 0
70 2 37
70 3 0
70 4 26
70 5 10
70 6 0
70 7 19
71 1 0
71 2 36
71 3 0
71 4 34
71 5 10
71 6 0
71 7 24
72 1 0
72 2 30
72 3 0
72 4 20
72 5 8
72 6 0
72 7 15
73 1 0
73 2 28
73 3 0
73 4 23
73 5 8
73 6 0
73 7 17
74 1 0
74 2 28
74 3 0
74 4 24
74 5 7
74 6 0
74 7 17
75 1 0
75 2 39
75 3 0
75 4 32
75 5 11
75 6 0
75 7 27
76 1 0
76 2 46
76 3 0
76 4 38
76 5 13
76 6 0
76 7 26
77 1 0
77 2 43
77 3 0
77 4 35
77 5 12
77 6 0
77 7 25
78 1 0
78 2 41
78 3 0
78 4 31
78 5 11
78 6 0
78 7 25
79 1 0
79 2 5
79 3 0
79 4 4
79 5 2
79 6 0
79 7 4
80 1 0
80 2 8
80 3 0
80 4 7
80 5 2
80 6 0
80 7 5
81 1 0
81 2 32
81 3 0
81 4 23
81 5 8
81 6 0
81 7 18
82 1 0
82 2 19
82 3 0
82 4 13
82 5 5
82 6 0
82 7 11
83 1 0
83 2 11
83 3 0
83 4 10
83 5 4
83 6 0
83 7 8
84 1 0
84 2 20
84 3 0
84 4 15
84 5 5
84 6 0
84 7 10
85 1 0
85 2 34
85 3 0
85 4 28
85 5 9
85 6 0
85 7 19
86 1 0
86 2 31
86 3 0
86 4 26
86 5 8
86 6 0
86 7 19
87 1 0
87 2 88
87 3 0
87 4 61
87 5 19
87 6 0
87 7 47
88 1 0
88 2 22
88 3 0
88 4 17
88 5 6
88 6 0
88 7 12
89 1 0
89 2 15
89 3 0
89 4 10
89 5 4
89 6 0
89 7 7
90 1 0
90 2 65
90 3 0
90 4 52
90 5 18
90 6 0
90 7 37
91 1 0
91 2 15
91 3 0
91 4 12
91 5 4
91 6 0
91 7 8
92 1 0
92 2 54
92 3 0
92 4 50
92 5 17
92 6 0
92 7 40
93 1 0
93 2 55
93 3 0
93 4 44
93 5 14
93 6 0
93 7 30
94 1 0
94 2 32
94 3 0
94 4 21
94 5 8
94 6 0
94 7 18

# Precedence Relations
1 2
1 3
1 4
1 5
1 6
1 7
1 8
1 9
1 10
2 11
2 17
3 12
4 11
4 16
5 11
5 13
5 18
5 16
6 11
6 15
6 13
6 19
7 42
8 29
9 11
10 19
10 37
10 48
10 50
11 14
12 20
12 61
12 52
13 82
14 25
14 23
14 30
14 31
14 24
14 32
14 22
14 21
14 26
14 28
14 27
14 29
15 81
16 75
17 82
18 75
19 75
20 78
21 71
21 60
21 53
21 39
21 40
21 41
22 38
22 72
22 49
22 58
23 34
23 35
24 37
24 44
25 57
25 63
25 33
25 73
25 60
25 65
25 56
26 41
26 43
27 62
27 58
27 54
27 55
27 56
28 33
28 35
28 40
28 43
28 49
28 51
28 52
28 54
29 75
30 59
30 42
30 36
31 74
32 36
32 47
32 44
32 60
32 45
32 69
32 46
32 48
32 50
33 78
34 78
35 78
36 82
37 61
37 73
37 64
37 66
37 67
37 68
37 69
37 70
37 71
37 72
37 62
38 82
39 82
40 78
41 78
42 74
43 78
44 75
45 75
46 75
46 76
47 75
48 75
49 78
50 75
51 78
52 78
53 76
53 77
54 78
55 77
56 77
57 76
57 77
58 77
59 82
60 77
61 77
62 77
63 77
64 74
65 74
66 75
66 76
67 74
68 82
69 77
69 75
70 77
70 76
71 76
72 76
73 77
74 82
75 82
76 82
77 78
78 79
78 80
79 81
80 81
81 82
82 83
83 84
83 85
84 86
85 86
86 87
87 88
88 89
88 90
89 92
90 91
90 93
92 94

# Parameters
R_e = 0.0500
T = 600.0
C_s = 4.0
C_w = 36.0
C_c = 5.0
