# Tasks
1 2 3 4 5 6 7 8 9 10 11 12 13 14 15 16 17 18 19 20 21 22 23 24 25 26 27 28 29 30 31 32 33 34 35 36 37 38 39 40 41 42 43 44 45 46 47 48 49 50 51 52 53 54 55 56 57 58 59 60 61 62 63 64 65 66 67 68 69 70 71 72 73 74 75 76 77 78 79 80 81 82 83 84 85 86 87 88 89 90 91 92 93 94 95 96 97 98 99 100 101 102 103 104 105 106 107 108 109 110 111

# Workstations
1 2 3 4 5 6 7 8 9 10 11 12 13 14 15 16 17 18 19 20 21 22 23 24 25 26 27 28 29 30 31 32 33 34 35 36 37 38 39 40 41 42 43 44 45 46 47 48 49 50 51 52 53 54 55 56 57 58 59 60 61 62 63 64 65 66 67 68 69 70 71 72 73 74 75 76 77 78 79 80 81 82 83 84 85 86 87 88 89 90 91 92 93 94 95 96 97 98 99 100 101 102 103 104 105 106 107 108 109 110 111

# Modes
1 2 3 4 5 6 7

# Processing Times
1 1 1960
1 2 1928
1 3 2018
1 4 1985
1 5 1165
1 6 2173
1 7 2137
2 1 1715
2 2 1687
2 3 1766
2 4 1737
2 5 1019
2 6 1901
2 7 1870
3 1 735
3 2 723
3 3 757
3 4 745
3 5 437
3 6 815
3 7 802
4 1 1715
4 2 1687
4 3 1766
4 4 1737
4 5 1019
4 6 1901
4 7 1870
5 1 490
5 2 482
5 3 505
5 4 497
5 5 292
5 6 544
5 7 535
6 1 1225
6 2 1205
6 3 1261
6 4 1241
6 5 728
6 6 1358
6 7 1336
7 1 169
7 2 167
7 3 174
7 4 172
7 5 101
7 6 188
7 7 186
8 1 2252
8 2 2215
8 3 2318
8 4 2280
8 5 1338
8 6 2496
8 7 2455
9 1 1225
9 2 1205
9 3 1261
9 4 1241
9 5 728
9 6 1358
9 7 1336
10 1 2319
10 2 2281
10 3 2387
10 4 2348
10 5 1378
10 6 2571
10 7 2529
11 1 1715
11 2 1687
11 3 1766
11 4 1737
11 5 1019
11 6 1901
11 7 1870
12 1 980
12 2 964
12 3 1009
12 4 993
12 5 583
12 6 1087
12 7 1069
13 1 735
13 2 723
13 3 757
13 4 745
13 5 437
13 6 815
13 7 802
14 1 2281
14 2 2244
14 3 2348
14 4 2310
14 5 1355
14 6 2529
14 7 2488
15 1 2750
15 2 2705
15 3 2831
15 4 2785
15 5 1634
15 6 3048
15 7 2998
16 1 77
16 2 76
16 3 80
16 4 79
16 5 46
16 6 86
16 7 85
17 1 89
17 2 88
17 3 92
17 4 91
17 5 53
17 6 99
17 7 98
18 1 51
18 2 51
18 3 53
18 4 53
18 5 31
18 6 57
18 7 57
19 1 364
19 2 358
19 3 375
19 4 369
19 5 217
19 6 404
19 7 397
20 1 405
20 2 399
20 3 417
20 4 411
20 5 241
20 6 449
20 7 443
21 1 3060
21 2 3010
21 3 3150
21 4 3099
21 5 1818
21 6 3392
21 7 3336
22 1 125
22 2 123
22 3 129
22 4 127
22 5 75
22 6 139
22 7 137
23 1 3429
23 2 3373
23 3 3530
23 4 3472
23 5 2037
23 6 3801
23 7 3739
24 1 43
24 2 43
24 3 45
24 4 45
24 5 26
24 6 48
24 7 48
25 1 3430
25 2 3374
25 3 3531
25 4 3473
25 5 2038
25 6 3802
25 7 3740
26 1 1960
26 2 1928
26 3 2018
26 4 1985
26 5 1165
26 6 2173
26 7 2137
27 1 29
27 2 29
27 3 30
27 4 30
27 5 18
27 6 33
27 7 33
28 1 27
28 2 27
28 3 28
28 4 28
28 5 17
28 6 30
28 7 30
29 1 15
29 2 15
29 3 16
29 4 16
29 5 9
29 6 17
29 7 17
30 1 121
30 2 119
30 3 125
30 4 123
30 5 72
30 6 135
30 7 132
31 1 1715
31 2 1687
31 3 1766
31 4 1737
31 5 1019
31 6 1901
31 7 1870
32 1 2127
32 2 2092
32 3 2190
32 4 2154
32 5 1264
32 6 2358
32 7 2319
33 1 1470
33 2 1446
33 3 1514
33 4 1489
33 5 874
33 6 1630
33 7 1603
34 1 4037
34 2 3970
34 3 4156
34 4 4087
34 5 2398
34 6 4475
34 7 4400
35 1 68
35 2 67
35 3 70
35 4 69
35 5 41
35 6 76
35 7 75
36 1 62
36 2 61
36 3 64
36 4 63
36 5 37
36 6 69
36 7 68
37 1 42
37 2 42
37 3 44
37 4 44
37 5 25
37 6 47
37 7 47
38 1 364
38 2 358
38 3 375
38 4 369
38 5 217
38 6 404
38 7 397
39 1 4998
39 2 4916
39 3 5145
39 4 5061
39 5 2969
39 6 5540
39 7 5449
40 1 1470
40 2 1446
40 3 1514
40 4 1489
40 5 874
40 6 1630
40 7 1603
41 1 2963
41 2 2914
41 3 3050
41 4 3000
41 5 1761
41 6 3284
41 7 3230
42 1 5689
42 2 5595
42 3 5856
42 4 5759
42 5 3380
42 6 6306
42 7 6201
43 1 68
43 2 67
43 3 70
43 4 69
43 5 41
43 6 76
43 7 75
44 1 18
44 2 18
44 3 19
44 4 19
44 5 11
44 6 20
44 7 20
45 1 10
45 2 10
45 3 11
45 4 11
45 5 6
45 6 12
45 7 12
46 1 81
46 2 80
46 3 84
46 4 83
46 5 49
46 6 90
46 7 89
47 1 5200
47 2 5114
47 3 5353
47 4 5264
47 5 3089
47 6 5764
47 7 5668
48 1 39
48 2 39
48 3 41
48 4 41
48 5 24
48 6 44
48 7 44
49 1 67
49 2 66
49 3 69
49 4 68
49 5 40
49 6 75
49 7 74
50 1 27
50 2 27
50 3 28
50 4 28
50 5 17
50 6 30
50 7 30
51 1 15
51 2 15
51 3 16
51 4 16
51 5 9
51 6 17
51 7 17
52 1 121
52 2 119
52 3 125
52 4 123
52 5 72
52 6 135
52 7 132
53 1 58
53 2 58
53 3 60
53 4 60
53 5 35
53 6 65
53 7 65
54 1 1715
54 2 1687
54 3 1766
54 4 1737
54 5 1019
54 6 1901
54 7 1870
55 1 125
55 2 123
55 3 129
55 4 127
55 5 75
55 6 139
55 7 137
56 1 4010
56 2 3944
56 3 4128
56 4 4060
56 5 2382
56 6 4445
56 7 4372
57 1 1470
57 2 1446
57 3 1514
57 4 1489
57 5 874
57 6 1630
57 7 1603
58 1 1470
58 2 1446
58 3 1514
58 4 1489
58 5 874
58 6 1630
58 7 1603
59 1 2303
59 2 2265
59 3 2371
59 4 2332
59 5 1368
59 6 2553
59 7 2511
60 1 1960
60 2 1928
60 3 2018
60 4 1985
60 5 1165
60 6 2173
60 7 2137
61 1 2205
61 2 2169
61 3 2270
61 4 2233
61 5 1310
61 6 2444
61 7 2404
62 1 4018
62 2 3952
62 3 4136
62 4 4068
62 5 2387
62 6 4454
62 7 4381
63 1 2744
63 2 2699
63 3 2825
63 4 2779
63 5 1630
63 6 3042
63 7 2992
64 1 2999
64 2 2950
64 3 3087
64 4 3037
64 5 1782
64 6 3324
64 7 3270
65 1 735
65 2 723
65 3 757
65 4 745
65 5 437
65 6 815
65 7 802
66 1 735
66 2 723
66 3 757
66 4 745
66 5 437
66 6 815
66 7 802
67 1 735
67 2 723
67 3 757
67 4 745
67 5 437
67 6 815
67 7 802
68 1 735
68 2 723
68 3 757
68 4 745
68 5 437
68 6 815
68 7 802
69 1 545
69 2 536
69 3 561
69 4 552
69 5 324
69 6 605
69 7 595
70 1 3386
70 2 3330
70 3 3486
70 4 3428
70 5 2012
70 6 3753
70 7 3691
71 1 3234
71 2 3181
71 3 3329
71 4 3275
71 5 1921
71 6 3585
71 7 3526
72 1 2205
72 2 2169
72 3 2270
72 4 2233
72 5 1310
72 6 2444
72 7 2404
73 1 2206
73 2 2170
73 3 2271
73 4 2234
73 5 1311
73 6 2445
73 7 2406
74 1 490
74 2 482
74 3 505
74 4 497
74 5 292
74 6 544
74 7 535
75 1 825
75 2 812
75 3 850
75 4 836
75 5 491
75 6 915
75 7 900
76 1 3528
76 2 3470
76 3 3632
76 4 3572
76 5 2096
76 6 3911
76 7 3846
77 1 3568
77 2 3509
77 3 3673
77 4 3612
77 5 2120
77 6 3955
77 7 3890
78 1 1200
78 2 1181
78 3 1236
78 4 1216
78 5 713
78 6 1330
78 7 1309
79 1 618
79 2 608
79 3 637
79 4 626
79 5 368
79 6 685
79 7 674
80 1 1470
80 2 1446
80 3 1514
80 4 1489
80 5 874
80 6 1630
80 7 1603
81 1 1715
81 2 1687
81 3 1766
81 4 1737
81 5 1019
81 6 1901
81 7 1870
82 1 735
82 2 723
82 3 757
82 4 745
82 5 437
82 6 815
82 7 802
83 1 1960
83 2 1928
83 3 2018
83 4 1985
83 5 1165
83 6 2173
83 7 2137
84 1 2889
84 2 2842
84 3 2974
84 4 2926
84 5 1717
84 6 3202
84 7 3150
85 1 618
85 2 608
85 3 637
85 4 626
85 5 368
85 6 685
85 7 674
86 1 490
86 2 482
86 3 505
86 4 497
86 5 292
86 6 544
86 7 535
87 1 735
87 2 723
87 3 757
87 4 745
87 5 437
87 6 815
87 7 802
88 1 490
88 2 482
88 3 505
88 4 497
88 5 292
88 6 544
88 7 535
89 1 921
89 2 906
89 3 948
89 4 933
89 5 548
89 6 1021
89 7 1005
90 1 326
90 2 321
90 3 336
90 4 331
90 5 194
90 6 362
90 7 356
91 1 5390
91 2 5301
91 3 5548
91 4 5457
91 5 3202
91 6 5974
91 7 5876
92 1 243
92 2 239
92 3 251
92 4 247
92 5 145
92 6 270
92 7 265
93 1 371
93 2 365
93 3 382
93 4 376
93 5 221
93 6 412
93 7 405
94 1 58
94 2 58
94 3 60
94 4 60
94 5 35
94 6 65
94 7 65
95 1 5059
95 2 4976
95 3 5208
95 4 5122
95 5 3006
95 6 5607
95 7 5515
96 1 1225
96 2 1205
96 3 1261
96 4 1241
96 5 728
96 6 1358
96 7 1336
97 1 769
97 2 757
97 3 792
97 4 780
97 5 457
97 6 853
97 7 839
98 1 768
98 2 756
98 3 791
98 4 779
98 5 457
98 6 852
98 7 838
99 1 1670
99 2 1643
99 3 1719
99 4 1692
99 5 992
99 6 1851
99 7 1821
100 1 1670
100 2 1643
100 3 1719
100 4 1692
100 5 992
100 6 1851
100 7 1821
101 1 490
101 2 482
101 3 505
101 4 497
101 5 292
101 6 544
101 7 535
102 1 202
102 2 199
102 3 208
102 4 205
102 5 120
102 6 224
102 7 221
103 1 203
103 2 200
103 3 209
103 4 206
103 5 121
103 6 225
103 7 222
104 1 202
104 2 199
104 3 208
104 4 205
104 5 120
104 6 224
104 7 221
105 1 2744
105 2 2699
105 3 2825
105 4 2779
105 5 1630
105 6 3042
105 7 2992
106 1 162
106 2 160
106 3 167
106 4 165
106 5 97
106 6 180
106 7 178
107 1 324
107 2 319
107 3 334
107 4 329
107 5 193
107 6 360
107 7 354
108 1 162
108 2 160
108 3 167
108 4 165
108 5 97
108 6 180
108 7 178
109 1 121
109 2 119
109 3 125
109 4 123
109 5 72
109 6 135
109 7 132
110 1 162
110 2 160
110 3 167
110 4 165
110 5 97
110 6 180
110 7 178
111 1 91
111 2 90
111 3 94
111 4 93
111 5 55
111 6 101
111 7 100

# Energy Consumption
1 1 0
1 2 507
1 3 0
1 4 381
1 5 182
1 6 0
1 7 260
2 1 0
2 2 406
2 3 0
2 4 378
2 5 152
2 6 0
2 7 231
3 1 0
3 2 188
3 3 0
3 4 156
3 5 66
3 6 0
3 7 118
4 1 0
4 2 497
4 3 0
4 4 332
4 5 153
4 6 0
4 7 260
5 1 0
5 2 113
5 3 0
5 4 98
5 5 44
5 6 0
5 7 69
6 1 0
6 2 291
6 3 0
6 4 248
6 5 113
6 6 0
6 7 166
7 1 0
7 2 38
7 3 0
7 4 33
7 5 15
7 6 0
7 7 24
8 1 0
8 2 654
8 3 0
8 4 471
8 5 214
8 6 0
8 7 360
9 1 0
9 2 326
9 3 0
9 4 271
9 5 116
9 6 0
9 7 179
10 1 0
10 2 634
10 3 0
10 4 480
10 5 208
10 6 0
10 7 324
11 1 0
11 2 440
11 3 0
11 4 328
11 5 150
11 6 0
11 7 262
12 1 0
12 2 254
12 3 0
12 4 205
12 5 93
12 6 0
12 7 139
13 1 0
13 2 207
13 3 0
13 4 158
13 5 64
13 6 0
13 7 107
14 1 0
14 2 663
14 3 0
14 4 457
14 5 201
14 6 0
14 7 372
15 1 0
15 2 803
15 3 0
15 4 528
15 5 242
15 6 0
15 7 433
16 1 0
16 2 20
16 3 0
16 4 17
16 5 7
16 6 0
16 7 13
17 1 0
17 2 23
17 3 0
17 4 19
17 5 8
17 6 0
17 7 13
18 1 0
18 2 14
18 3 0
18 4 11
18 5 5
18 6 0
18 7 9
19 1 0
19 2 81
19 3 0
19 4 74
19 5 33
19 6 0
19 7 56
20 1 0
20 2 109
20 3 0
20 4 84
20 5 38
20 6 0
20 7 56
21 1 0
21 2 862
21 3 0
21 4 570
21 5 270
21 6 0
21 7 479
22 1 0
22 2 34
22 3 0
22 4 26
22 5 12
22 6 0
22 7 20
23 1 0
23 2 884
23 3 0
23 4 657
23 5 323
23 6 0
23 7 491
24 1 0
24 2 12
24 3 0
24 4 10
24 5 4
24 6 0
24 7 7
25 1 0
25 2 889
25 3 0
25 4 646
25 5 295
25 6 0
25 7 469
26 1 0
26 2 576
26 3 0
26 4 382
26 5 170
26 6 0
26 7 293
27 1 0
27 2 8
27 3 0
27 4 6
27 5 3
27 6 0
27 7 5
28 1 0
28 2 8
28 3 0
28 4 6
28 5 3
28 6 0
28 7 5
29 1 0
29 2 4
29 3 0
29 4 4
29 5 2
29 6 0
29 7 3
30 1 0
30 2 35
30 3 0
30 4 24
30 5 12
30 6 0
30 7 19
31 1 0
31 2 394
31 3 0
31 4 352
31 5 148
31 6 0
31 7 275
32 1 0
32 2 533
32 3 0
32 4 409
32 5 197
32 6 0
32 7 297
33 1 0
33 2 374
33 3 0
33 4 302
33 5 137
33 6 0
33 7 201
34 1 0
34 2 909
34 3 0
34 4 899
34 5 380
34 6 0
34 7 567
35 1 0
35 2 16
35 3 0
35 4 13
35 5 7
35 6 0
35 7 10
36 1 0
36 2 14
36 3 0
36 4 12
36 5 6
36 6 0
36 7 10
37 1 0
37 2 11
37 3 0
37 4 10
37 5 4
37 6 0
37 7 6
38 1 0
38 2 96
38 3 0
38 4 79
38 5 33
38 6 0
38 7 49
39 1 0
39 2 1299
39 3 0
39 4 973
39 5 453
39 6 0
39 7 746
40 1 0
40 2 334
40 3 0
40 4 277
40 5 135
40 6 0
40 7 215
41 1 0
41 2 737
41 3 0
41 4 659
41 5 267
41 6 0
41 7 414
42 1 0
42 2 1391
42 3 0
42 4 1082
42 5 477
42 6 0
42 7 888
43 1 0
43 2 17
43 3 0
43 4 15
43 5 7
43 6 0
43 7 11
44 1 0
44 2 5
44 3 0
44 4 4
44 5 2
44 6 0
44 7 3
45 1 0
45 2 3
45 3 0
45 4 3
45 5 1
45 6 0
45 7 2
46 1 0
46 2 19
46 3 0
46 4 16
46 5 8
46 6 0
46 7 12
47 1 0
47 2 1233
47 3 0
47 4 1021
47 5 442
47 6 0
47 7 772
48 1 0
48 2 10
48 3 0
48 4 9
48 5 4
48 6 0
48 7 7
49 1 0
49 2 18
49 3 0
49 4 14
49 5 7
49 6 0
49 7 11
50 1 0
50 2 8
50 3 0
50 4 6
50 5 3
50 6 0
50 7 4
51 1 0
51 2 5
51 3 0
51 4 3
51 5 2
51 6 0
51 7 3
52 1 0
52 2 27
52 3 0
52 4 23
52 5 11
52 6 0
52 7 18
53 1 0
53 2 16
53 3 0
53 4 13
53 5 5
53 6 0
53 7 10
54 1 0
54 2 499
54 3 0
54 4 324
54 5 148
54 6 0
54 7 265
55 1 0
55 2 31
55 3 0
55 4 26
55 5 12
55 6 0
55 7 19
56 1 0
56 2 1176
56 3 0
56 4 818
56 5 351
56 6 0
56 7 564
57 1 0
57 2 344
57 3 0
57 4 285
57 5 133
57 6 0
57 7 197
58 1 0
58 2 340
58 3 0
58 4 305
58 5 133
58 6 0
58 7 212
59 1 0
59 2 588
59 3 0
59 4 477
59 5 212
59 6 0
59 7 361
60 1 0
60 2 462
60 3 0
60 4 382
60 5 174
60 6 0
60 7 300
61 1 0
61 2 582
61 3 0
61 4 454
61 5 200
61 6 0
61 7 338
62 1 0
62 2 906
62 3 0
62 4 747
62 5 336
62 6 0
62 7 633
63 1 0
63 2 754
63 3 0
63 4 568
63 5 256
63 6 0
63 7 430
64 1 0
64 2 678
64 3 0
64 4 646
64 5 281
64 6 0
64 7 404
65 1 0
65 2 207
65 3 0
65 4 136
65 5 64
65 6 0
65 7 113
66 1 0
66 2 179
66 3 0
66 4 159
66 5 63
66 6 0
66 7 103
67 1 0
67 2 177
67 3 0
67 4 160
67 5 67
67 6 0
67 7 97
68 1 0
68 2 160
68 3 0
68 4 147
68 5 67
68 6 0
68 7 119
69 1 0
69 2 126
69 3 0
69 4 108
69 5 48
69 6 0
69 7 88
70 1 0
70 2 881
70 3 0
70 4 648
70 5 307
70 6 0
70 7 523
71 1 0
71 2 840
71 3 0
71 4 592
71 5 286
71 6 0
71 7 449
72 1 0
72 2 533
72 3 0
72 4 416
72 5 194
72 6 0
72 7 312
73 1 0
73 2 491
73 3 0
73 4 468
73 5 190
73 6 0
73 7 343
74 1 0
74 2 128
74 3 0
74 4 108
74 5 47
74 6 0
74 7 70
75 1 0
75 2 222
75 3 0
75 4 183
75 5 74
75 6 0
75 7 120
76 1 0
76 2 956
76 3 0
76 4 670
76 5 309
76 6 0
76 7 498
77 1 0
77 2 1048
77 3 0
77 4 794
77 5 332
77 6 0
77 7 529
78 1 0
78 2 312
78 3 0
78 4 243
78 5 112
78 6 0
78 7 171
79 1 0
79 2 145
79 3 0
79 4 117
79 5 59
79 6 0
79 7 93
80 1 0
80 2 421
80 3 0
80 4 282
80 5 130
80 6 0
80 7 227
81 1 0
81 2 429
81 3 0
81 4 321
81 5 159
81 6 0
81 7 278
82 1 0
82 2 206
82 3 0
82 4 150
82 5 62
82 6 0
82 7 98
83 1 0
83 2 505
83 3 0
83 4 386
83 5 168
83 6 0
83 7 279
84 1 0
84 2 721
84 3 0
84 4 644
84 5 245
84 6 0
84 7 410
85 1 0
85 2 180
85 3 0
85 4 116
85 5 52
85 6 0
85 7 85
86 1 0
86 2 115
86 3 0
86 4 104
86 5 44
86 6 0
86 7 73
87 1 0
87 2 214
87 3 0
87 4 138
87 5 68
87 6 0
87 7 104
88 1 0
88 2 119
88 3 0
88 4 99
88 5 46
88 6 0
88 7 69
89 1 0
89 2 256
89 3 0
89 4 195
89 5 83
89 6 0
89 7 137
90 1 0
90 2 83
90 3 0
90 4 65
90 5 29
90 6 0
90 7 46
91 1 0
91 2 1228
91 3 0
91 4 1111
91 5 457
91 6 0
91 7 859
92 1 0
92 2 63
92 3 0
92 4 53
92 5 21
92 6 0
92 7 38
93 1 0
93 2 97
93 3 0
93 4 70
93 5 32
93 6 0
93 7 54
94 1 0
94 2 17
94 3 0
94 4 13
94 5 6
94 6 0
94 7 10
95 1 0
95 2 1129
95 3 0
95 4 1046
95 5 472
95 6 0
95 7 757
96 1 0
96 2 302
96 3 0
96 4 249
96 5 105
96 6 0
96 7 164
97 1 0
97 2 216
97 3 0
97 4 146
97 5 71
97 6 0
97 7 124
98 1 0
98 2 205
98 3 0
98 4 146
98 5 70
98 6 0
98 7 109
99 1 0
99 2 391
99 3 0
99 4 310
99 5 146
99 6 0
99 7 273
100 1 0
100 2 423
100 3 0
100 4 315
100 5 150
100 6 0
100 7 230
101 1 0
101 2 131
101 3 0
101 4 97
101 5 44
101 6 0
101 7 80
102 1 0
102 2 54
102 3 0
102 4 38
102 5 19
102 6 0
102 7 32
103 1 0
103 2 53
103 3 0
103 4 44
103 5 19
103 6 0
103 7 29
104 1 0
104 2 46
104 3 0
104 4 43
104 5 17
104 6 0
104 7 31
105 1 0
105 2 671
105 3 0
105 4 571
105 5 261
105 6 0
105 7 440
106 1 0
106 2 36
106 3 0
106 4 35
106 5 15
106 6 0
106 7 26
107 1 0
107 2 88
107 3 0
107 4 72
107 5 31
107 6 0
107 7 47
108 1 0
108 2 43
108 3 0
108 4 36
108 5 15
108 6 0
108 7 23
109 1 0
109 2 33
109 3 0
109 4 25
109 5 11
109 6 0
109 7 17
110 1 0
110 2 43
110 3 0
110 4 35
110 5 15
110 6 0
110 7 26
111 1 0
111 2 25
111 3 0
111 4 17
111 5 9
111 6 0
111 7 14

# Precedence Relations
1 2
2 3
3 4
4 5
4 6
4 7
4 8
4 9
4 10
5 39
6 39
7 83
8 71
9 32
10 11
10 12
11 13
11 14
11 15
11 16
11 17
11 18
11 19
11 20
11 21
12 13
12 14
12 15
12 16
12 17
12 18
12 19
12 20
12 21
13 71
14 22
14 23
14 24
14 25
15 26
16 27
17 28
18 29
19 30
20 91
21 111
22 31
22 83
23 32
23 33
24 69
24 70
25 34
26 82
27 35
28 36
29 37
30 38
31 39
32 41
33 111
34 42
35 43
36 44
36 91
37 45
37 91
38 46
38 91
39 40
40 111
41 69
41 70
42 47
43 48
43 49
44 50
45 51
46 52
47 54
47 55
47 56
47 57
47 58
47 59
47 60
48 53
49 91
50 111
51 111
52 111
53 111
54 69
54 70
55 61
55 62
55 63
56 63
56 64
57 65
57 91
58 66
58 91
59 67
59 91
60 68
60 91
61 69
61 70
62 71
63 111
64 72
65 111
66 111
67 111
68 111
69 77
69 78
70 73
71 91
72 74
73 75
74 76
75 77
75 78
75 79
76 80
76 81
76 82
77 83
78 84
79 85
80 86
80 91
81 87
81 91
82 111
83 91
84 88
84 89
84 91
85 111
86 111
87 90
88 105
89 105
90 111
91 92
91 93
91 94
92 95
93 95
94 95
95 96
95 97
95 98
95 99
95 100
95 104
96 101
97 102
98 103
99 111
100 111
101 105
102 106
102 107
103 107
103 108
104 111
105 111
106 109
107 111
108 110
109 111
110 111

# Parameters
R_e = 0.0500
T = 6621.3
C_s = 4.0
C_w = 36.0
C_c = 5.0
