# Tasks
1 2 3 4 5 6 7 8 9 10 11 12 13 14 15 16 17 18 19 20

# Workstations
1 2 3 4 5 6 7 8 9 10 11 12 13 14 15 16 17 18 19 20

# Modes
1 2 3 4 5 6 7

# Processing Times
1 1 464
1 2 642
1 3 494
1 4 683
1 5 291
1 6 490
1 7 677
2 1 154
2 2 233
2 3 162
2 4 245
2 5 92
2 6 164
2 7 249
3 1 506
3 2 620
3 3 549
3 4 673
3 5 339
3 6 532
3 7 652
4 1 476
4 2 679
4 3 509
4 4 725
4 5 317
4 6 519
4 7 739
5 1 77
5 2 108
5 3 83
5 4 116
5 5 45
5 6 80
5 7 112
6 1 155
6 2 235
6 3 169
6 4 255
6 5 98
6 6 164
6 7 249
7 1 340
7 2 518
7 3 373
7 4 567
7 5 201
7 6 364
7 7 555
8 1 467
8 2 719
8 3 507
8 4 780
8 5 323
8 6 506
8 7 779
9 1 94
9 2 124
9 3 104
9 4 137
9 5 55
9 6 95
9 7 125
10 1 65
10 2 97
10 3 70
10 4 105
10 5 41
10 6 66
10 7 99
11 1 192
11 2 296
11 3 210
11 4 324
11 5 116
11 6 207
11 7 319
12 1 127
12 2 185
12 3 135
12 4 197
12 5 80
12 6 132
12 7 192
13 1 204
13 2 301
13 3 221
13 4 326
13 5 128
13 6 222
13 7 327
14 1 108
14 2 144
14 3 116
14 4 154
14 5 71
14 6 112
14 7 149
15 1 481
15 2 626
15 3 527
15 4 685
15 5 282
15 6 484
15 7 630
16 1 213
16 2 264
16 3 231
16 4 287
16 5 142
16 6 226
16 7 280
17 1 116
17 2 165
17 3 122
17 4 174
17 5 82
17 6 118
17 7 167
18 1 74
18 2 107
18 3 79
18 4 114
18 5 43
18 6 82
18 7 118
19 1 220
19 2 308
19 3 239
19 4 335
19 5 136
19 6 235
19 7 328
20 1 117
20 2 152
20 3 125
20 4 163
20 5 69
20 6 126
20 7 163

# Energy Consumption
1 1 0
1 2 154
1 3 0
1 4 141
1 5 45
1 6 0
1 7 97
2 1 0
2 2 59
2 3 0
2 4 49
2 5 14
2 6 0
2 7 36
3 1 0
3 2 173
3 3 0
3 4 132
3 5 54
3 6 0
3 7 89
4 1 0
4 2 170
4 3 0
4 4 160
4 5 45
4 6 0
4 7 107
5 1 0
5 2 27
5 3 0
5 4 25
5 5 8
5 6 0
5 7 16
6 1 0
6 2 52
6 3 0
6 4 55
6 5 15
6 6 0
6 7 35
7 1 0
7 2 116
7 3 0
7 4 123
7 5 29
7 6 0
7 7 79
8 1 0
8 2 183
8 3 0
8 4 164
8 5 48
8 6 0
8 7 110
9 1 0
9 2 33
9 3 0
9 4 30
9 5 9
9 6 0
9 7 19
10 1 0
10 2 28
10 3 0
10 4 22
10 5 7
10 6 0
10 7 14
11 1 0
11 2 66
11 3 0
11 4 60
11 5 18
11 6 0
11 7 46
12 1 0
12 2 47
12 3 0
12 4 44
12 5 12
12 6 0
12 7 27
13 1 0
13 2 73
13 3 0
13 4 66
13 5 19
13 6 0
13 7 45
14 1 0
14 2 43
14 3 0
14 4 32
14 5 12
14 6 0
14 7 20
15 1 0
15 2 160
15 3 0
15 4 127
15 5 43
15 6 0
15 7 77
16 1 0
16 2 75
16 3 0
16 4 61
16 5 22
16 6 0
16 7 36
17 1 0
17 2 45
17 3 0
17 4 39
17 5 13
17 6 0
17 7 22
18 1 0
18 2 26
18 3 0
18 4 23
18 5 7
18 6 0
18 7 15
19 1 0
19 2 85
19 3 0
19 4 69
19 5 22
19 6 0
19 7 49
20 1 0
20 2 39
20 3 0
20 4 36
20 5 11
20 6 0
20 7 21

# Precedence Relations
1 9
2 9
3 9
4 9
5 11
5 12
8 10
9 13
9 14
9 15
9 16
14 17
15 18
17 20
18 19

# Parameters
R_e = 0.0500
T = 1000.0
C_s = 4.0
C_w = 36.0
C_c = 5.0
