# Tasks
1 2 3 4 5 6 7 8 9 10 11 12 13 14 15 16 17 18 19 20

# Workstations
1 2 3 4 5 6 7 8 9 10 11 12 13 14 15 16 17 18 19 20

# Modes
1 2 3 4 5 6 7

# Processing Times
1 1 464
1 2 904
1 3 459
1 4 894
1 5 433
1 6 490
1 7 953
2 1 154
2 2 305
2 3 160
2 4 317
2 5 146
2 6 161
2 7 318
3 1 506
3 2 1036
3 3 490
3 4 1002
3 5 478
3 6 547
3 7 1119
4 1 476
4 2 1063
4 3 485
4 4 1083
4 5 411
4 6 481
4 7 1074
5 1 77
5 2 143
5 3 79
5 4 146
5 5 65
5 6 85
5 7 157
6 1 155
6 2 341
6 3 151
6 4 331
6 5 140
6 6 162
6 7 355
7 1 340
7 2 709
7 3 331
7 4 689
7 5 318
7 6 347
7 7 722
8 1 467
8 2 998
8 3 476
8 4 1016
8 5 389
8 6 486
8 7 1039
9 1 94
9 2 194
9 3 93
9 4 192
9 5 76
9 6 100
9 7 205
10 1 65
10 2 141
10 3 68
10 4 147
10 5 54
10 6 68
10 7 147
11 1 192
11 2 437
11 3 195
11 4 443
11 5 170
11 6 203
11 7 462
12 1 127
12 2 280
12 3 126
12 4 277
12 5 113
12 6 128
12 7 281
13 1 204
13 2 474
13 3 209
13 4 484
13 5 184
13 6 223
13 7 517
14 1 108
14 2 198
14 3 104
14 4 190
14 5 95
14 6 115
14 7 210
15 1 481
15 2 1132
15 3 502
15 4 1180
15 5 451
15 6 499
15 7 1173
16 1 213
16 2 529
16 3 221
16 4 549
16 5 198
16 6 219
16 7 544
17 1 116
17 2 212
17 3 118
17 4 215
17 5 98
17 6 124
17 7 226
18 1 74
18 2 180
18 3 75
18 4 181
18 5 67
18 6 75
18 7 182
19 1 220
19 2 445
19 3 223
19 4 450
19 5 198
19 6 225
19 7 454
20 1 117
20 2 256
20 3 114
20 4 250
20 5 111
20 6 128
20 7 279

# Energy Consumption
1 1 0
1 2 230
1 3 0
1 4 184
1 5 65
1 6 0
1 7 141
2 1 0
2 2 77
2 3 0
2 4 69
2 5 24
2 6 0
2 7 45
3 1 0
3 2 267
3 3 0
3 4 209
3 5 76
3 6 0
3 7 141
4 1 0
4 2 286
4 3 0
4 4 219
4 5 63
4 6 0
4 7 133
5 1 0
5 2 35
5 3 0
5 4 27
5 5 11
5 6 0
5 7 19
6 1 0
6 2 92
6 3 0
6 4 63
6 5 21
6 6 0
6 7 46
7 1 0
7 2 176
7 3 0
7 4 127
7 5 49
7 6 0
7 7 108
8 1 0
8 2 292
8 3 0
8 4 211
8 5 59
8 6 0
8 7 148
9 1 0
9 2 56
9 3 0
9 4 36
9 5 11
9 6 0
9 7 28
10 1 0
10 2 41
10 3 0
10 4 32
10 5 9
10 6 0
10 7 21
11 1 0
11 2 97
11 3 0
11 4 93
11 5 27
11 6 0
11 7 56
12 1 0
12 2 66
12 3 0
12 4 61
12 5 18
12 6 0
12 7 39
13 1 0
13 2 136
13 3 0
13 4 90
13 5 29
13 6 0
13 7 77
14 1 0
14 2 51
14 3 0
14 4 35
14 5 15
14 6 0
14 7 26
15 1 0
15 2 293
15 3 0
15 4 231
15 5 70
15 6 0
15 7 149
16 1 0
16 2 135
16 3 0
16 4 107
16 5 29
16 6 0
16 7 70
17 1 0
17 2 56
17 3 0
17 4 41
17 5 16
17 6 0
17 7 28
18 1 0
18 2 53
18 3 0
18 4 37
18 5 11
18 6 0
18 7 26
19 1 0
19 2 130
19 3 0
19 4 82
19 5 30
19 6 0
19 7 68
20 1 0
20 2 62
20 3 0
20 4 50
20 5 16
20 6 0
20 7 42

# Precedence Relations
1 9
2 9
3 9
4 9
5 11
5 12
8 10
9 13
9 14
9 15
9 16
14 17
15 18
17 20
18 19

# Parameters
R_e = 0.0500
T = 1000.0
C_s = 4.0
C_w = 36.0
C_c = 5.0
