# Tasks
1 2 3 4 5 6 7 8 9 10 11 12 13 14 15 16 17 18 19 20

# Workstations
1 2 3 4 5 6 7 8 9 10 11 12 13 14 15 16 17 18 19 20

# Modes
1 2 3 4 5 6 7

# Processing Times
1 1 209
1 2 427
1 3 224
1 4 457
1 5 93
1 6 256
1 7 523
2 1 57
2 2 117
2 3 61
2 4 125
2 5 26
2 6 70
2 7 144
3 1 204
3 2 417
3 3 218
3 4 446
3 5 91
3 6 250
3 7 510
4 1 119
4 2 243
4 3 128
4 4 260
4 5 53
4 6 146
4 7 298
5 1 180
5 2 368
5 3 193
5 4 394
5 5 80
5 6 221
5 7 451
6 1 82
6 2 168
6 3 88
6 4 180
6 5 37
6 6 101
6 7 206
7 1 174
7 2 356
7 3 186
7 4 381
7 5 78
7 6 213
7 7 436
8 1 64
8 2 131
8 3 69
8 4 140
8 5 29
8 6 79
8 7 161
9 1 116
9 2 237
9 3 124
9 4 254
9 5 52
9 6 142
9 7 290
10 1 206
10 2 421
10 3 221
10 4 450
10 5 92
10 6 252
10 7 515
11 1 83
11 2 170
11 3 89
11 4 182
11 5 37
11 6 102
11 7 208
12 1 73
12 2 150
12 3 78
12 4 161
12 5 33
12 6 90
12 7 184
13 1 162
13 2 331
13 3 174
13 4 354
13 5 72
13 6 199
13 7 405
14 1 58
14 2 119
14 3 62
14 4 128
14 5 26
14 6 71
14 7 146
15 1 161
15 2 329
15 3 172
15 4 352
15 5 72
15 6 197
15 7 403
16 1 319
16 2 652
16 3 341
16 4 697
16 5 142
16 6 391
16 7 798
17 1 87
17 2 178
17 3 93
17 4 191
17 5 39
17 6 107
17 7 218
18 1 148
18 2 303
18 3 159
18 4 324
18 5 66
18 6 181
18 7 371
19 1 56
19 2 115
19 3 60
19 4 123
19 5 25
19 6 69
19 7 141
20 1 169
20 2 345
20 3 181
20 4 369
20 5 76
20 6 207
20 7 422

# Energy Consumption
1 1 0
1 2 106
1 3 0
1 4 100
1 5 14
1 6 0
1 7 76
2 1 0
2 2 30
2 3 0
2 4 27
2 5 5
2 6 0
2 7 20
3 1 0
3 2 95
3 3 0
3 4 86
3 5 14
3 6 0
3 7 63
4 1 0
4 2 69
4 3 0
4 4 57
4 5 9
4 6 0
4 7 39
5 1 0
5 2 95
5 3 0
5 4 83
5 5 13
5 6 0
5 7 61
6 1 0
6 2 39
6 3 0
6 4 34
6 5 6
6 6 0
6 7 29
7 1 0
7 2 103
7 3 0
7 4 77
7 5 11
7 6 0
7 7 61
8 1 0
8 2 35
8 3 0
8 4 28
8 5 5
8 6 0
8 7 23
9 1 0
9 2 65
9 3 0
9 4 55
9 5 8
9 6 0
9 7 44
10 1 0
10 2 109
10 3 0
10 4 92
10 5 14
10 6 0
10 7 68
11 1 0
11 2 39
11 3 0
11 4 33
11 5 6
11 6 0
11 7 32
12 1 0
12 2 36
12 3 0
12 4 31
12 5 6
12 6 0
12 7 26
13 1 0
13 2 86
13 3 0
13 4 71
13 5 11
13 6 0
13 7 53
14 1 0
14 2 36
14 3 0
14 4 26
14 5 4
14 6 0
14 7 22
15 1 0
15 2 97
15 3 0
15 4 74
15 5 12
15 6 0
15 7 50
16 1 0
16 2 158
16 3 0
16 4 148
16 5 21
16 6 0
16 7 99
17 1 0
17 2 50
17 3 0
17 4 39
17 5 6
17 6 0
17 7 31
18 1 0
18 2 75
18 3 0
18 4 64
18 5 11
18 6 0
18 7 53
19 1 0
19 2 30
19 3 0
19 4 26
19 5 4
19 6 0
19 7 20
20 1 0
20 2 97
20 3 0
20 4 72
20 5 12
20 6 0
20 7 60

# Precedence Relations
1 7
2 7
3 4
3 5
3 6
4 7
5 7
6 8
6 9
6 10
6 16
6 18
7 11
7 12
7 13
7 14
8 15
8 19
9 17
10 17
11 17
12 16
12 18
14 19
16 20
17 19
17 20
18 19

# Parameters
R_e = 0.0500
T = 1000.0
C_s = 4.0
C_w = 36.0
C_c = 5.0
