# Tasks
1 2 3 4 5 6 7 8 9 10 11 12 13 14 15 16 17 18 19 20

# Workstations
1 2 3 4 5 6 7 8 9 10 11 12 13 14 15 16 17 18 19 20

# Modes
1 2 3 4 5 6 7

# Processing Times
1 1 136
1 2 338
1 3 117
1 4 291
1 5 88
1 6 196
1 7 487
2 1 106
2 2 256
2 3 91
2 4 219
2 5 72
2 6 152
2 7 367
3 1 251
3 2 586
3 3 228
3 4 531
3 5 159
3 6 328
3 7 765
4 1 272
4 2 607
4 3 255
4 4 568
4 5 190
4 6 392
4 7 874
5 1 38
5 2 76
5 3 35
5 4 69
5 5 21
5 6 53
5 7 105
6 1 132
6 2 290
6 3 120
6 4 264
6 5 84
6 6 187
6 7 411
7 1 207
7 2 463
7 3 187
7 4 418
7 5 134
7 6 267
7 7 597
8 1 105
8 2 201
8 3 100
8 4 191
8 5 67
8 6 140
8 7 267
9 1 175
9 2 325
9 3 166
9 4 308
9 5 111
9 6 224
9 7 416
10 1 207
10 2 414
10 3 188
10 4 375
10 5 130
10 6 287
10 7 574
11 1 89
11 2 188
11 3 84
11 4 177
11 5 53
11 6 126
11 7 266
12 1 133
12 2 246
12 3 126
12 4 233
12 5 81
12 6 192
12 7 355
13 1 168
13 2 339
13 3 152
13 4 306
13 5 104
13 6 221
13 7 446
14 1 43
14 2 90
14 3 37
14 4 77
14 5 30
14 6 60
14 7 125
15 1 221
15 2 550
15 3 199
15 4 494
15 5 143
15 6 292
15 7 725
16 1 121
16 2 231
16 3 115
16 4 218
16 5 74
16 6 152
16 7 290
17 1 61
17 2 111
17 3 54
17 4 98
17 5 38
17 6 89
17 7 161
18 1 30
18 2 74
18 3 27
18 4 66
18 5 21
18 6 40
18 7 98
19 1 262
19 2 474
19 3 242
19 4 437
19 5 172
19 6 361
19 7 653
20 1 153
20 2 342
20 3 139
20 4 310
20 5 99
20 6 210
20 7 468

# Energy Consumption
1 1 0
1 2 97
1 3 0
1 4 57
1 5 14
1 6 0
1 7 60
2 1 0
2 2 60
2 3 0
2 4 42
2 5 11
2 6 0
2 7 54
3 1 0
3 2 147
3 3 0
3 4 107
3 5 23
3 6 0
3 7 105
4 1 0
4 2 150
4 3 0
4 4 116
4 5 29
4 6 0
4 7 111
5 1 0
5 2 19
5 3 0
5 4 15
5 5 4
5 6 0
5 7 14
6 1 0
6 2 71
6 3 0
6 4 58
6 5 13
6 6 0
6 7 54
7 1 0
7 2 117
7 3 0
7 4 86
7 5 21
7 6 0
7 7 83
8 1 0
8 2 53
8 3 0
8 4 41
8 5 10
8 6 0
8 7 39
9 1 0
9 2 73
9 3 0
9 4 60
9 5 17
9 6 0
9 7 51
10 1 0
10 2 107
10 3 0
10 4 79
10 5 20
10 6 0
10 7 71
11 1 0
11 2 46
11 3 0
11 4 34
11 5 8
11 6 0
11 7 33
12 1 0
12 2 62
12 3 0
12 4 45
12 5 12
12 6 0
12 7 43
13 1 0
13 2 100
13 3 0
13 4 58
13 5 16
13 6 0
13 7 63
14 1 0
14 2 26
14 3 0
14 4 15
14 5 5
14 6 0
14 7 18
15 1 0
15 2 127
15 3 0
15 4 94
15 5 22
15 6 0
15 7 93
16 1 0
16 2 56
16 3 0
16 4 47
16 5 11
16 6 0
16 7 35
17 1 0
17 2 30
17 3 0
17 4 19
17 5 6
17 6 0
17 7 20
18 1 0
18 2 19
18 3 0
18 4 13
18 5 4
18 6 0
18 7 14
19 1 0
19 2 125
19 3 0
19 4 79
19 5 28
19 6 0
19 7 92
20 1 0
20 2 89
20 3 0
20 4 58
20 5 14
20 6 0
20 7 67

# Precedence Relations
1 7
2 6
2 15
3 11
4 8
5 8
6 10
7 9
8 11
9 12
10 13
11 14
11 15
12 17
13 17
14 16
15 17
16 18
17 18
17 19
17 20

# Parameters
R_e = 0.0500
T = 1000.0
C_s = 4.0
C_w = 36.0
C_c = 5.0
