# Tasks
1 2 3 4 5 6 7 8 9 10 11 12 13 14 15 16 17 18 19 20

# Workstations
1 2 3 4 5 6 7 8 9 10 11 12 13 14 15 16 17 18 19 20

# Modes
1 2 3 4 5 6 7

# Processing Times
1 1 142
1 2 298
1 3 142
1 4 297
1 5 127
1 6 156
1 7 326
2 1 34
2 2 72
2 3 34
2 4 72
2 5 31
2 6 38
2 7 79
3 1 140
3 2 294
3 3 140
3 4 293
3 5 125
3 6 153
3 7 322
4 1 214
4 2 449
4 3 213
4 4 447
4 5 192
4 6 234
4 7 491
5 1 121
5 2 254
5 3 121
5 4 253
5 5 109
5 6 133
5 7 278
6 1 279
6 2 585
6 3 278
6 4 582
6 5 250
6 6 305
6 7 640
7 1 50
7 2 105
7 3 50
7 4 105
7 5 45
7 6 55
7 7 115
8 1 282
8 2 592
8 3 281
8 4 589
8 5 252
8 6 309
8 7 647
9 1 129
9 2 271
9 3 129
9 4 270
9 5 116
9 6 141
9 7 297
10 1 175
10 2 367
10 3 174
10 4 365
10 5 157
10 6 192
10 7 401
11 1 97
11 2 204
11 3 97
11 4 203
11 5 87
11 6 106
11 7 223
12 1 132
12 2 277
12 3 132
12 4 276
12 5 118
12 6 145
12 7 303
13 1 107
13 2 225
13 3 107
13 4 224
13 5 96
13 6 117
13 7 246
14 1 132
14 2 277
14 3 132
14 4 276
14 5 118
14 6 145
14 7 303
15 1 69
15 2 145
15 3 69
15 4 145
15 5 62
15 6 76
15 7 159
16 1 169
16 2 355
16 3 168
16 4 353
16 5 151
16 6 185
16 7 388
17 1 73
17 2 154
17 3 73
17 4 154
17 5 66
17 6 80
17 7 169
18 1 231
18 2 485
18 3 230
18 4 482
18 5 207
18 6 253
18 7 530
19 1 120
19 2 252
19 3 120
19 4 251
19 5 108
19 6 132
19 7 276
20 1 186
20 2 390
20 3 185
20 4 388
20 5 167
20 6 204
20 7 427

# Energy Consumption
1 1 0
1 2 76
1 3 0
1 4 61
1 5 19
1 6 0
1 7 49
2 1 0
2 2 19
2 3 0
2 4 16
2 5 5
2 6 0
2 7 12
3 1 0
3 2 76
3 3 0
3 4 61
3 5 20
3 6 0
3 7 41
4 1 0
4 2 121
4 3 0
4 4 91
4 5 30
4 6 0
4 7 61
5 1 0
5 2 62
5 3 0
5 4 46
5 5 18
5 6 0
5 7 34
6 1 0
6 2 158
6 3 0
6 4 110
6 5 38
6 6 0
6 7 83
7 1 0
7 2 26
7 3 0
7 4 20
7 5 7
7 6 0
7 7 18
8 1 0
8 2 174
8 3 0
8 4 122
8 5 39
8 6 0
8 7 93
9 1 0
9 2 78
9 3 0
9 4 51
9 5 17
9 6 0
9 7 40
10 1 0
10 2 106
10 3 0
10 4 78
10 5 25
10 6 0
10 7 57
11 1 0
11 2 45
11 3 0
11 4 43
11 5 14
11 6 0
11 7 27
12 1 0
12 2 65
12 3 0
12 4 61
12 5 19
12 6 0
12 7 42
13 1 0
13 2 65
13 3 0
13 4 42
13 5 15
13 6 0
13 7 37
14 1 0
14 2 71
14 3 0
14 4 51
14 5 19
14 6 0
14 7 37
15 1 0
15 2 38
15 3 0
15 4 29
15 5 10
15 6 0
15 7 21
16 1 0
16 2 91
16 3 0
16 4 69
16 5 22
16 6 0
16 7 50
17 1 0
17 2 41
17 3 0
17 4 30
17 5 11
17 6 0
17 7 21
18 1 0
18 2 142
18 3 0
18 4 98
18 5 32
18 6 0
18 7 76
19 1 0
19 2 74
19 3 0
19 4 46
19 5 17
19 6 0
19 7 42
20 1 0
20 2 93
20 3 0
20 4 78
20 5 24
20 6 0
20 7 64

# Precedence Relations
1 6
2 7
4 8
5 9
6 10
7 11
8 12
10 13
11 13
12 14
12 15
13 16
13 17
13 18
14 20
15 19

# Parameters
R_e = 0.0500
T = 1000.0
C_s = 4.0
C_w = 36.0
C_c = 5.0
