# Tasks
1 2 3 4 5 6 7 8 9 10 11 12 13 14 15 16 17 18 19 20

# Workstations
1 2 3 4 5 6 7 8 9 10 11 12 13 14 15 16 17 18 19 20

# Modes
1 2 3 4 5 6 7

# Processing Times
1 1 165
1 2 156
1 3 150
1 4 142
1 5 59
1 6 178
1 7 168
2 1 79
2 2 75
2 3 72
2 4 69
2 5 29
2 6 85
2 7 81
3 1 84
3 2 79
3 3 77
3 4 72
3 5 30
3 6 91
3 7 85
4 1 234
4 2 220
4 3 213
4 4 200
4 5 84
4 6 252
4 7 237
5 1 79
5 2 75
5 3 72
5 4 69
5 5 29
5 6 85
5 7 81
6 1 241
6 2 227
6 3 219
6 4 207
6 5 86
6 6 260
6 7 244
7 1 74
7 2 70
7 3 68
7 4 64
7 5 27
7 6 80
7 7 76
8 1 96
8 2 91
8 3 88
8 4 83
8 5 35
8 6 104
8 7 98
9 1 44
9 2 42
9 3 40
9 4 39
9 5 16
9 6 48
9 7 46
10 1 225
10 2 212
10 3 205
10 4 193
10 5 81
10 6 242
10 7 228
11 1 77
11 2 73
11 3 70
11 4 67
11 5 28
11 6 83
11 7 79
12 1 124
12 2 117
12 3 113
12 4 107
12 5 45
12 6 134
12 7 126
13 1 119
13 2 112
13 3 109
13 4 102
13 5 43
13 6 128
13 7 121
14 1 160
14 2 151
14 3 146
14 4 138
14 5 57
14 6 172
14 7 163
15 1 41
15 2 39
15 3 38
15 4 36
15 5 15
15 6 45
15 7 42
16 1 204
16 2 192
16 3 186
16 4 175
16 5 73
16 6 220
16 7 207
17 1 319
17 2 300
17 3 290
17 4 273
17 5 114
17 6 343
17 7 323
18 1 248
18 2 233
18 3 226
18 4 212
18 5 89
18 6 267
18 7 251
19 1 127
19 2 120
19 3 116
19 4 109
19 5 46
19 6 137
19 7 129
20 1 84
20 2 79
20 3 77
20 4 72
20 5 30
20 6 91
20 7 85

# Energy Consumption
1 1 0
1 2 39
1 3 0
1 4 28
1 5 9
1 6 0
1 7 24
2 1 0
2 2 18
2 3 0
2 4 15
2 5 5
2 6 0
2 7 12
3 1 0
3 2 20
3 3 0
3 4 14
3 5 5
3 6 0
3 7 13
4 1 0
4 2 65
4 3 0
4 4 37
4 5 13
4 6 0
4 7 35
5 1 0
5 2 23
5 3 0
5 4 14
5 5 5
5 6 0
5 7 12
6 1 0
6 2 66
6 3 0
6 4 39
6 5 13
6 6 0
6 7 34
7 1 0
7 2 16
7 3 0
7 4 14
7 5 5
7 6 0
7 7 11
8 1 0
8 2 27
8 3 0
8 4 18
8 5 6
8 6 0
8 7 14
9 1 0
9 2 11
9 3 0
9 4 9
9 5 3
9 6 0
9 7 7
10 1 0
10 2 54
10 3 0
10 4 41
10 5 12
10 6 0
10 7 31
11 1 0
11 2 18
11 3 0
11 4 15
11 5 5
11 6 0
11 7 12
12 1 0
12 2 29
12 3 0
12 4 23
12 5 7
12 6 0
12 7 19
13 1 0
13 2 28
13 3 0
13 4 20
13 5 7
13 6 0
13 7 16
14 1 0
14 2 37
14 3 0
14 4 26
14 5 9
14 6 0
14 7 20
15 1 0
15 2 12
15 3 0
15 4 8
15 5 3
15 6 0
15 7 6
16 1 0
16 2 44
16 3 0
16 4 33
16 5 11
16 6 0
16 7 28
17 1 0
17 2 84
17 3 0
17 4 57
17 5 17
17 6 0
17 7 48
18 1 0
18 2 53
18 3 0
18 4 45
18 5 14
18 6 0
18 7 35
19 1 0
19 2 27
19 3 0
19 4 24
19 5 8
19 6 0
19 7 19
20 1 0
20 2 21
20 3 0
20 4 14
20 5 5
20 6 0
20 7 13

# Precedence Relations
1 11
2 7
3 6
3 7
4 5
4 6
5 11
7 8
7 9
7 10
8 11
9 11
10 12
10 13
11 14
11 15
11 16
11 17
15 19
15 20
16 18
17 19

# Parameters
R_e = 0.0500
T = 1000.0
C_s = 4.0
C_w = 36.0
C_c = 5.0
