# Tasks
1 2 3 4 5 6 7 8 9 10 11 12 13 14 15 16 17 18 19 20

# Workstations
1 2 3 4 5 6 7 8 9 10 11 12 13 14 15 16 17 18 19 20

# Modes
1 2 3 4 5 6 7

# Processing Times
1 1 464
1 2 973
1 3 462
1 4 967
1 5 415
1 6 507
1 7 1064
2 1 154
2 2 323
2 3 154
2 4 321
2 5 138
2 6 169
2 7 353
3 1 506
3 2 1061
3 3 503
3 4 1055
3 5 452
3 6 553
3 7 1160
4 1 476
4 2 998
4 3 473
4 4 992
4 5 425
4 6 521
4 7 1091
5 1 77
5 2 162
5 3 77
5 4 161
5 5 69
5 6 85
5 7 178
6 1 155
6 2 325
6 3 155
6 4 323
6 5 139
6 6 170
6 7 356
7 1 340
7 2 713
7 3 338
7 4 709
7 5 304
7 6 372
7 7 780
8 1 467
8 2 979
8 3 465
8 4 973
8 5 417
8 6 511
8 7 1070
9 1 94
9 2 198
9 3 94
9 4 197
9 5 84
9 6 103
9 7 217
10 1 65
10 2 137
10 3 65
10 4 137
10 5 59
10 6 72
10 7 150
11 1 192
11 2 403
11 3 191
11 4 401
11 5 172
11 6 210
11 7 441
12 1 127
12 2 267
12 3 127
12 4 266
12 5 114
12 6 139
12 7 292
13 1 204
13 2 428
13 3 203
13 4 426
13 5 183
13 6 223
13 7 468
14 1 108
14 2 227
14 3 108
14 4 226
14 5 97
14 6 119
14 7 249
15 1 481
15 2 1009
15 3 478
15 4 1003
15 5 430
15 6 526
15 7 1103
16 1 213
16 2 447
16 3 212
16 4 445
16 5 191
16 6 233
16 7 489
17 1 116
17 2 244
17 3 116
17 4 243
17 5 104
17 6 127
17 7 267
18 1 74
18 2 156
18 3 74
18 4 156
18 5 67
18 6 81
18 7 171
19 1 220
19 2 462
19 3 219
19 4 460
19 5 197
19 6 241
19 7 505
20 1 117
20 2 246
20 3 117
20 4 245
20 5 105
20 6 128
20 7 269

# Energy Consumption
1 1 0
1 2 247
1 3 0
1 4 198
1 5 62
1 6 0
1 7 158
2 1 0
2 2 82
2 3 0
2 4 69
2 5 22
2 6 0
2 7 50
3 1 0
3 2 273
3 3 0
3 4 220
3 5 72
3 6 0
3 7 146
4 1 0
4 2 268
4 3 0
4 4 201
4 5 65
4 6 0
4 7 135
5 1 0
5 2 40
5 3 0
5 4 30
5 5 12
5 6 0
5 7 22
6 1 0
6 2 88
6 3 0
6 4 61
6 5 21
6 6 0
6 7 46
7 1 0
7 2 177
7 3 0
7 4 130
7 5 47
7 6 0
7 7 117
8 1 0
8 2 287
8 3 0
8 4 202
8 5 64
8 6 0
8 7 153
9 1 0
9 2 57
9 3 0
9 4 37
9 5 13
9 6 0
9 7 29
10 1 0
10 2 40
10 3 0
10 4 30
10 5 10
10 6 0
10 7 22
11 1 0
11 2 89
11 3 0
11 4 85
11 5 28
11 6 0
11 7 54
12 1 0
12 2 63
12 3 0
12 4 59
12 5 19
12 6 0
12 7 40
13 1 0
13 2 123
13 3 0
13 4 79
13 5 29
13 6 0
13 7 70
14 1 0
14 2 59
14 3 0
14 4 42
14 5 16
14 6 0
14 7 31
15 1 0
15 2 261
15 3 0
15 4 196
15 5 67
15 6 0
15 7 140
16 1 0
16 2 114
16 3 0
16 4 87
16 5 28
16 6 0
16 7 63
17 1 0
17 2 65
17 3 0
17 4 47
17 5 17
17 6 0
17 7 33
18 1 0
18 2 46
18 3 0
18 4 32
18 5 11
18 6 0
18 7 25
19 1 0
19 2 135
19 3 0
19 4 84
19 5 30
19 6 0
19 7 76
20 1 0
20 2 59
20 3 0
20 4 49
20 5 15
20 6 0
20 7 41

# Precedence Relations
1 9
2 9
3 9
4 9
5 11
5 12
8 10
9 13
9 14
9 15
9 16
14 17
15 18
17 20
18 19

# Parameters
R_e = 0.0500
T = 1218.0
C_s = 4.0
C_w = 36.0
C_c = 5.0
