# Tasks
1 2 3 4 5 6 7 8 9 10 11 12 13 14 15 16 17 18 19 20

# Workstations
1 2 3 4 5 6 7 8 9 10 11 12 13 14 15 16 17 18 19 20

# Modes
1 2 3 4 5 6 7

# Processing Times
1 1 260
1 2 526
1 3 278
1 4 562
1 5 83
1 6 295
1 7 596
2 1 482
2 2 1009
2 3 513
2 4 1074
2 5 208
2 6 577
2 7 1208
3 1 250
3 2 468
3 3 274
3 4 513
3 5 110
3 6 285
3 7 533
4 1 119
4 2 266
4 3 127
4 4 283
4 5 48
4 6 138
4 7 308
5 1 324
5 2 684
5 3 355
5 4 750
5 5 136
5 6 393
5 7 829
6 1 357
6 2 874
6 3 385
6 4 941
6 5 111
6 6 407
6 7 997
7 1 292
7 2 727
7 3 312
7 4 777
7 5 104
7 6 350
7 7 870
8 1 323
8 2 748
8 3 346
8 4 802
8 5 144
8 6 362
8 7 837
9 1 119
9 2 290
9 3 129
9 4 314
9 5 45
9 6 139
9 7 337
10 1 179
10 2 414
10 3 189
10 4 435
10 5 71
10 6 224
10 7 517
11 1 166
11 2 309
11 3 180
11 4 334
11 5 62
11 6 207
11 7 386
12 1 62
12 2 142
12 3 68
12 4 155
12 5 23
12 6 76
12 7 174
13 1 298
13 2 575
13 3 324
13 4 625
13 5 109
13 6 352
13 7 678
14 1 311
14 2 610
14 3 335
14 4 657
14 5 97
14 6 376
14 7 737
15 1 539
15 2 1182
15 3 579
15 4 1268
15 5 223
15 6 653
15 7 1432
16 1 188
16 2 383
16 3 206
16 4 420
16 5 73
16 6 231
16 7 470
17 1 113
17 2 223
17 3 124
17 4 244
17 5 41
17 6 137
17 7 271
18 1 168
18 2 371
18 3 180
18 4 397
18 5 71
18 6 204
18 7 449
19 1 334
19 2 759
19 3 354
19 4 805
19 5 118
19 6 413
19 7 937
20 1 142
20 2 301
20 3 153
20 4 323
20 5 49
20 6 163
20 7 345

# Energy Consumption
1 1 0
1 2 131
1 3 0
1 4 123
1 5 13
1 6 0
1 7 87
2 1 0
2 2 253
2 3 0
2 4 232
2 5 33
2 6 0
2 7 167
3 1 0
3 2 106
3 3 0
3 4 99
3 5 17
3 6 0
3 7 66
4 1 0
4 2 76
4 3 0
4 4 62
4 5 8
4 6 0
4 7 40
5 1 0
5 2 176
5 3 0
5 4 158
5 5 21
5 6 0
5 7 111
6 1 0
6 2 199
6 3 0
6 4 176
6 5 17
6 6 0
6 7 138
7 1 0
7 2 211
7 3 0
7 4 156
7 5 15
7 6 0
7 7 122
8 1 0
8 2 196
8 3 0
8 4 158
8 5 21
8 6 0
8 7 118
9 1 0
9 2 80
9 3 0
9 4 68
9 5 7
9 6 0
9 7 51
10 1 0
10 2 107
10 3 0
10 4 89
10 5 11
10 6 0
10 7 68
11 1 0
11 2 71
11 3 0
11 4 61
11 5 10
11 6 0
11 7 58
12 1 0
12 2 34
12 3 0
12 4 30
12 5 4
12 6 0
12 7 24
13 1 0
13 2 149
13 3 0
13 4 126
13 5 16
13 6 0
13 7 88
14 1 0
14 2 181
14 3 0
14 4 131
14 5 14
14 6 0
14 7 107
15 1 0
15 2 346
15 3 0
15 4 265
15 5 36
15 6 0
15 7 177
16 1 0
16 2 93
16 3 0
16 4 89
16 5 11
16 6 0
16 7 59
17 1 0
17 2 62
17 3 0
17 4 49
17 5 6
17 6 0
17 7 38
18 1 0
18 2 92
18 3 0
18 4 78
18 5 12
18 6 0
18 7 64
19 1 0
19 2 193
19 3 0
19 4 164
19 5 19
19 6 0
19 7 129
20 1 0
20 2 85
20 3 0
20 4 63
20 5 8
20 6 0
20 7 49

# Precedence Relations
1 4
2 5
2 6
3 5
3 6
4 7
5 8
5 9
6 8
6 9
7 11
8 10
8 12
8 13
8 16
9 13
9 16
10 14
11 16
12 15
13 17
13 19
14 18
15 18
16 19
17 18
17 20

# Parameters
R_e = 0.0500
T = 1000.0
C_s = 4.0
C_w = 36.0
C_c = 5.0
