# Tasks
1 2 3 4 5 6 7 8 9 10 11 12 13 14 15 16 17 18 19 20 21 22 23 24 25 26 27 28 29 30 31 32 33 34 35 36 37 38 39 40 41 42 43 44 45 46 47 48 49 50

# Workstations
1 2 3 4 5 6 7 8 9 10 11 12 13 14 15 16 17 18 19 20 21 22 23 24 25 26 27 28 29 30 31 32 33 34 35 36 37 38 39 40 41 42 43 44 45 46 47 48 49 50

# Modes
1 2 3 4 5 6 7

# Processing Times
1 1 192
1 2 199
1 3 202
1 4 209
1 5 110
1 6 212
1 7 219
2 1 342
2 2 345
2 3 343
2 4 346
2 5 232
2 6 387
2 7 390
3 1 36
3 2 37
3 3 37
3 4 38
3 5 25
3 6 44
3 7 45
4 1 323
4 2 278
4 3 332
4 4 286
4 5 212
4 6 370
4 7 319
5 1 120
5 2 104
5 3 125
5 4 108
5 5 81
5 6 141
5 7 122
6 1 473
6 2 514
6 3 473
6 4 514
6 5 271
6 6 535
6 7 581
7 1 494
7 2 449
7 3 503
7 4 458
7 5 343
7 6 563
7 7 512
8 1 120
8 2 117
8 3 126
8 4 123
8 5 68
8 6 148
8 7 144
9 1 214
9 2 192
9 3 223
9 4 200
9 5 149
9 6 259
9 7 233
10 1 199
10 2 192
10 3 198
10 4 191
10 5 137
10 6 245
10 7 236
11 1 96
11 2 84
11 3 96
11 4 84
11 5 65
11 6 111
11 7 97
12 1 600
12 2 660
12 3 587
12 4 646
12 5 363
12 6 742
12 7 816
13 1 277
13 2 286
13 3 280
13 4 289
13 5 156
13 6 335
13 7 345
14 1 170
14 2 176
14 3 175
14 4 181
14 5 110
14 6 194
14 7 201
15 1 222
15 2 209
15 3 212
15 4 199
15 5 136
15 6 278
15 7 261
16 1 84
16 2 86
16 3 82
16 4 84
16 5 55
16 6 101
16 7 104
17 1 222
17 2 215
17 3 229
17 4 222
17 5 155
17 6 257
17 7 249
18 1 169
18 2 180
18 3 170
18 4 181
18 5 96
18 6 201
18 7 214
19 1 102
19 2 89
19 3 101
19 4 88
19 5 57
19 6 120
19 7 104
20 1 116
20 2 117
20 3 113
20 4 114
20 5 80
20 6 138
20 7 139
21 1 29
21 2 30
21 3 28
21 4 29
21 5 21
21 6 37
21 7 38
22 1 208
22 2 197
22 3 198
22 4 188
22 5 127
22 6 259
22 7 246
23 1 403
23 2 396
23 3 394
23 4 388
23 5 223
23 6 449
23 7 442
24 1 446
24 2 386
24 3 446
24 4 386
24 5 264
24 6 533
24 7 462
25 1 604
25 2 636
25 3 599
25 4 630
25 5 364
25 6 670
25 7 705
26 1 518
26 2 490
26 3 511
26 4 484
26 5 354
26 6 604
26 7 571
27 1 32
27 2 32
27 3 32
27 4 32
27 5 22
27 6 40
27 7 40
28 1 276
28 2 266
28 3 290
28 4 279
28 5 188
28 6 329
28 7 317
29 1 47
29 2 47
29 3 46
29 4 46
29 5 31
29 6 52
29 7 52
30 1 539
30 2 559
30 3 530
30 4 550
30 5 335
30 6 620
30 7 643
31 1 71
31 2 76
31 3 72
31 4 77
31 5 40
31 6 85
31 7 91
32 1 191
32 2 196
32 3 188
32 4 193
32 5 118
32 6 231
32 7 237
33 1 178
33 2 159
33 3 183
33 4 163
33 5 106
33 6 212
33 7 190
34 1 58
34 2 61
34 3 60
34 4 63
34 5 35
34 6 67
34 7 71
35 1 210
35 2 223
35 3 220
35 4 234
35 5 130
35 6 234
35 7 248
36 1 137
36 2 122
36 3 134
36 4 120
36 5 84
36 6 167
36 7 149
37 1 542
37 2 586
37 3 568
37 4 614
37 5 304
37 6 660
37 7 714
38 1 135
38 2 118
38 3 139
38 4 121
38 5 94
38 6 158
38 7 138
39 1 123
39 2 135
39 3 125
39 4 138
39 5 78
39 6 140
39 7 153
40 1 126
40 2 138
40 3 124
40 4 136
40 5 78
40 6 148
40 7 162
41 1 228
41 2 205
41 3 229
41 4 206
41 5 146
41 6 276
41 7 248
42 1 238
42 2 256
42 3 245
42 4 263
42 5 157
42 6 297
42 7 319
43 1 268
43 2 243
43 3 265
43 4 241
43 5 178
43 6 305
43 7 276
44 1 412
44 2 424
44 3 418
44 4 430
44 5 253
44 6 460
44 7 473
45 1 146
45 2 135
45 3 143
45 4 132
45 5 100
45 6 167
45 7 154
46 1 294
46 2 296
46 3 282
46 4 284
46 5 201
46 6 339
46 7 341
47 1 92
47 2 99
47 3 89
47 4 96
47 5 57
47 6 102
47 7 110
48 1 48
48 2 47
48 3 49
48 4 48
48 5 28
48 6 60
48 7 59
49 1 114
49 2 114
49 3 113
49 4 113
49 5 78
49 6 139
49 7 139
50 1 526
50 2 462
50 3 519
50 4 456
50 5 330
50 6 655
50 7 575

# Energy Consumption
1 1 0
1 2 53
1 3 0
1 4 41
1 5 18
1 6 0
1 7 27
2 1 0
2 2 84
2 3 0
2 4 76
2 5 35
2 6 0
2 7 49
3 1 0
3 2 10
3 3 0
3 4 8
3 5 4
3 6 0
3 7 7
4 1 0
4 2 82
4 3 0
4 4 55
4 5 32
4 6 0
4 7 45
5 1 0
5 2 25
5 3 0
5 4 22
5 5 13
5 6 0
5 7 16
6 1 0
6 2 124
6 3 0
6 4 103
6 5 42
6 6 0
6 7 73
7 1 0
7 2 100
7 3 0
7 4 86
7 5 51
7 6 0
7 7 65
8 1 0
8 2 35
8 3 0
8 4 26
8 5 11
8 6 0
8 7 22
9 1 0
9 2 52
9 3 0
9 4 44
9 5 24
9 6 0
9 7 32
10 1 0
10 2 54
10 3 0
10 4 39
10 5 21
10 6 0
10 7 31
11 1 0
11 2 22
11 3 0
11 4 16
11 5 10
11 6 0
11 7 14
12 1 0
12 2 174
12 3 0
12 4 133
12 5 58
12 6 0
12 7 106
13 1 0
13 2 82
13 3 0
13 4 62
13 5 23
13 6 0
13 7 46
14 1 0
14 2 52
14 3 0
14 4 36
14 5 17
14 6 0
14 7 30
15 1 0
15 2 63
15 3 0
15 4 38
15 5 21
15 6 0
15 7 38
16 1 0
16 2 22
16 3 0
16 4 18
16 5 9
16 6 0
16 7 15
17 1 0
17 2 57
17 3 0
17 4 46
17 5 23
17 6 0
17 7 33
18 1 0
18 2 49
18 3 0
18 4 36
18 5 16
18 6 0
18 7 31
19 1 0
19 2 21
19 3 0
19 4 18
19 5 9
19 6 0
19 7 15
20 1 0
20 2 32
20 3 0
20 4 24
20 5 13
20 6 0
20 7 18
21 1 0
21 2 9
21 3 0
21 4 6
21 5 4
21 6 0
21 7 6
22 1 0
22 2 54
22 3 0
22 4 38
22 5 20
22 6 0
22 7 36
23 1 0
23 2 104
23 3 0
23 4 74
23 5 36
23 6 0
23 7 58
24 1 0
24 2 102
24 3 0
24 4 84
24 5 41
24 6 0
24 7 62
25 1 0
25 2 168
25 3 0
25 4 118
25 5 53
25 6 0
25 7 89
26 1 0
26 2 147
26 3 0
26 4 94
26 5 52
26 6 0
26 7 79
27 1 0
27 2 9
27 3 0
27 4 6
27 5 4
27 6 0
27 7 5
28 1 0
28 2 77
28 3 0
28 4 57
28 5 29
28 6 0
28 7 47
29 1 0
29 2 13
29 3 0
29 4 10
29 5 5
29 6 0
29 7 8
30 1 0
30 2 161
30 3 0
30 4 106
30 5 54
30 6 0
30 7 89
31 1 0
31 2 18
31 3 0
31 4 16
31 5 6
31 6 0
31 7 14
32 1 0
32 2 50
32 3 0
32 4 37
32 5 19
32 6 0
32 7 31
33 1 0
33 2 42
33 3 0
33 4 34
33 5 17
33 6 0
33 7 24
34 1 0
34 2 14
34 3 0
34 4 14
34 5 6
34 6 0
34 7 10
35 1 0
35 2 51
35 3 0
35 4 44
35 5 20
35 6 0
35 7 31
36 1 0
36 2 28
36 3 0
36 4 23
36 5 13
36 6 0
36 7 22
37 1 0
37 2 152
37 3 0
37 4 127
37 5 45
37 6 0
37 7 86
38 1 0
38 2 32
38 3 0
38 4 26
38 5 14
38 6 0
38 7 17
39 1 0
39 2 36
39 3 0
39 4 27
39 5 12
39 6 0
39 7 21
40 1 0
40 2 32
40 3 0
40 4 26
40 5 13
40 6 0
40 7 22
41 1 0
41 2 52
41 3 0
41 4 46
41 5 23
41 6 0
41 7 32
42 1 0
42 2 64
42 3 0
42 4 50
42 5 23
42 6 0
42 7 46
43 1 0
43 2 59
43 3 0
43 4 51
43 5 28
43 6 0
43 7 39
44 1 0
44 2 105
44 3 0
44 4 80
44 5 37
44 6 0
44 7 62
45 1 0
45 2 41
45 3 0
45 4 29
45 5 15
45 6 0
45 7 22
46 1 0
46 2 70
46 3 0
46 4 54
46 5 32
46 6 0
46 7 43
47 1 0
47 2 24
47 3 0
47 4 19
47 5 9
47 6 0
47 7 15
48 1 0
48 2 13
48 3 0
48 4 11
48 5 5
48 6 0
48 7 9
49 1 0
49 2 31
49 3 0
49 4 23
49 5 13
49 6 0
49 7 20
50 1 0
50 2 135
50 3 0
50 4 88
50 5 49
50 6 0
50 7 74

# Precedence Relations
1 8
2 7
2 9
2 11
2 12
5 10
7 36
8 14
9 15
10 16
11 17
11 20
12 13
12 18
12 19
12 21
13 36
14 25
15 22
16 24
17 23
18 26
19 27
22 36
23 29
24 30
25 28
25 31
26 28
26 34
26 35
27 32
27 33
28 36
29 38
30 38
31 37
32 39
33 40
36 41
36 42
36 43
36 44
36 45
36 47
37 46
41 48
46 49
46 50

# Parameters
R_e = 0.0500
T = 1000.0
C_s = 4.0
C_w = 36.0
C_c = 5.0
