# Tasks
1 2 3 4 5 6 7 8 9 10 11 12 13 14 15 16 17 18 19 20

# Workstations
1 2 3 4 5 6 7 8 9 10 11 12 13 14 15 16 17 18 19 20

# Modes
1 2 3 4 5 6 7

# Processing Times
1 1 209
1 2 272
1 3 227
1 4 296
1 5 136
1 6 226
1 7 293
2 1 57
2 2 74
2 3 62
2 4 81
2 5 37
2 6 62
2 7 80
3 1 204
3 2 265
3 3 222
3 4 288
3 5 133
3 6 220
3 7 286
4 1 119
4 2 155
4 3 130
4 4 169
4 5 78
4 6 129
4 7 167
5 1 180
5 2 234
5 3 196
5 4 255
5 5 117
5 6 194
5 7 253
6 1 82
6 2 107
6 3 90
6 4 117
6 5 54
6 6 89
6 7 116
7 1 174
7 2 226
7 3 189
7 4 246
7 5 113
7 6 188
7 7 244
8 1 64
8 2 84
8 3 70
8 4 92
8 5 42
8 6 69
8 7 91
9 1 116
9 2 151
9 3 126
9 4 165
9 5 76
9 6 125
9 7 163
10 1 206
10 2 268
10 3 224
10 4 292
10 5 134
10 6 222
10 7 289
11 1 83
11 2 108
11 3 91
11 4 118
11 5 54
11 6 90
11 7 117
12 1 73
12 2 95
12 3 80
12 4 104
12 5 48
12 6 79
12 7 103
13 1 162
13 2 211
13 3 176
13 4 230
13 5 105
13 6 175
13 7 228
14 1 58
14 2 76
14 3 63
14 4 83
14 5 38
14 6 63
14 7 82
15 1 161
15 2 209
15 3 175
15 4 227
15 5 105
15 6 174
15 7 226
16 1 319
16 2 414
16 3 347
16 4 450
16 5 207
16 6 344
16 7 446
17 1 87
17 2 113
17 3 95
17 4 123
17 5 57
17 6 94
17 7 122
18 1 148
18 2 192
18 3 161
18 4 209
18 5 96
18 6 160
18 7 207
19 1 56
19 2 73
19 3 61
19 4 80
19 5 37
19 6 61
19 7 79
20 1 169
20 2 220
20 3 184
20 4 239
20 5 110
20 6 183
20 7 237

# Energy Consumption
1 1 0
1 2 66
1 3 0
1 4 61
1 5 22
1 6 0
1 7 42
2 1 0
2 2 19
2 3 0
2 4 17
2 5 6
2 6 0
2 7 12
3 1 0
3 2 74
3 3 0
3 4 57
3 5 21
3 6 0
3 7 39
4 1 0
4 2 39
4 3 0
4 4 38
4 5 11
4 6 0
4 7 24
5 1 0
5 2 57
5 3 0
5 4 54
5 5 19
5 6 0
5 7 35
6 1 0
6 2 24
6 3 0
6 4 25
6 5 9
6 6 0
6 7 16
7 1 0
7 2 51
7 3 0
7 4 54
7 5 17
7 6 0
7 7 35
8 1 0
8 2 22
8 3 0
8 4 20
8 5 7
8 6 0
8 7 13
9 1 0
9 2 41
9 3 0
9 4 36
9 5 13
9 6 0
9 7 25
10 1 0
10 2 77
10 3 0
10 4 61
10 5 21
10 6 0
10 7 41
11 1 0
11 2 24
11 3 0
11 4 22
11 5 9
11 6 0
11 7 17
12 1 0
12 2 25
12 3 0
12 4 23
12 5 7
12 6 0
12 7 15
13 1 0
13 2 51
13 3 0
13 4 46
13 5 16
13 6 0
13 7 32
14 1 0
14 2 23
14 3 0
14 4 17
14 5 6
14 6 0
14 7 11
15 1 0
15 2 54
15 3 0
15 4 42
15 5 16
15 6 0
15 7 28
16 1 0
16 2 117
16 3 0
16 4 96
16 5 32
16 6 0
16 7 57
17 1 0
17 2 31
17 3 0
17 4 27
17 5 9
17 6 0
17 7 16
18 1 0
18 2 47
18 3 0
18 4 42
18 5 15
18 6 0
18 7 26
19 1 0
19 2 21
19 3 0
19 4 17
19 5 6
19 6 0
19 7 12
20 1 0
20 2 57
20 3 0
20 4 53
20 5 17
20 6 0
20 7 30

# Precedence Relations
1 7
2 7
3 4
3 5
3 6
4 7
5 7
6 8
6 9
6 10
6 16
6 18
7 11
7 12
7 13
7 14
8 15
8 19
9 17
10 17
11 17
12 16
12 18
14 19
16 20
17 19
17 20
18 19

# Parameters
R_e = 0.0500
T = 1000.0
C_s = 4.0
C_w = 36.0
C_c = 5.0
