# Tasks
1 2 3 4 5 6 7 8 9 10 11 12 13 14 15 16 17 18 19 20 21 22 23 24 25 26 27 28 29 30 31 32 33 34 35 36 37 38 39 40 41 42 43 44 45 46 47 48 49 50 51 52 53

# Workstations
1 2 3 4 5 6 7 8 9 10 11 12 13 14 15 16 17 18 19 20 21 22 23 24 25 26 27 28 29 30 31 32 33 34 35 36 37 38 39 40 41 42 43 44 45 46 47 48 49 50 51 52 53

# Modes
1 2 3 4 5 6 7

# Processing Times
1 1 971
1 2 1497
1 3 910
1 4 1403
1 5 910
1 6 1124
1 7 1733
2 1 142
2 2 194
2 3 132
2 4 180
2 5 123
2 6 171
2 7 234
3 1 142
3 2 184
3 3 123
3 4 159
3 5 116
3 6 157
3 7 204
4 1 142
4 2 218
4 3 128
4 4 196
4 5 128
4 6 161
4 7 247
5 1 103
5 2 127
5 3 95
5 4 117
5 5 88
5 6 125
5 7 154
6 1 96
6 2 128
6 3 88
6 4 117
6 5 83
6 6 114
6 7 152
7 1 99
7 2 123
7 3 94
7 4 117
7 5 80
7 6 111
7 7 138
8 1 1207
8 2 1759
8 3 1046
8 4 1524
8 5 1038
8 6 1339
8 7 1951
9 1 160
9 2 205
9 3 139
9 4 178
9 5 129
9 6 193
9 7 248
10 1 180
10 2 284
10 3 168
10 4 265
10 5 149
10 6 210
10 7 331
11 1 82
11 2 107
11 3 77
11 4 100
11 5 73
11 6 102
11 7 133
12 1 60
12 2 90
12 3 57
12 4 86
12 5 57
12 6 68
12 7 102
13 1 112
13 2 171
13 3 103
13 4 157
13 5 91
13 6 139
13 7 212
14 1 420
14 2 603
14 3 360
14 4 516
14 5 340
14 6 473
14 7 680
15 1 1556
15 2 2298
15 3 1392
15 4 2056
15 5 1397
15 6 1945
15 7 2873
16 1 236
16 2 336
16 3 215
16 4 306
16 5 211
16 6 293
16 7 418
17 1 259
17 2 313
17 3 232
17 4 281
17 5 241
17 6 323
17 7 390
18 1 125
18 2 194
18 3 115
18 4 178
18 5 117
18 6 145
18 7 225
19 1 601
19 2 856
19 3 550
19 4 783
19 5 529
19 6 713
19 7 1015
20 1 80
20 2 110
20 3 73
20 4 100
20 5 67
20 6 92
20 7 126
21 1 80
21 2 97
21 3 75
21 4 91
21 5 66
21 6 97
21 7 117
22 1 70
22 2 85
22 3 62
22 4 76
22 5 66
22 6 87
22 7 105
23 1 89
23 2 115
23 3 85
23 4 109
23 5 72
23 6 106
23 7 136
24 1 89
24 2 120
24 3 79
24 4 107
24 5 77
24 6 99
24 7 134
25 1 105
25 2 136
25 3 90
25 4 116
25 5 100
25 6 126
25 7 163
26 1 330
26 2 406
26 3 284
26 4 349
26 5 273
26 6 390
26 7 480
27 1 132
27 2 201
27 3 124
27 4 189
27 5 115
27 6 149
27 7 227
28 1 69
28 2 88
28 3 65
28 4 82
28 5 56
28 6 84
28 7 107
29 1 99
29 2 147
29 3 89
29 4 131
29 5 92
29 6 124
29 7 184
30 1 70
30 2 90
30 3 61
30 4 78
30 5 60
30 6 78
30 7 100
31 1 70
31 2 109
31 3 67
31 4 104
31 5 57
31 6 78
31 7 122
32 1 158
32 2 200
32 3 151
32 4 190
32 5 135
32 6 181
32 7 229
33 1 191
33 2 252
33 3 170
33 4 225
33 5 158
33 6 216
33 7 285
34 1 70
34 2 97
34 3 66
34 4 91
34 5 64
34 6 82
34 7 113
35 1 53
35 2 85
35 3 50
35 4 79
35 5 51
35 6 65
35 7 104
36 1 50
36 2 64
36 3 46
36 4 59
36 5 48
36 6 56
36 7 71
37 1 125
37 2 198
37 3 118
37 4 187
37 5 102
37 6 151
37 7 240
38 1 353
38 2 463
38 3 313
38 4 410
38 5 325
38 6 400
38 7 524
39 1 70
39 2 103
39 3 66
39 4 97
39 5 63
39 6 86
39 7 126
40 1 128
40 2 167
40 3 113
40 4 147
40 5 110
40 6 144
40 7 188
41 1 65
41 2 89
41 3 61
41 4 84
41 5 60
41 6 73
41 7 100
42 1 1775
42 2 2473
42 3 1658
42 4 2310
42 5 1685
42 6 2149
42 7 2994
43 1 91
43 2 133
43 3 82
43 4 120
43 5 80
43 6 109
43 7 159
44 1 91
44 2 132
44 3 82
44 4 119
44 5 74
44 6 102
44 7 148
45 1 113
45 2 181
45 3 97
45 4 155
45 5 102
45 6 135
45 7 215
46 1 487
46 2 721
46 3 461
46 4 682
46 5 443
46 6 591
46 7 875
47 1 138
47 2 200
47 3 119
47 4 172
47 5 120
47 6 169
47 7 245
48 1 80
48 2 110
48 3 71
48 4 98
48 5 76
48 6 92
48 7 127
49 1 80
49 2 128
49 3 70
49 4 111
49 5 75
49 6 98
49 7 157
50 1 65
50 2 93
50 3 56
50 4 80
50 5 61
50 6 72
50 7 103
51 1 40
51 2 62
51 3 37
51 4 58
51 5 37
51 6 49
51 7 75
52 1 742
52 2 984
52 3 677
52 4 897
52 5 681
52 6 858
52 7 1137
53 1 1085
53 2 1622
53 3 950
53 4 1420
53 5 939
53 6 1196
53 7 1788

# Energy Consumption
1 1 0
1 2 350
1 3 0
1 4 303
1 5 138
1 6 0
1 7 239
2 1 0
2 2 48
2 3 0
2 4 38
2 5 19
2 6 0
2 7 34
3 1 0
3 2 53
3 3 0
3 4 29
3 5 17
3 6 0
3 7 28
4 1 0
4 2 62
4 3 0
4 4 42
4 5 20
4 6 0
4 7 35
5 1 0
5 2 33
5 3 0
5 4 23
5 5 13
5 6 0
5 7 23
6 1 0
6 2 31
6 3 0
6 4 24
6 5 13
6 6 0
6 7 23
7 1 0
7 2 31
7 3 0
7 4 24
7 5 13
7 6 0
7 7 20
8 1 0
8 2 414
8 3 0
8 4 317
8 5 150
8 6 0
8 7 290
9 1 0
9 2 57
9 3 0
9 4 39
9 5 19
9 6 0
9 7 36
10 1 0
10 2 74
10 3 0
10 4 58
10 5 23
10 6 0
10 7 50
11 1 0
11 2 32
11 3 0
11 4 20
11 5 12
11 6 0
11 7 17
12 1 0
12 2 23
12 3 0
12 4 19
12 5 9
12 6 0
12 7 15
13 1 0
13 2 47
13 3 0
13 4 34
13 5 13
13 6 0
13 7 29
14 1 0
14 2 137
14 3 0
14 4 111
14 5 49
14 6 0
14 7 88
15 1 0
15 2 546
15 3 0
15 4 429
15 5 211
15 6 0
15 7 413
16 1 0
16 2 75
16 3 0
16 4 68
16 5 33
16 6 0
16 7 52
17 1 0
17 2 90
17 3 0
17 4 52
17 5 37
17 6 0
17 7 54
18 1 0
18 2 57
18 3 0
18 4 34
18 5 18
18 6 0
18 7 33
19 1 0
19 2 201
19 3 0
19 4 142
19 5 76
19 6 0
19 7 130
20 1 0
20 2 27
20 3 0
20 4 21
20 5 11
20 6 0
20 7 19
21 1 0
21 2 24
21 3 0
21 4 17
21 5 11
21 6 0
21 7 15
22 1 0
22 2 24
22 3 0
22 4 17
22 5 10
22 6 0
22 7 16
23 1 0
23 2 34
23 3 0
23 4 22
23 5 12
23 6 0
23 7 19
24 1 0
24 2 33
24 3 0
24 4 23
24 5 12
24 6 0
24 7 19
25 1 0
25 2 31
25 3 0
25 4 23
25 5 16
25 6 0
25 7 21
26 1 0
26 2 102
26 3 0
26 4 71
26 5 40
26 6 0
26 7 67
27 1 0
27 2 59
27 3 0
27 4 41
27 5 18
27 6 0
27 7 34
28 1 0
28 2 24
28 3 0
28 4 17
28 5 9
28 6 0
28 7 16
29 1 0
29 2 40
29 3 0
29 4 29
29 5 14
29 6 0
29 7 27
30 1 0
30 2 23
30 3 0
30 4 16
30 5 10
30 6 0
30 7 14
31 1 0
31 2 31
31 3 0
31 4 21
31 5 9
31 6 0
31 7 18
32 1 0
32 2 48
32 3 0
32 4 41
32 5 20
32 6 0
32 7 33
33 1 0
33 2 67
33 3 0
33 4 44
33 5 25
33 6 0
33 7 36
34 1 0
34 2 29
34 3 0
34 4 18
34 5 10
34 6 0
34 7 16
35 1 0
35 2 23
35 3 0
35 4 16
35 5 8
35 6 0
35 7 13
36 1 0
36 2 16
36 3 0
36 4 12
36 5 8
36 6 0
36 7 11
37 1 0
37 2 50
37 3 0
37 4 41
37 5 15
37 6 0
37 7 35
38 1 0
38 2 132
38 3 0
38 4 85
38 5 47
38 6 0
38 7 66
39 1 0
39 2 27
39 3 0
39 4 19
39 5 10
39 6 0
39 7 18
40 1 0
40 2 48
40 3 0
40 4 29
40 5 18
40 6 0
40 7 28
41 1 0
41 2 23
41 3 0
41 4 19
41 5 10
41 6 0
41 7 15
42 1 0
42 2 570
42 3 0
42 4 430
42 5 270
42 6 0
42 7 448
43 1 0
43 2 40
43 3 0
43 4 23
43 5 12
43 6 0
43 7 24
44 1 0
44 2 34
44 3 0
44 4 23
44 5 11
44 6 0
44 7 21
45 1 0
45 2 42
45 3 0
45 4 31
45 5 17
45 6 0
45 7 27
46 1 0
46 2 169
46 3 0
46 4 143
46 5 68
46 6 0
46 7 129
47 1 0
47 2 48
47 3 0
47 4 38
47 5 18
47 6 0
47 7 32
48 1 0
48 2 32
48 3 0
48 4 20
48 5 12
48 6 0
48 7 17
49 1 0
49 2 38
49 3 0
49 4 22
49 5 11
49 6 0
49 7 23
50 1 0
50 2 23
50 3 0
50 4 16
50 5 10
50 6 0
50 7 14
51 1 0
51 2 19
51 3 0
51 4 13
51 5 6
51 6 0
51 7 10
52 1 0
52 2 281
52 3 0
52 4 183
52 5 109
52 6 0
52 7 143
53 1 0
53 2 377
53 3 0
53 4 260
53 5 135
53 6 0
53 7 237

# Precedence Relations
1 2
1 3
1 4
1 5
1 6
1 7
2 36
3 36
4 9
5 9
6 9
7 9
8 9
9 10
10 11
11 12
12 13
12 14
12 15
13 16
13 17
13 18
14 22
15 16
15 17
16 29
16 30
16 31
17 19
18 42
19 20
19 21
19 22
20 23
21 24
22 25
23 36
24 36
25 26
26 27
27 28
28 29
28 30
28 31
28 32
28 33
28 34
29 35
30 35
31 35
32 35
33 35
34 35
35 36
36 37
37 38
37 39
37 40
38 41
39 41
40 41
41 42
42 43
42 44
42 45
42 46
42 47
43 48
44 49
45 51
45 52
46 50
47 51
47 52
48 51
48 52
49 51
49 52
50 51
50 52
51 53
52 53

# Parameters
R_e = 0.0500
T = 2806.0
C_s = 4.0
C_w = 36.0
C_c = 5.0
