# Tasks
1 2 3 4 5 6 7 8 9 10 11 12 13 14 15 16 17 18 19 20 21 22 23 24 25 26 27 28

# Workstations
1 2 3 4 5 6 7 8 9 10 11 12 13 14 15 16 17 18 19 20 21 22 23 24 25 26 27 28

# Modes
1 2 3 4 5 6 7

# Processing Times
1 1 70
1 2 142
1 3 77
1 4 156
1 5 27
1 6 87
1 7 176
2 1 59
2 2 124
2 3 64
2 4 133
2 5 24
2 6 71
2 7 150
3 1 33
3 2 62
3 3 35
3 4 66
3 5 13
3 6 41
3 7 76
4 1 6
4 2 14
4 3 7
4 4 16
4 5 3
4 6 7
4 7 16
5 1 1
5 2 3
5 3 2
5 4 4
5 5 1
5 6 2
5 7 4
6 1 27
6 2 67
6 3 30
6 4 73
6 5 9
6 6 33
6 7 81
7 1 17
7 2 43
7 3 19
7 4 46
7 5 8
7 6 22
7 7 54
8 1 62
8 2 144
8 3 67
8 4 154
8 5 24
8 6 71
8 7 164
9 1 31
9 2 76
9 3 34
9 4 83
9 5 12
9 6 36
9 7 88
10 1 53
10 2 123
10 3 57
10 4 131
10 5 23
10 6 63
10 7 146
11 1 21
11 2 40
11 3 23
11 4 44
11 5 8
11 6 24
11 7 45
12 1 19
12 2 44
12 3 21
12 4 47
12 5 7
12 6 24
12 7 55
13 1 108
13 2 209
13 3 116
13 4 224
13 5 38
13 6 135
13 7 261
14 1 52
14 2 102
14 3 58
14 4 113
14 5 18
14 6 59
14 7 115
15 1 5
15 2 11
15 3 6
15 4 13
15 5 3
15 6 7
15 7 14
16 1 8
16 2 17
16 3 9
16 4 19
16 5 3
16 6 10
16 7 20
17 1 97
17 2 191
17 3 105
17 4 206
17 5 43
17 6 114
17 7 223
18 1 8
18 2 18
18 3 9
18 4 20
18 5 4
18 6 10
18 7 22
19 1 47
19 2 107
19 3 52
19 4 117
19 5 17
19 6 57
19 7 129
20 1 67
20 2 142
20 3 74
20 4 156
20 5 25
20 6 75
20 7 159
21 1 17
21 2 33
21 3 19
21 4 36
21 5 7
21 6 20
21 7 38
22 1 8
22 2 20
22 3 9
22 4 22
22 5 3
22 6 10
22 7 24
23 1 3
23 2 8
23 3 4
23 4 9
23 5 2
23 6 4
23 7 10
24 1 21
24 2 48
24 3 23
24 4 52
24 5 9
24 6 27
24 7 60
25 1 107
25 2 253
25 3 117
25 4 276
25 5 44
25 6 121
25 7 284
26 1 3
26 2 6
26 3 4
26 4 7
26 5 2
26 6 4
26 7 8
27 1 2
27 2 5
27 3 3
27 4 6
27 5 1
27 6 3
27 7 6
28 1 72
28 2 178
28 3 78
28 4 193
28 5 32
28 6 90
28 7 223

# Energy Consumption
1 1 0
1 2 36
1 3 0
1 4 35
1 5 4
1 6 0
1 7 26
2 1 0
2 2 31
2 3 0
2 4 29
2 5 4
2 6 0
2 7 21
3 1 0
3 2 14
3 3 0
3 4 13
3 5 2
3 6 0
3 7 10
4 1 0
4 2 4
4 3 0
4 4 4
4 5 1
4 6 0
4 7 3
5 1 0
5 2 1
5 3 0
5 4 1
5 5 1
5 6 0
5 7 1
6 1 0
6 2 16
6 3 0
6 4 14
6 5 2
6 6 0
6 7 12
7 1 0
7 2 13
7 3 0
7 4 10
7 5 2
7 6 0
7 7 8
8 1 0
8 2 38
8 3 0
8 4 31
8 5 4
8 6 0
8 7 24
9 1 0
9 2 21
9 3 0
9 4 18
9 5 2
9 6 0
9 7 14
10 1 0
10 2 32
10 3 0
10 4 27
10 5 4
10 6 0
10 7 20
11 1 0
11 2 10
11 3 0
11 4 8
11 5 2
11 6 0
11 7 7
12 1 0
12 2 11
12 3 0
12 4 9
12 5 2
12 6 0
12 7 8
13 1 0
13 2 54
13 3 0
13 4 45
13 5 6
13 6 0
13 7 34
14 1 0
14 2 31
14 3 0
14 4 23
14 5 3
14 6 0
14 7 17
15 1 0
15 2 4
15 3 0
15 4 3
15 5 1
15 6 0
15 7 2
16 1 0
16 2 5
16 3 0
16 4 5
16 5 1
16 6 0
16 7 3
17 1 0
17 2 53
17 3 0
17 4 42
17 5 7
17 6 0
17 7 31
18 1 0
18 2 5
18 3 0
18 4 4
18 5 1
18 6 0
18 7 4
19 1 0
19 2 28
19 3 0
19 4 24
19 5 3
19 6 0
19 7 18
20 1 0
20 2 40
20 3 0
20 4 31
20 5 4
20 6 0
20 7 23
21 1 0
21 2 10
21 3 0
21 4 8
21 5 2
21 6 0
21 7 5
22 1 0
22 2 6
22 3 0
22 4 4
22 5 1
22 6 0
22 7 4
23 1 0
23 2 3
23 3 0
23 4 2
23 5 1
23 6 0
23 7 2
24 1 0
24 2 12
24 3 0
24 4 11
24 5 2
24 6 0
24 7 8
25 1 0
25 2 69
25 3 0
25 4 55
25 5 7
25 6 0
25 7 38
26 1 0
26 2 2
26 3 0
26 4 2
26 5 1
26 6 0
26 7 2
27 1 0
27 2 2
27 3 0
27 4 2
27 5 1
27 6 0
27 7 1
28 1 0
28 2 52
28 3 0
28 4 42
28 5 6
28 6 0
28 7 30

# Precedence Relations
1 3
1 4
1 5
1 8
1 19
1 21
1 22
1 23
1 24
1 26
2 6
2 17
3 28
4 28
5 28
6 7
7 18
8 9
9 10
10 11
10 12
11 15
12 13
13 14
13 16
14 28
15 28
16 28
17 28
18 28
19 20
20 28
21 28
22 28
23 28
24 25
25 28
26 27
27 28

# Parameters
R_e = 0.0500
T = 236.0
C_s = 4.0
C_w = 36.0
C_c = 5.0
