# Tasks
1 2 3 4 5 6 7 8 9 10 11 12 13 14 15 16 17 18 19 20

# Workstations
1 2 3 4 5 6 7 8 9 10 11 12 13 14 15 16 17 18 19 20

# Modes
1 2 3 4 5 6 7

# Processing Times
1 1 165
1 2 251
1 3 167
1 4 254
1 5 72
1 6 222
1 7 337
2 1 79
2 2 103
2 3 82
2 4 106
2 5 31
2 6 100
2 7 130
3 1 84
3 2 129
3 3 84
3 4 129
3 5 30
3 6 115
3 7 176
4 1 234
4 2 328
4 3 232
4 4 325
4 5 101
4 6 329
4 7 461
5 1 79
5 2 116
5 3 79
5 4 116
5 5 28
5 6 114
5 7 167
6 1 241
6 2 302
6 3 231
6 4 290
6 5 76
6 6 321
6 7 402
7 1 74
7 2 92
7 3 73
7 4 91
7 5 24
7 6 102
7 7 127
8 1 96
8 2 128
8 3 97
8 4 129
8 5 42
8 6 135
8 7 180
9 1 44
9 2 69
9 3 43
9 4 67
9 5 19
9 6 62
9 7 97
10 1 225
10 2 299
10 3 226
10 4 300
10 5 85
10 6 314
10 7 417
11 1 77
11 2 112
11 3 78
11 4 114
11 5 32
11 6 104
11 7 151
12 1 124
12 2 179
12 3 129
12 4 186
12 5 42
12 6 175
12 7 252
13 1 119
13 2 176
13 3 122
13 4 180
13 5 41
13 6 154
13 7 227
14 1 160
14 2 253
14 3 161
14 4 254
14 5 66
14 6 224
14 7 353
15 1 41
15 2 62
15 3 43
15 4 65
15 5 13
15 6 58
15 7 87
16 1 204
16 2 309
16 3 205
16 4 310
16 5 70
16 6 274
16 7 415
17 1 319
17 2 501
17 3 322
17 4 506
17 5 120
17 6 447
17 7 701
18 1 248
18 2 340
18 3 253
18 4 347
18 5 100
18 6 333
18 7 457
19 1 127
19 2 193
19 3 126
19 4 191
19 5 43
19 6 171
19 7 260
20 1 84
20 2 120
20 3 83
20 4 119
20 5 32
20 6 118
20 7 168

# Energy Consumption
1 1 0
1 2 58
1 3 0
1 4 51
1 5 11
1 6 0
1 7 48
2 1 0
2 2 23
2 3 0
2 4 22
2 5 5
2 6 0
2 7 17
3 1 0
3 2 38
3 3 0
3 4 25
3 5 5
3 6 0
3 7 22
4 1 0
4 2 77
4 3 0
4 4 70
4 5 15
4 6 0
4 7 64
5 1 0
5 2 32
5 3 0
5 4 22
5 5 5
5 6 0
5 7 23
6 1 0
6 2 83
6 3 0
6 4 62
6 5 12
6 6 0
6 7 54
7 1 0
7 2 25
7 3 0
7 4 20
7 5 4
7 6 0
7 7 17
8 1 0
8 2 36
8 3 0
8 4 28
8 5 7
8 6 0
8 7 23
9 1 0
9 2 17
9 3 0
9 4 13
9 5 3
9 6 0
9 7 13
10 1 0
10 2 75
10 3 0
10 4 58
10 5 13
10 6 0
10 7 59
11 1 0
11 2 33
11 3 0
11 4 21
11 5 5
11 6 0
11 7 21
12 1 0
12 2 45
12 3 0
12 4 39
12 5 7
12 6 0
12 7 31
13 1 0
13 2 45
13 3 0
13 4 38
13 5 7
13 6 0
13 7 31
14 1 0
14 2 60
14 3 0
14 4 49
14 5 10
14 6 0
14 7 53
15 1 0
15 2 17
15 3 0
15 4 13
15 5 2
15 6 0
15 7 13
16 1 0
16 2 70
16 3 0
16 4 60
16 5 11
16 6 0
16 7 51
17 1 0
17 2 148
17 3 0
17 4 96
17 5 18
17 6 0
17 7 102
18 1 0
18 2 82
18 3 0
18 4 76
18 5 16
18 6 0
18 7 58
19 1 0
19 2 55
19 3 0
19 4 38
19 5 7
19 6 0
19 7 38
20 1 0
20 2 36
20 3 0
20 4 25
20 5 6
20 6 0
20 7 21

# Precedence Relations
1 11
2 7
3 6
3 7
4 5
4 6
5 11
7 8
7 9
7 10
8 11
9 11
10 12
10 13
11 14
11 15
11 16
11 17
15 19
15 20
16 18
17 19

# Parameters
R_e = 0.0500
T = 1000.0
C_s = 4.0
C_w = 36.0
C_c = 5.0
