# Tasks
1 2 3 4 5 6 7 8 9 10 11 12 13 14 15 16 17 18 19 20

# Workstations
1 2 3 4 5 6 7 8 9 10 11 12 13 14 15 16 17 18 19 20

# Modes
1 2 3 4 5 6 7

# Processing Times
1 1 210
1 2 291
1 3 224
1 4 310
1 5 132
1 6 222
1 7 307
2 1 169
2 2 255
2 3 178
2 4 269
2 5 101
2 6 180
2 7 272
3 1 191
3 2 234
3 3 208
3 4 254
3 5 128
3 6 201
3 7 246
4 1 141
4 2 201
4 3 151
4 4 215
4 5 94
4 6 154
4 7 219
5 1 66
5 2 92
5 3 71
5 4 99
5 5 39
5 6 69
5 7 96
6 1 117
6 2 178
6 3 127
6 4 194
6 5 74
6 6 124
6 7 189
7 1 232
7 2 353
7 3 254
7 4 387
7 5 138
7 6 249
7 7 378
8 1 39
8 2 61
8 3 43
8 4 67
8 5 27
8 6 43
8 7 67
9 1 164
9 2 216
9 3 181
9 4 238
9 5 95
9 6 166
9 7 218
10 1 167
10 2 250
10 3 180
10 4 269
10 5 105
10 6 169
10 7 253
11 1 120
11 2 185
11 3 132
11 4 203
11 5 73
11 6 130
11 7 199
12 1 33
12 2 48
12 3 35
12 4 51
12 5 21
12 6 35
12 7 50
13 1 35
13 2 52
13 3 38
13 4 57
13 5 22
13 6 38
13 7 57
14 1 255
14 2 339
14 3 273
14 4 362
14 5 166
14 6 264
14 7 351
15 1 134
15 2 175
15 3 147
15 4 192
15 5 79
15 6 135
15 7 176
16 1 275
16 2 341
16 3 298
16 4 370
16 5 183
16 6 291
16 7 361
17 1 22
17 2 32
17 3 24
17 4 34
17 5 16
17 6 23
17 7 33
18 1 110
18 2 159
18 3 118
18 4 170
18 5 63
18 6 121
18 7 175
19 1 218
19 2 305
19 3 237
19 4 332
19 5 135
19 6 233
19 7 325
20 1 94
20 2 123
20 3 101
20 4 132
20 5 55
20 6 101
20 7 132

# Energy Consumption
1 1 0
1 2 70
1 3 0
1 4 64
1 5 21
1 6 0
1 7 44
2 1 0
2 2 65
2 3 0
2 4 54
2 5 16
2 6 0
2 7 39
3 1 0
3 2 66
3 3 0
3 4 50
3 5 21
3 6 0
3 7 34
4 1 0
4 2 51
4 3 0
4 4 48
4 5 14
4 6 0
4 7 32
5 1 0
5 2 23
5 3 0
5 4 21
5 5 7
5 6 0
5 7 14
6 1 0
6 2 40
6 3 0
6 4 42
6 5 12
6 6 0
6 7 26
7 1 0
7 2 79
7 3 0
7 4 84
7 5 20
7 6 0
7 7 54
8 1 0
8 2 16
8 3 0
8 4 15
8 5 4
8 6 0
8 7 10
9 1 0
9 2 58
9 3 0
9 4 51
9 5 16
9 6 0
9 7 33
10 1 0
10 2 72
10 3 0
10 4 56
10 5 16
10 6 0
10 7 36
11 1 0
11 2 42
11 3 0
11 4 38
11 5 12
11 6 0
11 7 29
12 1 0
12 2 13
12 3 0
12 4 12
12 5 3
12 6 0
12 7 7
13 1 0
13 2 13
13 3 0
13 4 12
13 5 4
13 6 0
13 7 8
14 1 0
14 2 101
14 3 0
14 4 74
14 5 26
14 6 0
14 7 47
15 1 0
15 2 45
15 3 0
15 4 36
15 5 13
15 6 0
15 7 22
16 1 0
16 2 97
16 3 0
16 4 79
16 5 28
16 6 0
16 7 47
17 1 0
17 2 9
17 3 0
17 4 8
17 5 3
17 6 0
17 7 5
18 1 0
18 2 39
18 3 0
18 4 34
18 5 10
18 6 0
18 7 22
19 1 0
19 2 84
19 3 0
19 4 68
19 5 21
19 6 0
19 7 49
20 1 0
20 2 32
20 3 0
20 4 29
20 5 9
20 6 0
20 7 17

# Precedence Relations
1 9
2 3
2 4
2 5
3 9
4 7
4 8
5 6
6 9
7 9
8 10
8 11
8 12
9 13
9 14
9 15
9 16
9 17
13 20
14 18
15 19
16 18
16 19
17 19

# Parameters
R_e = 0.0500
T = 1000.0
C_s = 4.0
C_w = 36.0
C_c = 5.0
