# Tasks
1 2 3 4 5 6 7 8 9 10 11 12 13 14 15 16 17 18 19 20

# Workstations
1 2 3 4 5 6 7 8 9 10 11 12 13 14 15 16 17 18 19 20

# Modes
1 2 3 4 5 6 7

# Processing Times
1 1 210
1 2 522
1 3 181
1 4 449
1 5 136
1 6 303
1 7 752
2 1 169
2 2 408
2 3 145
2 4 349
2 5 114
2 6 243
2 7 585
3 1 191
3 2 446
3 3 173
3 4 404
3 5 121
3 6 250
3 7 582
4 1 141
4 2 315
4 3 132
4 4 295
4 5 99
4 6 203
4 7 454
5 1 66
5 2 131
5 3 60
5 4 119
5 5 37
5 6 91
5 7 180
6 1 117
6 2 257
6 3 107
6 4 234
6 5 75
6 6 166
6 7 364
7 1 232
7 2 519
7 3 210
7 4 468
7 5 150
7 6 300
7 7 669
8 1 39
8 2 75
8 3 38
8 4 72
8 5 25
8 6 52
8 7 100
9 1 164
9 2 305
9 3 155
9 4 289
9 5 104
9 6 210
9 7 391
10 1 167
10 2 334
10 3 152
10 4 303
10 5 105
10 6 232
10 7 463
11 1 120
11 2 254
11 3 113
11 4 239
11 5 72
11 6 170
11 7 360
12 1 33
12 2 61
12 3 32
12 4 58
12 5 21
12 6 48
12 7 88
13 1 35
13 2 71
13 3 32
13 4 64
13 5 22
13 6 47
13 7 94
14 1 255
14 2 529
14 3 218
14 4 451
14 5 176
14 6 353
14 7 731
15 1 134
15 2 334
15 3 121
15 4 300
15 5 87
15 6 177
15 7 441
16 1 275
16 2 524
16 3 260
16 4 495
16 5 169
16 6 345
16 7 658
17 1 22
17 2 40
17 3 20
17 4 36
17 5 14
17 6 32
17 7 58
18 1 110
18 2 272
18 3 98
18 4 241
18 5 77
18 6 145
18 7 358
19 1 218
19 2 394
19 3 201
19 4 364
19 5 143
19 6 301
19 7 543
20 1 94
20 2 210
20 3 85
20 4 190
20 5 61
20 6 129
20 7 288

# Energy Consumption
1 1 0
1 2 149
1 3 0
1 4 87
1 5 22
1 6 0
1 7 92
2 1 0
2 2 96
2 3 0
2 4 67
2 5 17
2 6 0
2 7 85
3 1 0
3 2 112
3 3 0
3 4 82
3 5 17
3 6 0
3 7 80
4 1 0
4 2 78
4 3 0
4 4 61
4 5 15
4 6 0
4 7 58
5 1 0
5 2 32
5 3 0
5 4 25
5 5 6
5 6 0
5 7 23
6 1 0
6 2 63
6 3 0
6 4 52
6 5 12
6 6 0
6 7 48
7 1 0
7 2 131
7 3 0
7 4 97
7 5 24
7 6 0
7 7 93
8 1 0
8 2 20
8 3 0
8 4 16
8 5 4
8 6 0
8 7 15
9 1 0
9 2 68
9 3 0
9 4 56
9 5 16
9 6 0
9 7 48
10 1 0
10 2 86
10 3 0
10 4 64
10 5 16
10 6 0
10 7 57
11 1 0
11 2 61
11 3 0
11 4 46
11 5 11
11 6 0
11 7 45
12 1 0
12 2 16
12 3 0
12 4 12
12 5 4
12 6 0
12 7 11
13 1 0
13 2 21
13 3 0
13 4 13
13 5 4
13 6 0
13 7 14
14 1 0
14 2 153
14 3 0
14 4 86
14 5 28
14 6 0
14 7 105
15 1 0
15 2 78
15 3 0
15 4 58
15 5 14
15 6 0
15 7 57
16 1 0
16 2 125
16 3 0
16 4 107
16 5 25
16 6 0
16 7 80
17 1 0
17 2 11
17 3 0
17 4 7
17 5 3
17 6 0
17 7 8
18 1 0
18 2 70
18 3 0
18 4 46
18 5 12
18 6 0
18 7 51
19 1 0
19 2 104
19 3 0
19 4 66
19 5 23
19 6 0
19 7 77
20 1 0
20 2 55
20 3 0
20 4 36
20 5 9
20 6 0
20 7 42

# Precedence Relations
1 9
2 3
2 4
2 5
3 9
4 7
4 8
5 6
6 9
7 9
8 10
8 11
8 12
9 13
9 14
9 15
9 16
9 17
13 20
14 18
15 19
16 18
16 19
17 19

# Parameters
R_e = 0.0500
T = 1000.0
C_s = 4.0
C_w = 36.0
C_c = 5.0
