# Tasks
1 2 3 4 5 6 7 8 9 10 11 12 13 14 15 16 17 18 19 20

# Workstations
1 2 3 4 5 6 7 8 9 10 11 12 13 14 15 16 17 18 19 20

# Modes
1 2 3 4 5 6 7

# Processing Times
1 1 374
1 2 930
1 3 322
1 4 799
1 5 242
1 6 539
1 7 1340
2 1 318
2 2 767
2 3 272
2 4 655
2 5 215
2 6 456
2 7 1099
3 1 153
3 2 357
3 3 139
3 4 324
3 5 97
3 6 200
3 7 466
4 1 182
4 2 407
4 3 171
4 4 381
4 5 127
4 6 262
4 7 586
5 1 168
5 2 334
5 3 152
5 4 303
5 5 93
5 6 231
5 7 458
6 1 313
6 2 686
6 3 285
6 4 624
6 5 199
6 6 443
6 7 970
7 1 159
7 2 356
7 3 144
7 4 321
7 5 103
7 6 205
7 7 459
8 1 166
8 2 317
8 3 158
8 4 302
8 5 105
8 6 221
8 7 421
9 1 55
9 2 102
9 3 52
9 4 97
9 5 35
9 6 71
9 7 131
10 1 242
10 2 484
10 3 219
10 4 438
10 5 152
10 6 336
10 7 671
11 1 76
11 2 161
11 3 72
11 4 152
11 5 46
11 6 108
11 7 228
12 1 177
12 2 327
12 3 168
12 4 310
12 5 108
12 6 256
12 7 472
13 1 166
13 2 335
13 3 150
13 4 302
13 5 103
13 6 219
13 7 441
14 1 119
14 2 247
14 3 102
14 4 211
14 5 82
14 6 165
14 7 342
15 1 150
15 2 374
15 3 135
15 4 336
15 5 97
15 6 198
15 7 493
16 1 303
16 2 577
16 3 286
16 4 545
16 5 186
16 6 380
16 7 724
17 1 138
17 2 250
17 3 121
17 4 219
17 5 86
17 6 200
17 7 362
18 1 52
18 2 129
18 3 46
18 4 115
18 5 37
18 6 69
18 7 170
19 1 48
19 2 87
19 3 45
19 4 81
19 5 32
19 6 67
19 7 120
20 1 146
20 2 326
20 3 132
20 4 295
20 5 94
20 6 200
20 7 447

# Energy Consumption
1 1 0
1 2 265
1 3 0
1 4 154
1 5 39
1 6 0
1 7 164
2 1 0
2 2 179
2 3 0
2 4 124
2 5 32
2 6 0
2 7 160
3 1 0
3 2 90
3 3 0
3 4 66
3 5 14
3 6 0
3 7 64
4 1 0
4 2 100
4 3 0
4 4 78
4 5 20
4 6 0
4 7 75
5 1 0
5 2 81
5 3 0
5 4 64
5 5 14
5 6 0
5 7 59
6 1 0
6 2 167
6 3 0
6 4 137
6 5 30
6 6 0
6 7 126
7 1 0
7 2 90
7 3 0
7 4 66
7 5 16
7 6 0
7 7 64
8 1 0
8 2 83
8 3 0
8 4 64
8 5 15
8 6 0
8 7 62
9 1 0
9 2 23
9 3 0
9 4 19
9 5 6
9 6 0
9 7 16
10 1 0
10 2 125
10 3 0
10 4 92
10 5 23
10 6 0
10 7 82
11 1 0
11 2 39
11 3 0
11 4 29
11 5 7
11 6 0
11 7 29
12 1 0
12 2 82
12 3 0
12 4 60
12 5 16
12 6 0
12 7 57
13 1 0
13 2 99
13 3 0
13 4 57
13 5 16
13 6 0
13 7 62
14 1 0
14 2 72
14 3 0
14 4 41
14 5 13
14 6 0
14 7 49
15 1 0
15 2 87
15 3 0
15 4 64
15 5 15
15 6 0
15 7 64
16 1 0
16 2 138
16 3 0
16 4 118
16 5 27
16 6 0
16 7 88
17 1 0
17 2 66
17 3 0
17 4 43
17 5 13
17 6 0
17 7 44
18 1 0
18 2 33
18 3 0
18 4 22
18 5 6
18 6 0
18 7 25
19 1 0
19 2 23
19 3 0
19 4 15
19 5 6
19 6 0
19 7 17
20 1 0
20 2 84
20 3 0
20 4 55
20 5 14
20 6 0
20 7 64

# Precedence Relations
1 11
2 4
2 5
2 6
3 4
3 6
3 7
4 11
5 8
5 9
5 10
6 20
7 12
7 13
7 18
8 11
9 11
10 12
10 13
11 14
11 15
11 16
11 17
11 18
13 19
15 19
15 20
17 19
17 20
18 19

# Parameters
R_e = 0.0500
T = 1407.0
C_s = 4.0
C_w = 36.0
C_c = 5.0
