# Tasks
1 2 3 4 5 6 7 8 9 10 11 12 13 14 15 16 17 18 19 20

# Workstations
1 2 3 4 5 6 7 8 9 10 11 12 13 14 15 16 17 18 19 20

# Modes
1 2 3 4 5 6 7

# Processing Times
1 1 27
1 2 26
1 3 25
1 4 24
1 5 10
1 6 30
1 7 28
2 1 123
2 2 116
2 3 112
2 4 106
2 5 44
2 6 133
2 7 125
3 1 188
3 2 177
3 3 171
3 4 161
3 5 67
3 6 203
3 7 191
4 1 152
4 2 143
4 3 138
4 4 130
4 5 55
4 6 164
4 7 154
5 1 210
5 2 198
5 3 191
5 4 180
5 5 75
5 6 226
5 7 213
6 1 206
6 2 194
6 3 187
6 4 177
6 5 74
6 6 222
6 7 209
7 1 234
7 2 220
7 3 213
7 4 200
7 5 84
7 6 252
7 7 237
8 1 178
8 2 168
8 3 162
8 4 153
8 5 64
8 6 192
8 7 181
9 1 82
9 2 78
9 3 75
9 4 71
9 5 30
9 6 89
9 7 84
10 1 126
10 2 119
10 3 115
10 4 109
10 5 45
10 6 136
10 7 128
11 1 93
11 2 88
11 3 85
11 4 80
11 5 34
11 6 100
11 7 95
12 1 135
12 2 127
12 3 123
12 4 116
12 5 49
12 6 146
12 7 137
13 1 159
13 2 150
13 3 145
13 4 137
13 5 57
13 6 171
13 7 162
14 1 177
14 2 167
14 3 161
14 4 152
14 5 63
14 6 191
14 7 180
15 1 196
15 2 185
15 3 178
15 4 168
15 5 70
15 6 211
15 7 199
16 1 165
16 2 156
16 3 150
16 4 142
16 5 59
16 6 178
16 7 168
17 1 104
17 2 98
17 3 95
17 4 89
17 5 38
17 6 112
17 7 106
18 1 157
18 2 148
18 3 143
18 4 135
18 5 56
18 6 169
18 7 160
19 1 87
19 2 82
19 3 79
19 4 75
19 5 31
19 6 94
19 7 89
20 1 140
20 2 132
20 3 128
20 4 120
20 5 50
20 6 151
20 7 142

# Energy Consumption
1 1 0
1 2 7
1 3 0
1 4 5
1 5 2
1 6 0
1 7 4
2 1 0
2 2 28
2 3 0
2 4 22
2 5 7
2 6 0
2 7 18
3 1 0
3 2 43
3 3 0
3 4 30
3 5 10
3 6 0
3 7 29
4 1 0
4 2 42
4 3 0
4 4 24
4 5 9
4 6 0
4 7 23
5 1 0
5 2 60
5 3 0
5 4 37
5 5 11
5 6 0
5 7 30
6 1 0
6 2 57
6 3 0
6 4 34
6 5 11
6 6 0
6 7 29
7 1 0
7 2 51
7 3 0
7 4 43
7 5 13
7 6 0
7 7 35
8 1 0
8 2 50
8 3 0
8 4 32
8 5 10
8 6 0
8 7 25
9 1 0
9 2 20
9 3 0
9 4 15
9 5 5
9 6 0
9 7 13
10 1 0
10 2 31
10 3 0
10 4 23
10 5 7
10 6 0
10 7 18
11 1 0
11 2 21
11 3 0
11 4 18
11 5 6
11 6 0
11 7 14
12 1 0
12 2 32
12 3 0
12 4 25
12 5 8
12 6 0
12 7 20
13 1 0
13 2 37
13 3 0
13 4 27
13 5 10
13 6 0
13 7 21
14 1 0
14 2 41
14 3 0
14 4 29
14 5 10
14 6 0
14 7 22
15 1 0
15 2 55
15 3 0
15 4 37
15 5 12
15 6 0
15 7 26
16 1 0
16 2 36
16 3 0
16 4 27
16 5 9
16 6 0
16 7 23
17 1 0
17 2 28
17 3 0
17 4 19
17 5 6
17 6 0
17 7 16
18 1 0
18 2 34
18 3 0
18 4 29
18 5 9
18 6 0
18 7 22
19 1 0
19 2 19
19 3 0
19 4 17
19 5 5
19 6 0
19 7 13
20 1 0
20 2 35
20 3 0
20 4 24
20 5 8
20 6 0
20 7 21

# Precedence Relations
1 9
2 9
3 9
4 7
5 6
5 8
6 9
7 9
8 10
8 11
9 12
9 13
9 14
9 15
10 17
12 17
13 16
16 19
16 20
17 18

# Parameters
R_e = 0.0500
T = 1000.0
C_s = 4.0
C_w = 36.0
C_c = 5.0
