# Tasks
1 2 3 4 5 6 7 8 9 10 11 12 13 14 15 16 17 18 19 20

# Workstations
1 2 3 4 5 6 7 8 9 10 11 12 13 14 15 16 17 18 19 20

# Modes
1 2 3 4 5 6 7

# Processing Times
1 1 88
1 2 136
1 3 79
1 4 122
1 5 71
1 6 103
1 7 158
2 1 95
2 2 130
2 3 86
2 4 117
2 5 77
2 6 105
2 7 144
3 1 105
3 2 136
3 3 97
3 4 125
3 5 88
3 6 119
3 7 154
4 1 140
4 2 215
4 3 128
4 4 197
4 5 120
4 6 167
4 7 256
5 1 114
5 2 141
5 3 109
5 4 134
5 5 96
5 6 143
5 7 176
6 1 123
6 2 164
6 3 114
6 4 151
6 5 100
6 6 136
6 7 182
7 1 250
7 2 309
7 3 228
7 4 282
7 5 230
7 6 278
7 7 343
8 1 90
8 2 132
8 3 81
8 4 118
8 5 75
8 6 108
8 7 159
9 1 61
9 2 78
9 3 58
9 4 74
9 5 56
9 6 73
9 7 94
10 1 107
10 2 169
10 3 98
10 4 154
10 5 89
10 6 132
10 7 208
11 1 68
11 2 89
11 3 64
11 4 84
11 5 64
11 6 84
11 7 110
12 1 155
12 2 232
12 3 137
12 4 205
12 5 128
12 6 183
12 7 274
13 1 142
13 2 216
13 3 132
13 4 200
13 5 120
13 6 162
13 7 246
14 1 21
14 2 31
14 3 20
14 4 30
14 5 19
14 6 24
14 7 35
15 1 106
15 2 157
15 3 95
15 4 140
15 5 101
15 6 132
15 7 195
16 1 67
16 2 96
16 3 58
16 4 83
16 5 56
16 6 75
16 7 107
17 1 52
17 2 63
17 3 48
17 4 58
17 5 50
17 6 61
17 7 73
18 1 55
18 2 85
18 3 49
18 4 76
18 5 47
18 6 69
18 7 106
19 1 51
19 2 73
19 3 46
19 4 66
19 5 46
19 6 58
19 7 83
20 1 82
20 2 113
20 3 70
20 4 97
20 5 69
20 6 96
20 7 132

# Energy Consumption
1 1 0
1 2 32
1 3 0
1 4 27
1 5 11
1 6 0
1 7 22
2 1 0
2 2 32
2 3 0
2 4 25
2 5 12
2 6 0
2 7 21
3 1 0
3 2 39
3 3 0
3 4 23
3 5 13
3 6 0
3 7 21
4 1 0
4 2 61
4 3 0
4 4 42
4 5 19
4 6 0
4 7 36
5 1 0
5 2 36
5 3 0
5 4 26
5 5 14
5 6 0
5 7 26
6 1 0
6 2 40
6 3 0
6 4 31
6 5 16
6 6 0
6 7 27
7 1 0
7 2 78
7 3 0
7 4 57
7 5 37
7 6 0
7 7 50
8 1 0
8 2 32
8 3 0
8 4 25
8 5 11
8 6 0
8 7 24
9 1 0
9 2 22
9 3 0
9 4 16
9 5 9
9 6 0
9 7 14
10 1 0
10 2 44
10 3 0
10 4 34
10 5 14
10 6 0
10 7 31
11 1 0
11 2 26
11 3 0
11 4 17
11 5 10
11 6 0
11 7 14
12 1 0
12 2 59
12 3 0
12 4 44
12 5 19
12 6 0
12 7 40
13 1 0
13 2 59
13 3 0
13 4 43
13 5 18
13 6 0
13 7 34
14 1 0
14 2 8
14 3 0
14 4 7
14 5 3
14 6 0
14 7 5
15 1 0
15 2 38
15 3 0
15 4 30
15 5 16
15 6 0
15 7 28
16 1 0
16 2 22
16 3 0
16 4 19
16 5 9
16 6 0
16 7 14
17 1 0
17 2 19
17 3 0
17 4 11
17 5 8
17 6 0
17 7 10
18 1 0
18 2 25
18 3 0
18 4 15
18 5 8
18 6 0
18 7 16
19 1 0
19 2 18
19 3 0
19 4 12
19 5 7
19 6 0
19 7 11
20 1 0
20 2 27
20 3 0
20 4 20
20 5 11
20 6 0
20 7 20

# Precedence Relations
1 4
2 6
3 5
3 6
4 7
5 7
5 8
6 7
7 9
7 11
7 12
8 10
8 11
8 20
9 13
10 16
12 14
12 15
12 19
13 17
14 20
15 18
16 19

# Parameters
R_e = 0.0500
T = 1000.0
C_s = 4.0
C_w = 36.0
C_c = 5.0
