# Tasks
1 2 3 4 5 6 7 8 9 10 11 12 13 14 15 16 17 18 19 20 21 22 23 24 25 26 27 28 29 30 31 32 33 34 35 36 37 38 39 40 41 42 43 44 45 46 47 48 49 50 51 52 53 54 55 56 57 58 59 60 61 62 63 64 65 66 67 68 69 70 71 72 73 74 75 76 77 78 79 80 81 82 83

# Workstations
1 2 3 4 5 6 7 8 9 10 11 12 13 14 15 16 17 18 19 20 21 22 23 24 25 26 27 28 29 30 31 32 33 34 35 36 37 38 39 40 41 42 43 44 45 46 47 48 49 50 51 52 53 54 55 56 57 58 59 60 61 62 63 64 65 66 67 68 69 70 71 72 73 74 75 76 77 78 79 80 81 82 83

# Modes
1 2 3 4 5 6 7

# Processing Times
1 1 1673
1 2 2312
1 3 1794
1 4 2479
1 5 1000
1 6 1805
1 7 2495
2 1 985
2 2 1485
2 3 1056
2 4 1592
2 5 565
2 6 1022
2 7 1541
3 1 1836
3 2 2247
3 3 1949
3 4 2385
3 5 1209
3 6 1961
3 7 2399
4 1 973
4 2 1388
4 3 1062
4 4 1514
4 5 588
4 6 1024
4 7 1461
5 1 1700
5 2 2367
5 3 1849
5 4 2574
5 5 974
5 6 1803
5 7 2510
6 1 2881
6 2 4367
6 3 3033
6 4 4598
6 5 1710
6 6 2978
6 7 4514
7 1 2231
7 2 3395
7 3 2446
7 4 3721
7 5 1236
7 6 2441
7 7 3714
8 1 1040
8 2 1601
8 3 1120
8 4 1724
8 5 721
8 6 1110
8 7 1708
9 1 1793
9 2 2361
9 3 1893
9 4 2492
9 5 994
9 6 1900
9 7 2502
10 1 1250
10 2 1864
10 3 1343
10 4 2002
10 5 799
10 6 1262
10 7 1881
11 1 700
11 2 1077
11 3 751
11 4 1156
11 5 387
11 6 709
11 7 1090
12 1 464
12 2 674
12 3 509
12 4 739
12 5 269
12 6 474
12 7 688
13 1 500
13 2 736
13 3 546
13 4 804
13 5 313
13 6 515
13 7 757
14 1 1133
14 2 1504
14 3 1200
14 4 1593
14 5 652
14 6 1245
14 7 1653
15 1 577
15 2 750
15 3 629
15 4 818
15 5 326
15 6 580
15 7 753
16 1 483
16 2 598
16 3 522
16 4 646
16 5 285
16 6 524
16 7 649
17 1 880
17 2 1245
17 3 935
17 4 1323
17 5 552
17 6 968
17 7 1370
18 1 667
18 2 960
18 3 714
18 4 1027
18 5 452
18 6 700
18 7 1007
19 1 600
19 2 839
19 3 659
19 4 922
19 5 366
19 6 644
19 7 900
20 1 233
20 2 303
20 3 254
20 4 330
20 5 131
20 6 240
20 7 311
21 1 408
21 2 572
21 3 440
21 4 617
21 5 281
21 6 430
21 7 603
22 1 847
22 2 1118
22 3 932
22 4 1230
22 5 585
22 6 928
22 7 1224
23 1 767
23 2 1163
23 3 820
23 4 1242
23 5 490
23 6 824
23 7 1249
24 1 850
24 2 1280
24 3 924
24 4 1391
24 5 545
24 6 855
24 7 1287
25 1 780
25 2 992
25 3 838
25 4 1065
25 5 430
25 6 830
25 7 1056
26 1 912
26 2 1281
26 3 958
26 4 1346
26 5 552
26 6 970
26 7 1362
27 1 748
27 2 980
27 3 806
27 4 1056
27 5 459
27 6 760
27 7 996
28 1 1863
28 2 2931
28 3 1984
28 4 3121
28 5 1054
28 6 1897
28 7 2984
29 1 714
29 2 906
29 3 758
29 4 962
29 5 422
29 6 784
29 7 995
30 1 1004
30 2 1415
30 3 1079
30 4 1520
30 5 607
30 6 1033
30 7 1455
31 1 713
31 2 953
31 3 781
31 4 1044
31 5 423
31 6 773
31 7 1034
32 1 642
32 2 899
32 3 701
32 4 981
32 5 430
32 6 701
32 7 982
33 1 629
33 2 877
33 3 674
33 4 940
33 5 375
33 6 647
33 7 901
34 1 1234
34 2 1807
34 3 1317
34 4 1929
34 5 798
34 6 1306
34 7 1912
35 1 1143
35 2 1482
35 3 1204
35 4 1560
35 5 731
35 6 1186
35 7 1537
36 1 1266
36 2 1909
36 3 1355
36 4 2043
36 5 863
36 6 1339
36 7 2019
37 1 792
37 2 1266
37 3 871
37 4 1391
37 5 523
37 6 811
37 7 1297
38 1 1251
38 2 1578
38 3 1374
38 4 1733
38 5 863
38 6 1320
38 7 1665
39 1 1310
39 2 1806
39 3 1422
39 4 1960
39 5 823
39 6 1417
39 7 1954
40 1 663
40 2 855
40 3 712
40 4 918
40 5 375
40 6 727
40 7 937
41 1 494
41 2 643
41 3 540
41 4 703
41 5 329
41 6 524
41 7 681
42 1 1288
42 2 1561
42 3 1359
42 4 1647
42 5 793
42 6 1367
42 7 1656
43 1 792
43 2 1172
43 3 834
43 4 1235
43 5 485
43 6 809
43 7 1197
44 1 578
44 2 776
44 3 635
44 4 852
44 5 404
44 6 619
44 7 831
45 1 594
45 2 801
45 3 646
45 4 871
45 5 345
45 6 649
45 7 876
46 1 578
46 2 854
46 3 635
46 4 938
46 5 347
46 6 629
46 7 929
47 1 622
47 2 968
47 3 668
47 4 1039
47 5 360
47 6 645
47 7 1003
48 1 578
48 2 854
48 3 613
48 4 906
48 5 389
48 6 607
48 7 896
49 1 564
49 2 900
49 3 603
49 4 963
49 5 361
49 6 600
49 7 957
50 1 578
50 2 799
50 3 611
50 4 844
50 5 328
50 6 628
50 7 868
51 1 578
51 2 892
51 3 628
51 4 970
51 5 332
51 6 597
51 7 921
52 1 578
52 2 739
52 3 634
52 4 810
52 5 391
52 6 605
52 7 773
53 1 578
53 2 832
53 3 633
53 4 912
53 5 330
53 6 587
53 7 845
54 1 578
54 2 773
54 3 612
54 4 819
54 5 355
54 6 588
54 7 786
55 1 578
55 2 898
55 3 612
55 4 950
55 5 376
55 6 596
55 7 926
56 1 578
56 2 849
56 3 618
56 4 908
56 5 346
56 6 633
56 7 930
57 1 578
57 2 695
57 3 623
57 4 750
57 5 351
57 6 624
57 7 750
58 1 578
58 2 763
58 3 625
58 4 824
58 5 362
58 6 585
58 7 773
59 1 578
59 2 857
59 3 618
59 4 916
59 5 390
59 6 588
59 7 872
60 1 578
60 2 772
60 3 633
60 4 846
60 5 321
60 6 627
60 7 838
61 1 578
61 2 819
61 3 632
61 4 895
61 5 338
61 6 627
61 7 889
62 1 578
62 2 843
62 3 620
62 4 904
62 5 356
62 6 588
62 7 857
63 1 578
63 2 811
63 3 625
63 4 877
63 5 373
63 6 579
63 7 812
64 1 578
64 2 898
64 3 627
64 4 973
64 5 381
64 6 625
64 7 971
65 1 578
65 2 773
65 3 634
65 4 848
65 5 394
65 6 586
65 7 784
66 1 578
66 2 826
66 3 610
66 4 871
66 5 346
66 6 611
66 7 873
67 1 578
67 2 856
67 3 620
67 4 918
67 5 343
67 6 613
67 7 907
68 1 578
68 2 884
68 3 622
68 4 951
68 5 357
68 6 602
68 7 921
69 1 467
69 2 574
69 3 498
69 4 612
69 5 297
69 6 501
69 7 615
70 1 887
70 2 1104
70 3 940
70 4 1170
70 5 550
70 6 961
70 7 1197
71 1 396
71 2 595
71 3 428
71 4 642
71 5 274
71 6 431
71 7 648
72 1 1296
72 2 1725
72 3 1384
72 4 1842
72 5 817
72 6 1402
72 7 1866
73 1 1100
73 2 1689
73 3 1183
73 4 1816
73 5 685
73 6 1111
73 7 1706
74 1 2543
74 2 3396
74 3 2700
74 4 3606
74 5 1656
74 6 2744
74 7 3664
75 1 764
75 2 933
75 3 830
75 4 1014
75 5 445
75 6 820
75 7 1001
76 1 357
76 2 511
76 3 391
76 4 559
76 5 199
76 6 392
76 7 561
77 1 701
77 2 871
77 3 744
77 4 925
77 5 490
77 6 754
77 7 936
78 1 1164
78 2 1848
78 3 1258
78 4 1998
78 5 728
78 6 1232
78 7 1955
79 1 286
79 2 417
79 3 311
79 4 453
79 5 168
79 6 297
79 7 433
80 1 2100
80 2 3124
80 3 2304
80 4 3428
80 5 1227
80 6 2264
80 7 3368
81 1 450
81 2 710
81 3 475
81 4 750
81 5 305
81 6 482
81 7 760
82 1 1300
82 2 1675
82 3 1420
82 4 1830
82 5 849
82 6 1376
82 7 1773
83 1 3691
83 2 5720
83 3 4048
83 4 6273
83 5 2041
83 6 3743
83 7 5801

# Energy Consumption
1 1 0
1 2 554
1 3 0
1 4 511
1 5 155
1 6 0
1 7 358
2 1 0
2 2 374
2 3 0
2 4 316
2 5 85
2 6 0
2 7 219
3 1 0
3 2 626
3 3 0
3 4 466
3 5 191
3 6 0
3 7 326
4 1 0
4 2 346
4 3 0
4 4 333
4 5 83
4 6 0
4 7 210
5 1 0
5 2 575
5 3 0
5 4 539
5 5 152
5 6 0
5 7 344
6 1 0
6 2 963
6 3 0
6 4 977
6 5 258
6 6 0
6 7 621
7 1 0
7 2 760
7 3 0
7 4 803
7 5 179
7 6 0
7 7 525
8 1 0
8 2 407
8 3 0
8 4 362
8 5 107
8 6 0
8 7 240
9 1 0
9 2 627
9 3 0
9 4 531
9 5 158
9 6 0
9 7 375
10 1 0
10 2 533
10 3 0
10 4 414
10 5 120
10 6 0
10 7 265
11 1 0
11 2 239
11 3 0
11 4 214
11 5 59
11 6 0
11 7 157
12 1 0
12 2 171
12 3 0
12 4 162
12 5 39
12 6 0
12 7 95
13 1 0
13 2 177
13 3 0
13 4 161
13 5 47
13 6 0
13 7 104
14 1 0
14 2 445
14 3 0
14 4 323
14 5 102
14 6 0
14 7 220
15 1 0
15 2 192
15 3 0
15 4 151
15 5 50
15 6 0
15 7 92
16 1 0
16 2 169
16 3 0
16 4 138
16 5 44
16 6 0
16 7 83
17 1 0
17 2 336
17 3 0
17 4 290
17 5 86
17 6 0
17 7 174
18 1 0
18 2 233
18 3 0
18 4 206
18 5 70
18 6 0
18 7 125
19 1 0
19 2 231
19 3 0
19 4 188
19 5 57
19 6 0
19 7 135
20 1 0
20 2 78
20 3 0
20 4 73
20 5 21
20 6 0
20 7 39
21 1 0
21 2 127
21 3 0
21 4 130
21 5 43
21 6 0
21 7 86
22 1 0
22 2 273
22 3 0
22 4 260
22 5 87
22 6 0
22 7 176
23 1 0
23 2 304
23 3 0
23 4 246
23 5 70
23 6 0
23 7 184
24 1 0
24 2 298
24 3 0
24 4 285
24 5 83
24 6 0
24 7 184
25 1 0
25 2 255
25 3 0
25 4 201
25 5 62
25 6 0
25 7 134
26 1 0
26 2 370
26 3 0
26 4 252
26 5 84
26 6 0
26 7 172
27 1 0
27 2 275
27 3 0
27 4 229
27 5 66
27 6 0
27 7 123
28 1 0
28 2 645
28 3 0
28 4 565
28 5 161
28 6 0
28 7 398
29 1 0
29 2 237
29 3 0
29 4 206
29 5 65
29 6 0
29 7 146
30 1 0
30 2 377
30 3 0
30 4 330
30 5 88
30 6 0
30 7 183
31 1 0
31 2 234
31 3 0
31 4 200
31 5 67
31 6 0
31 7 153
32 1 0
32 2 228
32 3 0
32 4 203
32 5 66
32 6 0
32 7 131
33 1 0
33 2 194
33 3 0
33 4 186
33 5 57
33 6 0
33 7 125
34 1 0
34 2 466
34 3 0
34 4 373
34 5 117
34 6 0
34 7 272
35 1 0
35 2 440
35 3 0
35 4 291
35 5 111
35 6 0
35 7 227
36 1 0
36 2 568
36 3 0
36 4 414
36 5 131
36 6 0
36 7 267
37 1 0
37 2 376
37 3 0
37 4 274
37 5 83
37 6 0
37 7 161
38 1 0
38 2 429
38 3 0
38 4 321
38 5 125
38 6 0
38 7 220
39 1 0
39 2 455
39 3 0
39 4 365
39 5 130
39 6 0
39 7 250
40 1 0
40 2 215
40 3 0
40 4 180
40 5 60
40 6 0
40 7 128
41 1 0
41 2 184
41 3 0
41 4 149
41 5 49
41 6 0
41 7 96
42 1 0
42 2 411
42 3 0
42 4 299
42 5 120
42 6 0
42 7 225
43 1 0
43 2 274
43 3 0
43 4 227
43 5 69
43 6 0
43 7 150
44 1 0
44 2 216
44 3 0
44 4 155
44 5 57
44 6 0
44 7 117
45 1 0
45 2 203
45 3 0
45 4 179
45 5 52
45 6 0
45 7 116
46 1 0
46 2 213
46 3 0
46 4 193
46 5 52
46 6 0
46 7 136
47 1 0
47 2 277
47 3 0
47 4 210
47 5 54
47 6 0
47 7 142
48 1 0
48 2 204
48 3 0
48 4 175
48 5 56
48 6 0
48 7 126
49 1 0
49 2 215
49 3 0
49 4 177
49 5 51
49 6 0
49 7 120
50 1 0
50 2 240
50 3 0
50 4 163
50 5 51
50 6 0
50 7 109
51 1 0
51 2 241
51 3 0
51 4 201
51 5 48
51 6 0
51 7 122
52 1 0
52 2 218
52 3 0
52 4 154
52 5 57
52 6 0
52 7 97
53 1 0
53 2 212
53 3 0
53 4 166
53 5 52
53 6 0
53 7 117
54 1 0
54 2 228
54 3 0
54 4 156
54 5 56
54 6 0
54 7 112
55 1 0
55 2 223
55 3 0
55 4 206
55 5 59
55 6 0
55 7 126
56 1 0
56 2 253
56 3 0
56 4 192
56 5 53
56 6 0
56 7 134
57 1 0
57 2 176
57 3 0
57 4 140
57 5 54
57 6 0
57 7 97
58 1 0
58 2 175
58 3 0
58 4 175
58 5 52
58 6 0
58 7 97
59 1 0
59 2 236
59 3 0
59 4 184
59 5 57
59 6 0
59 7 115
60 1 0
60 2 174
60 3 0
60 4 185
60 5 50
60 6 0
60 7 120
61 1 0
61 2 210
61 3 0
61 4 186
61 5 53
61 6 0
61 7 126
62 1 0
62 2 253
62 3 0
62 4 187
62 5 50
62 6 0
62 7 110
63 1 0
63 2 213
63 3 0
63 4 175
63 5 60
63 6 0
63 7 112
64 1 0
64 2 265
64 3 0
64 4 198
64 5 58
64 6 0
64 7 135
65 1 0
65 2 196
65 3 0
65 4 161
65 5 56
65 6 0
65 7 110
66 1 0
66 2 201
66 3 0
66 4 167
66 5 53
66 6 0
66 7 107
67 1 0
67 2 193
67 3 0
67 4 173
67 5 49
67 6 0
67 7 131
68 1 0
68 2 265
68 3 0
68 4 188
68 5 52
68 6 0
68 7 114
69 1 0
69 2 136
69 3 0
69 4 111
69 5 43
69 6 0
69 7 78
70 1 0
70 2 328
70 3 0
70 4 245
70 5 81
70 6 0
70 7 145
71 1 0
71 2 179
71 3 0
71 4 139
71 5 42
71 6 0
71 7 85
72 1 0
72 2 455
72 3 0
72 4 360
72 5 120
72 6 0
72 7 258
73 1 0
73 2 390
73 3 0
73 4 395
73 5 104
73 6 0
73 7 206
74 1 0
74 2 948
74 3 0
74 4 710
74 5 234
74 6 0
74 7 500
75 1 0
75 2 256
75 3 0
75 4 219
75 5 65
75 6 0
75 7 135
76 1 0
76 2 120
76 3 0
76 4 105
76 5 30
76 6 0
76 7 84
77 1 0
77 2 249
77 3 0
77 4 199
77 5 72
77 6 0
77 7 125
78 1 0
78 2 450
78 3 0
78 4 435
78 5 108
78 6 0
78 7 264
79 1 0
79 2 97
79 3 0
79 4 88
79 5 26
79 6 0
79 7 62
80 1 0
80 2 774
80 3 0
80 4 745
80 5 179
80 6 0
80 7 438
81 1 0
81 2 158
81 3 0
81 4 139
81 5 48
81 6 0
81 7 101
82 1 0
82 2 436
82 3 0
82 4 383
82 5 128
82 6 0
82 7 241
83 1 0
83 2 1498
83 3 0
83 4 1263
83 5 303
83 6 0
83 7 868

# Precedence Relations
1 2
2 3
2 4
2 5
3 6
4 6
4 7
5 8
6 9
6 10
7 11
8 77
8 78
9 12
10 13
10 14
10 25
11 15
12 16
13 17
13 18
13 20
14 19
15 20
15 39
16 77
16 78
17 21
17 22
17 28
18 23
19 24
20 26
21 27
22 27
23 74
24 28
24 29
25 32
26 74
27 69
28 32
29 30
30 31
31 39
32 33
32 34
32 35
32 36
33 37
34 77
34 78
35 77
35 78
36 38
36 39
37 40
38 41
39 42
39 43
39 44
39 75
40 77
40 78
41 45
42 77
42 78
43 77
43 78
44 46
45 47
46 48
47 49
48 50
49 69
50 51
51 52
52 53
53 54
54 55
55 56
56 57
57 58
58 59
59 60
60 61
61 62
62 63
63 64
64 65
65 66
66 67
67 68
68 74
68 75
69 70
69 71
70 72
71 73
72 73
73 74
73 75
74 76
75 76
76 77
76 78
77 79
78 79
79 80
79 81
80 82
81 83
82 83

# Parameters
R_e = 0.0500
T = 6586.650000000001
C_s = 4.0
C_w = 36.0
C_c = 5.0
