# Tasks
1 2 3 4 5 6 7 8 9 10 11 12 13 14 15 16 17 18 19 20 21 22 23 24 25 26 27 28 29 30 31 32 33 34 35 36 37 38 39 40 41 42 43 44 45 46 47 48 49 50

# Workstations
1 2 3 4 5 6 7 8 9 10 11 12 13 14 15 16 17 18 19 20 21 22 23 24 25 26 27 28 29 30 31 32 33 34 35 36 37 38 39 40 41 42 43 44 45 46 47 48 49 50

# Modes
1 2 3 4 5 6 7

# Processing Times
1 1 192
1 2 266
1 3 210
1 4 291
1 5 131
1 6 201
1 7 278
2 1 342
2 2 516
2 3 366
2 4 553
2 5 199
2 6 362
2 7 545
3 1 36
3 2 45
3 3 38
3 4 48
3 5 24
3 6 38
3 7 48
4 1 323
4 2 461
4 3 354
4 4 506
4 5 195
4 6 354
4 7 505
5 1 120
5 2 168
5 3 132
5 4 185
5 5 82
5 6 127
5 7 177
6 1 473
6 2 717
6 3 511
6 4 774
6 5 308
6 6 496
6 7 752
7 1 494
7 2 752
7 3 534
7 4 813
7 5 272
7 6 528
7 7 803
8 1 120
8 2 185
8 3 127
8 4 195
8 5 72
8 6 123
8 7 189
9 1 214
9 2 282
9 3 229
9 4 302
9 5 141
9 6 215
9 7 284
10 1 199
10 2 297
10 3 214
10 4 319
10 5 120
10 6 219
10 7 327
11 1 96
11 2 148
11 3 102
11 4 157
11 5 61
11 6 101
11 7 156
12 1 600
12 2 872
12 3 638
12 4 928
12 5 389
12 6 614
12 7 893
13 1 277
13 2 408
13 3 296
13 4 436
13 5 174
13 6 284
13 7 418
14 1 170
14 2 226
14 3 181
14 4 241
14 5 117
14 6 185
14 7 246
15 1 222
15 2 289
15 3 242
15 4 315
15 5 134
15 6 238
15 7 309
16 1 84
16 2 104
16 3 90
16 4 111
16 5 54
16 6 85
16 7 105
17 1 222
17 2 314
17 3 241
17 4 340
17 5 146
17 6 232
17 7 328
18 1 169
18 2 244
18 3 183
18 4 264
18 5 114
18 6 177
18 7 255
19 1 102
19 2 143
19 3 112
19 4 157
19 5 58
19 6 105
19 7 147
20 1 116
20 2 151
20 3 127
20 4 165
20 5 66
20 6 126
20 7 164
21 1 29
21 2 41
21 3 32
21 4 45
21 5 20
21 6 32
21 7 45
22 1 208
22 2 275
22 3 224
22 4 296
22 5 125
22 6 210
22 7 277
23 1 403
23 2 611
23 3 426
23 4 645
23 5 273
23 6 441
23 7 668
24 1 446
24 2 672
24 3 486
24 4 732
24 5 268
24 6 470
24 7 708
25 1 604
25 2 768
25 3 648
25 4 824
25 5 337
25 6 611
25 7 777
26 1 518
26 2 728
26 3 555
26 4 780
26 5 330
26 6 543
26 7 763
27 1 32
27 2 42
27 3 36
27 4 47
27 5 19
27 6 34
27 7 44
28 1 276
28 2 435
28 3 293
28 4 462
28 5 192
28 6 302
28 7 475
29 1 47
29 2 60
29 3 51
29 4 64
29 5 31
29 6 51
29 7 65
30 1 539
30 2 760
30 3 572
30 4 806
30 5 355
30 6 549
30 7 774
31 1 71
31 2 95
31 3 78
31 4 104
31 5 50
31 6 77
31 7 103
32 1 191
32 2 268
32 3 207
32 4 290
32 5 112
32 6 203
32 7 284
33 1 178
33 2 249
33 3 188
33 4 263
33 5 122
33 6 183
33 7 256
34 1 58
34 2 85
34 3 62
34 4 90
34 5 35
34 6 61
34 7 89
35 1 210
35 2 273
35 3 230
35 4 299
35 5 121
35 6 231
35 7 300
36 1 137
36 2 207
36 3 145
36 4 219
36 5 91
36 6 148
36 7 224
37 1 542
37 2 866
37 3 581
37 4 928
37 5 328
37 6 572
37 7 914
38 1 135
38 2 171
38 3 147
38 4 186
38 5 78
38 6 149
38 7 189
39 1 123
39 2 170
39 3 132
39 4 182
39 5 73
39 6 128
39 7 177
40 1 126
40 2 163
40 3 135
40 4 175
40 5 70
40 6 136
40 7 175
41 1 228
41 2 297
41 3 246
41 4 320
41 5 159
41 6 239
41 7 311
42 1 238
42 2 289
42 3 260
42 4 316
42 5 132
42 6 239
42 7 290
43 1 268
43 2 397
43 3 282
43 4 418
43 5 172
43 6 283
43 7 419
44 1 412
44 2 553
44 3 438
44 4 587
44 5 228
44 6 425
44 7 570
45 1 146
45 2 197
45 3 157
45 4 212
45 5 85
45 6 150
45 7 202
46 1 294
46 2 434
46 3 318
46 4 470
46 5 184
46 6 309
46 7 455
47 1 92
47 2 144
47 3 100
47 4 157
47 5 53
47 6 101
47 7 157
48 1 48
48 2 71
48 3 53
48 4 78
48 5 28
48 6 52
48 7 77
49 1 114
49 2 182
49 3 122
49 4 194
49 5 68
49 6 119
49 7 190
50 1 526
50 2 727
50 3 560
50 4 774
50 5 330
50 6 545
50 7 753

# Energy Consumption
1 1 0
1 2 64
1 3 0
1 4 60
1 5 21
1 6 0
1 7 40
2 1 0
2 2 130
2 3 0
2 4 110
2 5 30
2 6 0
2 7 78
3 1 0
3 2 13
3 3 0
3 4 10
3 5 4
3 6 0
3 7 7
4 1 0
4 2 115
4 3 0
4 4 112
4 5 28
4 6 0
4 7 73
5 1 0
5 2 41
5 3 0
5 4 39
5 5 13
5 6 0
5 7 25
6 1 0
6 2 159
6 3 0
6 4 165
6 5 47
6 6 0
6 7 104
7 1 0
7 2 169
7 3 0
7 4 176
7 5 40
7 6 0
7 7 114
8 1 0
8 2 47
8 3 0
8 4 41
8 5 11
8 6 0
8 7 27
9 1 0
9 2 75
9 3 0
9 4 65
9 5 23
9 6 0
9 7 43
10 1 0
10 2 85
10 3 0
10 4 66
10 5 18
10 6 0
10 7 47
11 1 0
11 2 33
11 3 0
11 4 29
11 5 10
11 6 0
11 7 23
12 1 0
12 2 221
12 3 0
12 4 203
12 5 56
12 6 0
12 7 123
13 1 0
13 2 98
13 3 0
13 4 88
13 5 26
13 6 0
13 7 58
14 1 0
14 2 67
14 3 0
14 4 49
14 5 19
14 6 0
14 7 33
15 1 0
15 2 74
15 3 0
15 4 59
15 5 21
15 6 0
15 7 38
16 1 0
16 2 30
16 3 0
16 4 24
16 5 9
16 6 0
16 7 14
17 1 0
17 2 85
17 3 0
17 4 75
17 5 23
17 6 0
17 7 42
18 1 0
18 2 60
18 3 0
18 4 53
18 5 18
18 6 0
18 7 32
19 1 0
19 2 40
19 3 0
19 4 32
19 5 10
19 6 0
19 7 22
20 1 0
20 2 39
20 3 0
20 4 37
20 5 11
20 6 0
20 7 21
21 1 0
21 2 10
21 3 0
21 4 10
21 5 4
21 6 0
21 7 7
22 1 0
22 2 68
22 3 0
22 4 63
22 5 19
22 6 0
22 7 40
23 1 0
23 2 160
23 3 0
23 4 128
23 5 39
23 6 0
23 7 99
24 1 0
24 2 157
24 3 0
24 4 150
24 5 41
24 6 0
24 7 101
25 1 0
25 2 198
25 3 0
25 4 156
25 5 49
25 6 0
25 7 99
26 1 0
26 2 211
26 3 0
26 4 146
26 5 50
26 6 0
26 7 97
27 1 0
27 2 12
27 3 0
27 4 11
27 5 3
27 6 0
27 7 6
28 1 0
28 2 96
28 3 0
28 4 84
28 5 30
28 6 0
28 7 64
29 1 0
29 2 16
29 3 0
29 4 14
29 5 5
29 6 0
29 7 10
30 1 0
30 2 203
30 3 0
30 4 175
30 5 52
30 6 0
30 7 97
31 1 0
31 2 24
31 3 0
31 4 20
31 5 8
31 6 0
31 7 16
32 1 0
32 2 68
32 3 0
32 4 60
32 5 17
32 6 0
32 7 38
33 1 0
33 2 55
33 3 0
33 4 52
33 5 19
33 6 0
33 7 36
34 1 0
34 2 22
34 3 0
34 4 18
34 5 6
34 6 0
34 7 13
35 1 0
35 2 81
35 3 0
35 4 56
35 5 19
35 6 0
35 7 45
36 1 0
36 2 62
36 3 0
36 4 45
36 5 14
36 6 0
36 7 30
37 1 0
37 2 257
37 3 0
37 4 183
37 5 52
37 6 0
37 7 113
38 1 0
38 2 47
38 3 0
38 4 35
38 5 12
38 6 0
38 7 25
39 1 0
39 2 43
39 3 0
39 4 34
39 5 12
39 6 0
39 7 23
40 1 0
40 2 41
40 3 0
40 4 35
40 5 12
40 6 0
40 7 24
41 1 0
41 2 85
41 3 0
41 4 68
41 5 24
41 6 0
41 7 44
42 1 0
42 2 77
42 3 0
42 4 58
42 5 20
42 6 0
42 7 40
43 1 0
43 2 93
43 3 0
43 4 77
43 5 25
43 6 0
43 7 53
44 1 0
44 2 154
44 3 0
44 4 107
44 5 32
44 6 0
44 7 80
45 1 0
45 2 50
45 3 0
45 4 44
45 5 13
45 6 0
45 7 27
46 1 0
46 2 109
46 3 0
46 4 97
46 5 28
46 6 0
46 7 67
47 1 0
47 2 42
47 3 0
47 4 32
47 5 8
47 6 0
47 7 23
48 1 0
48 2 17
48 3 0
48 4 16
48 5 4
48 6 0
48 7 11
49 1 0
49 2 44
49 3 0
49 4 36
49 5 10
49 6 0
49 7 24
50 1 0
50 2 218
50 3 0
50 4 150
50 5 51
50 6 0
50 7 94

# Precedence Relations
1 8
2 7
2 9
2 11
2 12
5 10
7 36
8 14
9 15
10 16
11 17
11 20
12 13
12 18
12 19
12 21
13 36
14 25
15 22
16 24
17 23
18 26
19 27
22 36
23 29
24 30
25 28
25 31
26 28
26 34
26 35
27 32
27 33
28 36
29 38
30 38
31 37
32 39
33 40
36 41
36 42
36 43
36 44
36 45
36 47
37 46
41 48
46 49
46 50

# Parameters
R_e = 0.0500
T = 1000.0
C_s = 4.0
C_w = 36.0
C_c = 5.0
