# Tasks
1 2 3 4 5 6 7 8 9 10 11 12 13 14 15 16 17 18 19 20 21 22 23 24 25 26 27 28 29 30 31 32 33 34 35 36 37 38 39 40 41 42 43 44 45 46 47 48 49 50 51 52 53

# Workstations
1 2 3 4 5 6 7 8 9 10 11 12 13 14 15 16 17 18 19 20 21 22 23 24 25 26 27 28 29 30 31 32 33 34 35 36 37 38 39 40 41 42 43 44 45 46 47 48 49 50 51 52 53

# Modes
1 2 3 4 5 6 7

# Processing Times
1 1 971
1 2 1002
1 3 989
1 4 1021
1 5 636
1 6 1194
1 7 1232
2 1 142
2 2 143
2 3 149
2 4 150
2 5 96
2 6 164
2 7 165
3 1 142
3 2 146
3 3 148
3 4 152
3 5 82
3 6 176
3 7 181
4 1 142
4 2 122
4 3 141
4 4 121
4 5 99
4 6 172
4 7 148
5 1 103
5 2 89
5 3 103
5 4 89
5 5 58
5 6 118
5 7 102
6 1 96
6 2 105
6 3 94
6 4 103
6 5 67
6 6 120
6 7 132
7 1 99
7 2 90
7 3 101
7 4 91
7 5 68
7 6 119
7 7 108
8 1 1207
8 2 1170
8 3 1240
8 4 1202
8 5 815
8 6 1393
8 7 1350
9 1 160
9 2 143
9 3 153
9 4 137
9 5 97
9 6 191
9 7 170
10 1 180
10 2 174
10 3 176
10 4 170
10 5 101
10 6 211
10 7 204
11 1 82
11 2 71
11 3 85
11 4 74
11 5 53
11 6 98
11 7 85
12 1 60
12 2 66
12 3 61
12 4 67
12 5 37
12 6 75
12 7 82
13 1 112
13 2 116
13 3 111
13 4 114
13 5 73
13 6 140
13 7 145
14 1 420
14 2 435
14 3 408
14 4 422
14 5 292
14 6 468
14 7 485
15 1 1556
15 2 1464
15 3 1487
15 4 1399
15 5 877
15 6 1860
15 7 1750
16 1 236
16 2 241
16 3 225
16 4 230
16 5 132
16 6 262
16 7 268
17 1 259
17 2 251
17 3 254
17 4 246
17 5 177
17 6 302
17 7 293
18 1 125
18 2 134
18 3 125
18 4 134
18 5 87
18 6 154
18 7 165
19 1 601
19 2 525
19 3 596
19 4 520
19 5 367
19 6 715
19 7 625
20 1 80
20 2 81
20 3 79
20 4 80
20 5 45
20 6 89
20 7 90
21 1 80
21 2 81
21 3 80
21 4 81
21 5 48
21 6 92
21 7 94
22 1 70
22 2 67
22 3 74
22 4 71
22 5 43
22 6 84
22 7 80
23 1 89
23 2 88
23 3 86
23 4 85
23 5 61
23 6 108
23 7 107
24 1 89
24 2 77
24 3 88
24 4 76
24 5 61
24 6 106
24 7 92
25 1 105
25 2 111
25 3 106
25 4 112
25 5 72
25 6 122
25 7 129
26 1 330
26 2 312
26 3 324
26 4 307
26 5 217
26 6 367
26 7 347
27 1 132
27 2 131
27 3 136
27 4 135
27 5 83
27 6 161
27 7 160
28 1 69
28 2 67
28 3 71
28 4 69
28 5 39
28 6 84
28 7 82
29 1 99
29 2 99
29 3 104
29 4 104
29 5 61
29 6 116
29 7 116
30 1 70
30 2 73
30 3 69
30 4 72
30 5 42
30 6 80
30 7 83
31 1 70
31 2 75
31 3 74
31 4 79
31 5 42
31 6 82
31 7 88
32 1 158
32 2 162
32 3 162
32 4 166
32 5 98
32 6 191
32 7 196
33 1 191
33 2 170
33 3 195
33 4 173
33 5 117
33 6 238
33 7 212
34 1 70
34 2 74
34 3 69
34 4 73
34 5 40
34 6 80
34 7 84
35 1 53
35 2 57
35 3 54
35 4 58
35 5 37
35 6 60
35 7 64
36 1 50
36 2 45
36 3 52
36 4 47
36 5 32
36 6 57
36 7 52
37 1 125
37 2 135
37 3 124
37 4 134
37 5 77
37 6 144
37 7 156
38 1 353
38 2 307
38 3 358
38 4 312
38 5 226
38 6 390
38 7 339
39 1 70
39 2 77
39 3 69
39 4 75
39 5 47
39 6 88
39 7 96
40 1 128
40 2 140
40 3 123
40 4 134
40 5 85
40 6 156
40 7 170
41 1 65
41 2 59
41 3 63
41 4 57
41 5 40
41 6 81
41 7 74
42 1 1775
42 2 1908
42 3 1794
42 4 1928
42 5 1216
42 6 2179
42 7 2343
43 1 91
43 2 83
43 3 90
43 4 82
43 5 62
43 6 113
43 7 103
44 1 91
44 2 94
44 3 90
44 4 93
44 5 56
44 6 103
44 7 107
45 1 113
45 2 105
45 3 108
45 4 100
45 5 66
45 6 127
45 7 118
46 1 487
46 2 490
46 3 473
46 4 476
46 5 334
46 6 608
46 7 612
47 1 138
47 2 149
47 3 140
47 4 152
47 5 87
47 6 161
47 7 173
48 1 80
48 2 78
48 3 79
48 4 77
48 5 56
48 6 89
48 7 86
49 1 80
49 2 80
49 3 80
49 4 80
49 5 51
49 6 99
49 7 99
50 1 65
50 2 58
50 3 64
50 4 57
50 5 41
50 6 79
50 7 71
51 1 40
51 2 36
51 3 40
51 4 36
51 5 27
51 6 45
51 7 41
52 1 742
52 2 788
52 3 769
52 4 817
52 5 503
52 6 836
52 7 888
53 1 1085
53 2 1149
53 3 1111
53 4 1176
53 5 678
53 6 1333
53 7 1411

# Energy Consumption
1 1 0
1 2 264
1 3 0
1 4 196
1 5 100
1 6 0
1 7 150
2 1 0
2 2 35
2 3 0
2 4 33
2 5 15
2 6 0
2 7 21
3 1 0
3 2 38
3 3 0
3 4 32
3 5 13
3 6 0
3 7 27
4 1 0
4 2 36
4 3 0
4 4 24
4 5 15
4 6 0
4 7 21
5 1 0
5 2 21
5 3 0
5 4 18
5 5 9
5 6 0
5 7 14
6 1 0
6 2 26
6 3 0
6 4 21
6 5 11
6 6 0
6 7 17
7 1 0
7 2 20
7 3 0
7 4 17
7 5 10
7 6 0
7 7 14
8 1 0
8 2 346
8 3 0
8 4 249
8 5 130
8 6 0
8 7 198
9 1 0
9 2 39
9 3 0
9 4 30
9 5 16
9 6 0
9 7 23
10 1 0
10 2 49
10 3 0
10 4 35
10 5 16
10 6 0
10 7 27
11 1 0
11 2 19
11 3 0
11 4 14
11 5 8
11 6 0
11 7 12
12 1 0
12 2 18
12 3 0
12 4 14
12 5 6
12 6 0
12 7 11
13 1 0
13 2 34
13 3 0
13 4 25
13 5 11
13 6 0
13 7 20
14 1 0
14 2 129
14 3 0
14 4 84
14 5 44
14 6 0
14 7 73
15 1 0
15 2 435
15 3 0
15 4 265
15 5 130
15 6 0
15 7 253
16 1 0
16 2 62
16 3 0
16 4 49
16 5 20
16 6 0
16 7 38
17 1 0
17 2 66
17 3 0
17 4 51
17 5 26
17 6 0
17 7 38
18 1 0
18 2 36
18 3 0
18 4 27
18 5 14
18 6 0
18 7 24
19 1 0
19 2 119
19 3 0
19 4 104
19 5 56
19 6 0
19 7 88
20 1 0
20 2 23
20 3 0
20 4 17
20 5 8
20 6 0
20 7 12
21 1 0
21 2 24
21 3 0
21 4 15
21 5 8
21 6 0
21 7 14
22 1 0
22 2 19
22 3 0
22 4 15
22 5 7
22 6 0
22 7 12
23 1 0
23 2 24
23 3 0
23 4 17
23 5 10
23 6 0
23 7 15
24 1 0
24 2 21
24 3 0
24 4 17
24 5 10
24 6 0
24 7 13
25 1 0
25 2 30
25 3 0
25 4 21
25 5 11
25 6 0
25 7 17
26 1 0
26 2 94
26 3 0
26 4 60
26 5 32
26 6 0
26 7 48
27 1 0
27 2 33
27 3 0
27 4 26
27 5 13
27 6 0
27 7 20
28 1 0
28 2 20
28 3 0
28 4 14
28 5 7
28 6 0
28 7 13
29 1 0
29 2 26
29 3 0
29 4 23
29 5 10
29 6 0
29 7 16
30 1 0
30 2 21
30 3 0
30 4 14
30 5 7
30 6 0
30 7 12
31 1 0
31 2 18
31 3 0
31 4 16
31 5 7
31 6 0
31 7 13
32 1 0
32 2 42
32 3 0
32 4 32
32 5 16
32 6 0
32 7 26
33 1 0
33 2 44
33 3 0
33 4 36
33 5 19
33 6 0
33 7 27
34 1 0
34 2 17
34 3 0
34 4 17
34 5 7
34 6 0
34 7 11
35 1 0
35 2 13
35 3 0
35 4 11
35 5 6
35 6 0
35 7 8
36 1 0
36 2 10
36 3 0
36 4 9
36 5 5
36 6 0
36 7 8
37 1 0
37 2 36
37 3 0
37 4 28
37 5 12
37 6 0
37 7 19
38 1 0
38 2 82
38 3 0
38 4 67
38 5 34
38 6 0
38 7 42
39 1 0
39 2 21
39 3 0
39 4 15
39 5 8
39 6 0
39 7 14
40 1 0
40 2 33
40 3 0
40 4 25
40 5 14
40 6 0
40 7 23
41 1 0
41 2 15
41 3 0
41 4 13
41 5 7
41 6 0
41 7 10
42 1 0
42 2 475
42 3 0
42 4 362
42 5 172
42 6 0
42 7 336
43 1 0
43 2 20
43 3 0
43 4 18
43 5 10
43 6 0
43 7 15
44 1 0
44 2 24
44 3 0
44 4 18
44 5 9
44 6 0
44 7 14
45 1 0
45 2 32
45 3 0
45 4 22
45 5 10
45 6 0
45 7 17
46 1 0
46 2 116
46 3 0
46 4 90
46 5 53
46 6 0
46 7 76
47 1 0
47 2 36
47 3 0
47 4 30
47 5 13
47 6 0
47 7 24
48 1 0
48 2 20
48 3 0
48 4 17
48 5 9
48 6 0
48 7 13
49 1 0
49 2 22
49 3 0
49 4 16
49 5 9
49 6 0
49 7 14
50 1 0
50 2 17
50 3 0
50 4 11
50 5 7
50 6 0
50 7 10
51 1 0
51 2 11
51 3 0
51 4 7
51 5 4
51 6 0
51 7 6
52 1 0
52 2 179
52 3 0
52 4 151
52 5 73
52 6 0
52 7 118
53 1 0
53 2 311
53 3 0
53 4 245
53 5 96
53 6 0
53 7 200

# Precedence Relations
1 2
1 3
1 4
1 5
1 6
1 7
2 36
3 36
4 9
5 9
6 9
7 9
8 9
9 10
10 11
11 12
12 13
12 14
12 15
13 16
13 17
13 18
14 22
15 16
15 17
16 29
16 30
16 31
17 19
18 42
19 20
19 21
19 22
20 23
21 24
22 25
23 36
24 36
25 26
26 27
27 28
28 29
28 30
28 31
28 32
28 33
28 34
29 35
30 35
31 35
32 35
33 35
34 35
35 36
36 37
37 38
37 39
37 40
38 41
39 41
40 41
41 42
42 43
42 44
42 45
42 46
42 47
43 48
44 49
45 51
45 52
46 50
47 51
47 52
48 51
48 52
49 51
49 52
50 51
50 52
51 53
52 53

# Parameters
R_e = 0.0500
T = 2806.0
C_s = 4.0
C_w = 36.0
C_c = 5.0
