# Tasks
1 2 3 4 5 6 7 8 9 10 11 12 13 14 15 16 17 18 19 20 21 22 23 24 25 26 27 28 29 30 31 32 33 34 35 36 37 38 39 40 41 42 43 44 45 46 47 48 49 50 51 52 53 54 55 56 57 58 59 60 61 62 63 64 65 66 67 68 69 70 71 72 73 74 75 76 77 78 79 80 81 82 83 84 85 86 87 88 89 90 91 92 93 94

# Workstations
1 2 3 4 5 6 7 8 9 10 11 12 13 14 15 16 17 18 19 20 21 22 23 24 25 26 27 28 29 30 31 32 33 34 35 36 37 38 39 40 41 42 43 44 45 46 47 48 49 50 51 52 53 54 55 56 57 58 59 60 61 62 63 64 65 66 67 68 69 70 71 72 73 74 75 76 77 78 79 80 81 82 83 84 85 86 87 88 89 90 91 92 93 94

# Modes
1 2 3 4 5 6 7

# Processing Times
1 1 158
1 2 308
1 3 160
1 4 312
1 5 135
1 6 167
1 7 326
2 1 42
2 2 83
2 3 41
2 4 81
2 5 36
2 6 45
2 7 88
3 1 17
3 2 35
3 3 17
3 4 34
3 5 14
3 6 19
3 7 38
4 1 24
4 2 54
4 3 26
4 4 57
4 5 23
4 6 25
4 7 55
5 1 71
5 2 132
5 3 70
5 4 130
5 5 63
5 6 78
5 7 145
6 1 66
6 2 146
6 3 68
6 4 151
6 5 53
6 6 69
6 7 153
7 1 50
7 2 105
7 3 49
7 4 102
7 5 42
7 6 51
7 7 107
8 1 55
8 2 118
8 3 56
8 4 119
8 5 51
8 6 61
8 7 129
9 1 30
9 2 62
9 3 29
9 4 60
9 5 26
9 6 31
9 7 64
10 1 28
10 2 61
10 3 27
10 4 59
10 5 24
10 6 31
10 7 67
11 1 113
11 2 257
11 3 116
11 4 262
11 5 95
11 6 121
11 7 274
12 1 114
12 2 251
12 3 116
12 4 255
12 5 99
12 6 124
12 7 272
13 1 57
13 2 133
13 3 60
13 4 139
13 5 47
13 6 62
13 7 143
14 1 65
14 2 119
14 3 67
14 4 122
14 5 53
14 6 69
14 7 126
15 1 15
15 2 36
15 3 16
15 4 37
15 5 13
15 6 17
15 7 40
16 1 11
16 2 28
16 3 11
16 4 28
16 5 10
16 6 12
16 7 29
17 1 10
17 2 19
17 3 10
17 4 19
17 5 10
17 6 11
17 7 20
18 1 19
18 2 47
18 3 19
18 4 46
18 5 17
18 6 21
18 7 52
19 1 8
19 2 17
19 3 9
19 4 18
19 5 8
19 6 9
19 7 18
20 1 17
20 2 38
20 3 18
20 4 39
20 5 17
20 6 19
20 7 42
21 1 57
21 2 138
21 3 56
21 4 134
21 5 52
21 6 59
21 7 142
22 1 40
22 2 99
22 3 40
22 4 99
22 5 35
22 6 43
22 7 106
23 1 17
23 2 42
23 3 18
23 4 43
23 5 16
23 6 19
23 7 46
24 1 11
24 2 23
24 3 11
24 4 23
24 5 10
24 6 12
24 7 24
25 1 17
25 2 35
25 3 17
25 4 35
25 5 15
25 6 19
25 7 38
26 1 27
26 2 62
26 3 27
26 4 62
26 5 25
26 6 29
26 7 66
27 1 17
27 2 42
27 3 17
27 4 42
27 5 15
27 6 18
27 7 43
28 1 18
28 2 36
28 3 19
28 4 37
28 5 16
28 6 20
28 7 40
29 1 16
29 2 30
29 3 17
29 4 32
29 5 15
29 6 17
29 7 31
30 1 18
30 2 34
30 3 18
30 4 33
30 5 16
30 6 19
30 7 36
31 1 50
31 2 109
31 3 51
31 4 110
31 5 45
31 6 51
31 7 110
32 1 18
32 2 40
32 3 19
32 4 41
32 5 17
32 6 19
32 7 41
33 1 13
33 2 30
33 3 14
33 4 32
33 5 11
33 6 14
33 7 31
34 1 21
34 2 45
34 3 21
34 4 44
34 5 18
34 6 23
34 7 48
35 1 63
35 2 154
35 3 64
35 4 155
35 5 54
35 6 67
35 7 162
36 1 8
36 2 20
36 3 8
36 4 20
36 5 8
36 6 9
36 7 21
37 1 63
37 2 125
37 3 61
37 4 120
37 5 60
37 6 65
37 7 129
38 1 9
38 2 21
38 3 9
38 4 21
38 5 9
38 6 10
38 7 23
39 1 20
39 2 45
39 3 21
39 4 48
39 5 19
39 6 21
39 7 46
40 1 72
40 2 178
40 3 74
40 4 182
40 5 66
40 6 76
40 7 187
41 1 30
41 2 63
41 3 30
41 4 63
41 5 25
41 6 33
41 7 69
42 1 69
42 2 167
42 3 73
42 4 175
42 5 63
42 6 76
42 7 182
43 1 27
43 2 52
43 3 28
43 4 53
43 5 24
43 6 29
43 7 55
44 1 9
44 2 21
44 3 9
44 4 21
44 5 8
44 6 10
44 7 24
45 1 41
45 2 93
45 3 43
45 4 96
45 5 39
45 6 43
45 7 96
46 1 38
46 2 74
46 3 38
46 4 74
46 5 33
46 6 39
46 7 76
47 1 76
47 2 148
47 3 74
47 4 144
47 5 64
47 6 79
47 7 153
48 1 31
48 2 71
48 3 31
48 4 70
48 5 28
48 6 33
48 7 75
49 1 11
49 2 23
49 3 11
49 4 23
49 5 10
49 6 12
49 7 26
50 1 29
50 2 70
50 3 29
50 4 70
50 5 26
50 6 32
50 7 77
51 1 48
51 2 108
51 3 51
51 4 113
51 5 41
51 6 50
51 7 111
52 1 8
52 2 17
52 3 9
52 4 18
52 5 7
52 6 9
52 7 19
53 1 171
53 2 392
53 3 171
53 4 392
53 5 163
53 6 179
53 7 410
54 1 48
54 2 89
54 3 46
54 4 85
54 5 40
54 6 51
54 7 95
55 1 43
55 2 105
55 3 45
55 4 110
55 5 36
55 6 44
55 7 107
56 1 18
56 2 44
56 3 19
56 4 46
56 5 16
56 6 20
56 7 47
57 1 94
57 2 212
57 3 96
57 4 217
57 5 83
57 6 96
57 7 217
58 1 9
58 2 20
58 3 10
58 4 21
58 5 9
58 6 10
58 7 22
59 1 19
59 2 43
59 3 20
59 4 44
59 5 18
59 6 20
59 7 45
60 1 24
60 2 48
60 3 25
60 4 50
60 5 21
60 6 26
60 7 52
61 1 8
61 2 18
61 3 9
61 4 19
61 5 8
61 6 9
61 7 19
62 1 34
62 2 72
62 3 34
62 4 71
62 5 30
62 6 35
62 7 74
63 1 62
63 2 146
63 3 61
63 4 143
63 5 59
63 6 63
63 7 148
64 1 12
64 2 23
64 3 13
64 4 24
64 5 11
64 6 13
64 7 25
65 1 8
65 2 20
65 3 8
65 4 20
65 5 7
65 6 9
65 7 22
66 1 47
66 2 98
66 3 48
66 4 100
66 5 39
66 6 48
66 7 100
67 1 27
67 2 53
67 3 28
67 4 55
67 5 24
67 6 28
67 7 55
68 1 18
68 2 38
68 3 19
68 4 40
68 5 17
68 6 20
68 7 42
69 1 52
69 2 115
69 3 53
69 4 118
69 5 45
69 6 56
69 7 124
70 1 65
70 2 136
70 3 66
70 4 137
70 5 61
70 6 66
70 7 138
71 1 72
71 2 159
71 3 75
71 4 165
71 5 66
71 6 79
71 7 173
72 1 51
72 2 93
72 3 51
72 4 93
72 5 45
72 6 56
72 7 102
73 1 58
73 2 142
73 3 56
73 4 136
73 5 50
73 6 59
73 7 145
74 1 53
74 2 118
74 3 53
74 4 118
74 5 49
74 6 55
74 7 122
75 1 76
75 2 156
75 3 80
75 4 163
75 5 70
75 6 78
75 7 159
76 1 93
76 2 186
76 3 97
76 4 193
76 5 76
76 6 98
76 7 195
77 1 86
77 2 194
77 3 84
77 4 188
77 5 80
77 6 93
77 7 209
78 1 76
78 2 142
78 3 77
78 4 144
78 5 65
78 6 80
78 7 149
79 1 9
79 2 18
79 3 9
79 4 18
79 5 9
79 6 10
79 7 20
80 1 14
80 2 34
80 3 14
80 4 34
80 5 14
80 6 15
80 7 36
81 1 55
81 2 103
81 3 53
81 4 98
81 5 49
81 6 61
81 7 113
82 1 32
82 2 61
82 3 33
82 4 63
82 5 29
82 6 33
82 7 62
83 1 22
83 2 51
83 3 22
83 4 50
83 5 20
83 6 24
83 7 55
84 1 35
84 2 65
84 3 36
84 4 66
84 5 31
84 6 39
84 7 71
85 1 63
85 2 118
85 3 65
85 4 121
85 5 51
85 6 68
85 7 127
86 1 59
86 2 146
86 3 57
86 4 141
86 5 54
86 6 60
86 7 147
87 1 149
87 2 364
87 3 150
87 4 365
87 5 131
87 6 158
87 7 384
88 1 40
88 2 97
88 3 41
88 4 98
88 5 36
88 6 44
88 7 105
89 1 24
89 2 47
89 3 24
89 4 47
89 5 21
89 6 25
89 7 49
90 1 123
90 2 274
90 3 118
90 4 262
90 5 106
90 6 134
90 7 297
91 1 25
91 2 53
91 3 25
91 4 53
91 5 22
91 6 28
91 7 58
92 1 115
92 2 231
92 3 115
92 4 230
92 5 110
92 6 123
92 7 246
93 1 103
93 2 254
93 3 105
93 4 258
93 5 94
93 6 108
93 7 265
94 1 54
94 2 111
94 3 54
94 4 110
94 5 44
94 6 56
94 7 114

# Energy Consumption
1 1 0
1 2 79
1 3 0
1 4 64
1 5 21
1 6 0
1 7 49
2 1 0
2 2 21
2 3 0
2 4 18
2 5 6
2 6 0
2 7 13
3 1 0
3 2 9
3 3 0
3 4 8
3 5 3
3 6 0
3 7 5
4 1 0
4 2 15
4 3 0
4 4 12
4 5 4
4 6 0
4 7 7
5 1 0
5 2 33
5 3 0
5 4 24
5 5 11
5 6 0
5 7 18
6 1 0
6 2 40
6 3 0
6 4 29
6 5 8
6 6 0
6 7 20
7 1 0
7 2 26
7 3 0
7 4 19
7 5 7
7 6 0
7 7 16
8 1 0
8 2 35
8 3 0
8 4 25
8 5 8
8 6 0
8 7 19
9 1 0
9 2 18
9 3 0
9 4 12
9 5 4
9 6 0
9 7 9
10 1 0
10 2 18
10 3 0
10 4 13
10 5 4
10 6 0
10 7 10
11 1 0
11 2 57
11 3 0
11 4 55
11 5 16
11 6 0
11 7 34
12 1 0
12 2 59
12 3 0
12 4 57
12 5 16
12 6 0
12 7 38
13 1 0
13 2 39
13 3 0
13 4 26
13 5 8
13 6 0
13 7 22
14 1 0
14 2 31
14 3 0
14 4 23
14 5 9
14 6 0
14 7 16
15 1 0
15 2 10
15 3 0
15 4 8
15 5 3
15 6 0
15 7 6
16 1 0
16 2 8
16 3 0
16 4 6
16 5 2
16 6 0
16 7 4
17 1 0
17 2 6
17 3 0
17 4 4
17 5 2
17 6 0
17 7 3
18 1 0
18 2 14
18 3 0
18 4 10
18 5 3
18 6 0
18 7 8
19 1 0
19 2 5
19 3 0
19 4 4
19 5 2
19 6 0
19 7 3
20 1 0
20 2 10
20 3 0
20 4 8
20 5 3
20 6 0
20 7 7
21 1 0
21 2 38
21 3 0
21 4 27
21 5 9
21 6 0
21 7 21
22 1 0
22 2 23
22 3 0
22 4 21
22 5 5
22 6 0
22 7 16
23 1 0
23 2 13
23 3 0
23 4 9
23 5 3
23 6 0
23 7 7
24 1 0
24 2 7
24 3 0
24 4 5
24 5 2
24 6 0
24 7 4
25 1 0
25 2 11
25 3 0
25 4 7
25 5 3
25 6 0
25 7 5
26 1 0
26 2 15
26 3 0
26 4 13
26 5 4
26 6 0
26 7 9
27 1 0
27 2 12
27 3 0
27 4 9
27 5 3
27 6 0
27 7 7
28 1 0
28 2 11
28 3 0
28 4 8
28 5 3
28 6 0
28 7 6
29 1 0
29 2 8
29 3 0
29 4 7
29 5 3
29 6 0
29 7 4
30 1 0
30 2 8
30 3 0
30 4 7
30 5 3
30 6 0
30 7 5
31 1 0
31 2 25
31 3 0
31 4 21
31 5 7
31 6 0
31 7 14
32 1 0
32 2 12
32 3 0
32 4 8
32 5 3
32 6 0
32 7 5
33 1 0
33 2 8
33 3 0
33 4 7
33 5 2
33 6 0
33 7 5
34 1 0
34 2 11
34 3 0
34 4 9
34 5 3
34 6 0
34 7 7
35 1 0
35 2 36
35 3 0
35 4 29
35 5 8
35 6 0
35 7 20
36 1 0
36 2 5
36 3 0
36 4 4
36 5 2
36 6 0
36 7 4
37 1 0
37 2 29
37 3 0
37 4 25
37 5 9
37 6 0
37 7 17
38 1 0
38 2 6
38 3 0
38 4 5
38 5 2
38 6 0
38 7 4
39 1 0
39 2 12
39 3 0
39 4 10
39 5 3
39 6 0
39 7 7
40 1 0
40 2 42
40 3 0
40 4 35
40 5 10
40 6 0
40 7 26
41 1 0
41 2 15
41 3 0
41 4 14
41 5 4
41 6 0
41 7 9
42 1 0
42 2 39
42 3 0
42 4 37
42 5 11
42 6 0
42 7 25
43 1 0
43 2 13
43 3 0
43 4 10
43 5 4
43 6 0
43 7 8
44 1 0
44 2 5
44 3 0
44 4 4
44 5 2
44 6 0
44 7 4
45 1 0
45 2 26
45 3 0
45 4 19
45 5 6
45 6 0
45 7 13
46 1 0
46 2 20
46 3 0
46 4 16
46 5 5
46 6 0
46 7 12
47 1 0
47 2 43
47 3 0
47 4 27
47 5 10
47 6 0
47 7 22
48 1 0
48 2 19
48 3 0
48 4 13
48 5 5
48 6 0
48 7 11
49 1 0
49 2 6
49 3 0
49 4 5
49 5 2
49 6 0
49 7 4
50 1 0
50 2 21
50 3 0
50 4 14
50 5 4
50 6 0
50 7 11
51 1 0
51 2 32
51 3 0
51 4 22
51 5 6
51 6 0
51 7 15
52 1 0
52 2 6
52 3 0
52 4 4
52 5 2
52 6 0
52 7 3
53 1 0
53 2 88
53 3 0
53 4 71
53 5 26
53 6 0
53 7 54
54 1 0
54 2 27
54 3 0
54 4 19
54 5 7
54 6 0
54 7 15
55 1 0
55 2 24
55 3 0
55 4 24
55 5 6
55 6 0
55 7 14
56 1 0
56 2 14
56 3 0
56 4 10
56 5 3
56 6 0
56 7 7
57 1 0
57 2 54
57 3 0
57 4 40
57 5 13
57 6 0
57 7 32
58 1 0
58 2 6
58 3 0
58 4 5
58 5 2
58 6 0
58 7 4
59 1 0
59 2 13
59 3 0
59 4 10
59 5 3
59 6 0
59 7 6
60 1 0
60 2 11
60 3 0
60 4 11
60 5 4
60 6 0
60 7 7
61 1 0
61 2 5
61 3 0
61 4 5
61 5 2
61 6 0
61 7 3
62 1 0
62 2 18
62 3 0
62 4 15
62 5 5
62 6 0
62 7 10
63 1 0
63 2 44
63 3 0
63 4 28
63 5 10
63 6 0
63 7 20
64 1 0
64 2 6
64 3 0
64 4 5
64 5 2
64 6 0
64 7 4
65 1 0
65 2 5
65 3 0
65 4 5
65 5 2
65 6 0
65 7 4
66 1 0
66 2 24
66 3 0
66 4 20
66 5 6
66 6 0
66 7 13
67 1 0
67 2 16
67 3 0
67 4 11
67 5 4
67 6 0
67 7 8
68 1 0
68 2 12
68 3 0
68 4 8
68 5 3
68 6 0
68 7 6
69 1 0
69 2 31
69 3 0
69 4 23
69 5 7
69 6 0
69 7 16
70 1 0
70 2 36
70 3 0
70 4 26
70 5 10
70 6 0
70 7 17
71 1 0
71 2 37
71 3 0
71 4 37
71 5 10
71 6 0
71 7 25
72 1 0
72 2 26
72 3 0
72 4 18
72 5 8
72 6 0
72 7 13
73 1 0
73 2 32
73 3 0
73 4 25
73 5 8
73 6 0
73 7 19
74 1 0
74 2 30
74 3 0
74 4 25
74 5 8
74 6 0
74 7 17
75 1 0
75 2 38
75 3 0
75 4 33
75 5 11
75 6 0
75 7 24
76 1 0
76 2 44
76 3 0
76 4 37
76 5 12
76 6 0
76 7 24
77 1 0
77 2 46
77 3 0
77 4 37
77 5 13
77 6 0
77 7 27
78 1 0
78 2 36
78 3 0
78 4 28
78 5 11
78 6 0
78 7 21
79 1 0
79 2 5
79 3 0
79 4 4
79 5 2
79 6 0
79 7 3
80 1 0
80 2 9
80 3 0
80 4 8
80 5 3
80 6 0
80 7 5
81 1 0
81 2 28
81 3 0
81 4 20
81 5 8
81 6 0
81 7 16
82 1 0
82 2 17
82 3 0
82 4 12
82 5 5
82 6 0
82 7 9
83 1 0
83 2 12
83 3 0
83 4 11
83 5 4
83 6 0
83 7 8
84 1 0
84 2 18
84 3 0
84 4 14
84 5 5
84 6 0
84 7 9
85 1 0
85 2 30
85 3 0
85 4 26
85 5 8
85 6 0
85 7 17
86 1 0
86 2 36
86 3 0
86 4 29
86 5 8
86 6 0
86 7 21
87 1 0
87 2 103
87 3 0
87 4 72
87 5 19
87 6 0
87 7 52
88 1 0
88 2 26
88 3 0
88 4 20
88 5 6
88 6 0
88 7 13
89 1 0
89 2 14
89 3 0
89 4 9
89 5 4
89 6 0
89 7 6
90 1 0
90 2 69
90 3 0
90 4 53
90 5 17
90 6 0
90 7 39
91 1 0
91 2 15
91 3 0
91 4 12
91 5 4
91 6 0
91 7 8
92 1 0
92 2 52
92 3 0
92 4 48
92 5 18
92 6 0
92 7 37
93 1 0
93 2 64
93 3 0
93 4 52
93 5 14
93 6 0
93 7 33
94 1 0
94 2 31
94 3 0
94 4 20
94 5 7
94 6 0
94 7 17

# Precedence Relations
1 2
1 3
1 4
1 5
1 6
1 7
1 8
1 9
1 10
2 11
2 17
3 12
4 11
4 16
5 11
5 13
5 18
5 16
6 11
6 15
6 13
6 19
7 42
8 29
9 11
10 19
10 37
10 48
10 50
11 14
12 20
12 61
12 52
13 82
14 25
14 23
14 30
14 31
14 24
14 32
14 22
14 21
14 26
14 28
14 27
14 29
15 81
16 75
17 82
18 75
19 75
20 78
21 71
21 60
21 53
21 39
21 40
21 41
22 38
22 72
22 49
22 58
23 34
23 35
24 37
24 44
25 57
25 63
25 33
25 73
25 60
25 65
25 56
26 41
26 43
27 62
27 58
27 54
27 55
27 56
28 33
28 35
28 40
28 43
28 49
28 51
28 52
28 54
29 75
30 59
30 42
30 36
31 74
32 36
32 47
32 44
32 60
32 45
32 69
32 46
32 48
32 50
33 78
34 78
35 78
36 82
37 61
37 73
37 64
37 66
37 67
37 68
37 69
37 70
37 71
37 72
37 62
38 82
39 82
40 78
41 78
42 74
43 78
44 75
45 75
46 75
46 76
47 75
48 75
49 78
50 75
51 78
52 78
53 76
53 77
54 78
55 77
56 77
57 76
57 77
58 77
59 82
60 77
61 77
62 77
63 77
64 74
65 74
66 75
66 76
67 74
68 82
69 77
69 75
70 77
70 76
71 76
72 76
73 77
74 82
75 82
76 82
77 78
78 79
78 80
79 81
80 81
81 82
82 83
83 84
83 85
84 86
85 86
86 87
87 88
88 89
88 90
89 92
90 91
90 93
92 94

# Parameters
R_e = 0.0500
T = 234.0
C_s = 4.0
C_w = 36.0
C_c = 5.0
