# Tasks
1 2 3 4 5 6 7 8 9 10 11 12 13 14 15 16 17 18 19 20

# Workstations
1 2 3 4 5 6 7 8 9 10 11 12 13 14 15 16 17 18 19 20

# Modes
1 2 3 4 5 6 7

# Processing Times
1 1 210
1 2 217
1 3 204
1 4 211
1 5 135
1 6 258
1 7 266
2 1 169
2 2 171
2 3 176
2 4 178
2 5 103
2 6 195
2 7 198
3 1 191
3 2 196
3 3 186
3 4 191
3 5 121
3 6 212
3 7 218
4 1 141
4 2 122
4 3 144
4 4 125
4 5 79
4 6 169
4 7 146
5 1 66
5 2 57
5 3 65
5 4 56
5 5 45
5 6 77
5 7 67
6 1 117
6 2 128
6 3 119
6 4 130
6 5 71
6 6 140
6 7 153
7 1 232
7 2 211
7 3 242
7 4 220
7 5 147
7 6 289
7 7 263
8 1 39
8 2 38
8 3 39
8 4 38
8 5 25
8 6 44
8 7 43
9 1 164
9 2 147
9 3 166
9 4 149
9 5 105
9 6 182
9 7 163
10 1 167
10 2 161
10 3 161
10 4 155
10 5 111
10 6 206
10 7 199
11 1 120
11 2 104
11 3 116
11 4 101
11 5 82
11 6 150
11 7 130
12 1 33
12 2 37
12 3 35
12 4 39
12 5 22
12 6 39
12 7 43
13 1 35
13 2 37
13 3 37
13 4 39
13 5 21
13 6 39
13 7 41
14 1 255
14 2 264
14 3 260
14 4 270
14 5 171
14 6 291
14 7 302
15 1 134
15 2 127
15 3 139
15 4 131
15 5 91
15 6 155
15 7 147
16 1 275
16 2 281
16 3 266
16 4 272
16 5 157
16 6 340
16 7 347
17 1 22
17 2 22
17 3 23
17 4 23
17 5 16
17 6 28
17 7 28
18 1 110
18 2 118
18 3 106
18 4 113
18 5 62
18 6 136
18 7 145
19 1 218
19 2 191
19 3 229
19 4 200
19 5 152
19 6 264
19 7 231
20 1 94
20 2 95
20 3 98
20 4 99
20 5 66
20 6 111
20 7 112

# Energy Consumption
1 1 0
1 2 58
1 3 0
1 4 41
1 5 22
1 6 0
1 7 33
2 1 0
2 2 42
2 3 0
2 4 39
2 5 16
2 6 0
2 7 25
3 1 0
3 2 51
3 3 0
3 4 40
3 5 19
3 6 0
3 7 33
4 1 0
4 2 36
4 3 0
4 4 24
4 5 12
4 6 0
4 7 21
5 1 0
5 2 14
5 3 0
5 4 11
5 5 7
5 6 0
5 7 9
6 1 0
6 2 31
6 3 0
6 4 26
6 5 11
6 6 0
6 7 19
7 1 0
7 2 47
7 3 0
7 4 42
7 5 22
7 6 0
7 7 33
8 1 0
8 2 12
8 3 0
8 4 8
8 5 4
8 6 0
8 7 7
9 1 0
9 2 40
9 3 0
9 4 33
9 5 17
9 6 0
9 7 22
10 1 0
10 2 45
10 3 0
10 4 32
10 5 17
10 6 0
10 7 26
11 1 0
11 2 28
11 3 0
11 4 20
11 5 13
11 6 0
11 7 19
12 1 0
12 2 10
12 3 0
12 4 9
12 5 4
12 6 0
12 7 6
13 1 0
13 2 11
13 3 0
13 4 9
13 5 4
13 6 0
13 7 6
14 1 0
14 2 78
14 3 0
14 4 54
14 5 26
14 6 0
14 7 46
15 1 0
15 2 38
15 3 0
15 4 25
15 5 14
15 6 0
15 7 22
16 1 0
16 2 72
16 3 0
16 4 58
16 5 24
16 6 0
16 7 50
17 1 0
17 2 6
17 3 0
17 4 5
17 5 3
17 6 0
17 7 4
18 1 0
18 2 32
18 3 0
18 4 22
18 5 10
18 6 0
18 7 21
19 1 0
19 2 44
19 3 0
19 4 40
19 5 23
19 6 0
19 7 33
20 1 0
20 2 26
20 3 0
20 4 20
20 5 11
20 6 0
20 7 14

# Precedence Relations
1 9
2 3
2 4
2 5
3 9
4 7
4 8
5 6
6 9
7 9
8 10
8 11
8 12
9 13
9 14
9 15
9 16
9 17
13 20
14 18
15 19
16 18
16 19
17 19

# Parameters
R_e = 0.0500
T = 1000.0
C_s = 4.0
C_w = 36.0
C_c = 5.0
