# Tasks
1 2 3 4 5 6 7 8 9 10 11 12 13 14 15 16 17 18 19 20

# Workstations
1 2 3 4 5 6 7 8 9 10 11 12 13 14 15 16 17 18 19 20

# Modes
1 2 3 4 5 6 7

# Processing Times
1 1 88
1 2 185
1 3 88
1 4 184
1 5 79
1 6 97
1 7 203
2 1 95
2 2 200
2 3 95
2 4 199
2 5 85
2 6 104
2 7 219
3 1 105
3 2 221
3 3 105
3 4 220
3 5 94
3 6 115
3 7 242
4 1 140
4 2 294
4 3 140
4 4 293
4 5 125
4 6 153
4 7 322
5 1 114
5 2 239
5 3 114
5 4 238
5 5 102
5 6 125
5 7 262
6 1 123
6 2 258
6 3 123
6 4 257
6 5 110
6 6 135
6 7 282
7 1 250
7 2 525
7 3 249
7 4 522
7 5 224
7 6 274
7 7 574
8 1 90
8 2 189
8 3 90
8 4 188
8 5 81
8 6 99
8 7 207
9 1 61
9 2 128
9 3 61
9 4 128
9 5 55
9 6 67
9 7 140
10 1 107
10 2 225
10 3 107
10 4 224
10 5 96
10 6 117
10 7 246
11 1 68
11 2 143
11 3 68
11 4 143
11 5 61
11 6 75
11 7 157
12 1 155
12 2 325
12 3 155
12 4 323
12 5 139
12 6 170
12 7 356
13 1 142
13 2 298
13 3 142
13 4 297
13 5 127
13 6 156
13 7 326
14 1 21
14 2 45
14 3 21
14 4 45
14 5 19
14 6 23
14 7 50
15 1 106
15 2 223
15 3 106
15 4 222
15 5 95
15 6 116
15 7 244
16 1 67
16 2 141
16 3 67
16 4 141
16 5 60
16 6 74
16 7 155
17 1 52
17 2 109
17 3 52
17 4 109
17 5 47
17 6 57
17 7 120
18 1 55
18 2 116
18 3 55
18 4 116
18 5 50
18 6 61
18 7 127
19 1 51
19 2 107
19 3 51
19 4 107
19 5 46
19 6 56
19 7 117
20 1 82
20 2 172
20 3 82
20 4 171
20 5 74
20 6 90
20 7 188

# Energy Consumption
1 1 0
1 2 47
1 3 0
1 4 38
1 5 12
1 6 0
1 7 30
2 1 0
2 2 51
2 3 0
2 4 43
2 5 14
2 6 0
2 7 31
3 1 0
3 2 57
3 3 0
3 4 46
3 5 15
3 6 0
3 7 31
4 1 0
4 2 79
4 3 0
4 4 60
4 5 20
4 6 0
4 7 40
5 1 0
5 2 58
5 3 0
5 4 43
5 5 17
5 6 0
5 7 32
6 1 0
6 2 70
6 3 0
6 4 49
6 5 17
6 6 0
6 7 37
7 1 0
7 2 130
7 3 0
7 4 96
7 5 35
7 6 0
7 7 86
8 1 0
8 2 56
8 3 0
8 4 39
8 5 13
8 6 0
8 7 30
9 1 0
9 2 37
9 3 0
9 4 24
9 5 8
9 6 0
9 7 19
10 1 0
10 2 65
10 3 0
10 4 48
10 5 15
10 6 0
10 7 35
11 1 0
11 2 32
11 3 0
11 4 30
11 5 10
11 6 0
11 7 19
12 1 0
12 2 76
12 3 0
12 4 72
12 5 23
12 6 0
12 7 49
13 1 0
13 2 86
13 3 0
13 4 55
13 5 20
13 6 0
13 7 49
14 1 0
14 2 12
14 3 0
14 4 9
14 5 3
14 6 0
14 7 7
15 1 0
15 2 58
15 3 0
15 4 44
15 5 15
15 6 0
15 7 31
16 1 0
16 2 36
16 3 0
16 4 28
16 5 9
16 6 0
16 7 20
17 1 0
17 2 29
17 3 0
17 4 21
17 5 8
17 6 0
17 7 15
18 1 0
18 2 34
18 3 0
18 4 24
18 5 8
18 6 0
18 7 19
19 1 0
19 2 32
19 3 0
19 4 20
19 5 7
19 6 0
19 7 18
20 1 0
20 2 42
20 3 0
20 4 35
20 5 11
20 6 0
20 7 28

# Precedence Relations
1 4
2 6
3 5
3 6
4 7
5 7
5 8
6 7
7 9
7 11
7 12
8 10
8 11
8 20
9 13
10 16
12 14
12 15
12 19
13 17
14 20
15 18
16 19

# Parameters
R_e = 0.0500
T = 1000.0
C_s = 4.0
C_w = 36.0
C_c = 5.0
