# Tasks
1 2 3 4 5 6 7 8 9 10 11 12 13 14 15 16 17 18 19 20

# Workstations
1 2 3 4 5 6 7 8 9 10 11 12 13 14 15 16 17 18 19 20

# Modes
1 2 3 4 5 6 7

# Processing Times
1 1 374
1 2 764
1 3 400
1 4 817
1 5 166
1 6 458
1 7 935
2 1 318
2 2 650
2 3 340
2 4 695
2 5 142
2 6 389
2 7 795
3 1 153
3 2 313
3 3 164
3 4 335
3 5 68
3 6 188
3 7 383
4 1 182
4 2 372
4 3 195
4 4 398
4 5 81
4 6 223
4 7 455
5 1 168
5 2 343
5 3 180
5 4 367
5 5 75
5 6 206
5 7 420
6 1 313
6 2 639
6 3 335
6 4 683
6 5 139
6 6 383
6 7 782
7 1 159
7 2 325
7 3 170
7 4 348
7 5 71
7 6 195
7 7 398
8 1 166
8 2 339
8 3 178
8 4 363
8 5 74
8 6 204
8 7 415
9 1 55
9 2 113
9 3 59
9 4 121
9 5 25
9 6 68
9 7 139
10 1 242
10 2 495
10 3 259
10 4 529
10 5 108
10 6 296
10 7 606
11 1 76
11 2 156
11 3 82
11 4 167
11 5 34
11 6 93
11 7 191
12 1 177
12 2 362
12 3 190
12 4 387
12 5 79
12 6 217
12 7 443
13 1 166
13 2 339
13 3 178
13 4 363
13 5 74
13 6 204
13 7 415
14 1 119
14 2 243
14 3 128
14 4 260
14 5 53
14 6 146
14 7 298
15 1 150
15 2 307
15 3 161
15 4 328
15 5 67
15 6 184
15 7 376
16 1 303
16 2 619
16 3 324
16 4 662
16 5 135
16 6 371
16 7 757
17 1 138
17 2 282
17 3 148
17 4 302
17 5 62
17 6 169
17 7 345
18 1 52
18 2 107
18 3 56
18 4 115
18 5 24
18 6 64
18 7 131
19 1 48
19 2 98
19 3 52
19 4 105
19 5 22
19 6 59
19 7 120
20 1 146
20 2 299
20 3 156
20 4 320
20 5 65
20 6 179
20 7 366

# Energy Consumption
1 1 0
1 2 190
1 3 0
1 4 179
1 5 25
1 6 0
1 7 136
2 1 0
2 2 163
2 3 0
2 4 150
2 5 23
2 6 0
2 7 110
3 1 0
3 2 71
3 3 0
3 4 65
3 5 11
3 6 0
3 7 47
4 1 0
4 2 106
4 3 0
4 4 86
4 5 13
4 6 0
4 7 59
5 1 0
5 2 88
5 3 0
5 4 78
5 5 12
5 6 0
5 7 56
6 1 0
6 2 146
6 3 0
6 4 128
6 5 21
6 6 0
6 7 108
7 1 0
7 2 95
7 3 0
7 4 70
7 5 10
7 6 0
7 7 56
8 1 0
8 2 89
8 3 0
8 4 72
8 5 11
8 6 0
8 7 59
9 1 0
9 2 31
9 3 0
9 4 26
9 5 4
9 6 0
9 7 21
10 1 0
10 2 128
10 3 0
10 4 108
10 5 16
10 6 0
10 7 80
11 1 0
11 2 36
11 3 0
11 4 31
11 5 6
11 6 0
11 7 29
12 1 0
12 2 87
12 3 0
12 4 73
12 5 13
12 6 0
12 7 61
13 1 0
13 2 88
13 3 0
13 4 73
13 5 11
13 6 0
13 7 54
14 1 0
14 2 73
14 3 0
14 4 52
14 5 8
14 6 0
14 7 44
15 1 0
15 2 90
15 3 0
15 4 69
15 5 11
15 6 0
15 7 47
16 1 0
16 2 150
16 3 0
16 4 141
16 5 20
16 6 0
16 7 94
17 1 0
17 2 78
17 3 0
17 4 61
17 5 9
17 6 0
17 7 48
18 1 0
18 2 27
18 3 0
18 4 23
18 5 4
18 6 0
18 7 19
19 1 0
19 2 25
19 3 0
19 4 22
19 5 4
19 6 0
19 7 17
20 1 0
20 2 84
20 3 0
20 4 63
20 5 10
20 6 0
20 7 52

# Precedence Relations
1 11
2 4
2 5
2 6
3 4
3 6
3 7
4 11
5 8
5 9
5 10
6 20
7 12
7 13
7 18
8 11
9 11
10 12
10 13
11 14
11 15
11 16
11 17
11 18
13 19
15 19
15 20
17 19
17 20
18 19

# Parameters
R_e = 0.0500
T = 1000.0
C_s = 4.0
C_w = 36.0
C_c = 5.0
