# Tasks
1 2 3 4 5 6 7 8 9 10 11 12 13 14 15 16 17 18 19 20

# Workstations
1 2 3 4 5 6 7 8 9 10 11 12 13 14 15 16 17 18 19 20

# Modes
1 2 3 4 5 6 7

# Processing Times
1 1 209
1 2 318
1 3 212
1 4 322
1 5 91
1 6 280
1 7 427
2 1 57
2 2 75
2 3 59
2 4 78
2 5 23
2 6 72
2 7 95
3 1 204
3 2 312
3 3 203
3 4 311
3 5 73
3 6 279
3 7 426
4 1 119
4 2 167
4 3 118
4 4 166
4 5 52
4 6 168
4 7 235
5 1 180
5 2 263
5 3 180
5 4 263
5 5 63
5 6 259
5 7 378
6 1 82
6 2 103
6 3 79
6 4 99
6 5 26
6 6 109
6 7 137
7 1 174
7 2 216
7 3 172
7 4 213
7 5 56
7 6 240
7 7 298
8 1 64
8 2 86
8 3 65
8 4 87
8 5 28
8 6 90
8 7 121
9 1 116
9 2 182
9 3 112
9 4 176
9 5 50
9 6 163
9 7 256
10 1 206
10 2 274
10 3 207
10 4 275
10 5 78
10 6 288
10 7 382
11 1 83
11 2 121
11 3 85
11 4 123
11 5 34
11 6 112
11 7 163
12 1 73
12 2 106
12 3 76
12 4 110
12 5 25
12 6 103
12 7 149
13 1 162
13 2 240
13 3 166
13 4 246
13 5 55
13 6 209
13 7 310
14 1 58
14 2 92
14 3 59
14 4 93
14 5 24
14 6 81
14 7 129
15 1 161
15 2 242
15 3 168
15 4 253
15 5 50
15 6 226
15 7 340
16 1 319
16 2 483
16 3 320
16 4 484
16 5 109
16 6 428
16 7 648
17 1 87
17 2 137
17 3 88
17 4 139
17 5 33
17 6 122
17 7 192
18 1 148
18 2 203
18 3 151
18 4 207
18 5 60
18 6 199
18 7 273
19 1 56
19 2 86
19 3 56
19 4 85
19 5 19
19 6 76
19 7 116
20 1 169
20 2 240
20 3 167
20 4 237
20 5 63
20 6 237
20 7 336

# Energy Consumption
1 1 0
1 2 73
1 3 0
1 4 65
1 5 14
1 6 0
1 7 60
2 1 0
2 2 17
2 3 0
2 4 16
2 5 4
2 6 0
2 7 13
3 1 0
3 2 91
3 3 0
3 4 58
3 5 12
3 6 0
3 7 52
4 1 0
4 2 40
4 3 0
4 4 36
4 5 8
4 6 0
4 7 33
5 1 0
5 2 72
5 3 0
5 4 50
5 5 10
5 6 0
5 7 52
6 1 0
6 2 29
6 3 0
6 4 21
6 5 4
6 6 0
6 7 19
7 1 0
7 2 59
7 3 0
7 4 47
7 5 9
7 6 0
7 7 40
8 1 0
8 2 24
8 3 0
8 4 19
8 5 5
8 6 0
8 7 15
9 1 0
9 2 45
9 3 0
9 4 33
9 5 8
9 6 0
9 7 33
10 1 0
10 2 69
10 3 0
10 4 53
10 5 12
10 6 0
10 7 54
11 1 0
11 2 35
11 3 0
11 4 23
11 5 5
11 6 0
11 7 23
12 1 0
12 2 27
12 3 0
12 4 23
12 5 4
12 6 0
12 7 19
13 1 0
13 2 61
13 3 0
13 4 52
13 5 9
13 6 0
13 7 43
14 1 0
14 2 22
14 3 0
14 4 18
14 5 4
14 6 0
14 7 20
15 1 0
15 2 66
15 3 0
15 4 49
15 5 8
15 6 0
15 7 49
16 1 0
16 2 109
16 3 0
16 4 93
16 5 17
16 6 0
16 7 79
17 1 0
17 2 41
17 3 0
17 4 27
17 5 5
17 6 0
17 7 28
18 1 0
18 2 49
18 3 0
18 4 46
18 5 10
18 6 0
18 7 35
19 1 0
19 2 25
19 3 0
19 4 17
19 5 3
19 6 0
19 7 17
20 1 0
20 2 72
20 3 0
20 4 49
20 5 11
20 6 0
20 7 41

# Precedence Relations
1 7
2 7
3 4
3 5
3 6
4 7
5 7
6 8
6 9
6 10
6 16
6 18
7 11
7 12
7 13
7 14
8 15
8 19
9 17
10 17
11 17
12 16
12 18
14 19
16 20
17 19
17 20
18 19

# Parameters
R_e = 0.0500
T = 1000.0
C_s = 4.0
C_w = 36.0
C_c = 5.0
