# Tasks
1 2 3 4 5 6 7 8 9 10 11

# Workstations
1 2 3 4 5 6 7 8 9 10 11

# Modes
1 2 3 4 5 6 7

# Processing Times
1 1 4
1 2 6
1 3 4
1 4 6
1 5 3
1 6 5
1 7 8
2 1 38
2 2 53
2 3 34
2 4 47
2 5 27
2 6 46
2 7 64
3 1 45
3 2 63
3 3 40
3 4 56
3 5 32
3 6 55
3 7 76
4 1 12
4 2 17
4 3 11
4 4 15
4 5 9
4 6 15
4 7 21
5 1 10
5 2 14
5 3 9
5 4 13
5 5 7
5 6 13
5 7 17
6 1 8
6 2 12
6 3 8
6 4 11
6 5 6
6 6 10
6 7 15
7 1 12
7 2 17
7 3 11
7 4 15
7 5 9
7 6 15
7 7 21
8 1 10
8 2 14
8 3 9
8 4 13
8 5 7
8 6 13
8 7 17
9 1 2
9 2 3
9 3 2
9 4 3
9 5 2
9 6 3
9 7 4
10 1 10
10 2 14
10 3 9
10 4 13
10 5 7
10 6 13
10 7 17
11 1 34
11 2 48
11 3 30
11 4 43
11 5 24
11 6 41
11 7 58

# Energy Consumption
1 1 0
1 2 2
1 3 0
1 4 2
1 5 1
1 6 0
1 7 2
2 1 0
2 2 15
2 3 0
2 4 9
2 5 4
2 6 0
2 7 8
3 1 0
3 2 18
3 3 0
3 4 11
3 5 5
3 6 0
3 7 11
4 1 0
4 2 5
4 3 0
4 4 3
4 5 2
4 6 0
4 7 4
5 1 0
5 2 4
5 3 0
5 4 3
5 5 2
5 6 0
5 7 3
6 1 0
6 2 4
6 3 0
6 4 3
6 5 1
6 6 0
6 7 2
7 1 0
7 2 5
7 3 0
7 4 4
7 5 2
7 6 0
7 7 4
8 1 0
8 2 4
8 3 0
8 4 3
8 5 2
8 6 0
8 7 3
9 1 0
9 2 1
9 3 0
9 4 1
9 5 1
9 6 0
9 7 1
10 1 0
10 2 4
10 3 0
10 4 3
10 5 1
10 6 0
10 7 3
11 1 0
11 2 14
11 3 0
11 4 8
11 5 4
11 6 0
11 7 9

# Precedence Relations
1 4
2 4
2 5
3 11
4 6
5 7
6 8
7 9
8 10
9 10
10 11

# Parameters
R_e = 0.0500
T = 600.0
C_s = 4.0
C_w = 36.0
C_c = 5.0
