# Tasks
1 2 3 4 5 6 7 8 9 10 11 12 13 14 15 16 17 18 19 20

# Workstations
1 2 3 4 5 6 7 8 9 10 11 12 13 14 15 16 17 18 19 20

# Modes
1 2 3 4 5 6 7

# Processing Times
1 1 141
1 2 121
1 3 155
1 4 133
1 5 133
1 6 199
1 7 170
2 1 118
2 2 101
2 3 130
2 4 111
2 5 111
2 6 166
2 7 142
3 1 136
3 2 116
3 3 150
3 4 128
3 5 128
3 6 191
3 7 163
4 1 117
4 2 100
4 3 129
4 4 110
4 5 110
4 6 165
4 7 141
5 1 140
5 2 120
5 3 154
5 4 132
5 5 132
5 6 197
5 7 169
6 1 194
6 2 166
6 3 214
6 4 183
6 5 182
6 6 273
6 7 234
7 1 110
7 2 94
7 3 121
7 4 104
7 5 104
7 6 155
7 7 133
8 1 69
8 2 59
8 3 76
8 4 65
8 5 65
8 6 97
8 7 83
9 1 80
9 2 69
9 3 88
9 4 76
9 5 75
9 6 113
9 7 97
10 1 219
10 2 187
10 3 241
10 4 206
10 5 206
10 6 308
10 7 263
11 1 155
11 2 133
11 3 171
11 4 147
11 5 146
11 6 218
11 7 187
12 1 168
12 2 144
12 3 185
12 4 159
12 5 158
12 6 236
12 7 203
13 1 60
13 2 52
13 3 66
13 4 58
13 5 57
13 6 85
13 7 74
14 1 185
14 2 158
14 3 204
14 4 174
14 5 174
14 6 260
14 7 222
15 1 218
15 2 186
15 3 240
15 4 205
15 5 205
15 6 307
15 7 262
16 1 192
16 2 164
16 3 211
16 4 181
16 5 180
16 6 270
16 7 231
17 1 148
17 2 127
17 3 163
17 4 140
17 5 139
17 6 208
17 7 179
18 1 102
18 2 87
18 3 113
18 4 96
18 5 96
18 6 144
18 7 123
19 1 214
19 2 183
19 3 236
19 4 202
19 5 201
19 6 301
19 7 257
20 1 140
20 2 120
20 3 154
20 4 132
20 5 132
20 6 197
20 7 169

# Energy Consumption
1 1 0
1 2 27
1 3 0
1 4 29
1 5 22
1 6 0
1 7 25
2 1 0
2 2 28
2 3 0
2 4 25
2 5 18
2 6 0
2 7 20
3 1 0
3 2 26
3 3 0
3 4 26
3 5 19
3 6 0
3 7 21
4 1 0
4 2 30
4 3 0
4 4 22
4 5 16
4 6 0
4 7 19
5 1 0
5 2 31
5 3 0
5 4 27
5 5 22
5 6 0
5 7 23
6 1 0
6 2 41
6 3 0
6 4 35
6 5 29
6 6 0
6 7 33
7 1 0
7 2 27
7 3 0
7 4 21
7 5 16
7 6 0
7 7 20
8 1 0
8 2 16
8 3 0
8 4 14
8 5 11
8 6 0
8 7 11
9 1 0
9 2 19
9 3 0
9 4 17
9 5 12
9 6 0
9 7 12
10 1 0
10 2 46
10 3 0
10 4 46
10 5 32
10 6 0
10 7 34
11 1 0
11 2 34
11 3 0
11 4 28
11 5 21
11 6 0
11 7 26
12 1 0
12 2 33
12 3 0
12 4 35
12 5 25
12 6 0
12 7 27
13 1 0
13 2 14
13 3 0
13 4 11
13 5 9
13 6 0
13 7 11
14 1 0
14 2 43
14 3 0
14 4 34
14 5 28
14 6 0
14 7 30
15 1 0
15 2 52
15 3 0
15 4 45
15 5 32
15 6 0
15 7 35
16 1 0
16 2 47
16 3 0
16 4 35
16 5 29
16 6 0
16 7 33
17 1 0
17 2 32
17 3 0
17 4 29
17 5 22
17 6 0
17 7 27
18 1 0
18 2 24
18 3 0
18 4 20
18 5 15
18 6 0
18 7 16
19 1 0
19 2 42
19 3 0
19 4 40
19 5 30
19 6 0
19 7 32
20 1 0
20 2 30
20 3 0
20 4 28
20 5 19
20 6 0
20 7 24

# Precedence Relations
1 5
2 7
3 6
3 10
4 8
4 9
4 10
5 13
6 11
7 12
8 18
9 15
10 13
11 15
12 15
13 14
13 15
14 16
15 17
15 18
15 19
16 20
17 20
18 20
19 20

# Parameters
R_e = 0.0500
T = 1000.0
C_s = 4.0
C_w = 36.0
C_c = 5.0
