# Tasks
1 2 3 4 5 6 7 8 9 10 11 12 13 14 15 16 17 18 19 20

# Workstations
1 2 3 4 5 6 7 8 9 10 11 12 13 14 15 16 17 18 19 20

# Modes
1 2 3 4 5 6 7

# Processing Times
1 1 46
1 2 115
1 3 40
1 4 99
1 5 30
1 6 67
1 7 166
2 1 135
2 2 326
2 3 116
2 4 279
2 5 92
2 6 194
2 7 467
3 1 114
3 2 266
3 3 104
3 4 241
3 5 73
3 6 149
3 7 347
4 1 140
4 2 313
4 3 131
4 4 293
4 5 98
4 6 202
4 7 451
5 1 58
5 2 115
5 3 53
5 4 104
5 5 32
5 6 80
5 7 158
6 1 244
6 2 535
6 3 222
6 4 486
6 5 155
6 6 345
6 7 757
7 1 158
7 2 354
7 3 143
7 4 320
7 5 103
7 6 204
7 7 457
8 1 27
8 2 52
8 3 26
8 4 50
8 5 17
8 6 36
8 7 70
9 1 142
9 2 264
9 3 135
9 4 250
9 5 90
9 6 182
9 7 338
10 1 190
10 2 380
10 3 172
10 4 344
10 5 120
10 6 264
10 7 527
11 1 31
11 2 66
11 3 30
11 4 63
11 5 19
11 6 44
11 7 94
12 1 120
12 2 222
12 3 114
12 4 210
12 5 73
12 6 173
12 7 320
13 1 186
13 2 375
13 3 168
13 4 338
13 5 116
13 6 245
13 7 494
14 1 67
14 2 139
14 3 58
14 4 119
14 5 47
14 6 93
14 7 193
15 1 300
15 2 747
15 3 269
15 4 670
15 5 193
15 6 396
15 7 985
16 1 147
16 2 280
16 3 139
16 4 265
16 5 90
16 6 185
16 7 352
17 1 276
17 2 499
17 3 242
17 4 437
17 5 172
17 6 400
17 7 723
18 1 146
18 2 360
18 3 130
18 4 319
18 5 102
18 6 193
18 7 474
19 1 52
19 2 94
19 3 48
19 4 87
19 5 34
19 6 72
19 7 130
20 1 93
20 2 208
20 3 85
20 4 189
20 5 60
20 6 128
20 7 285

# Energy Consumption
1 1 0
1 2 33
1 3 0
1 4 20
1 5 5
1 6 0
1 7 21
2 1 0
2 2 76
2 3 0
2 4 53
2 5 14
2 6 0
2 7 68
3 1 0
3 2 67
3 3 0
3 4 49
3 5 11
3 6 0
3 7 48
4 1 0
4 2 77
4 3 0
4 4 60
4 5 15
4 6 0
4 7 58
5 1 0
5 2 28
5 3 0
5 4 22
5 5 5
5 6 0
5 7 21
6 1 0
6 2 130
6 3 0
6 4 107
6 5 24
6 6 0
6 7 99
7 1 0
7 2 90
7 3 0
7 4 66
7 5 16
7 6 0
7 7 64
8 1 0
8 2 14
8 3 0
8 4 11
8 5 3
8 6 0
8 7 11
9 1 0
9 2 59
9 3 0
9 4 49
9 5 14
9 6 0
9 7 41
10 1 0
10 2 98
10 3 0
10 4 73
10 5 19
10 6 0
10 7 65
11 1 0
11 2 16
11 3 0
11 4 12
11 5 3
11 6 0
11 7 12
12 1 0
12 2 56
12 3 0
12 4 41
12 5 11
12 6 0
12 7 39
13 1 0
13 2 110
13 3 0
13 4 64
13 5 18
13 6 0
13 7 70
14 1 0
14 2 41
14 3 0
14 4 23
14 5 8
14 6 0
14 7 28
15 1 0
15 2 173
15 3 0
15 4 128
15 5 30
15 6 0
15 7 127
16 1 0
16 2 67
16 3 0
16 4 58
16 5 13
16 6 0
16 7 43
17 1 0
17 2 131
17 3 0
17 4 85
17 5 26
17 6 0
17 7 88
18 1 0
18 2 92
18 3 0
18 4 60
18 5 16
18 6 0
18 7 68
19 1 0
19 2 25
19 3 0
19 4 16
19 5 6
19 6 0
19 7 19
20 1 0
20 2 54
20 3 0
20 4 36
20 5 9
20 6 0
20 7 41

# Precedence Relations
1 5
2 6
3 7
5 11
6 8
6 9
6 10
6 12
8 15
9 13
10 14
11 16
12 17
13 18
14 19
15 20

# Parameters
R_e = 0.0500
T = 1000.0
C_s = 4.0
C_w = 36.0
C_c = 5.0
