# Tasks
1 2 3 4 5 6 7 8 9 10 11 12 13 14 15 16 17 18 19 20

# Workstations
1 2 3 4 5 6 7 8 9 10 11 12 13 14 15 16 17 18 19 20

# Modes
1 2 3 4 5 6 7

# Processing Times
1 1 141
1 2 183
1 3 154
1 4 199
1 5 92
1 6 152
1 7 198
2 1 118
2 2 154
2 3 129
2 4 168
2 5 77
2 6 128
2 7 166
3 1 136
3 2 177
3 3 148
3 4 193
3 5 89
3 6 147
3 7 191
4 1 117
4 2 152
4 3 128
4 4 166
4 5 76
4 6 127
4 7 164
5 1 140
5 2 182
5 3 153
5 4 198
5 5 91
5 6 151
5 7 197
6 1 194
6 2 252
6 3 211
6 4 274
6 5 126
6 6 209
6 7 272
7 1 110
7 2 143
7 3 120
7 4 156
7 5 72
7 6 119
7 7 155
8 1 69
8 2 90
8 3 75
8 4 98
8 5 45
8 6 75
8 7 97
9 1 80
9 2 104
9 3 87
9 4 113
9 5 52
9 6 87
9 7 113
10 1 219
10 2 285
10 3 238
10 4 310
10 5 142
10 6 236
10 7 308
11 1 155
11 2 202
11 3 169
11 4 220
11 5 101
11 6 167
11 7 218
12 1 168
12 2 218
12 3 183
12 4 237
12 5 109
12 6 181
12 7 235
13 1 60
13 2 78
13 3 66
13 4 85
13 5 39
13 6 65
13 7 85
14 1 185
14 2 240
14 3 201
14 4 261
14 5 120
14 6 200
14 7 259
15 1 218
15 2 283
15 3 237
15 4 308
15 5 142
15 6 235
15 7 305
16 1 192
16 2 250
16 3 209
16 4 272
16 5 125
16 6 207
16 7 270
17 1 148
17 2 192
17 3 161
17 4 209
17 5 96
17 6 160
17 7 207
18 1 102
18 2 133
18 3 111
18 4 145
18 5 67
18 6 110
18 7 144
19 1 214
19 2 278
19 3 233
19 4 302
19 5 139
19 6 231
19 7 300
20 1 140
20 2 182
20 3 153
20 4 198
20 5 91
20 6 151
20 7 197

# Energy Consumption
1 1 0
1 2 44
1 3 0
1 4 41
1 5 15
1 6 0
1 7 29
2 1 0
2 2 39
2 3 0
2 4 34
2 5 12
2 6 0
2 7 24
3 1 0
3 2 50
3 3 0
3 4 38
3 5 14
3 6 0
3 7 26
4 1 0
4 2 38
4 3 0
4 4 37
4 5 11
4 6 0
4 7 24
5 1 0
5 2 45
5 3 0
5 4 42
5 5 15
5 6 0
5 7 27
6 1 0
6 2 56
6 3 0
6 4 59
6 5 19
6 6 0
6 7 38
7 1 0
7 2 32
7 3 0
7 4 34
7 5 11
7 6 0
7 7 22
8 1 0
8 2 23
8 3 0
8 4 21
8 5 7
8 6 0
8 7 14
9 1 0
9 2 28
9 3 0
9 4 25
9 5 9
9 6 0
9 7 17
10 1 0
10 2 82
10 3 0
10 4 64
10 5 22
10 6 0
10 7 44
11 1 0
11 2 45
11 3 0
11 4 41
11 5 16
11 6 0
11 7 32
12 1 0
12 2 56
12 3 0
12 4 52
12 5 16
12 6 0
12 7 33
13 1 0
13 2 19
13 3 0
13 4 17
13 5 6
13 6 0
13 7 12
14 1 0
14 2 71
14 3 0
14 4 53
14 5 19
14 6 0
14 7 35
15 1 0
15 2 73
15 3 0
15 4 57
15 5 22
15 6 0
15 7 38
16 1 0
16 2 71
16 3 0
16 4 58
16 5 20
16 6 0
16 7 35
17 1 0
17 2 52
17 3 0
17 4 46
17 5 15
17 6 0
17 7 27
18 1 0
18 2 33
18 3 0
18 4 29
18 5 11
18 6 0
18 7 18
19 1 0
19 2 77
19 3 0
19 4 62
19 5 22
19 6 0
19 7 45
20 1 0
20 2 47
20 3 0
20 4 44
20 5 15
20 6 0
20 7 25

# Precedence Relations
1 5
2 7
3 6
3 10
4 8
4 9
4 10
5 13
6 11
7 12
8 18
9 15
10 13
11 15
12 15
13 14
13 15
14 16
15 17
15 18
15 19
16 20
17 20
18 20
19 20

# Parameters
R_e = 0.0500
T = 1000.0
C_s = 4.0
C_w = 36.0
C_c = 5.0
