# Tasks
1 2 3 4 5 6 7 8 9 10 11 12 13 14 15 16 17 18 19 20

# Workstations
1 2 3 4 5 6 7 8 9 10 11 12 13 14 15 16 17 18 19 20

# Modes
1 2 3 4 5 6 7

# Processing Times
1 1 374
1 2 475
1 3 340
1 4 431
1 5 349
1 6 445
1 7 565
2 1 318
2 2 404
2 3 289
2 4 367
2 5 297
2 6 378
2 7 480
3 1 153
3 2 195
3 3 139
3 4 177
3 5 143
3 6 182
3 7 232
4 1 182
4 2 231
4 3 166
4 4 210
4 5 170
4 6 217
4 7 275
5 1 168
5 2 214
5 3 153
5 4 195
5 5 157
5 6 200
5 7 255
6 1 313
6 2 397
6 3 284
6 4 361
6 5 293
6 6 372
6 7 472
7 1 159
7 2 202
7 3 145
7 4 184
7 5 149
7 6 189
7 7 240
8 1 166
8 2 211
8 3 151
8 4 192
8 5 155
8 6 198
8 7 251
9 1 55
9 2 70
9 3 50
9 4 64
9 5 52
9 6 66
9 7 84
10 1 242
10 2 307
10 3 220
10 4 279
10 5 226
10 6 288
10 7 365
11 1 76
11 2 97
11 3 69
11 4 89
11 5 71
11 6 91
11 7 116
12 1 177
12 2 225
12 3 161
12 4 205
12 5 166
12 6 211
12 7 268
13 1 166
13 2 211
13 3 151
13 4 192
13 5 155
13 6 198
13 7 251
14 1 119
14 2 151
14 3 108
14 4 138
14 5 112
14 6 142
14 7 180
15 1 150
15 2 191
15 3 137
15 4 174
15 5 140
15 6 179
15 7 227
16 1 303
16 2 385
16 3 275
16 4 350
16 5 283
16 6 360
16 7 458
17 1 138
17 2 176
17 3 126
17 4 160
17 5 129
17 6 164
17 7 210
18 1 52
18 2 66
18 3 48
18 4 60
18 5 49
18 6 62
18 7 79
19 1 48
19 2 61
19 3 44
19 4 56
19 5 45
19 6 58
19 7 73
20 1 146
20 2 186
20 3 133
20 4 169
20 5 137
20 6 174
20 7 221

# Energy Consumption
1 1 0
1 2 111
1 3 0
1 4 93
1 5 53
1 6 0
1 7 78
2 1 0
2 2 100
2 3 0
2 4 76
2 5 44
2 6 0
2 7 69
3 1 0
3 2 56
3 3 0
3 4 33
3 5 21
3 6 0
3 7 32
4 1 0
4 2 65
4 3 0
4 4 45
4 5 26
4 6 0
4 7 39
5 1 0
5 2 55
5 3 0
5 4 37
5 5 23
5 6 0
5 7 38
6 1 0
6 2 96
6 3 0
6 4 74
6 5 46
6 6 0
6 7 70
7 1 0
7 2 51
7 3 0
7 4 37
7 5 24
7 6 0
7 7 35
8 1 0
8 2 50
8 3 0
8 4 40
8 5 23
8 6 0
8 7 38
9 1 0
9 2 20
9 3 0
9 4 14
9 5 8
9 6 0
9 7 13
10 1 0
10 2 80
10 3 0
10 4 61
10 5 34
10 6 0
10 7 55
11 1 0
11 2 29
11 3 0
11 4 18
11 5 12
11 6 0
11 7 15
12 1 0
12 2 57
12 3 0
12 4 44
12 5 25
12 6 0
12 7 39
13 1 0
13 2 57
13 3 0
13 4 42
13 5 23
13 6 0
13 7 34
14 1 0
14 2 35
14 3 0
14 4 30
14 5 17
14 6 0
14 7 24
15 1 0
15 2 46
15 3 0
15 4 37
15 5 22
15 6 0
15 7 33
16 1 0
16 2 85
16 3 0
16 4 77
16 5 44
16 6 0
16 7 57
17 1 0
17 2 51
17 3 0
17 4 30
17 5 20
17 6 0
17 7 29
18 1 0
18 2 20
18 3 0
18 4 12
18 5 8
18 6 0
18 7 12
19 1 0
19 2 15
19 3 0
19 4 11
19 5 7
19 6 0
19 7 10
20 1 0
20 2 45
20 3 0
20 4 35
20 5 21
20 6 0
20 7 33

# Precedence Relations
1 11
2 4
2 5
2 6
3 4
3 6
3 7
4 11
5 8
5 9
5 10
6 20
7 12
7 13
7 18
8 11
9 11
10 12
10 13
11 14
11 15
11 16
11 17
11 18
13 19
15 19
15 20
17 19
17 20
18 19

# Parameters
R_e = 0.0500
T = 1000.0
C_s = 4.0
C_w = 36.0
C_c = 5.0
