# Tasks
1 2 3 4 5 6 7 8 9 10 11 12 13 14 15 16 17 18 19 20 21 22 23 24 25 26 27 28

# Workstations
1 2 3 4 5 6 7 8 9 10 11 12 13 14 15 16 17 18 19 20 21 22 23 24 25 26 27 28

# Modes
1 2 3 4 5 6 7

# Processing Times
1 1 70
1 2 137
1 3 71
1 4 139
1 5 57
1 6 71
1 7 139
2 1 59
2 2 117
2 3 60
2 4 118
2 5 49
2 6 65
2 7 129
3 1 33
3 2 68
3 3 34
3 4 69
3 5 30
3 6 37
3 7 75
4 1 6
4 2 14
4 3 6
4 4 14
4 5 6
4 6 7
4 7 16
5 1 1
5 2 2
5 3 2
5 4 3
5 5 1
5 6 2
5 7 3
6 1 27
6 2 60
6 3 27
6 4 60
6 5 24
6 6 29
6 7 64
7 1 17
7 2 36
7 3 18
7 4 38
7 5 16
7 6 18
7 7 38
8 1 62
8 2 133
8 3 60
8 4 128
8 5 58
8 6 64
8 7 137
9 1 31
9 2 64
9 3 33
9 4 67
9 5 26
9 6 34
9 7 71
10 1 53
10 2 115
10 3 53
10 4 114
10 5 48
10 6 55
10 7 120
11 1 21
11 2 48
11 3 21
11 4 47
11 5 19
11 6 22
11 7 50
12 1 19
12 2 42
12 3 19
12 4 42
12 5 18
12 6 20
12 7 44
13 1 108
13 2 251
13 3 109
13 4 253
13 5 93
13 6 110
13 7 255
14 1 52
14 2 96
14 3 52
14 4 96
14 5 49
14 6 57
14 7 106
15 1 5
15 2 12
15 3 6
15 4 13
15 5 5
15 6 6
15 7 13
16 1 8
16 2 20
16 3 8
16 4 20
16 5 8
16 6 8
16 7 20
17 1 97
17 2 177
17 3 101
17 4 185
17 5 88
17 6 99
17 7 180
18 1 8
18 2 20
18 3 9
18 4 21
18 5 7
18 6 9
18 7 22
19 1 47
19 2 95
19 3 47
19 4 94
19 5 40
19 6 49
19 7 98
20 1 67
20 2 147
20 3 66
20 4 144
20 5 61
20 6 69
20 7 151
21 1 17
21 2 42
21 3 18
21 4 43
21 5 15
21 6 18
21 7 44
22 1 8
22 2 20
22 3 8
22 4 20
22 5 8
22 6 9
22 7 21
23 1 3
23 2 8
23 3 3
23 4 8
23 5 3
23 6 4
23 7 9
24 1 21
24 2 44
24 3 22
24 4 46
24 5 18
24 6 22
24 7 45
25 1 107
25 2 215
25 3 103
25 4 207
25 5 97
25 6 110
25 7 220
26 1 3
26 2 7
26 3 3
26 4 7
26 5 3
26 6 4
26 7 8
27 1 2
27 2 5
27 3 3
27 4 6
27 5 2
27 6 3
27 7 6
28 1 72
28 2 141
28 3 69
28 4 135
28 5 67
28 6 75
28 7 147

# Energy Consumption
1 1 0
1 2 35
1 3 0
1 4 29
1 5 9
1 6 0
1 7 21
2 1 0
2 2 30
2 3 0
2 4 26
2 5 8
2 6 0
2 7 19
3 1 0
3 2 18
3 3 0
3 4 15
3 5 5
3 6 0
3 7 10
4 1 0
4 2 4
4 3 0
4 4 3
4 5 1
4 6 0
4 7 2
5 1 0
5 2 1
5 3 0
5 4 1
5 5 1
5 6 0
5 7 1
6 1 0
6 2 17
6 3 0
6 4 12
6 5 4
6 6 0
6 7 9
7 1 0
7 2 9
7 3 0
7 4 7
7 5 3
7 6 0
7 7 6
8 1 0
8 2 39
8 3 0
8 4 27
8 5 9
8 6 0
8 7 20
9 1 0
9 2 19
9 3 0
9 4 13
9 5 4
9 6 0
9 7 10
10 1 0
10 2 34
10 3 0
10 4 25
10 5 8
10 6 0
10 7 17
11 1 0
11 2 11
11 3 0
11 4 10
11 5 4
11 6 0
11 7 7
12 1 0
12 2 10
12 3 0
12 4 10
12 5 3
12 6 0
12 7 7
13 1 0
13 2 72
13 3 0
13 4 47
13 5 15
13 6 0
13 7 38
14 1 0
14 2 25
14 3 0
14 4 18
14 5 8
14 6 0
14 7 13
15 1 0
15 2 4
15 3 0
15 4 3
15 5 1
15 6 0
15 7 2
16 1 0
16 2 6
16 3 0
16 4 4
16 5 2
16 6 0
16 7 3
17 1 0
17 2 47
17 3 0
17 4 36
17 5 15
17 6 0
17 7 22
18 1 0
18 2 6
18 3 0
18 4 5
18 5 2
18 6 0
18 7 4
19 1 0
19 2 28
19 3 0
19 4 18
19 5 6
19 6 0
19 7 15
20 1 0
20 2 36
20 3 0
20 4 29
20 5 9
20 6 0
20 7 23
21 1 0
21 2 12
21 3 0
21 4 9
21 5 3
21 6 0
21 7 7
22 1 0
22 2 5
22 3 0
22 4 5
22 5 2
22 6 0
22 7 4
23 1 0
23 2 3
23 3 0
23 4 2
23 5 1
23 6 0
23 7 2
24 1 0
24 2 13
24 3 0
24 4 10
24 5 3
24 6 0
24 7 7
25 1 0
25 2 63
25 3 0
25 4 42
25 5 16
25 6 0
25 7 28
26 1 0
26 2 2
26 3 0
26 4 2
26 5 1
26 6 0
26 7 1
27 1 0
27 2 2
27 3 0
27 4 2
27 5 1
27 6 0
27 7 1
28 1 0
28 2 41
28 3 0
28 4 29
28 5 11
28 6 0
28 7 20

# Precedence Relations
1 3
1 4
1 5
1 8
1 19
1 21
1 22
1 23
1 24
1 26
2 6
2 17
3 28
4 28
5 28
6 7
7 18
8 9
9 10
10 11
10 12
11 15
12 13
13 14
13 16
14 28
15 28
16 28
17 28
18 28
19 20
20 28
21 28
22 28
23 28
24 25
25 28
26 27
27 28

# Parameters
R_e = 0.0500
T = 236.0
C_s = 4.0
C_w = 36.0
C_c = 5.0
