# Tasks
1 2 3 4 5 6 7 8 9 10 11 12 13 14 15 16 17 18 19 20

# Workstations
1 2 3 4 5 6 7 8 9 10 11 12 13 14 15 16 17 18 19 20

# Modes
1 2 3 4 5 6 7

# Processing Times
1 1 260
1 2 274
1 3 226
1 4 238
1 5 97
1 6 263
1 7 277
2 1 482
2 2 523
2 3 447
2 4 485
2 5 189
2 6 525
2 7 569
3 1 250
3 2 260
3 3 218
3 4 226
3 5 81
3 6 256
3 7 266
4 1 119
4 2 119
4 3 106
4 4 106
4 5 36
4 6 125
4 7 125
5 1 324
5 2 352
5 3 304
5 4 330
5 5 131
5 6 346
5 7 376
6 1 357
6 2 317
6 3 324
6 4 288
6 5 144
6 6 369
6 7 328
7 1 292
7 2 261
7 3 275
7 4 246
7 5 89
7 6 313
7 7 280
8 1 323
8 2 322
8 3 299
8 4 298
8 5 130
8 6 342
8 7 341
9 1 119
9 2 120
9 3 111
9 4 112
9 5 46
9 6 124
9 7 125
10 1 179
10 2 154
10 3 167
10 4 144
10 5 64
10 6 183
10 7 158
11 1 166
11 2 153
11 3 154
11 4 142
11 5 60
11 6 172
11 7 159
12 1 62
12 2 67
12 3 59
12 4 64
12 5 25
12 6 65
12 7 71
13 1 298
13 2 292
13 3 266
13 4 261
13 5 121
13 6 299
13 7 293
14 1 311
14 2 300
14 3 278
14 4 268
14 5 135
14 6 327
14 7 315
15 1 539
15 2 518
15 3 472
15 4 453
15 5 214
15 6 552
15 7 531
16 1 188
16 2 169
16 3 163
16 4 147
16 5 77
16 6 191
16 7 172
17 1 113
17 2 104
17 3 98
17 4 91
17 5 43
17 6 119
17 7 109
18 1 168
18 2 181
18 3 144
18 4 155
18 5 57
18 6 182
18 7 196
19 1 334
19 2 357
19 3 289
19 4 309
19 5 115
19 6 351
19 7 375
20 1 142
20 2 144
20 3 122
20 4 124
20 5 62
20 6 147
20 7 149

# Energy Consumption
1 1 0
1 2 69
1 3 0
1 4 47
1 5 15
1 6 0
1 7 40
2 1 0
2 2 123
2 3 0
2 4 99
2 5 29
2 6 0
2 7 79
3 1 0
3 2 63
3 3 0
3 4 41
3 5 12
3 6 0
3 7 40
4 1 0
4 2 35
4 3 0
4 4 20
4 5 6
4 6 0
4 7 19
5 1 0
5 2 106
5 3 0
5 4 67
5 5 20
5 6 0
5 7 52
6 1 0
6 2 92
6 3 0
6 4 54
6 5 21
6 6 0
6 7 45
7 1 0
7 2 60
7 3 0
7 4 52
7 5 14
7 6 0
7 7 41
8 1 0
8 2 95
8 3 0
8 4 62
8 5 19
8 6 0
8 7 47
9 1 0
9 2 30
9 3 0
9 4 24
9 5 8
9 6 0
9 7 19
10 1 0
10 2 39
10 3 0
10 4 31
10 5 10
10 6 0
10 7 22
11 1 0
11 2 37
11 3 0
11 4 31
11 5 10
11 6 0
11 7 23
12 1 0
12 2 17
12 3 0
12 4 14
12 5 4
12 6 0
12 7 11
13 1 0
13 2 71
13 3 0
13 4 51
13 5 20
13 6 0
13 7 38
14 1 0
14 2 73
14 3 0
14 4 50
14 5 21
14 6 0
14 7 39
15 1 0
15 2 154
15 3 0
15 4 99
15 5 34
15 6 0
15 7 67
16 1 0
16 2 39
16 3 0
16 4 28
16 5 11
16 6 0
16 7 23
17 1 0
17 2 30
17 3 0
17 4 19
17 5 7
17 6 0
17 7 17
18 1 0
18 2 41
18 3 0
18 4 33
18 5 9
18 6 0
18 7 27
19 1 0
19 2 79
19 3 0
19 4 67
19 5 19
19 6 0
19 7 54
20 1 0
20 2 38
20 3 0
20 4 25
20 5 9
20 6 0
20 7 22

# Precedence Relations
1 4
2 5
2 6
3 5
3 6
4 7
5 8
5 9
6 8
6 9
7 11
8 10
8 12
8 13
8 16
9 13
9 16
10 14
11 16
12 15
13 17
13 19
14 18
15 18
16 19
17 18
17 20

# Parameters
R_e = 0.0500
T = 1000.0
C_s = 4.0
C_w = 36.0
C_c = 5.0
