# Tasks
1 2 3 4 5 6 7 8 9 10 11 12 13 14 15 16 17 18 19 20

# Workstations
1 2 3 4 5 6 7 8 9 10 11 12 13 14 15 16 17 18 19 20

# Modes
1 2 3 4 5 6 7

# Processing Times
1 1 22
1 2 22
1 3 24
1 4 24
1 5 19
1 6 32
1 7 32
2 1 128
2 2 120
2 3 140
2 4 131
2 5 108
2 6 177
2 7 166
3 1 104
3 2 108
3 3 112
3 4 117
3 5 97
3 6 142
3 7 147
4 1 54
4 2 53
4 3 59
4 4 58
4 5 45
4 6 72
4 7 71
5 1 133
5 2 143
5 3 141
5 4 151
5 5 119
5 6 176
5 7 189
6 1 78
6 2 70
6 3 86
6 4 77
6 5 72
6 6 113
6 7 102
7 1 89
7 2 88
7 3 95
7 4 94
7 5 75
7 6 117
7 7 116
8 1 252
8 2 253
8 3 271
8 4 273
8 5 203
8 6 335
8 7 336
9 1 274
9 2 290
9 3 294
9 4 311
9 5 225
9 6 376
9 7 398
10 1 134
10 2 132
10 3 143
10 4 141
10 5 110
10 6 178
10 7 175
11 1 212
11 2 219
11 3 225
11 4 232
11 5 194
11 6 290
11 7 300
12 1 95
12 2 82
12 3 102
12 4 88
12 5 83
12 6 125
12 7 108
13 1 288
13 2 273
13 3 315
13 4 299
13 5 246
13 6 387
13 7 367
14 1 225
14 2 214
14 3 238
14 4 227
14 5 194
14 6 320
14 7 304
15 1 146
15 2 140
15 3 160
15 4 153
15 5 129
15 6 199
15 7 191
16 1 82
16 2 89
16 3 88
16 4 96
16 5 72
16 6 106
16 7 115
17 1 110
17 2 102
17 3 118
17 4 109
17 5 100
17 6 154
17 7 143
18 1 198
18 2 179
18 3 211
18 4 191
18 5 171
18 6 267
18 7 241
19 1 125
19 2 137
19 3 134
19 4 146
19 5 115
19 6 181
19 7 198
20 1 26
20 2 23
20 3 28
20 4 25
20 5 23
20 6 35
20 7 31

# Energy Consumption
1 1 0
1 2 5
1 3 0
1 4 6
1 5 4
1 6 0
1 7 5
2 1 0
2 2 33
2 3 0
2 4 29
2 5 17
2 6 0
2 7 24
3 1 0
3 2 24
3 3 0
3 4 23
3 5 15
3 6 0
3 7 19
4 1 0
4 2 16
4 3 0
4 4 12
4 5 7
4 6 0
4 7 10
5 1 0
5 2 36
5 3 0
5 4 31
5 5 19
5 6 0
5 7 26
6 1 0
6 2 17
6 3 0
6 4 15
6 5 12
6 6 0
6 7 14
7 1 0
7 2 26
7 3 0
7 4 19
7 5 12
7 6 0
7 7 18
8 1 0
8 2 65
8 3 0
8 4 56
8 5 32
8 6 0
8 7 43
9 1 0
9 2 79
9 3 0
9 4 67
9 5 35
9 6 0
9 7 49
10 1 0
10 2 33
10 3 0
10 4 31
10 5 17
10 6 0
10 7 23
11 1 0
11 2 56
11 3 0
11 4 43
11 5 28
11 6 0
11 7 42
12 1 0
12 2 19
12 3 0
12 4 20
12 5 13
12 6 0
12 7 14
13 1 0
13 2 73
13 3 0
13 4 57
13 5 38
13 6 0
13 7 51
14 1 0
14 2 58
14 3 0
14 4 44
14 5 31
14 6 0
14 7 40
15 1 0
15 2 39
15 3 0
15 4 33
15 5 20
15 6 0
15 7 25
16 1 0
16 2 26
16 3 0
16 4 19
16 5 12
16 6 0
16 7 17
17 1 0
17 2 25
17 3 0
17 4 23
17 5 16
17 6 0
17 7 22
18 1 0
18 2 48
18 3 0
18 4 39
18 5 27
18 6 0
18 7 30
19 1 0
19 2 31
19 3 0
19 4 29
19 5 17
19 6 0
19 7 25
20 1 0
20 2 6
20 3 0
20 4 6
20 5 4
20 6 0
20 7 5

# Precedence Relations
1 2
1 3
1 4
2 5
2 6
3 5
3 6
4 7
5 7
5 8
6 7
6 8
6 9
7 10
7 11
8 10
9 11
10 12
10 13
11 12
11 14
12 15
12 16
13 14
13 15
14 17
14 18
15 18
17 19
17 20

# Parameters
R_e = 0.0500
T = 1000.0
C_s = 4.0
C_w = 36.0
C_c = 5.0
