# Tasks
1 2 3 4 5 6 7 8 9 10 11 12 13 14 15 16 17 18 19 20

# Workstations
1 2 3 4 5 6 7 8 9 10 11 12 13 14 15 16 17 18 19 20

# Modes
1 2 3 4 5 6 7

# Processing Times
1 1 141
1 2 133
1 3 128
1 4 121
1 5 51
1 6 152
1 7 143
2 1 118
2 2 111
2 3 108
2 4 101
2 5 42
2 6 127
2 7 120
3 1 136
3 2 128
3 3 124
3 4 117
3 5 49
3 6 147
3 7 138
4 1 117
4 2 110
4 3 107
4 4 100
4 5 42
4 6 126
4 7 119
5 1 140
5 2 132
5 3 128
5 4 120
5 5 50
5 6 151
5 7 142
6 1 194
6 2 183
6 3 177
6 4 167
6 5 70
6 6 209
6 7 197
7 1 110
7 2 104
7 3 100
7 4 95
7 5 40
7 6 119
7 7 112
8 1 69
8 2 65
8 3 63
8 4 59
8 5 25
8 6 75
8 7 70
9 1 80
9 2 76
9 3 73
9 4 69
9 5 29
9 6 86
9 7 82
10 1 219
10 2 206
10 3 199
10 4 187
10 5 78
10 6 236
10 7 222
11 1 155
11 2 146
11 3 141
11 4 133
11 5 56
11 6 167
11 7 157
12 1 168
12 2 158
12 3 153
12 4 144
12 5 60
12 6 181
12 7 170
13 1 60
13 2 57
13 3 55
13 4 52
13 5 22
13 6 65
13 7 62
14 1 185
14 2 174
14 3 168
14 4 158
14 5 66
14 6 199
14 7 187
15 1 218
15 2 205
15 3 198
15 4 187
15 5 78
15 6 235
15 7 221
16 1 192
16 2 181
16 3 175
16 4 165
16 5 69
16 6 207
16 7 195
17 1 148
17 2 140
17 3 135
17 4 128
17 5 53
17 6 160
17 7 151
18 1 102
18 2 96
18 3 93
18 4 88
18 5 37
18 6 110
18 7 104
19 1 214
19 2 202
19 3 195
19 4 184
19 5 77
19 6 230
19 7 218
20 1 140
20 2 132
20 3 128
20 4 120
20 5 50
20 6 151
20 7 142

# Energy Consumption
1 1 0
1 2 34
1 3 0
1 4 24
1 5 8
1 6 0
1 7 21
2 1 0
2 2 27
2 3 0
2 4 21
2 5 7
2 6 0
2 7 17
3 1 0
3 2 31
3 3 0
3 4 22
3 5 8
3 6 0
3 7 21
4 1 0
4 2 33
4 3 0
4 4 19
4 5 7
4 6 0
4 7 18
5 1 0
5 2 40
5 3 0
5 4 25
5 5 8
5 6 0
5 7 20
6 1 0
6 2 53
6 3 0
6 4 32
6 5 11
6 6 0
6 7 27
7 1 0
7 2 24
7 3 0
7 4 21
7 5 6
7 6 0
7 7 17
8 1 0
8 2 20
8 3 0
8 4 13
8 5 4
8 6 0
8 7 10
9 1 0
9 2 19
9 3 0
9 4 15
9 5 5
9 6 0
9 7 12
10 1 0
10 2 52
10 3 0
10 4 40
10 5 12
10 6 0
10 7 30
11 1 0
11 2 35
11 3 0
11 4 29
11 5 9
11 6 0
11 7 23
12 1 0
12 2 39
12 3 0
12 4 31
12 5 10
12 6 0
12 7 25
13 1 0
13 2 14
13 3 0
13 4 11
13 5 4
13 6 0
13 7 9
14 1 0
14 2 43
14 3 0
14 4 30
14 5 11
14 6 0
14 7 23
15 1 0
15 2 61
15 3 0
15 4 41
15 5 13
15 6 0
15 7 28
16 1 0
16 2 41
16 3 0
16 4 32
16 5 10
16 6 0
16 7 26
17 1 0
17 2 40
17 3 0
17 4 27
17 5 8
17 6 0
17 7 23
18 1 0
18 2 22
18 3 0
18 4 19
18 5 6
18 6 0
18 7 15
19 1 0
19 2 45
19 3 0
19 4 40
19 5 13
19 6 0
19 7 32
20 1 0
20 2 35
20 3 0
20 4 24
20 5 8
20 6 0
20 7 21

# Precedence Relations
1 5
2 7
3 6
3 10
4 8
4 9
4 10
5 13
6 11
7 12
8 18
9 15
10 13
11 15
12 15
13 14
13 15
14 16
15 17
15 18
15 19
16 20
17 20
18 20
19 20

# Parameters
R_e = 0.0500
T = 1000.0
C_s = 4.0
C_w = 36.0
C_c = 5.0
