# Tasks
1 2 3 4 5 6 7 8 9 10 11 12 13 14 15 16 17 18 19 20

# Workstations
1 2 3 4 5 6 7 8 9 10 11 12 13 14 15 16 17 18 19 20

# Modes
1 2 3 4 5 6 7

# Processing Times
1 1 209
1 2 206
1 3 216
1 4 213
1 5 125
1 6 232
1 7 229
2 1 57
2 2 57
2 3 59
2 4 59
2 5 34
2 6 64
2 7 64
3 1 204
3 2 201
3 3 210
3 4 207
3 5 122
3 6 227
3 7 223
4 1 119
4 2 118
4 3 123
4 4 122
4 5 71
4 6 132
4 7 131
5 1 180
5 2 178
5 3 186
5 4 184
5 5 107
5 6 200
5 7 198
6 1 82
6 2 81
6 3 85
6 4 84
6 5 49
6 6 91
6 7 90
7 1 174
7 2 172
7 3 180
7 4 178
7 5 104
7 6 193
7 7 191
8 1 64
8 2 63
8 3 66
8 4 65
8 5 39
8 6 71
8 7 70
9 1 116
9 2 115
9 3 120
9 4 119
9 5 69
9 6 129
9 7 128
10 1 206
10 2 203
10 3 213
10 4 209
10 5 123
10 6 229
10 7 225
11 1 83
11 2 82
11 3 86
11 4 85
11 5 50
11 6 92
11 7 91
12 1 73
12 2 72
12 3 76
12 4 75
12 5 44
12 6 81
12 7 80
13 1 162
13 2 160
13 3 167
13 4 165
13 5 97
13 6 180
13 7 178
14 1 58
14 2 58
14 3 60
14 4 60
14 5 35
14 6 65
14 7 65
15 1 161
15 2 159
15 3 166
15 4 164
15 5 96
15 6 179
15 7 177
16 1 319
16 2 314
16 3 329
16 4 324
16 5 190
16 6 354
16 7 349
17 1 87
17 2 86
17 3 90
17 4 89
17 5 52
17 6 97
17 7 96
18 1 148
18 2 146
18 3 153
18 4 151
18 5 88
18 6 165
18 7 162
19 1 56
19 2 56
19 3 58
19 4 58
19 5 34
19 6 63
19 7 63
20 1 169
20 2 167
20 3 174
20 4 172
20 5 101
20 6 188
20 7 186

# Energy Consumption
1 1 0
1 2 55
1 3 0
1 4 41
1 5 20
1 6 0
1 7 28
2 1 0
2 2 14
2 3 0
2 4 13
2 5 6
2 6 0
2 7 8
3 1 0
3 2 53
3 3 0
3 4 44
3 5 19
3 6 0
3 7 33
4 1 0
4 2 35
4 3 0
4 4 24
4 5 11
4 6 0
4 7 19
5 1 0
5 2 42
5 3 0
5 4 37
5 5 17
5 6 0
5 7 26
6 1 0
6 2 20
6 3 0
6 4 17
6 5 8
6 6 0
6 7 12
7 1 0
7 2 39
7 3 0
7 4 34
7 5 16
7 6 0
7 7 24
8 1 0
8 2 19
8 3 0
8 4 14
8 5 7
8 6 0
8 7 11
9 1 0
9 2 32
9 3 0
9 4 26
9 5 11
9 6 0
9 7 18
10 1 0
10 2 57
10 3 0
10 4 43
10 5 19
10 6 0
10 7 29
11 1 0
11 2 22
11 3 0
11 4 17
11 5 8
11 6 0
11 7 13
12 1 0
12 2 19
12 3 0
12 4 16
12 5 7
12 6 0
12 7 11
13 1 0
13 2 46
13 3 0
13 4 35
13 5 15
13 6 0
13 7 24
14 1 0
14 2 18
14 3 0
14 4 12
14 5 6
14 6 0
14 7 10
15 1 0
15 2 48
15 3 0
15 4 32
15 5 15
15 6 0
15 7 26
16 1 0
16 2 80
16 3 0
16 4 69
16 5 29
16 6 0
16 7 50
17 1 0
17 2 23
17 3 0
17 4 19
17 5 8
17 6 0
17 7 13
18 1 0
18 2 40
18 3 0
18 4 30
18 5 14
18 6 0
18 7 24
19 1 0
19 2 13
19 3 0
19 4 12
19 5 6
19 6 0
19 7 9
20 1 0
20 2 46
20 3 0
20 4 35
20 5 16
20 6 0
20 7 24

# Precedence Relations
1 7
2 7
3 4
3 5
3 6
4 7
5 7
6 8
6 9
6 10
6 16
6 18
7 11
7 12
7 13
7 14
8 15
8 19
9 17
10 17
11 17
12 16
12 18
14 19
16 20
17 19
17 20
18 19

# Parameters
R_e = 0.0500
T = 1000.0
C_s = 4.0
C_w = 36.0
C_c = 5.0
