# Tasks
1 2 3 4 5 6 7 8 9 10 11 12 13 14 15 16 17 18 19 20 21 22 23 24 25 26 27 28 29 30 31 32 33 34 35 36 37 38 39 40 41 42 43 44 45 46 47 48 49 50 51 52 53

# Workstations
1 2 3 4 5 6 7 8 9 10 11 12 13 14 15 16 17 18 19 20 21 22 23 24 25 26 27 28 29 30 31 32 33 34 35 36 37 38 39 40 41 42 43 44 45 46 47 48 49 50 51 52 53

# Modes
1 2 3 4 5 6 7

# Processing Times
1 1 971
1 2 1204
1 3 942
1 4 1168
1 5 362
1 6 1345
1 7 1668
2 1 142
2 2 176
2 3 138
2 4 171
2 5 53
2 6 197
2 7 244
3 1 142
3 2 176
3 3 138
3 4 171
3 5 53
3 6 197
3 7 244
4 1 142
4 2 176
4 3 138
4 4 171
4 5 53
4 6 197
4 7 244
5 1 103
5 2 128
5 3 100
5 4 125
5 5 39
5 6 143
5 7 178
6 1 96
6 2 119
6 3 94
6 4 116
6 5 36
6 6 133
6 7 165
7 1 99
7 2 123
7 3 96
7 4 120
7 5 37
7 6 138
7 7 171
8 1 1207
8 2 1496
8 3 1171
8 4 1451
8 5 449
8 6 1672
8 7 2072
9 1 160
9 2 199
9 3 156
9 4 193
9 5 60
9 6 222
9 7 276
10 1 180
10 2 224
10 3 175
10 4 218
10 5 67
10 6 250
10 7 311
11 1 82
11 2 102
11 3 80
11 4 99
11 5 31
11 6 114
11 7 142
12 1 60
12 2 75
12 3 59
12 4 73
12 5 23
12 6 84
12 7 104
13 1 112
13 2 139
13 3 109
13 4 135
13 5 42
13 6 156
13 7 193
14 1 420
14 2 521
14 3 408
14 4 506
14 5 157
14 6 582
14 7 722
15 1 1556
15 2 1928
15 3 1509
15 4 1870
15 5 579
15 6 2155
15 7 2670
16 1 236
16 2 293
16 3 229
16 4 285
16 5 88
16 6 327
16 7 406
17 1 259
17 2 321
17 3 252
17 4 312
17 5 97
17 6 359
17 7 445
18 1 125
18 2 155
18 3 122
18 4 151
18 5 47
18 6 174
18 7 215
19 1 601
19 2 745
19 3 583
19 4 723
19 5 224
19 6 833
19 7 1032
20 1 80
20 2 100
20 3 78
20 4 97
20 5 30
20 6 111
20 7 139
21 1 80
21 2 100
21 3 78
21 4 97
21 5 30
21 6 111
21 7 139
22 1 70
22 2 87
22 3 68
22 4 85
22 5 27
22 6 97
22 7 121
23 1 89
23 2 111
23 3 87
23 4 108
23 5 34
23 6 124
23 7 154
24 1 89
24 2 111
24 3 87
24 4 108
24 5 34
24 6 124
24 7 154
25 1 105
25 2 131
25 3 102
25 4 128
25 5 40
25 6 146
25 7 182
26 1 330
26 2 409
26 3 320
26 4 397
26 5 123
26 6 457
26 7 567
27 1 132
27 2 164
27 3 128
27 4 159
27 5 50
27 6 183
27 7 228
28 1 69
28 2 86
28 3 67
28 4 84
28 5 26
28 6 96
28 7 120
29 1 99
29 2 123
29 3 96
29 4 120
29 5 37
29 6 138
29 7 171
30 1 70
30 2 87
30 3 68
30 4 85
30 5 27
30 6 97
30 7 121
31 1 70
31 2 87
31 3 68
31 4 85
31 5 27
31 6 97
31 7 121
32 1 158
32 2 196
32 3 154
32 4 191
32 5 59
32 6 219
32 7 272
33 1 191
33 2 237
33 3 186
33 4 230
33 5 72
33 6 265
33 7 329
34 1 70
34 2 87
34 3 68
34 4 85
34 5 27
34 6 97
34 7 121
35 1 53
35 2 66
35 3 52
35 4 64
35 5 20
35 6 74
35 7 92
36 1 50
36 2 62
36 3 49
36 4 61
36 5 19
36 6 70
36 7 86
37 1 125
37 2 155
37 3 122
37 4 151
37 5 47
37 6 174
37 7 215
38 1 353
38 2 438
38 3 343
38 4 425
38 5 132
38 6 489
38 7 607
39 1 70
39 2 87
39 3 68
39 4 85
39 5 27
39 6 97
39 7 121
40 1 128
40 2 159
40 3 125
40 4 155
40 5 48
40 6 178
40 7 221
41 1 65
41 2 81
41 3 64
41 4 79
41 5 25
41 6 91
41 7 113
42 1 1775
42 2 2200
42 3 1721
42 4 2133
42 5 660
42 6 2459
42 7 3047
43 1 91
43 2 113
43 3 89
43 4 110
43 5 34
43 6 127
43 7 157
44 1 91
44 2 113
44 3 89
44 4 110
44 5 34
44 6 127
44 7 157
45 1 113
45 2 141
45 3 110
45 4 137
45 5 43
45 6 157
45 7 196
46 1 487
46 2 604
46 3 473
46 4 586
46 5 182
46 6 675
46 7 837
47 1 138
47 2 171
47 3 134
47 4 166
47 5 52
47 6 192
47 7 237
48 1 80
48 2 100
48 3 78
48 4 97
48 5 30
48 6 111
48 7 139
49 1 80
49 2 100
49 3 78
49 4 97
49 5 30
49 6 111
49 7 139
50 1 65
50 2 81
50 3 64
50 4 79
50 5 25
50 6 91
50 7 113
51 1 40
51 2 50
51 3 39
51 4 49
51 5 15
51 6 56
51 7 70
52 1 742
52 2 920
52 3 720
52 4 892
52 5 276
52 6 1028
52 7 1275
53 1 1085
53 2 1345
53 3 1052
53 4 1304
53 5 404
53 6 1503
53 7 1863

# Energy Consumption
1 1 0
1 2 275
1 3 0
1 4 233
1 5 53
1 6 0
1 7 234
2 1 0
2 2 40
2 3 0
2 4 35
2 5 8
2 6 0
2 7 32
3 1 0
3 2 51
3 3 0
3 4 32
3 5 9
3 6 0
3 7 30
4 1 0
4 2 42
4 3 0
4 4 37
4 5 8
4 6 0
4 7 34
5 1 0
5 2 35
5 3 0
5 4 24
5 5 7
5 6 0
5 7 25
6 1 0
6 2 33
6 3 0
6 4 25
6 5 6
6 6 0
6 7 22
7 1 0
7 2 34
7 3 0
7 4 26
7 5 6
7 6 0
7 7 23
8 1 0
8 2 410
8 3 0
8 4 314
8 5 69
8 6 0
8 7 257
9 1 0
9 2 49
9 3 0
9 4 36
9 5 9
9 6 0
9 7 36
10 1 0
10 2 57
10 3 0
10 4 42
10 5 11
10 6 0
10 7 44
11 1 0
11 2 30
11 3 0
11 4 19
11 5 5
11 6 0
11 7 20
12 1 0
12 2 19
12 3 0
12 4 16
12 5 4
12 6 0
12 7 13
13 1 0
13 2 35
13 3 0
13 4 29
13 5 7
13 6 0
13 7 27
14 1 0
14 2 124
14 3 0
14 4 96
14 5 24
14 6 0
14 7 108
15 1 0
15 2 523
15 3 0
15 4 363
15 5 84
15 6 0
15 7 384
16 1 0
16 2 67
16 3 0
16 4 55
16 5 14
16 6 0
16 7 50
17 1 0
17 2 95
17 3 0
17 4 60
17 5 14
17 6 0
17 7 65
18 1 0
18 2 37
18 3 0
18 4 34
18 5 8
18 6 0
18 7 27
19 1 0
19 2 211
19 3 0
19 4 141
19 5 33
19 6 0
19 7 148
20 1 0
20 2 30
20 3 0
20 4 20
20 5 5
20 6 0
20 7 17
21 1 0
21 2 25
21 3 0
21 4 20
21 5 5
21 6 0
21 7 19
22 1 0
22 2 20
22 3 0
22 4 16
22 5 4
22 6 0
22 7 18
23 1 0
23 2 27
23 3 0
23 4 21
23 5 5
23 6 0
23 7 20
24 1 0
24 2 27
24 3 0
24 4 20
24 5 6
24 6 0
24 7 20
25 1 0
25 2 33
25 3 0
25 4 24
25 5 7
25 6 0
25 7 25
26 1 0
26 2 93
26 3 0
26 4 87
26 5 19
26 6 0
26 7 70
27 1 0
27 2 47
27 3 0
27 4 30
27 5 8
27 6 0
27 7 32
28 1 0
28 2 24
28 3 0
28 4 16
28 5 4
28 6 0
28 7 15
29 1 0
29 2 35
29 3 0
29 4 23
29 5 6
29 6 0
29 7 24
30 1 0
30 2 26
30 3 0
30 4 18
30 5 4
30 6 0
30 7 17
31 1 0
31 2 23
31 3 0
31 4 17
31 5 5
31 6 0
31 7 15
32 1 0
32 2 53
32 3 0
32 4 37
32 5 10
32 6 0
32 7 35
33 1 0
33 2 57
33 3 0
33 4 43
33 5 12
33 6 0
33 7 49
34 1 0
34 2 23
34 3 0
34 4 18
34 5 5
34 6 0
34 7 16
35 1 0
35 2 18
35 3 0
35 4 12
35 5 3
35 6 0
35 7 12
36 1 0
36 2 14
36 3 0
36 4 12
36 5 3
36 6 0
36 7 12
37 1 0
37 2 43
37 3 0
37 4 33
37 5 7
37 6 0
37 7 32
38 1 0
38 2 114
38 3 0
38 4 93
38 5 19
38 6 0
38 7 76
39 1 0
39 2 21
39 3 0
39 4 17
39 5 4
39 6 0
39 7 15
40 1 0
40 2 39
40 3 0
40 4 32
40 5 8
40 6 0
40 7 33
41 1 0
41 2 24
41 3 0
41 4 18
41 5 4
41 6 0
41 7 16
42 1 0
42 2 614
42 3 0
42 4 420
42 5 106
42 6 0
42 7 375
43 1 0
43 2 34
43 3 0
43 4 24
43 5 5
43 6 0
43 7 23
44 1 0
44 2 32
44 3 0
44 4 22
44 5 5
44 6 0
44 7 22
45 1 0
45 2 37
45 3 0
45 4 29
45 5 7
45 6 0
45 7 26
46 1 0
46 2 152
46 3 0
46 4 109
46 5 30
46 6 0
46 7 118
47 1 0
47 2 47
47 3 0
47 4 31
47 5 8
47 6 0
47 7 29
48 1 0
48 2 27
48 3 0
48 4 21
48 5 5
48 6 0
48 7 20
49 1 0
49 2 25
49 3 0
49 4 19
49 5 5
49 6 0
49 7 20
50 1 0
50 2 23
50 3 0
50 4 16
50 5 4
50 6 0
50 7 17
51 1 0
51 2 12
51 3 0
51 4 11
51 5 3
51 6 0
51 7 10
52 1 0
52 2 238
52 3 0
52 4 164
52 5 44
52 6 0
52 7 157
53 1 0
53 2 389
53 3 0
53 4 237
53 5 65
53 6 0
53 7 233

# Precedence Relations
1 2
1 3
1 4
1 5
1 6
1 7
2 36
3 36
4 9
5 9
6 9
7 9
8 9
9 10
10 11
11 12
12 13
12 14
12 15
13 16
13 17
13 18
14 22
15 16
15 17
16 29
16 30
16 31
17 19
18 42
19 20
19 21
19 22
20 23
21 24
22 25
23 36
24 36
25 26
26 27
27 28
28 29
28 30
28 31
28 32
28 33
28 34
29 35
30 35
31 35
32 35
33 35
34 35
35 36
36 37
37 38
37 39
37 40
38 41
39 41
40 41
41 42
42 43
42 44
42 45
42 46
42 47
43 48
44 49
45 51
45 52
46 50
47 51
47 52
48 51
48 52
49 51
49 52
50 51
50 52
51 53
52 53

# Parameters
R_e = 0.0500
T = 10000.0
C_s = 4.0
C_w = 36.0
C_c = 5.0
