# Tasks
1 2 3 4 5 6 7 8 9 10 11 12 13 14 15 16 17 18 19 20

# Workstations
1 2 3 4 5 6 7 8 9 10 11 12 13 14 15 16 17 18 19 20

# Modes
1 2 3 4 5 6 7

# Processing Times
1 1 88
1 2 83
1 3 80
1 4 76
1 5 32
1 6 95
1 7 90
2 1 95
2 2 90
2 3 87
2 4 82
2 5 34
2 6 103
2 7 97
3 1 105
3 2 99
3 3 96
3 4 90
3 5 38
3 6 113
3 7 107
4 1 140
4 2 132
4 3 128
4 4 120
4 5 50
4 6 151
4 7 142
5 1 114
5 2 108
5 3 104
5 4 99
5 5 41
5 6 123
5 7 117
6 1 123
6 2 116
6 3 112
6 4 106
6 5 44
6 6 133
6 7 125
7 1 250
7 2 235
7 3 227
7 4 214
7 5 89
7 6 269
7 7 253
8 1 90
8 2 85
8 3 82
8 4 78
8 5 33
8 6 97
8 7 92
9 1 61
9 2 58
9 3 56
9 4 53
9 5 22
9 6 66
9 7 63
10 1 107
10 2 101
10 3 98
10 4 92
10 5 39
10 6 115
10 7 109
11 1 68
11 2 64
11 3 62
11 4 59
11 5 25
11 6 74
11 7 69
12 1 155
12 2 146
12 3 141
12 4 133
12 5 56
12 6 167
12 7 157
13 1 142
13 2 134
13 3 129
13 4 122
13 5 51
13 6 153
13 7 145
14 1 21
14 2 20
14 3 20
14 4 19
14 5 8
14 6 23
14 7 22
15 1 106
15 2 100
15 3 97
15 4 91
15 5 38
15 6 114
15 7 108
16 1 67
16 2 63
16 3 61
16 4 58
16 5 24
16 6 73
16 7 68
17 1 52
17 2 49
17 3 48
17 4 45
17 5 19
17 6 56
17 7 53
18 1 55
18 2 52
18 3 50
18 4 48
18 5 20
18 6 60
18 7 56
19 1 51
19 2 48
19 3 47
19 4 44
19 5 19
19 6 55
19 7 52
20 1 82
20 2 78
20 3 75
20 4 71
20 5 30
20 6 89
20 7 84

# Energy Consumption
1 1 0
1 2 21
1 3 0
1 4 15
1 5 5
1 6 0
1 7 13
2 1 0
2 2 22
2 3 0
2 4 17
2 5 6
2 6 0
2 7 14
3 1 0
3 2 24
3 3 0
3 4 17
3 5 6
3 6 0
3 7 16
4 1 0
4 2 39
4 3 0
4 4 22
4 5 8
4 6 0
4 7 21
5 1 0
5 2 33
5 3 0
5 4 21
5 5 7
5 6 0
5 7 17
6 1 0
6 2 34
6 3 0
6 4 20
6 5 7
6 6 0
6 7 17
7 1 0
7 2 54
7 3 0
7 4 46
7 5 14
7 6 0
7 7 37
8 1 0
8 2 25
8 3 0
8 4 17
8 5 5
8 6 0
8 7 13
9 1 0
9 2 15
9 3 0
9 4 11
9 5 4
9 6 0
9 7 10
10 1 0
10 2 26
10 3 0
10 4 20
10 5 6
10 6 0
10 7 15
11 1 0
11 2 16
11 3 0
11 4 13
11 5 4
11 6 0
11 7 10
12 1 0
12 2 36
12 3 0
12 4 28
12 5 9
12 6 0
12 7 23
13 1 0
13 2 33
13 3 0
13 4 24
13 5 9
13 6 0
13 7 19
14 1 0
14 2 5
14 3 0
14 4 4
14 5 2
14 6 0
14 7 3
15 1 0
15 2 30
15 3 0
15 4 20
15 5 7
15 6 0
15 7 14
16 1 0
16 2 15
16 3 0
16 4 11
16 5 4
16 6 0
16 7 9
17 1 0
17 2 14
17 3 0
17 4 10
17 5 3
17 6 0
17 7 8
18 1 0
18 2 12
18 3 0
18 4 11
18 5 3
18 6 0
18 7 8
19 1 0
19 2 11
19 3 0
19 4 10
19 5 4
19 6 0
19 7 8
20 1 0
20 2 21
20 3 0
20 4 14
20 5 5
20 6 0
20 7 13

# Precedence Relations
1 4
2 6
3 5
3 6
4 7
5 7
5 8
6 7
7 9
7 11
7 12
8 10
8 11
8 20
9 13
10 16
12 14
12 15
12 19
13 17
14 20
15 18
16 19

# Parameters
R_e = 0.0500
T = 1000.0
C_s = 4.0
C_w = 36.0
C_c = 5.0
