# Tasks
1 2 3 4 5 6 7 8 9 10 11 12 13 14 15 16 17 18 19 20 21 22 23 24 25 26 27 28 29 30 31 32 33 34 35 36 37 38 39 40 41 42 43 44 45

# Workstations
1 2 3 4 5 6 7 8 9 10 11 12 13 14 15 16 17 18 19 20 21 22 23 24 25 26 27 28 29 30 31 32 33 34 35 36 37 38 39 40 41 42 43 44 45

# Modes
1 2 3 4 5 6 7

# Processing Times
1 1 9
1 2 12
1 3 10
1 4 14
1 5 6
1 6 10
1 7 13
2 1 9
2 2 12
2 3 10
2 4 14
2 5 6
2 6 10
2 7 13
3 1 10
3 2 13
3 3 11
3 4 15
3 5 7
3 6 11
3 7 15
4 1 10
4 2 13
4 3 11
4 4 15
4 5 7
4 6 11
4 7 15
5 1 17
5 2 23
5 3 19
5 4 25
5 5 12
5 6 19
5 7 25
6 1 17
6 2 23
6 3 19
6 4 25
6 5 12
6 6 19
6 7 25
7 1 13
7 2 17
7 3 15
7 4 19
7 5 9
7 6 15
7 7 19
8 1 13
8 2 17
8 3 15
8 4 19
8 5 9
8 6 15
8 7 19
9 1 20
9 2 26
9 3 22
9 4 29
9 5 13
9 6 22
9 7 29
10 1 20
10 2 26
10 3 22
10 4 29
10 5 13
10 6 22
10 7 29
11 1 10
11 2 13
11 3 11
11 4 15
11 5 7
11 6 11
11 7 15
12 1 11
12 2 15
12 3 12
12 4 17
12 5 8
12 6 12
12 7 17
13 1 6
13 2 8
13 3 7
13 4 9
13 5 4
13 6 7
13 7 9
14 1 22
14 2 29
14 3 24
14 4 32
14 5 15
14 6 24
14 7 32
15 1 11
15 2 15
15 3 12
15 4 17
15 5 8
15 6 12
15 7 17
16 1 19
16 2 25
16 3 21
16 4 28
16 5 13
16 6 21
16 7 27
17 1 12
17 2 16
17 3 14
17 4 18
17 5 8
17 6 13
17 7 18
18 1 3
18 2 4
18 3 4
18 4 5
18 5 2
18 6 4
18 7 5
19 1 7
19 2 10
19 3 8
19 4 11
19 5 5
19 6 8
19 7 11
20 1 4
20 2 6
20 3 5
20 4 7
20 5 3
20 6 5
20 7 7
21 1 55
21 2 72
21 3 60
21 4 79
21 5 36
21 6 60
21 7 78
22 1 14
22 2 19
22 3 16
22 4 21
22 5 10
22 6 16
22 7 21
23 1 27
23 2 36
23 3 30
23 4 40
23 5 18
23 6 30
23 7 39
24 1 29
24 2 38
24 3 32
24 4 42
24 5 19
24 6 32
24 7 41
25 1 26
25 2 34
25 3 29
25 4 37
25 5 17
25 6 29
25 7 37
26 1 6
26 2 8
26 3 7
26 4 9
26 5 4
26 6 7
26 7 9
27 1 5
27 2 7
27 3 6
27 4 8
27 5 4
27 6 6
27 7 8
28 1 24
28 2 32
28 3 27
28 4 35
28 5 16
28 6 26
28 7 35
29 1 4
29 2 6
29 3 5
29 4 7
29 5 3
29 6 5
29 7 7
30 1 5
30 2 7
30 3 6
30 4 8
30 5 4
30 6 6
30 7 8
31 1 7
31 2 10
31 3 8
31 4 11
31 5 5
31 6 8
31 7 11
32 1 4
32 2 6
32 3 5
32 4 7
32 5 3
32 6 5
32 7 7
33 1 15
33 2 20
33 3 17
33 4 22
33 5 10
33 6 17
33 7 22
34 1 3
34 2 4
34 3 4
34 4 5
34 5 2
34 6 4
34 7 5
35 1 7
35 2 10
35 3 8
35 4 11
35 5 5
35 6 8
35 7 11
36 1 9
36 2 12
36 3 10
36 4 14
36 5 6
36 6 10
36 7 13
37 1 4
37 2 6
37 3 5
37 4 7
37 5 3
37 6 5
37 7 7
38 1 7
38 2 10
38 3 8
38 4 11
38 5 5
38 6 8
38 7 11
39 1 5
39 2 7
39 3 6
39 4 8
39 5 4
39 6 6
39 7 8
40 1 4
40 2 6
40 3 5
40 4 7
40 5 3
40 6 5
40 7 7
41 1 21
41 2 28
41 3 23
41 4 31
41 5 14
41 6 23
41 7 31
42 1 12
42 2 16
42 3 14
42 4 18
42 5 8
42 6 13
42 7 18
43 1 6
43 2 8
43 3 7
43 4 9
43 5 4
43 6 7
43 7 9
44 1 5
44 2 7
44 3 6
44 4 8
44 5 4
44 6 6
44 7 8
45 1 5
45 2 7
45 3 6
45 4 8
45 5 4
45 6 6
45 7 8

# Energy Consumption
1 1 0
1 2 3
1 3 0
1 4 3
1 5 1
1 6 0
1 7 2
2 1 0
2 2 4
2 3 0
2 4 3
2 5 1
2 6 0
2 7 2
3 1 0
3 2 4
3 3 0
3 4 3
3 5 2
3 6 0
3 7 3
4 1 0
4 2 4
4 3 0
4 4 4
4 5 1
4 6 0
4 7 3
5 1 0
5 2 6
5 3 0
5 4 6
5 5 2
5 6 0
5 7 4
6 1 0
6 2 6
6 3 0
6 4 6
6 5 2
6 6 0
6 7 4
7 1 0
7 2 4
7 3 0
7 4 5
7 5 2
7 6 0
7 7 3
8 1 0
8 2 5
8 3 0
8 4 4
8 5 2
8 6 0
8 7 3
9 1 0
9 2 7
9 3 0
9 4 7
9 5 3
9 6 0
9 7 5
10 1 0
10 2 8
10 3 0
10 4 6
10 5 2
10 6 0
10 7 5
11 1 0
11 2 3
11 3 0
11 4 3
11 5 2
11 6 0
11 7 3
12 1 0
12 2 4
12 3 0
12 4 4
12 5 2
12 6 0
12 7 3
13 1 0
13 2 2
13 3 0
13 4 2
13 5 1
13 6 0
13 7 2
14 1 0
14 2 9
14 3 0
14 4 7
14 5 3
14 6 0
14 7 5
15 1 0
15 2 4
15 3 0
15 4 4
15 5 2
15 6 0
15 7 3
16 1 0
16 2 8
16 3 0
16 4 6
16 5 2
16 6 0
16 7 4
17 1 0
17 2 5
17 3 0
17 4 4
17 5 2
17 6 0
17 7 3
18 1 0
18 2 1
18 3 0
18 4 1
18 5 1
18 6 0
18 7 1
19 1 0
19 2 3
19 3 0
19 4 3
19 5 1
19 6 0
19 7 2
20 1 0
20 2 2
20 3 0
20 4 2
20 5 1
20 6 0
20 7 1
21 1 0
21 2 16
21 3 0
21 4 17
21 5 6
21 6 0
21 7 12
22 1 0
22 2 5
22 3 0
22 4 5
22 5 2
22 6 0
22 7 4
23 1 0
23 2 10
23 3 0
23 4 8
23 5 3
23 6 0
23 7 6
24 1 0
24 2 9
24 3 0
24 4 9
24 5 3
24 6 0
24 7 6
25 1 0
25 2 9
25 3 0
25 4 7
25 5 3
25 6 0
25 7 5
26 1 0
26 2 3
26 3 0
26 4 2
26 5 1
26 6 0
26 7 2
27 1 0
27 2 2
27 3 0
27 4 2
27 5 1
27 6 0
27 7 1
28 1 0
28 2 8
28 3 0
28 4 7
28 5 3
28 6 0
28 7 5
29 1 0
29 2 2
29 3 0
29 4 2
29 5 1
29 6 0
29 7 2
30 1 0
30 2 2
30 3 0
30 4 2
30 5 1
30 6 0
30 7 2
31 1 0
31 2 3
31 3 0
31 4 3
31 5 1
31 6 0
31 7 2
32 1 0
32 2 2
32 3 0
32 4 2
32 5 1
32 6 0
32 7 1
33 1 0
33 2 5
33 3 0
33 4 5
33 5 2
33 6 0
33 7 4
34 1 0
34 2 2
34 3 0
34 4 1
34 5 1
34 6 0
34 7 1
35 1 0
35 2 3
35 3 0
35 4 3
35 5 1
35 6 0
35 7 2
36 1 0
36 2 4
36 3 0
36 4 3
36 5 1
36 6 0
36 7 2
37 1 0
37 2 2
37 3 0
37 4 2
37 5 1
37 6 0
37 7 1
38 1 0
38 2 3
38 3 0
38 4 3
38 5 1
38 6 0
38 7 2
39 1 0
39 2 2
39 3 0
39 4 2
39 5 1
39 6 0
39 7 2
40 1 0
40 2 2
40 3 0
40 4 2
40 5 1
40 6 0
40 7 1
41 1 0
41 2 9
41 3 0
41 4 7
41 5 3
41 6 0
41 7 5
42 1 0
42 2 5
42 3 0
42 4 4
42 5 2
42 6 0
42 7 3
43 1 0
43 2 2
43 3 0
43 4 2
43 5 1
43 6 0
43 7 2
44 1 0
44 2 2
44 3 0
44 4 2
44 5 1
44 6 0
44 7 2
45 1 0
45 2 2
45 3 0
45 4 2
45 5 1
45 6 0
45 7 2

# Precedence Relations
1 3
1 7
2 4
2 8
3 5
4 6
5 9
6 10
7 9
7 14
8 10
8 14
9 41
10 41
11 13
12 13
12 37
13 14
13 15
14 17
14 25
14 29
14 30
14 31
14 32
15 16
15 18
15 23
15 24
16 19
17 26
17 27
18 19
19 20
19 33
20 21
21 22
22 28
23 33
24 33
25 26
26 38
27 28
27 33
28 38
29 41
30 41
31 41
32 41
33 34
33 35
33 36
34 38
35 40
36 38
37 43
38 40
39 41
40 41
41 42
42 44
42 45

# Parameters
R_e = 0.0500
T = 600.0
C_s = 4.0
C_w = 36.0
C_c = 5.0
