# Tasks
1 2 3 4 5 6 7 8 9 10 11 12 13 14 15 16 17 18 19 20 21 22 23 24 25 26 27 28 29 30 31 32 33 34 35 36 37 38 39 40 41 42 43 44 45 46 47 48 49 50 51 52 53 54 55 56 57 58 59 60 61 62 63 64 65 66 67 68 69 70 71 72 73 74 75 76 77 78 79 80 81 82 83 84 85 86 87 88 89

# Workstations
1 2 3 4 5 6 7 8 9 10 11 12 13 14 15 16 17 18 19 20 21 22 23 24 25 26 27 28 29 30 31 32 33 34 35 36 37 38 39 40 41 42 43 44 45 46 47 48 49 50 51 52 53 54 55 56 57 58 59 60 61 62 63 64 65 66 67 68 69 70 71 72 73 74 75 76 77 78 79 80 81 82 83 84 85 86 87 88 89

# Modes
1 2 3 4 5 6 7

# Processing Times
1 1 1
1 2 3
1 3 1
1 4 3
1 5 1
1 6 2
1 7 4
2 1 2
2 2 5
2 3 2
2 4 5
2 5 2
2 6 3
2 7 7
3 1 3
3 2 8
3 3 3
3 4 8
3 5 2
3 6 4
3 7 11
4 1 4
4 2 10
4 3 4
4 4 10
4 5 3
4 6 6
4 7 13
5 1 5
5 2 12
5 3 5
5 4 12
5 5 3
5 6 7
5 7 16
6 1 6
6 2 15
6 3 6
6 4 15
6 5 4
6 6 8
6 7 19
7 1 7
7 2 17
7 3 7
7 4 17
7 5 5
7 6 9
7 7 22
8 1 8
8 2 19
8 3 8
8 4 18
8 5 5
8 6 11
8 7 24
9 1 9
9 2 22
9 3 9
9 4 21
9 5 6
9 6 12
9 7 28
10 1 10
10 2 24
10 3 10
10 4 23
10 5 6
10 6 13
10 7 31
11 1 1
11 2 3
11 3 1
11 4 3
11 5 1
11 6 2
11 7 4
12 1 2
12 2 5
12 3 2
12 4 5
12 5 2
12 6 3
12 7 7
13 1 3
13 2 8
13 3 3
13 4 8
13 5 2
13 6 4
13 7 11
14 1 4
14 2 10
14 3 4
14 4 10
14 5 3
14 6 6
14 7 13
15 1 5
15 2 12
15 3 5
15 4 12
15 5 3
15 6 7
15 7 16
16 1 6
16 2 15
16 3 6
16 4 15
16 5 4
16 6 8
16 7 19
17 1 7
17 2 17
17 3 7
17 4 17
17 5 5
17 6 9
17 7 22
18 1 8
18 2 19
18 3 8
18 4 18
18 5 5
18 6 11
18 7 24
19 1 9
19 2 22
19 3 9
19 4 21
19 5 6
19 6 12
19 7 28
20 1 10
20 2 24
20 3 10
20 4 23
20 5 6
20 6 13
20 7 31
21 1 1
21 2 3
21 3 1
21 4 3
21 5 1
21 6 2
21 7 4
22 1 2
22 2 5
22 3 2
22 4 5
22 5 2
22 6 3
22 7 7
23 1 3
23 2 8
23 3 3
23 4 8
23 5 2
23 6 4
23 7 11
24 1 4
24 2 10
24 3 4
24 4 10
24 5 3
24 6 6
24 7 13
25 1 5
25 2 12
25 3 5
25 4 12
25 5 3
25 6 7
25 7 16
26 1 6
26 2 15
26 3 6
26 4 15
26 5 4
26 6 8
26 7 19
27 1 7
27 2 17
27 3 7
27 4 17
27 5 5
27 6 9
27 7 22
28 1 8
28 2 19
28 3 8
28 4 18
28 5 5
28 6 11
28 7 24
29 1 9
29 2 22
29 3 9
29 4 21
29 5 6
29 6 12
29 7 28
30 1 10
30 2 24
30 3 10
30 4 23
30 5 6
30 6 13
30 7 31
31 1 1
31 2 3
31 3 1
31 4 3
31 5 1
31 6 2
31 7 4
32 1 2
32 2 5
32 3 2
32 4 5
32 5 2
32 6 3
32 7 7
33 1 3
33 2 8
33 3 3
33 4 8
33 5 2
33 6 4
33 7 11
34 1 4
34 2 10
34 3 4
34 4 10
34 5 3
34 6 6
34 7 13
35 1 5
35 2 12
35 3 5
35 4 12
35 5 3
35 6 7
35 7 16
36 1 6
36 2 15
36 3 6
36 4 15
36 5 4
36 6 8
36 7 19
37 1 7
37 2 17
37 3 7
37 4 17
37 5 5
37 6 9
37 7 22
38 1 8
38 2 19
38 3 8
38 4 18
38 5 5
38 6 11
38 7 24
39 1 9
39 2 22
39 3 9
39 4 21
39 5 6
39 6 12
39 7 28
40 1 10
40 2 24
40 3 10
40 4 23
40 5 6
40 6 13
40 7 31
41 1 1
41 2 3
41 3 1
41 4 3
41 5 1
41 6 2
41 7 4
42 1 2
42 2 5
42 3 2
42 4 5
42 5 2
42 6 3
42 7 7
43 1 3
43 2 8
43 3 3
43 4 8
43 5 2
43 6 4
43 7 11
44 1 4
44 2 10
44 3 4
44 4 10
44 5 3
44 6 6
44 7 13
45 1 5
45 2 12
45 3 5
45 4 12
45 5 3
45 6 7
45 7 16
46 1 6
46 2 15
46 3 6
46 4 15
46 5 4
46 6 8
46 7 19
47 1 7
47 2 17
47 3 7
47 4 17
47 5 5
47 6 9
47 7 22
48 1 8
48 2 19
48 3 8
48 4 18
48 5 5
48 6 11
48 7 24
49 1 9
49 2 22
49 3 9
49 4 21
49 5 6
49 6 12
49 7 28
50 1 10
50 2 24
50 3 10
50 4 23
50 5 6
50 6 13
50 7 31
51 1 1
51 2 3
51 3 1
51 4 3
51 5 1
51 6 2
51 7 4
52 1 2
52 2 5
52 3 2
52 4 5
52 5 2
52 6 3
52 7 7
53 1 3
53 2 8
53 3 3
53 4 8
53 5 2
53 6 4
53 7 11
54 1 4
54 2 10
54 3 4
54 4 10
54 5 3
54 6 6
54 7 13
55 1 5
55 2 12
55 3 5
55 4 12
55 5 3
55 6 7
55 7 16
56 1 6
56 2 15
56 3 6
56 4 15
56 5 4
56 6 8
56 7 19
57 1 7
57 2 17
57 3 7
57 4 17
57 5 5
57 6 9
57 7 22
58 1 8
58 2 19
58 3 8
58 4 18
58 5 5
58 6 11
58 7 24
59 1 9
59 2 22
59 3 9
59 4 21
59 5 6
59 6 12
59 7 28
60 1 10
60 2 24
60 3 10
60 4 23
60 5 6
60 6 13
60 7 31
61 1 1
61 2 3
61 3 1
61 4 3
61 5 1
61 6 2
61 7 4
62 1 2
62 2 5
62 3 2
62 4 5
62 5 2
62 6 3
62 7 7
63 1 3
63 2 8
63 3 3
63 4 8
63 5 2
63 6 4
63 7 11
64 1 4
64 2 10
64 3 4
64 4 10
64 5 3
64 6 6
64 7 13
65 1 5
65 2 12
65 3 5
65 4 12
65 5 3
65 6 7
65 7 16
66 1 6
66 2 15
66 3 6
66 4 15
66 5 4
66 6 8
66 7 19
67 1 7
67 2 17
67 3 7
67 4 17
67 5 5
67 6 9
67 7 22
68 1 8
68 2 19
68 3 8
68 4 18
68 5 5
68 6 11
68 7 24
69 1 9
69 2 22
69 3 9
69 4 21
69 5 6
69 6 12
69 7 28
70 1 10
70 2 24
70 3 10
70 4 23
70 5 6
70 6 13
70 7 31
71 1 1
71 2 3
71 3 1
71 4 3
71 5 1
71 6 2
71 7 4
72 1 2
72 2 5
72 3 2
72 4 5
72 5 2
72 6 3
72 7 7
73 1 3
73 2 8
73 3 3
73 4 8
73 5 2
73 6 4
73 7 11
74 1 4
74 2 10
74 3 4
74 4 10
74 5 3
74 6 6
74 7 13
75 1 5
75 2 12
75 3 5
75 4 12
75 5 3
75 6 7
75 7 16
76 1 6
76 2 15
76 3 6
76 4 15
76 5 4
76 6 8
76 7 19
77 1 7
77 2 17
77 3 7
77 4 17
77 5 5
77 6 9
77 7 22
78 1 8
78 2 19
78 3 8
78 4 18
78 5 5
78 6 11
78 7 24
79 1 9
79 2 22
79 3 9
79 4 21
79 5 6
79 6 12
79 7 28
80 1 10
80 2 24
80 3 10
80 4 23
80 5 6
80 6 13
80 7 31
81 1 1
81 2 3
81 3 1
81 4 3
81 5 1
81 6 2
81 7 4
82 1 2
82 2 5
82 3 2
82 4 5
82 5 2
82 6 3
82 7 7
83 1 3
83 2 8
83 3 3
83 4 8
83 5 2
83 6 4
83 7 11
84 1 4
84 2 10
84 3 4
84 4 10
84 5 3
84 6 6
84 7 13
85 1 5
85 2 12
85 3 5
85 4 12
85 5 3
85 6 7
85 7 16
86 1 6
86 2 15
86 3 6
86 4 15
86 5 4
86 6 8
86 7 19
87 1 7
87 2 17
87 3 7
87 4 17
87 5 5
87 6 9
87 7 22
88 1 8
88 2 19
88 3 8
88 4 18
88 5 5
88 6 11
88 7 24
89 1 9
89 2 22
89 3 9
89 4 21
89 5 6
89 6 12
89 7 28

# Energy Consumption
1 1 0
1 2 1
1 3 0
1 4 1
1 5 1
1 6 0
1 7 1
2 1 0
2 2 2
2 3 0
2 4 1
2 5 1
2 6 0
2 7 2
3 1 0
3 2 3
3 3 0
3 4 2
3 5 1
3 6 0
3 7 2
4 1 0
4 2 3
4 3 0
4 4 3
4 5 1
4 6 0
4 7 2
5 1 0
5 2 3
5 3 0
5 4 3
5 5 1
5 6 0
5 7 3
6 1 0
6 2 4
6 3 0
6 4 4
6 5 1
6 6 0
6 7 3
7 1 0
7 2 5
7 3 0
7 4 4
7 5 1
7 6 0
7 7 4
8 1 0
8 2 5
8 3 0
8 4 4
8 5 1
8 6 0
8 7 4
9 1 0
9 2 5
9 3 0
9 4 5
9 5 1
9 6 0
9 7 4
10 1 0
10 2 7
10 3 0
10 4 5
10 5 1
10 6 0
10 7 4
11 1 0
11 2 1
11 3 0
11 4 1
11 5 1
11 6 0
11 7 1
12 1 0
12 2 2
12 3 0
12 4 1
12 5 1
12 6 0
12 7 1
13 1 0
13 2 3
13 3 0
13 4 2
13 5 1
13 6 0
13 7 2
14 1 0
14 2 3
14 3 0
14 4 2
14 5 1
14 6 0
14 7 2
15 1 0
15 2 3
15 3 0
15 4 3
15 5 1
15 6 0
15 7 3
16 1 0
16 2 4
16 3 0
16 4 4
16 5 1
16 6 0
16 7 3
17 1 0
17 2 5
17 3 0
17 4 4
17 5 1
17 6 0
17 7 3
18 1 0
18 2 5
18 3 0
18 4 4
18 5 1
18 6 0
18 7 4
19 1 0
19 2 6
19 3 0
19 4 4
19 5 1
19 6 0
19 7 4
20 1 0
20 2 7
20 3 0
20 4 5
20 5 1
20 6 0
20 7 5
21 1 0
21 2 1
21 3 0
21 4 1
21 5 1
21 6 0
21 7 1
22 1 0
22 2 2
22 3 0
22 4 1
22 5 1
22 6 0
22 7 1
23 1 0
23 2 3
23 3 0
23 4 2
23 5 1
23 6 0
23 7 2
24 1 0
24 2 3
24 3 0
24 4 2
24 5 1
24 6 0
24 7 2
25 1 0
25 2 4
25 3 0
25 4 3
25 5 1
25 6 0
25 7 3
26 1 0
26 2 4
26 3 0
26 4 3
26 5 1
26 6 0
26 7 3
27 1 0
27 2 4
27 3 0
27 4 4
27 5 1
27 6 0
27 7 4
28 1 0
28 2 5
28 3 0
28 4 4
28 5 1
28 6 0
28 7 4
29 1 0
29 2 7
29 3 0
29 4 5
29 5 1
29 6 0
29 7 4
30 1 0
30 2 6
30 3 0
30 4 5
30 5 1
30 6 0
30 7 5
31 1 0
31 2 1
31 3 0
31 4 1
31 5 1
31 6 0
31 7 1
32 1 0
32 2 2
32 3 0
32 4 1
32 5 1
32 6 0
32 7 1
33 1 0
33 2 3
33 3 0
33 4 2
33 5 1
33 6 0
33 7 2
34 1 0
34 2 3
34 3 0
34 4 3
34 5 1
34 6 0
34 7 2
35 1 0
35 2 4
35 3 0
35 4 3
35 5 1
35 6 0
35 7 3
36 1 0
36 2 5
36 3 0
36 4 3
36 5 1
36 6 0
36 7 3
37 1 0
37 2 5
37 3 0
37 4 4
37 5 1
37 6 0
37 7 4
38 1 0
38 2 6
38 3 0
38 4 4
38 5 1
38 6 0
38 7 4
39 1 0
39 2 7
39 3 0
39 4 5
39 5 1
39 6 0
39 7 4
40 1 0
40 2 7
40 3 0
40 4 5
40 5 1
40 6 0
40 7 5
41 1 0
41 2 1
41 3 0
41 4 1
41 5 1
41 6 0
41 7 1
42 1 0
42 2 2
42 3 0
42 4 2
42 5 1
42 6 0
42 7 1
43 1 0
43 2 3
43 3 0
43 4 2
43 5 1
43 6 0
43 7 2
44 1 0
44 2 3
44 3 0
44 4 2
44 5 1
44 6 0
44 7 2
45 1 0
45 2 3
45 3 0
45 4 3
45 5 1
45 6 0
45 7 3
46 1 0
46 2 5
46 3 0
46 4 4
46 5 1
46 6 0
46 7 3
47 1 0
47 2 4
47 3 0
47 4 4
47 5 1
47 6 0
47 7 4
48 1 0
48 2 5
48 3 0
48 4 4
48 5 1
48 6 0
48 7 4
49 1 0
49 2 7
49 3 0
49 4 5
49 5 1
49 6 0
49 7 4
50 1 0
50 2 8
50 3 0
50 4 5
50 5 1
50 6 0
50 7 5
51 1 0
51 2 1
51 3 0
51 4 1
51 5 1
51 6 0
51 7 1
52 1 0
52 2 2
52 3 0
52 4 1
52 5 1
52 6 0
52 7 1
53 1 0
53 2 2
53 3 0
53 4 2
53 5 1
53 6 0
53 7 2
54 1 0
54 2 3
54 3 0
54 4 3
54 5 1
54 6 0
54 7 2
55 1 0
55 2 3
55 3 0
55 4 3
55 5 1
55 6 0
55 7 3
56 1 0
56 2 4
56 3 0
56 4 4
56 5 1
56 6 0
56 7 3
57 1 0
57 2 5
57 3 0
57 4 4
57 5 1
57 6 0
57 7 4
58 1 0
58 2 5
58 3 0
58 4 4
58 5 1
58 6 0
58 7 4
59 1 0
59 2 6
59 3 0
59 4 4
59 5 1
59 6 0
59 7 4
60 1 0
60 2 7
60 3 0
60 4 5
60 5 1
60 6 0
60 7 4
61 1 0
61 2 1
61 3 0
61 4 1
61 5 1
61 6 0
61 7 1
62 1 0
62 2 2
62 3 0
62 4 2
62 5 1
62 6 0
62 7 1
63 1 0
63 2 3
63 3 0
63 4 2
63 5 1
63 6 0
63 7 2
64 1 0
64 2 3
64 3 0
64 4 2
64 5 1
64 6 0
64 7 2
65 1 0
65 2 3
65 3 0
65 4 3
65 5 1
65 6 0
65 7 3
66 1 0
66 2 4
66 3 0
66 4 3
66 5 1
66 6 0
66 7 3
67 1 0
67 2 5
67 3 0
67 4 4
67 5 1
67 6 0
67 7 4
68 1 0
68 2 6
68 3 0
68 4 4
68 5 1
68 6 0
68 7 4
69 1 0
69 2 6
69 3 0
69 4 5
69 5 1
69 6 0
69 7 5
70 1 0
70 2 7
70 3 0
70 4 5
70 5 1
70 6 0
70 7 4
71 1 0
71 2 1
71 3 0
71 4 1
71 5 1
71 6 0
71 7 1
72 1 0
72 2 2
72 3 0
72 4 1
72 5 1
72 6 0
72 7 2
73 1 0
73 2 2
73 3 0
73 4 2
73 5 1
73 6 0
73 7 2
74 1 0
74 2 3
74 3 0
74 4 3
74 5 1
74 6 0
74 7 2
75 1 0
75 2 3
75 3 0
75 4 3
75 5 1
75 6 0
75 7 3
76 1 0
76 2 5
76 3 0
76 4 3
76 5 1
76 6 0
76 7 3
77 1 0
77 2 5
77 3 0
77 4 4
77 5 1
77 6 0
77 7 3
78 1 0
78 2 5
78 3 0
78 4 4
78 5 1
78 6 0
78 7 3
79 1 0
79 2 6
79 3 0
79 4 5
79 5 1
79 6 0
79 7 4
80 1 0
80 2 7
80 3 0
80 4 5
80 5 1
80 6 0
80 7 4
81 1 0
81 2 1
81 3 0
81 4 1
81 5 1
81 6 0
81 7 1
82 1 0
82 2 2
82 3 0
82 4 1
82 5 1
82 6 0
82 7 1
83 1 0
83 2 2
83 3 0
83 4 2
83 5 1
83 6 0
83 7 2
84 1 0
84 2 3
84 3 0
84 4 2
84 5 1
84 6 0
84 7 2
85 1 0
85 2 3
85 3 0
85 4 3
85 5 1
85 6 0
85 7 3
86 1 0
86 2 5
86 3 0
86 4 4
86 5 1
86 6 0
86 7 3
87 1 0
87 2 5
87 3 0
87 4 4
87 5 1
87 6 0
87 7 4
88 1 0
88 2 5
88 3 0
88 4 4
88 5 1
88 6 0
88 7 3
89 1 0
89 2 6
89 3 0
89 4 5
89 5 1
89 6 0
89 7 4

# Precedence Relations
1 2
2 3
3 4
4 5
4 6
4 7
4 8
4 9
5 10
6 11
7 12
8 18
9 18
10 14
11 12
12 13
13 14
14 15
14 16
15 17
16 54
17 18
18 19
18 20
19 22
20 21
20 28
21 54
22 23
23 24
24 25
25 26
25 27
25 29
26 37
27 33
28 29
29 31
30 54
31 32
32 33
33 34
34 35
35 36
35 37
36 38
37 38
38 39
39 40
39 41
39 42
39 43
40 44
41 53
42 53
43 45
44 52
45 46
46 47
47 48
47 49
49 50
50 51
51 52
52 53
53 68
53 69
53 70
53 71
54 55
55 56
56 57
57 58
57 59
57 60
57 61
57 62
57 63
57 64
57 65
57 66
58 67
59 67
60 67
61 67
62 67
63 67
64 67
65 67
66 67
67 73
68 72
69 72
70 72
71 73
72 78
72 80
73 74
74 75
74 76
75 77
76 81
77 78
78 79
79 81
80 81
80 87
81 82
81 84
81 85
82 83
83 86
84 86
85 86
86 87
86 89
87 88
87 89

# Parameters
R_e = 0.0500
T = 600.0
C_s = 4.0
C_w = 36.0
C_c = 5.0
