# Tasks
1 2 3 4 5 6 7 8 9 10 11 12 13 14 15 16 17 18 19 20

# Workstations
1 2 3 4 5 6 7 8 9 10 11 12 13 14 15 16 17 18 19 20

# Modes
1 2 3 4 5 6 7

# Processing Times
1 1 165
1 2 322
1 3 164
1 4 319
1 5 154
1 6 174
1 7 340
2 1 79
2 2 156
2 3 82
2 4 162
2 5 75
2 6 83
2 7 163
3 1 84
3 2 172
3 3 82
3 4 167
3 5 80
3 6 91
3 7 186
4 1 234
4 2 523
4 3 239
4 4 533
4 5 202
4 6 237
4 7 528
5 1 79
5 2 147
5 3 81
5 4 150
5 5 67
5 6 87
5 7 161
6 1 241
6 2 530
6 3 234
6 4 514
6 5 217
6 6 251
6 7 551
7 1 74
7 2 155
7 3 72
7 4 151
7 5 70
7 6 76
7 7 158
8 1 96
8 2 206
8 3 98
8 4 210
8 5 80
8 6 100
8 7 215
9 1 44
9 2 91
9 3 44
9 4 90
9 5 36
9 6 47
9 7 97
10 1 225
10 2 488
10 3 234
10 4 506
10 5 184
10 6 234
10 7 508
11 1 77
11 2 175
11 3 78
11 4 178
11 5 68
11 6 82
11 7 185
12 1 124
12 2 274
12 3 123
12 4 271
12 5 110
12 6 125
12 7 275
13 1 119
13 2 277
13 3 122
13 4 283
13 5 108
13 6 130
13 7 303
14 1 160
14 2 293
14 3 153
14 4 280
14 5 140
14 6 170
14 7 311
15 1 41
15 2 97
15 3 43
15 4 102
15 5 39
15 6 43
15 7 101
16 1 204
16 2 506
16 3 212
16 4 525
16 5 190
16 6 210
16 7 520
17 1 319
17 2 582
17 3 324
17 4 591
17 5 268
17 6 340
17 7 620
18 1 248
18 2 603
18 3 249
18 4 606
18 5 224
18 6 251
18 7 609
19 1 127
19 2 257
19 3 129
19 4 260
19 5 114
19 6 130
19 7 263
20 1 84
20 2 184
20 3 82
20 4 180
20 5 80
20 6 92
20 7 200

# Energy Consumption
1 1 0
1 2 82
1 3 0
1 4 66
1 5 23
1 6 0
1 7 51
2 1 0
2 2 40
2 3 0
2 4 35
2 5 12
2 6 0
2 7 24
3 1 0
3 2 45
3 3 0
3 4 35
3 5 13
3 6 0
3 7 24
4 1 0
4 2 141
4 3 0
4 4 108
4 5 31
4 6 0
4 7 66
5 1 0
5 2 36
5 3 0
5 4 28
5 5 11
5 6 0
5 7 20
6 1 0
6 2 143
6 3 0
6 4 97
6 5 33
6 6 0
6 7 71
7 1 0
7 2 39
7 3 0
7 4 28
7 5 11
7 6 0
7 7 24
8 1 0
8 2 61
8 3 0
8 4 44
8 5 13
8 6 0
8 7 31
9 1 0
9 2 26
9 3 0
9 4 17
9 5 6
9 6 0
9 7 13
10 1 0
10 2 141
10 3 0
10 4 108
10 5 29
10 6 0
10 7 72
11 1 0
11 2 39
11 3 0
11 4 38
11 5 11
11 6 0
11 7 23
12 1 0
12 2 64
12 3 0
12 4 60
12 5 18
12 6 0
12 7 38
13 1 0
13 2 80
13 3 0
13 4 53
13 5 17
13 6 0
13 7 45
14 1 0
14 2 76
14 3 0
14 4 52
14 5 22
14 6 0
14 7 38
15 1 0
15 2 26
15 3 0
15 4 20
15 5 7
15 6 0
15 7 13
16 1 0
16 2 129
16 3 0
16 4 103
16 5 28
16 6 0
16 7 67
17 1 0
17 2 154
17 3 0
17 4 113
17 5 43
17 6 0
17 7 75
18 1 0
18 2 176
18 3 0
18 4 123
18 5 34
18 6 0
18 7 87
19 1 0
19 2 75
19 3 0
19 4 48
19 5 17
19 6 0
19 7 40
20 1 0
20 2 44
20 3 0
20 4 36
20 5 12
20 6 0
20 7 30

# Precedence Relations
1 11
2 7
3 6
3 7
4 5
4 6
5 11
7 8
7 9
7 10
8 11
9 11
10 12
10 13
11 14
11 15
11 16
11 17
15 19
15 20
16 18
17 19

# Parameters
R_e = 0.0500
T = 1000.0
C_s = 4.0
C_w = 36.0
C_c = 5.0
