# Tasks
1 2 3 4 5 6 7 8 9 10 11 12 13 14 15 16 17 18 19 20

# Workstations
1 2 3 4 5 6 7 8 9 10 11 12 13 14 15 16 17 18 19 20

# Modes
1 2 3 4 5 6 7

# Processing Times
1 1 210
1 2 409
1 3 208
1 4 405
1 5 196
1 6 222
1 7 432
2 1 169
2 2 334
2 3 176
2 4 347
2 5 160
2 6 177
2 7 348
3 1 191
3 2 391
3 3 185
3 4 378
3 5 181
3 6 207
3 7 423
4 1 141
4 2 315
4 3 144
4 4 321
4 5 122
4 6 143
4 7 318
5 1 66
5 2 123
5 3 68
5 4 125
5 5 56
5 6 73
5 7 135
6 1 117
6 2 258
6 3 114
6 4 250
6 5 106
6 6 122
6 7 269
7 1 232
7 2 484
7 3 226
7 4 470
7 5 217
7 6 237
7 7 493
8 1 39
8 2 84
8 3 40
8 4 86
8 5 33
8 6 41
8 7 88
9 1 164
9 2 338
9 3 162
9 4 334
9 5 132
9 6 174
9 7 358
10 1 167
10 2 363
10 3 173
10 4 376
10 5 137
10 6 174
10 7 378
11 1 120
11 2 273
11 3 122
11 4 277
11 5 106
11 6 127
11 7 289
12 1 33
12 2 73
12 3 33
12 4 73
12 5 30
12 6 34
12 7 74
13 1 35
13 2 82
13 3 36
13 4 84
13 5 32
13 6 39
13 7 90
14 1 255
14 2 467
14 3 244
14 4 446
14 5 223
14 6 270
14 7 495
15 1 134
15 2 316
15 3 140
15 4 330
15 5 126
15 6 139
15 7 328
16 1 275
16 2 682
16 3 286
16 4 708
16 5 255
16 6 283
16 7 701
17 1 22
17 2 41
17 3 23
17 4 42
17 5 19
17 6 24
17 7 44
18 1 110
18 2 268
18 3 111
18 4 270
18 5 100
18 6 111
18 7 271
19 1 218
19 2 441
19 3 221
19 4 446
19 5 196
19 6 223
19 7 450
20 1 94
20 2 206
20 3 92
20 4 201
20 5 89
20 6 103
20 7 224

# Energy Consumption
1 1 0
1 2 104
1 3 0
1 4 83
1 5 30
1 6 0
1 7 64
2 1 0
2 2 84
2 3 0
2 4 75
2 5 26
2 6 0
2 7 50
3 1 0
3 2 101
3 3 0
3 4 79
3 5 29
3 6 0
3 7 54
4 1 0
4 2 85
4 3 0
4 4 65
4 5 19
4 6 0
4 7 40
5 1 0
5 2 30
5 3 0
5 4 23
5 5 9
5 6 0
5 7 17
6 1 0
6 2 70
6 3 0
6 4 47
6 5 16
6 6 0
6 7 35
7 1 0
7 2 120
7 3 0
7 4 87
7 5 34
7 6 0
7 7 74
8 1 0
8 2 25
8 3 0
8 4 18
8 5 5
8 6 0
8 7 13
9 1 0
9 2 97
9 3 0
9 4 63
9 5 19
9 6 0
9 7 48
10 1 0
10 2 105
10 3 0
10 4 80
10 5 22
10 6 0
10 7 54
11 1 0
11 2 61
11 3 0
11 4 59
11 5 17
11 6 0
11 7 35
12 1 0
12 2 18
12 3 0
12 4 17
12 5 5
12 6 0
12 7 11
13 1 0
13 2 24
13 3 0
13 4 16
13 5 5
13 6 0
13 7 14
14 1 0
14 2 120
14 3 0
14 4 83
14 5 35
14 6 0
14 7 60
15 1 0
15 2 82
15 3 0
15 4 65
15 5 20
15 6 0
15 7 42
16 1 0
16 2 174
16 3 0
16 4 138
16 5 37
16 6 0
16 7 90
17 1 0
17 2 11
17 3 0
17 4 8
17 5 4
17 6 0
17 7 6
18 1 0
18 2 78
18 3 0
18 4 55
18 5 16
18 6 0
18 7 39
19 1 0
19 2 129
19 3 0
19 4 81
19 5 30
19 6 0
19 7 68
20 1 0
20 2 50
20 3 0
20 4 41
20 5 13
20 6 0
20 7 34

# Precedence Relations
1 9
2 3
2 4
2 5
3 9
4 7
4 8
5 6
6 9
7 9
8 10
8 11
8 12
9 13
9 14
9 15
9 16
9 17
13 20
14 18
15 19
16 18
16 19
17 19

# Parameters
R_e = 0.0500
T = 1000.0
C_s = 4.0
C_w = 36.0
C_c = 5.0
