# Tasks
1 2 3 4 5 6 7 8 9 10 11 12 13 14 15 16 17 18 19 20 21 22 23 24 25 26 27 28 29 30 31 32 33 34 35 36 37 38 39 40 41 42 43 44 45 46 47 48 49 50

# Workstations
1 2 3 4 5 6 7 8 9 10 11 12 13 14 15 16 17 18 19 20 21 22 23 24 25 26 27 28 29 30 31 32 33 34 35 36 37 38 39 40 41 42 43 44 45 46 47 48 49 50

# Modes
1 2 3 4 5 6 7

# Processing Times
1 1 192
1 2 292
1 3 198
1 4 300
1 5 76
1 6 262
1 7 398
2 1 342
2 2 445
2 3 350
2 4 455
2 5 147
2 6 435
2 7 566
3 1 36
3 2 55
3 3 38
3 4 58
3 5 15
3 6 53
3 7 80
4 1 323
4 2 452
4 3 307
4 4 430
4 5 122
4 6 422
4 7 591
5 1 120
5 2 176
5 3 117
5 4 171
5 5 53
5 6 159
5 7 233
6 1 473
6 2 592
6 3 458
6 4 573
6 5 178
6 6 661
6 7 828
7 1 494
7 2 611
7 3 516
7 4 638
7 5 192
7 6 669
7 7 828
8 1 120
8 2 160
8 3 119
8 4 159
8 5 49
8 6 154
8 7 206
9 1 214
9 2 334
9 3 211
9 4 328
9 5 76
9 6 286
9 7 445
10 1 199
10 2 265
10 3 201
10 4 268
10 5 71
10 6 277
10 7 368
11 1 96
11 2 140
11 3 97
11 4 141
11 5 36
11 6 125
11 7 182
12 1 600
12 2 866
12 3 593
12 4 856
12 5 184
12 6 821
12 7 1185
13 1 277
13 2 410
13 3 289
13 4 427
13 5 107
13 6 368
13 7 545
14 1 170
14 2 269
14 3 163
14 4 257
14 5 71
14 6 227
14 7 359
15 1 222
15 2 334
15 3 232
15 4 348
15 5 98
15 6 295
15 7 444
16 1 84
16 2 127
16 3 83
16 4 126
16 5 31
16 6 113
16 7 170
17 1 222
17 2 349
17 3 222
17 4 349
17 5 88
17 6 317
17 7 498
18 1 169
18 2 232
18 3 172
18 4 236
18 5 70
18 6 214
18 7 294
19 1 102
19 2 155
19 3 104
19 4 158
19 5 43
19 6 142
19 7 216
20 1 116
20 2 165
20 3 117
20 4 166
20 5 48
20 6 159
20 7 226
21 1 29
21 2 46
21 3 30
21 4 47
21 5 11
21 6 42
21 7 67
22 1 208
22 2 299
22 3 205
22 4 295
22 5 87
22 6 263
22 7 377
23 1 403
23 2 545
23 3 388
23 4 524
23 5 133
23 6 575
23 7 777
24 1 446
24 2 691
24 3 425
24 4 658
24 5 183
24 6 632
24 7 978
25 1 604
25 2 801
25 3 594
25 4 787
25 5 251
25 6 842
25 7 1117
26 1 518
26 2 639
26 3 496
26 4 612
26 5 191
26 6 676
26 7 834
27 1 32
27 2 41
27 3 32
27 4 41
27 5 14
27 6 46
27 7 59
28 1 276
28 2 428
28 3 281
28 4 436
28 5 102
28 6 346
28 7 537
29 1 47
29 2 73
29 3 46
29 4 71
29 5 18
29 6 67
29 7 103
30 1 539
30 2 758
30 3 543
30 4 763
30 5 222
30 6 748
30 7 1052
31 1 71
31 2 106
31 3 74
31 4 111
31 5 22
31 6 94
31 7 140
32 1 191
32 2 246
32 3 190
32 4 245
32 5 80
32 6 265
32 7 341
33 1 178
33 2 232
33 3 172
33 4 225
33 5 63
33 6 235
33 7 306
34 1 58
34 2 87
34 3 58
34 4 86
34 5 23
34 6 78
34 7 117
35 1 210
35 2 258
35 3 209
35 4 257
35 5 65
35 6 294
35 7 361
36 1 137
36 2 180
36 3 144
36 4 189
36 5 56
36 6 190
36 7 250
37 1 542
37 2 759
37 3 554
37 4 776
37 5 225
37 6 783
37 7 1096
38 1 135
38 2 200
38 3 140
38 4 207
38 5 52
38 6 179
38 7 265
39 1 123
39 2 159
39 3 118
39 4 153
39 5 45
39 6 155
39 7 201
40 1 126
40 2 175
40 3 126
40 4 175
40 5 50
40 6 171
40 7 238
41 1 228
41 2 329
41 3 221
41 4 319
41 5 84
41 6 288
41 7 415
42 1 238
42 2 359
42 3 248
42 4 374
42 5 99
42 6 328
42 7 494
43 1 268
43 2 369
43 3 262
43 4 360
43 5 86
43 6 365
43 7 502
44 1 412
44 2 559
44 3 405
44 4 549
44 5 125
44 6 543
44 7 736
45 1 146
45 2 203
45 3 145
45 4 202
45 5 59
45 6 204
45 7 284
46 1 294
46 2 363
46 3 295
46 4 365
46 5 110
46 6 414
46 7 511
47 1 92
47 2 123
47 3 92
47 4 123
47 5 29
47 6 121
47 7 161
48 1 48
48 2 68
48 3 51
48 4 72
48 5 16
48 6 66
48 7 93
49 1 114
49 2 144
49 3 113
49 4 143
49 5 35
49 6 158
49 7 199
50 1 526
50 2 744
50 3 507
50 4 717
50 5 232
50 6 735
50 7 1040

# Energy Consumption
1 1 0
1 2 67
1 3 0
1 4 60
1 5 11
1 6 0
1 7 56
2 1 0
2 2 100
2 3 0
2 4 93
2 5 22
2 6 0
2 7 74
3 1 0
3 2 16
3 3 0
3 4 11
3 5 3
3 6 0
3 7 10
4 1 0
4 2 106
4 3 0
4 4 92
4 5 18
4 6 0
4 7 82
5 1 0
5 2 48
5 3 0
5 4 33
5 5 9
5 6 0
5 7 32
6 1 0
6 2 162
6 3 0
6 4 121
6 5 26
6 6 0
6 7 110
7 1 0
7 2 166
7 3 0
7 4 138
7 5 30
7 6 0
7 7 110
8 1 0
8 2 44
8 3 0
8 4 35
8 5 8
8 6 0
8 7 26
9 1 0
9 2 82
9 3 0
9 4 61
9 5 11
9 6 0
9 7 57
10 1 0
10 2 67
10 3 0
10 4 52
10 5 11
10 6 0
10 7 52
11 1 0
11 2 41
11 3 0
11 4 26
11 5 6
11 6 0
11 7 26
12 1 0
12 2 218
12 3 0
12 4 179
12 5 28
12 6 0
12 7 144
13 1 0
13 2 103
13 3 0
13 4 89
13 5 18
13 6 0
13 7 74
14 1 0
14 2 64
14 3 0
14 4 49
14 5 11
14 6 0
14 7 54
15 1 0
15 2 91
15 3 0
15 4 68
15 5 15
15 6 0
15 7 64
16 1 0
16 2 29
16 3 0
16 4 25
16 5 5
16 6 0
16 7 21
17 1 0
17 2 103
17 3 0
17 4 67
17 5 13
17 6 0
17 7 73
18 1 0
18 2 56
18 3 0
18 4 52
18 5 11
18 6 0
18 7 37
19 1 0
19 2 44
19 3 0
19 4 31
19 5 7
19 6 0
19 7 31
20 1 0
20 2 50
20 3 0
20 4 34
20 5 8
20 6 0
20 7 28
21 1 0
21 2 12
21 3 0
21 4 10
21 5 2
21 6 0
21 7 9
22 1 0
22 2 69
22 3 0
22 4 55
22 5 13
22 6 0
22 7 56
23 1 0
23 2 132
23 3 0
23 4 98
23 5 19
23 6 0
23 7 99
24 1 0
24 2 168
24 3 0
24 4 119
24 5 28
24 6 0
24 7 122
25 1 0
25 2 199
25 3 0
25 4 145
25 5 40
25 6 0
25 7 152
26 1 0
26 2 145
26 3 0
26 4 133
26 5 29
26 6 0
26 7 102
27 1 0
27 2 12
27 3 0
27 4 8
27 5 3
27 6 0
27 7 9
28 1 0
28 2 116
28 3 0
28 4 79
28 5 15
28 6 0
28 7 65
29 1 0
29 2 21
29 3 0
29 4 14
29 5 3
29 6 0
29 7 15
30 1 0
30 2 222
30 3 0
30 4 157
30 5 33
30 6 0
30 7 145
31 1 0
31 2 28
31 3 0
31 4 22
31 5 4
31 6 0
31 7 18
32 1 0
32 2 67
32 3 0
32 4 47
32 5 13
32 6 0
32 7 44
33 1 0
33 2 56
33 3 0
33 4 42
33 5 10
33 6 0
33 7 45
34 1 0
34 2 23
34 3 0
34 4 18
34 5 4
34 6 0
34 7 16
35 1 0
35 2 68
35 3 0
35 4 47
35 5 10
35 6 0
35 7 46
36 1 0
36 2 41
36 3 0
36 4 35
36 5 9
36 6 0
36 7 32
37 1 0
37 2 209
37 3 0
37 4 167
37 5 34
37 6 0
37 7 159
38 1 0
38 2 52
38 3 0
38 4 46
38 5 8
38 6 0
38 7 34
39 1 0
39 2 38
39 3 0
39 4 30
39 5 7
39 6 0
39 7 25
40 1 0
40 2 43
40 3 0
40 4 36
40 5 8
40 6 0
40 7 36
41 1 0
41 2 97
41 3 0
41 4 70
41 5 13
41 6 0
41 7 58
42 1 0
42 2 101
42 3 0
42 4 74
42 5 16
42 6 0
42 7 61
43 1 0
43 2 110
43 3 0
43 4 76
43 5 13
43 6 0
43 7 72
44 1 0
44 2 157
44 3 0
44 4 108
44 5 18
44 6 0
44 7 101
45 1 0
45 2 53
45 3 0
45 4 43
45 5 9
45 6 0
45 7 38
46 1 0
46 2 91
46 3 0
46 4 68
46 5 18
46 6 0
46 7 72
47 1 0
47 2 34
47 3 0
47 4 23
47 5 5
47 6 0
47 7 20
48 1 0
48 2 19
48 3 0
48 4 16
48 5 3
48 6 0
48 7 14
49 1 0
49 2 36
49 3 0
49 4 27
49 5 6
49 6 0
49 7 28
50 1 0
50 2 210
50 3 0
50 4 145
50 5 36
50 6 0
50 7 152

# Precedence Relations
1 8
2 7
2 9
2 11
2 12
5 10
7 36
8 14
9 15
10 16
11 17
11 20
12 13
12 18
12 19
12 21
13 36
14 25
15 22
16 24
17 23
18 26
19 27
22 36
23 29
24 30
25 28
25 31
26 28
26 34
26 35
27 32
27 33
28 36
29 38
30 38
31 37
32 39
33 40
36 41
36 42
36 43
36 44
36 45
36 47
37 46
41 48
46 49
46 50

# Parameters
R_e = 0.0500
T = 1000.0
C_s = 4.0
C_w = 36.0
C_c = 5.0
