# Tasks
1 2 3 4 5 6 7 8 9 10 11 12 13 14 15 16 17 18 19 20 21 22 23 24 25 26 27 28 29 30 31 32 33 34 35

# Workstations
1 2 3 4 5 6 7 8 9 10 11 12 13 14 15 16 17 18 19 20 21 22 23 24 25 26 27 28 29 30 31 32 33 34 35

# Modes
1 2 3 4 5 6 7

# Processing Times
1 1 29
1 2 38
1 3 32
1 4 42
1 5 19
1 6 32
1 7 41
2 1 3
2 2 4
2 3 4
2 4 5
2 5 2
2 6 4
2 7 5
3 1 5
3 2 7
3 3 6
3 4 8
3 5 4
3 6 6
3 7 8
4 1 22
4 2 29
4 3 24
4 4 32
4 5 15
4 6 24
4 7 32
5 1 6
5 2 8
5 3 7
5 4 9
5 5 4
5 6 7
5 7 9
6 1 14
6 2 19
6 3 16
6 4 21
6 5 10
6 6 16
6 7 21
7 1 2
7 2 3
7 3 3
7 4 4
7 5 2
7 6 3
7 7 4
8 1 5
8 2 7
8 3 6
8 4 8
8 5 4
8 6 6
8 7 8
9 1 22
9 2 29
9 3 24
9 4 32
9 5 15
9 6 24
9 7 32
10 1 30
10 2 39
10 3 33
10 4 43
10 5 20
10 6 33
10 7 43
11 1 23
11 2 30
11 3 25
11 4 33
11 5 15
11 6 25
11 7 33
12 1 30
12 2 39
12 3 33
12 4 43
12 5 20
12 6 33
12 7 43
13 1 23
13 2 30
13 3 25
13 4 33
13 5 15
13 6 25
13 7 33
14 1 2
14 2 3
14 3 3
14 4 4
14 5 2
14 6 3
14 7 4
15 1 19
15 2 25
15 3 21
15 4 28
15 5 13
15 6 21
15 7 27
16 1 29
16 2 38
16 3 32
16 4 42
16 5 19
16 6 32
16 7 41
17 1 2
17 2 3
17 3 3
17 4 4
17 5 2
17 6 3
17 7 4
18 1 2
18 2 3
18 3 3
18 4 4
18 5 2
18 6 3
18 7 4
19 1 19
19 2 25
19 3 21
19 4 28
19 5 13
19 6 21
19 7 27
20 1 29
20 2 38
20 3 32
20 4 42
20 5 19
20 6 32
20 7 41
21 1 6
21 2 8
21 3 7
21 4 9
21 5 4
21 6 7
21 7 9
22 1 10
22 2 13
22 3 11
22 4 15
22 5 7
22 6 11
22 7 15
23 1 16
23 2 21
23 3 18
23 4 23
23 5 11
23 6 18
23 7 23
24 1 23
24 2 30
24 3 25
24 4 33
24 5 15
24 6 25
24 7 33
25 1 5
25 2 7
25 3 6
25 4 8
25 5 4
25 6 6
25 7 8
26 1 5
26 2 7
26 3 6
26 4 8
26 5 4
26 6 6
26 7 8
27 1 5
27 2 7
27 3 6
27 4 8
27 5 4
27 6 6
27 7 8
28 1 40
28 2 52
28 3 44
28 4 57
28 5 26
28 6 44
28 7 57
29 1 2
29 2 3
29 3 3
29 4 4
29 5 2
29 6 3
29 7 4
30 1 5
30 2 7
30 3 6
30 4 8
30 5 4
30 6 6
30 7 8
31 1 5
31 2 7
31 3 6
31 4 8
31 5 4
31 6 6
31 7 8
32 1 1
32 2 2
32 3 2
32 4 3
32 5 1
32 6 2
32 7 3
33 1 40
33 2 52
33 3 44
33 4 57
33 5 26
33 6 44
33 7 57
34 1 2
34 2 3
34 3 3
34 4 4
34 5 2
34 6 3
34 7 4
35 1 2
35 2 3
35 3 3
35 4 4
35 5 2
35 6 3
35 7 4

# Energy Consumption
1 1 0
1 2 10
1 3 0
1 4 9
1 5 3
1 6 0
1 7 6
2 1 0
2 2 2
2 3 0
2 4 1
2 5 1
2 6 0
2 7 1
3 1 0
3 2 2
3 3 0
3 4 2
3 5 1
3 6 0
3 7 2
4 1 0
4 2 8
4 3 0
4 4 8
4 5 3
4 6 0
4 7 5
5 1 0
5 2 2
5 3 0
5 4 2
5 5 1
5 6 0
5 7 2
6 1 0
6 2 5
6 3 0
6 4 5
6 5 2
6 6 0
6 7 3
7 1 0
7 2 1
7 3 0
7 4 1
7 5 1
7 6 0
7 7 1
8 1 0
8 2 2
8 3 0
8 4 2
8 5 1
8 6 0
8 7 2
9 1 0
9 2 8
9 3 0
9 4 7
9 5 3
9 6 0
9 7 5
10 1 0
10 2 12
10 3 0
10 4 9
10 5 3
10 6 0
10 7 7
11 1 0
11 2 7
11 3 0
11 4 7
11 5 3
11 6 0
11 7 5
12 1 0
12 2 10
12 3 0
12 4 10
12 5 3
12 6 0
12 7 6
13 1 0
13 2 8
13 3 0
13 4 7
13 5 3
13 6 0
13 7 5
14 1 0
14 2 1
14 3 0
14 4 1
14 5 1
14 6 0
14 7 1
15 1 0
15 2 7
15 3 0
15 4 6
15 5 2
15 6 0
15 7 4
16 1 0
16 2 11
16 3 0
16 4 9
16 5 3
16 6 0
16 7 6
17 1 0
17 2 1
17 3 0
17 4 1
17 5 1
17 6 0
17 7 1
18 1 0
18 2 1
18 3 0
18 4 1
18 5 1
18 6 0
18 7 1
19 1 0
19 2 7
19 3 0
19 4 6
19 5 3
19 6 0
19 7 5
20 1 0
20 2 10
20 3 0
20 4 10
20 5 3
20 6 0
20 7 6
21 1 0
21 2 2
21 3 0
21 4 2
21 5 1
21 6 0
21 7 2
22 1 0
22 2 4
22 3 0
22 4 4
22 5 2
22 6 0
22 7 3
23 1 0
23 2 6
23 3 0
23 4 5
23 5 2
23 6 0
23 7 4
24 1 0
24 2 7
24 3 0
24 4 7
24 5 3
24 6 0
24 7 5
25 1 0
25 2 2
25 3 0
25 4 2
25 5 1
25 6 0
25 7 2
26 1 0
26 2 3
26 3 0
26 4 2
26 5 1
26 6 0
26 7 2
27 1 0
27 2 2
27 3 0
27 4 2
27 5 1
27 6 0
27 7 1
28 1 0
28 2 12
28 3 0
28 4 11
28 5 4
28 6 0
28 7 8
29 1 0
29 2 1
29 3 0
29 4 1
29 5 1
29 6 0
29 7 1
30 1 0
30 2 2
30 3 0
30 4 2
30 5 1
30 6 0
30 7 2
31 1 0
31 2 2
31 3 0
31 4 2
31 5 1
31 6 0
31 7 2
32 1 0
32 2 1
32 3 0
32 4 1
32 5 1
32 6 0
32 7 1
33 1 0
33 2 12
33 3 0
33 4 12
33 5 4
33 6 0
33 7 8
34 1 0
34 2 1
34 3 0
34 4 1
34 5 1
34 6 0
34 7 1
35 1 0
35 2 1
35 3 0
35 4 1
35 5 1
35 6 0
35 7 1

# Precedence Relations
1 2
1 5
1 7
1 10
1 12
2 3
3 4
4 11
5 6
6 7
6 8
7 14
7 18
8 9
9 13
10 14
11 28
11 33
12 18
13 28
13 33
14 15
15 16
16 21
17 20
18 19
19 20
20 21
21 22
21 25
21 30
21 32
22 23
23 24
24 27
25 26
26 27
27 28
27 33
27 34
28 29
30 31
31 32
32 33
33 35

# Parameters
R_e = 0.0500
T = 60.0
C_s = 4.0
C_w = 36.0
C_c = 5.0
