# Tasks
1 2 3 4 5 6 7 8 9 10 11 12 13 14 15 16 17 18 19 20

# Workstations
1 2 3 4 5 6 7 8 9 10 11 12 13 14 15 16 17 18 19 20

# Modes
1 2 3 4 5 6 7

# Processing Times
1 1 210
1 2 198
1 3 191
1 4 180
1 5 75
1 6 226
1 7 213
2 1 169
2 2 159
2 3 154
2 4 145
2 5 61
2 6 182
2 7 171
3 1 191
3 2 180
3 3 174
3 4 164
3 5 68
3 6 206
3 7 194
4 1 141
4 2 133
4 3 128
4 4 121
4 5 51
4 6 152
4 7 143
5 1 66
5 2 63
5 3 60
5 4 58
5 5 24
5 6 71
5 7 68
6 1 117
6 2 110
6 3 107
6 4 100
6 5 42
6 6 126
6 7 119
7 1 232
7 2 218
7 3 211
7 4 198
7 5 83
7 6 250
7 7 235
8 1 39
8 2 37
8 3 36
8 4 34
8 5 14
8 6 42
8 7 40
9 1 164
9 2 155
9 3 149
9 4 141
9 5 59
9 6 177
9 7 167
10 1 167
10 2 157
10 3 152
10 4 143
10 5 60
10 6 180
10 7 169
11 1 120
11 2 113
11 3 109
11 4 103
11 5 43
11 6 129
11 7 122
12 1 33
12 2 32
12 3 30
12 4 30
12 5 12
12 6 36
12 7 35
13 1 35
13 2 33
13 3 32
13 4 30
13 5 13
13 6 38
13 7 36
14 1 255
14 2 240
14 3 232
14 4 218
14 5 91
14 6 275
14 7 258
15 1 134
15 2 126
15 3 122
15 4 115
15 5 48
15 6 145
15 7 136
16 1 275
16 2 259
16 3 250
16 4 236
16 5 98
16 6 296
16 7 279
17 1 22
17 2 21
17 3 20
17 4 20
17 5 8
17 6 24
17 7 23
18 1 110
18 2 104
18 3 100
18 4 95
18 5 40
18 6 119
18 7 112
19 1 218
19 2 205
19 3 198
19 4 187
19 5 78
19 6 235
19 7 221
20 1 94
20 2 89
20 3 86
20 4 81
20 5 34
20 6 102
20 7 96

# Energy Consumption
1 1 0
1 2 50
1 3 0
1 4 36
1 5 12
1 6 0
1 7 31
2 1 0
2 2 38
2 3 0
2 4 30
2 5 10
2 6 0
2 7 24
3 1 0
3 2 44
3 3 0
3 4 30
3 5 10
3 6 0
3 7 29
4 1 0
4 2 39
4 3 0
4 4 23
4 5 8
4 6 0
4 7 21
5 1 0
5 2 19
5 3 0
5 4 12
5 5 4
5 6 0
5 7 10
6 1 0
6 2 32
6 3 0
6 4 19
6 5 7
6 6 0
6 7 17
7 1 0
7 2 50
7 3 0
7 4 42
7 5 13
7 6 0
7 7 34
8 1 0
8 2 11
8 3 0
8 4 8
8 5 3
8 6 0
8 7 6
9 1 0
9 2 39
9 3 0
9 4 30
9 5 10
9 6 0
9 7 25
10 1 0
10 2 40
10 3 0
10 4 31
10 5 9
10 6 0
10 7 23
11 1 0
11 2 27
11 3 0
11 4 22
11 5 7
11 6 0
11 7 18
12 1 0
12 2 8
12 3 0
12 4 7
12 5 2
12 6 0
12 7 6
13 1 0
13 2 9
13 3 0
13 4 6
13 5 3
13 6 0
13 7 5
14 1 0
14 2 59
14 3 0
14 4 41
14 5 14
14 6 0
14 7 32
15 1 0
15 2 38
15 3 0
15 4 26
15 5 8
15 6 0
15 7 18
16 1 0
16 2 59
16 3 0
16 4 45
16 5 14
16 6 0
16 7 37
17 1 0
17 2 6
17 3 0
17 4 5
17 5 2
17 6 0
17 7 4
18 1 0
18 2 24
18 3 0
18 4 20
18 5 6
18 6 0
18 7 16
19 1 0
19 2 46
19 3 0
19 4 41
19 5 13
19 6 0
19 7 32
20 1 0
20 2 24
20 3 0
20 4 16
20 5 5
20 6 0
20 7 15

# Precedence Relations
1 9
2 3
2 4
2 5
3 9
4 7
4 8
5 6
6 9
7 9
8 10
8 11
8 12
9 13
9 14
9 15
9 16
9 17
13 20
14 18
15 19
16 18
16 19
17 19

# Parameters
R_e = 0.0500
T = 1000.0
C_s = 4.0
C_w = 36.0
C_c = 5.0
