# Tasks
1 2 3 4 5 6 7 8 9 10 11 12 13 14 15 16 17 18 19 20 21 22 23 24 25 26 27 28 29 30 31 32 33 34 35 36 37 38 39 40 41 42 43 44 45 46 47 48 49 50 51 52 53

# Workstations
1 2 3 4 5 6 7 8 9 10 11 12 13 14 15 16 17 18 19 20 21 22 23 24 25 26 27 28 29 30 31 32 33 34 35 36 37 38 39 40 41 42 43 44 45 46 47 48 49 50 51 52 53

# Modes
1 2 3 4 5 6 7

# Processing Times
1 1 971
1 2 2036
1 3 965
1 4 2023
1 5 867
1 6 1061
1 7 2225
2 1 142
2 2 298
2 3 142
2 4 297
2 5 127
2 6 156
2 7 326
3 1 142
3 2 298
3 3 142
3 4 297
3 5 127
3 6 156
3 7 326
4 1 142
4 2 298
4 3 142
4 4 297
4 5 127
4 6 156
4 7 326
5 1 103
5 2 216
5 3 103
5 4 215
5 5 92
5 6 113
5 7 237
6 1 96
6 2 202
6 3 96
6 4 201
6 5 86
6 6 105
6 7 221
7 1 99
7 2 208
7 3 99
7 4 207
7 5 89
7 6 109
7 7 228
8 1 1207
8 2 2530
8 3 1200
8 4 2514
8 5 1078
8 6 1319
8 7 2765
9 1 160
9 2 336
9 3 159
9 4 334
9 5 143
9 6 175
9 7 368
10 1 180
10 2 378
10 3 179
10 4 376
10 5 161
10 6 197
10 7 414
11 1 82
11 2 172
11 3 82
11 4 171
11 5 74
11 6 90
11 7 188
12 1 60
12 2 126
12 3 60
12 4 126
12 5 54
12 6 66
12 7 138
13 1 112
13 2 235
13 3 112
13 4 234
13 5 100
13 6 123
13 7 257
14 1 420
14 2 881
14 3 418
14 4 876
14 5 375
14 6 459
14 7 963
15 1 1556
15 2 3262
15 3 1547
15 4 3242
15 5 1389
15 6 1701
15 7 3565
16 1 236
16 2 495
16 3 235
16 4 492
16 5 211
16 6 258
16 7 541
17 1 259
17 2 543
17 3 258
17 4 540
17 5 232
17 6 283
17 7 594
18 1 125
18 2 263
18 3 125
18 4 262
18 5 112
18 6 137
18 7 288
19 1 601
19 2 1260
19 3 598
19 4 1252
19 5 537
19 6 657
19 7 1377
20 1 80
20 2 168
20 3 80
20 4 167
20 5 72
20 6 88
20 7 184
21 1 80
21 2 168
21 3 80
21 4 167
21 5 72
21 6 88
21 7 184
22 1 70
22 2 147
22 3 70
22 4 147
22 5 63
22 6 77
22 7 161
23 1 89
23 2 187
23 3 89
23 4 186
23 5 80
23 6 98
23 7 205
24 1 89
24 2 187
24 3 89
24 4 186
24 5 80
24 6 98
24 7 205
25 1 105
25 2 221
25 3 105
25 4 220
25 5 94
25 6 115
25 7 242
26 1 330
26 2 692
26 3 328
26 4 688
26 5 295
26 6 361
26 7 757
27 1 132
27 2 277
27 3 132
27 4 276
27 5 118
27 6 145
27 7 303
28 1 69
28 2 145
28 3 69
28 4 145
28 5 62
28 6 76
28 7 159
29 1 99
29 2 208
29 3 99
29 4 207
29 5 89
29 6 109
29 7 228
30 1 70
30 2 147
30 3 70
30 4 147
30 5 63
30 6 77
30 7 161
31 1 70
31 2 147
31 3 70
31 4 147
31 5 63
31 6 77
31 7 161
32 1 158
32 2 332
32 3 157
32 4 330
32 5 142
32 6 173
32 7 363
33 1 191
33 2 401
33 3 190
33 4 399
33 5 171
33 6 209
33 7 439
34 1 70
34 2 147
34 3 70
34 4 147
34 5 63
34 6 77
34 7 161
35 1 53
35 2 112
35 3 53
35 4 112
35 5 48
35 6 58
35 7 123
36 1 50
36 2 105
36 3 50
36 4 105
36 5 45
36 6 55
36 7 115
37 1 125
37 2 263
37 3 125
37 4 262
37 5 112
37 6 137
37 7 288
38 1 353
38 2 740
38 3 351
38 4 736
38 5 316
38 6 386
38 7 809
39 1 70
39 2 147
39 3 70
39 4 147
39 5 63
39 6 77
39 7 161
40 1 128
40 2 269
40 3 128
40 4 268
40 5 115
40 6 140
40 7 294
41 1 65
41 2 137
41 3 65
41 4 137
41 5 59
41 6 72
41 7 150
42 1 1775
42 2 3721
42 3 1764
42 4 3698
42 5 1585
42 6 1940
42 7 4066
43 1 91
43 2 191
43 3 91
43 4 190
43 5 82
43 6 100
43 7 209
44 1 91
44 2 191
44 3 91
44 4 190
44 5 82
44 6 100
44 7 209
45 1 113
45 2 237
45 3 113
45 4 236
45 5 101
45 6 124
45 7 259
46 1 487
46 2 1021
46 3 484
46 4 1015
46 5 435
46 6 533
46 7 1116
47 1 138
47 2 290
47 3 138
47 4 289
47 5 124
47 6 151
47 7 317
48 1 80
48 2 168
48 3 80
48 4 167
48 5 72
48 6 88
48 7 184
49 1 80
49 2 168
49 3 80
49 4 167
49 5 72
49 6 88
49 7 184
50 1 65
50 2 137
50 3 65
50 4 137
50 5 59
50 6 72
50 7 150
51 1 40
51 2 84
51 3 40
51 4 84
51 5 36
51 6 44
51 7 92
52 1 742
52 2 1556
52 3 738
52 4 1547
52 5 663
52 6 811
52 7 1701
53 1 1085
53 2 2275
53 3 1079
53 4 2261
53 5 969
53 6 1186
53 7 2486

# Energy Consumption
1 1 0
1 2 517
1 3 0
1 4 415
1 5 129
1 6 0
1 7 329
2 1 0
2 2 75
2 3 0
2 4 64
2 5 21
2 6 0
2 7 47
3 1 0
3 2 77
3 3 0
3 4 62
3 5 20
3 6 0
3 7 41
4 1 0
4 2 80
4 3 0
4 4 60
4 5 20
4 6 0
4 7 41
5 1 0
5 2 53
5 3 0
5 4 39
5 5 15
5 6 0
5 7 29
6 1 0
6 2 55
6 3 0
6 4 38
6 5 13
6 6 0
6 7 29
7 1 0
7 2 52
7 3 0
7 4 38
7 5 14
7 6 0
7 7 35
8 1 0
8 2 740
8 3 0
8 4 521
8 5 164
8 6 0
8 7 394
9 1 0
9 2 96
9 3 0
9 4 63
9 5 21
9 6 0
9 7 49
10 1 0
10 2 109
10 3 0
10 4 80
10 5 25
10 6 0
10 7 59
11 1 0
11 2 38
11 3 0
11 4 36
11 5 12
11 6 0
11 7 23
12 1 0
12 2 30
12 3 0
12 4 28
12 5 9
12 6 0
12 7 19
13 1 0
13 2 68
13 3 0
13 4 44
13 5 16
13 6 0
13 7 38
14 1 0
14 2 226
14 3 0
14 4 162
14 5 59
14 6 0
14 7 117
15 1 0
15 2 842
15 3 0
15 4 633
15 5 214
15 6 0
15 7 451
16 1 0
16 2 127
16 3 0
16 4 96
16 5 31
16 6 0
16 7 69
17 1 0
17 2 144
17 3 0
17 4 103
17 5 38
17 6 0
17 7 72
18 1 0
18 2 77
18 3 0
18 4 53
18 5 17
18 6 0
18 7 41
19 1 0
19 2 368
19 3 0
19 4 227
19 5 80
19 6 0
19 7 206
20 1 0
20 2 41
20 3 0
20 4 34
20 5 11
20 6 0
20 7 28
21 1 0
21 2 46
21 3 0
21 4 34
21 5 12
21 6 0
21 7 27
22 1 0
22 2 35
22 3 0
22 4 31
22 5 9
22 6 0
22 7 24
23 1 0
23 2 56
23 3 0
23 4 38
23 5 12
23 6 0
23 7 30
24 1 0
24 2 53
24 3 0
24 4 39
24 5 12
24 6 0
24 7 28
25 1 0
25 2 65
25 3 0
25 4 44
25 5 15
25 6 0
25 7 30
26 1 0
26 2 160
26 3 0
26 4 137
26 5 44
26 6 0
26 7 94
27 1 0
27 2 77
27 3 0
27 4 59
27 5 19
27 6 0
27 7 43
28 1 0
28 2 42
28 3 0
28 4 31
28 5 10
28 6 0
28 7 21
29 1 0
29 2 55
29 3 0
29 4 40
29 5 14
29 6 0
29 7 30
30 1 0
30 2 34
30 3 0
30 4 28
30 5 10
30 6 0
30 7 21
31 1 0
31 2 34
31 3 0
31 4 28
31 5 10
31 6 0
31 7 21
32 1 0
32 2 100
32 3 0
32 4 61
32 5 22
32 6 0
32 7 45
33 1 0
33 2 102
33 3 0
33 4 82
33 5 25
33 6 0
33 7 63
34 1 0
34 2 34
34 3 0
34 4 29
34 5 10
34 6 0
34 7 21
35 1 0
35 2 26
35 3 0
35 4 21
35 5 7
35 6 0
35 7 16
36 1 0
36 2 24
36 3 0
36 4 21
36 5 8
36 6 0
36 7 17
37 1 0
37 2 60
37 3 0
37 4 55
37 5 16
37 6 0
37 7 37
38 1 0
38 2 178
38 3 0
38 4 145
38 5 50
38 6 0
38 7 110
39 1 0
39 2 38
39 3 0
39 4 30
39 5 10
39 6 0
39 7 22
40 1 0
40 2 63
40 3 0
40 4 51
40 5 17
40 6 0
40 7 41
41 1 0
41 2 32
41 3 0
41 4 30
41 5 10
41 6 0
41 7 19
42 1 0
42 2 860
42 3 0
42 4 774
42 5 253
42 6 0
42 7 540
43 1 0
43 2 45
43 3 0
43 4 35
43 5 13
43 6 0
43 7 29
44 1 0
44 2 43
44 3 0
44 4 35
44 5 13
44 6 0
44 7 29
45 1 0
45 2 66
45 3 0
45 4 45
45 5 15
45 6 0
45 7 35
46 1 0
46 2 267
46 3 0
46 4 209
46 5 65
46 6 0
46 7 168
47 1 0
47 2 85
47 3 0
47 4 54
47 5 18
47 6 0
47 7 44
48 1 0
48 2 45
48 3 0
48 4 31
48 5 11
48 6 0
48 7 26
49 1 0
49 2 41
49 3 0
49 4 34
49 5 11
49 6 0
49 7 23
50 1 0
50 2 40
50 3 0
50 4 27
50 5 9
50 6 0
50 7 21
51 1 0
51 2 25
51 3 0
51 4 16
51 5 6
51 6 0
51 7 12
52 1 0
52 2 466
52 3 0
52 4 320
52 5 101
52 6 0
52 7 250
53 1 0
53 2 507
53 3 0
53 4 409
53 5 153
53 6 0
53 7 326

# Precedence Relations
1 2
1 3
1 4
1 5
1 6
1 7
2 36
3 36
4 9
5 9
6 9
7 9
8 9
9 10
10 11
11 12
12 13
12 14
12 15
13 16
13 17
13 18
14 22
15 16
15 17
16 29
16 30
16 31
17 19
18 42
19 20
19 21
19 22
20 23
21 24
22 25
23 36
24 36
25 26
26 27
27 28
28 29
28 30
28 31
28 32
28 33
28 34
29 35
30 35
31 35
32 35
33 35
34 35
35 36
36 37
37 38
37 39
37 40
38 41
39 41
40 41
41 42
42 43
42 44
42 45
42 46
42 47
43 48
44 49
45 51
45 52
46 50
47 51
47 52
48 51
48 52
49 51
49 52
50 51
50 52
51 53
52 53

# Parameters
R_e = 0.0500
T = 10000.0
C_s = 4.0
C_w = 36.0
C_c = 5.0
