# Tasks
1 2 3 4 5 6 7 8 9 10 11 12 13 14 15 16 17 18 19 20

# Workstations
1 2 3 4 5 6 7 8 9 10 11 12 13 14 15 16 17 18 19 20

# Modes
1 2 3 4 5 6 7

# Processing Times
1 1 27
1 2 35
1 3 25
1 4 32
1 5 26
1 6 33
1 7 42
2 1 123
2 2 157
2 3 112
2 4 143
2 5 115
2 6 147
2 7 187
3 1 188
3 2 239
3 3 171
3 4 217
3 5 176
3 6 224
3 7 284
4 1 152
4 2 193
4 3 138
4 4 176
4 5 142
4 6 181
4 7 230
5 1 210
5 2 267
5 3 191
5 4 243
5 5 196
5 6 250
5 7 318
6 1 206
6 2 262
6 3 187
6 4 238
6 5 193
6 6 245
6 7 312
7 1 234
7 2 297
7 3 213
7 4 270
7 5 219
7 6 278
7 7 353
8 1 178
8 2 226
8 3 162
8 4 206
8 5 167
8 6 212
8 7 269
9 1 82
9 2 105
9 3 75
9 4 96
9 5 77
9 6 98
9 7 125
10 1 126
10 2 160
10 3 115
10 4 146
10 5 118
10 6 150
10 7 191
11 1 93
11 2 118
11 3 85
11 4 108
11 5 87
11 6 111
11 7 141
12 1 135
12 2 172
12 3 123
12 4 157
12 5 126
12 6 161
12 7 205
13 1 159
13 2 202
13 3 145
13 4 184
13 5 149
13 6 189
13 7 240
14 1 177
14 2 225
14 3 161
14 4 205
14 5 166
14 6 211
14 7 268
15 1 196
15 2 249
15 3 178
15 4 226
15 5 183
15 6 233
15 7 296
16 1 165
16 2 210
16 3 150
16 4 191
16 5 154
16 6 197
16 7 250
17 1 104
17 2 132
17 3 95
17 4 120
17 5 98
17 6 124
17 7 157
18 1 157
18 2 200
18 3 143
18 4 182
18 5 147
18 6 187
18 7 238
19 1 87
19 2 111
19 3 79
19 4 101
19 5 82
19 6 104
19 7 132
20 1 140
20 2 178
20 3 128
20 4 162
20 5 131
20 6 167
20 7 212

# Energy Consumption
1 1 0
1 2 9
1 3 0
1 4 7
1 5 4
1 6 0
1 7 6
2 1 0
2 2 39
2 3 0
2 4 30
2 5 17
2 6 0
2 7 27
3 1 0
3 2 68
3 3 0
3 4 40
3 5 25
3 6 0
3 7 39
4 1 0
4 2 55
4 3 0
4 4 37
4 5 22
4 6 0
4 7 32
5 1 0
5 2 68
5 3 0
5 4 46
5 5 29
5 6 0
5 7 47
6 1 0
6 2 63
6 3 0
6 4 49
6 5 31
6 6 0
6 7 46
7 1 0
7 2 75
7 3 0
7 4 55
7 5 35
7 6 0
7 7 52
8 1 0
8 2 54
8 3 0
8 4 43
8 5 25
8 6 0
8 7 40
9 1 0
9 2 29
9 3 0
9 4 21
9 5 12
9 6 0
9 7 18
10 1 0
10 2 42
10 3 0
10 4 32
10 5 18
10 6 0
10 7 29
11 1 0
11 2 35
11 3 0
11 4 22
11 5 14
11 6 0
11 7 18
12 1 0
12 2 44
12 3 0
12 4 34
12 5 19
12 6 0
12 7 30
13 1 0
13 2 55
13 3 0
13 4 40
13 5 22
13 6 0
13 7 33
14 1 0
14 2 51
14 3 0
14 4 45
14 5 24
14 6 0
14 7 35
15 1 0
15 2 60
15 3 0
15 4 48
15 5 28
15 6 0
15 7 43
16 1 0
16 2 47
16 3 0
16 4 42
16 5 24
16 6 0
16 7 31
17 1 0
17 2 38
17 3 0
17 4 22
17 5 15
17 6 0
17 7 22
18 1 0
18 2 58
18 3 0
18 4 35
18 5 23
18 6 0
18 7 35
19 1 0
19 2 26
19 3 0
19 4 19
19 5 12
19 6 0
19 7 17
20 1 0
20 2 43
20 3 0
20 4 34
20 5 20
20 6 0
20 7 32

# Precedence Relations
1 9
2 9
3 9
4 7
5 6
5 8
6 9
7 9
8 10
8 11
9 12
9 13
9 14
9 15
10 17
12 17
13 16
16 19
16 20
17 18

# Parameters
R_e = 0.0500
T = 1000.0
C_s = 4.0
C_w = 36.0
C_c = 5.0
