# Tasks
1 2 3 4 5 6 7 8 9 10 11 12 13 14 15 16 17 18 19 20 21 22 23 24 25 26 27 28 29 30 31 32 33 34 35 36 37 38 39 40 41 42 43 44 45 46 47 48 49 50 51 52 53 54 55 56 57 58 59 60 61 62 63 64 65 66 67 68 69 70 71 72 73 74 75 76 77 78 79 80 81 82 83

# Workstations
1 2 3 4 5 6 7 8 9 10 11 12 13 14 15 16 17 18 19 20 21 22 23 24 25 26 27 28 29 30 31 32 33 34 35 36 37 38 39 40 41 42 43 44 45 46 47 48 49 50 51 52 53 54 55 56 57 58 59 60 61 62 63 64 65 66 67 68 69 70 71 72 73 74 75 76 77 78 79 80 81 82 83

# Modes
1 2 3 4 5 6 7

# Processing Times
1 1 1673
1 2 1427
1 3 1839
1 4 1568
1 5 1569
1 6 2350
1 7 2004
2 1 985
2 2 841
2 3 1083
2 4 925
2 5 924
2 6 1384
2 7 1182
3 1 1836
3 2 1566
3 3 2018
3 4 1721
3 5 1721
3 6 2579
3 7 2200
4 1 973
4 2 830
4 3 1070
4 4 913
4 5 912
4 6 1367
4 7 1166
5 1 1700
5 2 1450
5 3 1868
5 4 1594
5 5 1594
5 6 2388
5 7 2037
6 1 2881
6 2 2457
6 3 3166
6 4 2700
6 5 2701
6 6 4046
6 7 3451
7 1 2231
7 2 1903
7 3 2452
7 4 2092
7 5 2092
7 6 3133
7 7 2673
8 1 1040
8 2 887
8 3 1143
8 4 975
8 5 975
8 6 1461
8 7 1246
9 1 1793
9 2 1530
9 3 1971
9 4 1682
9 5 1681
9 6 2518
9 7 2149
10 1 1250
10 2 1066
10 3 1374
10 4 1172
10 5 1172
10 6 1756
10 7 1497
11 1 700
11 2 597
11 3 770
11 4 656
11 5 657
11 6 984
11 7 839
12 1 464
12 2 396
12 3 510
12 4 436
12 5 435
12 6 652
12 7 557
13 1 500
13 2 427
13 3 550
13 4 470
13 5 469
13 6 703
13 7 600
14 1 1133
14 2 967
14 3 1245
14 4 1063
14 5 1062
14 6 1592
14 7 1358
15 1 577
15 2 493
15 3 635
15 4 542
15 5 541
15 6 811
15 7 693
16 1 483
16 2 412
16 3 531
16 4 453
16 5 453
16 6 679
16 7 579
17 1 880
17 2 751
17 3 967
17 4 826
17 5 825
17 6 1236
17 7 1055
18 1 667
18 2 569
18 3 733
18 4 626
18 5 626
18 6 937
18 7 800
19 1 600
19 2 512
19 3 660
19 4 563
19 5 563
19 6 843
19 7 720
20 1 233
20 2 199
20 3 257
20 4 219
20 5 219
20 6 328
20 7 280
21 1 408
21 2 348
21 3 449
21 4 383
21 5 383
21 6 573
21 7 489
22 1 847
22 2 723
22 3 931
22 4 795
22 5 794
22 6 1190
22 7 1016
23 1 767
23 2 655
23 3 843
23 4 720
23 5 719
23 6 1078
23 7 920
24 1 850
24 2 725
24 3 934
24 4 797
24 5 797
24 6 1194
24 7 1019
25 1 780
25 2 666
25 3 858
25 4 732
25 5 732
25 6 1096
25 7 936
26 1 912
26 2 778
26 3 1003
26 4 855
26 5 855
26 6 1281
26 7 1093
27 1 748
27 2 638
27 3 822
27 4 702
27 5 702
27 6 1051
27 7 896
28 1 1863
28 2 1589
28 3 2048
28 4 1746
28 5 1747
28 6 2617
28 7 2232
29 1 714
29 2 609
29 3 785
29 4 670
29 5 670
29 6 1003
29 7 856
30 1 1004
30 2 857
30 3 1104
30 4 942
30 5 942
30 6 1410
30 7 1204
31 1 713
31 2 609
31 3 784
31 4 670
31 5 669
31 6 1002
31 7 856
32 1 642
32 2 548
32 3 706
32 4 603
32 5 602
32 6 902
32 7 770
33 1 629
33 2 537
33 3 692
33 4 591
33 5 590
33 6 884
33 7 755
34 1 1234
34 2 1053
34 3 1356
34 4 1158
34 5 1157
34 6 1733
34 7 1479
35 1 1143
35 2 975
35 3 1256
35 4 1072
35 5 1072
35 6 1606
35 7 1370
36 1 1266
36 2 1080
36 3 1392
36 4 1187
36 5 1187
36 6 1778
36 7 1517
37 1 792
37 2 676
37 3 871
37 4 743
37 5 743
37 6 1113
37 7 950
38 1 1251
38 2 1067
38 3 1375
38 4 1173
38 5 1173
38 6 1757
38 7 1499
39 1 1310
39 2 1118
39 3 1440
39 4 1229
39 5 1228
39 6 1840
39 7 1571
40 1 663
40 2 566
40 3 729
40 4 622
40 5 622
40 6 932
40 7 795
41 1 494
41 2 422
41 3 543
41 4 464
41 5 464
41 6 694
41 7 593
42 1 1288
42 2 1099
42 3 1416
42 4 1208
42 5 1208
42 6 1809
42 7 1544
43 1 792
43 2 676
43 3 871
43 4 743
43 5 743
43 6 1113
43 7 950
44 1 578
44 2 493
44 3 636
44 4 542
44 5 542
44 6 812
44 7 693
45 1 594
45 2 507
45 3 653
45 4 558
45 5 557
45 6 835
45 7 712
46 1 578
46 2 493
46 3 636
46 4 542
46 5 542
46 6 812
46 7 693
47 1 622
47 2 531
47 3 684
47 4 584
47 5 584
47 6 874
47 7 746
48 1 578
48 2 493
48 3 636
48 4 542
48 5 542
48 6 812
48 7 693
49 1 564
49 2 481
49 3 620
49 4 529
49 5 529
49 6 793
49 7 676
50 1 578
50 2 493
50 3 636
50 4 542
50 5 542
50 6 812
50 7 693
51 1 578
51 2 493
51 3 636
51 4 542
51 5 542
51 6 812
51 7 693
52 1 578
52 2 493
52 3 636
52 4 542
52 5 542
52 6 812
52 7 693
53 1 578
53 2 493
53 3 636
53 4 542
53 5 542
53 6 812
53 7 693
54 1 578
54 2 493
54 3 636
54 4 542
54 5 542
54 6 812
54 7 693
55 1 578
55 2 493
55 3 636
55 4 542
55 5 542
55 6 812
55 7 693
56 1 578
56 2 493
56 3 636
56 4 542
56 5 542
56 6 812
56 7 693
57 1 578
57 2 493
57 3 636
57 4 542
57 5 542
57 6 812
57 7 693
58 1 578
58 2 493
58 3 636
58 4 542
58 5 542
58 6 812
58 7 693
59 1 578
59 2 493
59 3 636
59 4 542
59 5 542
59 6 812
59 7 693
60 1 578
60 2 493
60 3 636
60 4 542
60 5 542
60 6 812
60 7 693
61 1 578
61 2 493
61 3 636
61 4 542
61 5 542
61 6 812
61 7 693
62 1 578
62 2 493
62 3 636
62 4 542
62 5 542
62 6 812
62 7 693
63 1 578
63 2 493
63 3 636
63 4 542
63 5 542
63 6 812
63 7 693
64 1 578
64 2 493
64 3 636
64 4 542
64 5 542
64 6 812
64 7 693
65 1 578
65 2 493
65 3 636
65 4 542
65 5 542
65 6 812
65 7 693
66 1 578
66 2 493
66 3 636
66 4 542
66 5 542
66 6 812
66 7 693
67 1 578
67 2 493
67 3 636
67 4 542
67 5 542
67 6 812
67 7 693
68 1 578
68 2 493
68 3 636
68 4 542
68 5 542
68 6 812
68 7 693
69 1 467
69 2 399
69 3 514
69 4 439
69 5 438
69 6 656
69 7 561
70 1 887
70 2 757
70 3 975
70 4 832
70 5 832
70 6 1246
70 7 1064
71 1 396
71 2 338
71 3 436
71 4 372
71 5 372
71 6 557
71 7 475
72 1 1296
72 2 1106
72 3 1425
72 4 1216
72 5 1215
72 6 1820
72 7 1554
73 1 1100
73 2 939
73 3 1209
73 4 1032
73 5 1032
73 6 1545
73 7 1319
74 1 2543
74 2 2169
74 3 2795
74 4 2384
74 5 2384
74 6 3572
74 7 3046
75 1 764
75 2 652
75 3 840
75 4 717
75 5 717
75 6 1073
75 7 916
76 1 357
76 2 305
76 3 393
76 4 336
76 5 335
76 6 502
76 7 429
77 1 701
77 2 598
77 3 771
77 4 658
77 5 658
77 6 985
77 7 840
78 1 1164
78 2 993
78 3 1280
78 4 1092
78 5 1092
78 6 1635
78 7 1395
79 1 286
79 2 244
79 3 315
79 4 269
79 5 269
79 6 402
79 7 343
80 1 2100
80 2 1791
80 3 2308
80 4 1968
80 5 1969
80 6 2950
80 7 2516
81 1 450
81 2 384
81 3 495
81 4 422
81 5 422
81 6 632
81 7 540
82 1 1300
82 2 1109
82 3 1429
82 4 1219
82 5 1219
82 6 1826
82 7 1558
83 1 3691
83 2 3148
83 3 4056
83 4 3460
83 5 3460
83 6 5184
83 7 4421

# Energy Consumption
1 1 0
1 2 316
1 3 0
1 4 340
1 5 251
1 6 0
1 7 287
2 1 0
2 2 226
2 3 0
2 4 202
2 5 142
2 6 0
2 7 166
3 1 0
3 2 347
3 3 0
3 4 337
3 5 250
3 6 0
3 7 275
4 1 0
4 2 247
4 3 0
4 4 176
4 5 132
4 6 0
4 7 150
5 1 0
5 2 364
5 3 0
5 4 323
5 5 254
5 6 0
5 7 273
6 1 0
6 2 596
6 3 0
6 4 504
6 5 426
6 6 0
6 7 474
7 1 0
7 2 547
7 3 0
7 4 416
7 5 322
7 6 0
7 7 399
8 1 0
8 2 228
8 3 0
8 4 200
8 5 154
8 6 0
8 7 159
9 1 0
9 2 413
9 3 0
9 4 361
9 5 262
9 6 0
9 7 264
10 1 0
10 2 262
10 3 0
10 4 258
10 5 180
10 6 0
10 7 191
11 1 0
11 2 152
11 3 0
11 4 121
11 5 93
11 6 0
11 7 117
12 1 0
12 2 90
12 3 0
12 4 96
12 5 67
12 6 0
12 7 72
13 1 0
13 2 114
13 3 0
13 4 89
13 5 73
13 6 0
13 7 84
14 1 0
14 2 262
14 3 0
14 4 206
14 5 170
14 6 0
14 7 178
15 1 0
15 2 136
15 3 0
15 4 117
15 5 83
15 6 0
15 7 90
16 1 0
16 2 117
16 3 0
16 4 87
16 5 72
16 6 0
16 7 82
17 1 0
17 2 184
17 3 0
17 4 170
17 5 129
17 6 0
17 7 156
18 1 0
18 2 152
18 3 0
18 4 126
18 5 97
18 6 0
18 7 99
19 1 0
19 2 116
19 3 0
19 4 111
19 5 83
19 6 0
19 7 88
20 1 0
20 2 50
20 3 0
20 4 46
20 5 32
20 6 0
20 7 39
21 1 0
21 2 95
21 3 0
21 4 78
21 5 59
21 6 0
21 7 72
22 1 0
22 2 185
22 3 0
22 4 166
22 5 117
22 6 0
22 7 153
23 1 0
23 2 180
23 3 0
23 4 152
23 5 113
23 6 0
23 7 124
24 1 0
24 2 187
24 3 0
24 4 149
24 5 128
24 6 0
24 7 135
25 1 0
25 2 177
25 3 0
25 4 154
25 5 103
25 6 0
25 7 119
26 1 0
26 2 223
26 3 0
26 4 188
26 5 131
26 6 0
26 7 141
27 1 0
27 2 161
27 3 0
27 4 133
27 5 110
27 6 0
27 7 127
28 1 0
28 2 397
28 3 0
28 4 368
28 5 265
28 6 0
28 7 282
29 1 0
29 2 147
29 3 0
29 4 132
29 5 102
29 6 0
29 7 114
30 1 0
30 2 232
30 3 0
30 4 195
30 5 145
30 6 0
30 7 148
31 1 0
31 2 164
31 3 0
31 4 121
31 5 100
31 6 0
31 7 128
32 1 0
32 2 153
32 3 0
32 4 110
32 5 94
32 6 0
32 7 98
33 1 0
33 2 160
33 3 0
33 4 113
33 5 93
33 6 0
33 7 106
34 1 0
34 2 306
34 3 0
34 4 240
34 5 170
34 6 0
34 7 182
35 1 0
35 2 266
35 3 0
35 4 220
35 5 162
35 6 0
35 7 169
36 1 0
36 2 254
36 3 0
36 4 241
36 5 190
36 6 0
36 7 212
37 1 0
37 2 185
37 3 0
37 4 163
37 5 112
37 6 0
37 7 125
38 1 0
38 2 237
38 3 0
38 4 241
38 5 182
38 6 0
38 7 188
39 1 0
39 2 327
39 3 0
39 4 259
39 5 175
39 6 0
39 7 196
40 1 0
40 2 155
40 3 0
40 4 113
40 5 97
40 6 0
40 7 107
41 1 0
41 2 103
41 3 0
41 4 93
41 5 67
41 6 0
41 7 79
42 1 0
42 2 253
42 3 0
42 4 239
42 5 175
42 6 0
42 7 198
43 1 0
43 2 149
43 3 0
43 4 162
43 5 107
43 6 0
43 7 135
44 1 0
44 2 121
44 3 0
44 4 119
44 5 79
44 6 0
44 7 101
45 1 0
45 2 141
45 3 0
45 4 101
45 5 83
45 6 0
45 7 107
46 1 0
46 2 148
46 3 0
46 4 114
46 5 78
46 6 0
46 7 98
47 1 0
47 2 127
47 3 0
47 4 120
47 5 93
47 6 0
47 7 100
48 1 0
48 2 148
48 3 0
48 4 106
48 5 84
48 6 0
48 7 89
49 1 0
49 2 125
49 3 0
49 4 114
49 5 83
49 6 0
49 7 93
50 1 0
50 2 141
50 3 0
50 4 110
50 5 82
50 6 0
50 7 98
51 1 0
51 2 135
51 3 0
51 4 115
51 5 77
51 6 0
51 7 99
52 1 0
52 2 134
52 3 0
52 4 109
52 5 79
52 6 0
52 7 96
53 1 0
53 2 140
53 3 0
53 4 113
53 5 84
53 6 0
53 7 96
54 1 0
54 2 118
54 3 0
54 4 113
54 5 87
54 6 0
54 7 94
55 1 0
55 2 142
55 3 0
55 4 105
55 5 85
55 6 0
55 7 97
56 1 0
56 2 140
56 3 0
56 4 119
56 5 79
56 6 0
56 7 99
57 1 0
57 2 120
57 3 0
57 4 112
57 5 80
57 6 0
57 7 96
58 1 0
58 2 139
58 3 0
58 4 109
58 5 80
58 6 0
58 7 103
59 1 0
59 2 134
59 3 0
59 4 104
59 5 81
59 6 0
59 7 92
60 1 0
60 2 126
60 3 0
60 4 113
60 5 82
60 6 0
60 7 100
61 1 0
61 2 117
61 3 0
61 4 120
61 5 77
61 6 0
61 7 98
62 1 0
62 2 114
62 3 0
62 4 99
62 5 77
62 6 0
62 7 87
63 1 0
63 2 114
63 3 0
63 4 108
63 5 77
63 6 0
63 7 101
64 1 0
64 2 126
64 3 0
64 4 111
64 5 87
64 6 0
64 7 103
65 1 0
65 2 116
65 3 0
65 4 106
65 5 78
65 6 0
65 7 87
66 1 0
66 2 109
66 3 0
66 4 99
66 5 79
66 6 0
66 7 90
67 1 0
67 2 130
67 3 0
67 4 113
67 5 81
67 6 0
67 7 89
68 1 0
68 2 120
68 3 0
68 4 108
68 5 81
68 6 0
68 7 101
69 1 0
69 2 100
69 3 0
69 4 84
69 5 66
69 6 0
69 7 69
70 1 0
70 2 212
70 3 0
70 4 163
70 5 123
70 6 0
70 7 145
71 1 0
71 2 76
71 3 0
71 4 75
71 5 54
71 6 0
71 7 71
72 1 0
72 2 307
72 3 0
72 4 229
72 5 192
72 6 0
72 7 223
73 1 0
73 2 231
73 3 0
73 4 215
73 5 156
73 6 0
73 7 187
74 1 0
74 2 483
74 3 0
74 4 449
74 5 355
74 6 0
74 7 434
75 1 0
75 2 148
75 3 0
75 4 140
75 5 107
75 6 0
75 7 134
76 1 0
76 2 78
76 3 0
76 4 66
76 5 53
76 6 0
76 7 60
77 1 0
77 2 171
77 3 0
77 4 144
77 5 93
77 6 0
77 7 124
78 1 0
78 2 282
78 3 0
78 4 217
78 5 162
78 6 0
78 7 203
79 1 0
79 2 68
79 3 0
79 4 49
79 5 42
79 6 0
79 7 47
80 1 0
80 2 418
80 3 0
80 4 399
80 5 277
80 6 0
80 7 306
81 1 0
81 2 96
81 3 0
81 4 92
81 5 67
81 6 0
81 7 77
82 1 0
82 2 269
82 3 0
82 4 234
82 5 192
82 6 0
82 7 202
83 1 0
83 2 917
83 3 0
83 4 752
83 5 525
83 6 0
83 7 625

# Precedence Relations
1 2
2 3
2 4
2 5
3 6
4 6
4 7
5 8
6 9
6 10
7 11
8 77
8 78
9 12
10 13
10 14
10 25
11 15
12 16
13 17
13 18
13 20
14 19
15 20
15 39
16 77
16 78
17 21
17 22
17 28
18 23
19 24
20 26
21 27
22 27
23 74
24 28
24 29
25 32
26 74
27 69
28 32
29 30
30 31
31 39
32 33
32 34
32 35
32 36
33 37
34 77
34 78
35 77
35 78
36 38
36 39
37 40
38 41
39 42
39 43
39 44
39 75
40 77
40 78
41 45
42 77
42 78
43 77
43 78
44 46
45 47
46 48
47 49
48 50
49 69
50 51
51 52
52 53
53 54
54 55
55 56
56 57
57 58
58 59
59 60
60 61
61 62
62 63
63 64
64 65
65 66
66 67
67 68
68 74
68 75
69 70
69 71
70 72
71 73
72 73
73 74
73 75
74 76
75 76
76 77
76 78
77 79
78 79
79 80
79 81
80 82
81 83
82 83

# Parameters
R_e = 0.0500
T = 6000.0
C_s = 4.0
C_w = 36.0
C_c = 5.0
