# Tasks
1 2 3 4 5 6 7 8 9 10 11 12 13 14 15 16 17 18 19 20

# Workstations
1 2 3 4 5 6 7 8 9 10 11 12 13 14 15 16 17 18 19 20

# Modes
1 2 3 4 5 6 7

# Processing Times
1 1 142
1 2 176
1 3 138
1 4 171
1 5 53
1 6 197
1 7 244
2 1 34
2 2 43
2 3 33
2 4 42
2 5 13
2 6 48
2 7 60
3 1 140
3 2 174
3 3 136
3 4 169
3 5 53
3 6 194
3 7 241
4 1 214
4 2 266
4 3 208
4 4 258
4 5 80
4 6 297
4 7 369
5 1 121
5 2 150
5 3 118
5 4 146
5 5 45
5 6 168
5 7 208
6 1 279
6 2 346
6 3 271
6 4 336
6 5 104
6 6 387
6 7 480
7 1 50
7 2 62
7 3 49
7 4 61
7 5 19
7 6 70
7 7 86
8 1 282
8 2 350
8 3 274
8 4 340
8 5 105
8 6 391
8 7 485
9 1 129
9 2 160
9 3 126
9 4 156
9 5 48
9 6 179
9 7 222
10 1 175
10 2 217
10 3 170
10 4 211
10 5 66
10 6 243
10 7 301
11 1 97
11 2 121
11 3 95
11 4 118
11 5 37
11 6 135
11 7 168
12 1 132
12 2 164
12 3 128
12 4 159
12 5 50
12 6 183
12 7 228
13 1 107
13 2 133
13 3 104
13 4 129
13 5 40
13 6 149
13 7 185
14 1 132
14 2 164
14 3 128
14 4 159
14 5 50
14 6 183
14 7 228
15 1 69
15 2 86
15 3 67
15 4 84
15 5 26
15 6 96
15 7 120
16 1 169
16 2 210
16 3 164
16 4 204
16 5 63
16 6 235
16 7 291
17 1 73
17 2 91
17 3 71
17 4 89
17 5 28
17 6 102
17 7 127
18 1 231
18 2 287
18 3 224
18 4 279
18 5 86
18 6 320
18 7 398
19 1 120
19 2 149
19 3 117
19 4 145
19 5 45
19 6 167
19 7 207
20 1 186
20 2 231
20 3 181
20 4 224
20 5 70
20 6 258
20 7 320

# Energy Consumption
1 1 0
1 2 41
1 3 0
1 4 35
1 5 8
1 6 0
1 7 35
2 1 0
2 2 10
2 3 0
2 4 9
2 5 2
2 6 0
2 7 8
3 1 0
3 2 51
3 3 0
3 4 32
3 5 9
3 6 0
3 7 30
4 1 0
4 2 63
4 3 0
4 4 55
4 5 12
4 6 0
4 7 51
5 1 0
5 2 41
5 3 0
5 4 28
5 5 7
5 6 0
5 7 29
6 1 0
6 2 95
6 3 0
6 4 71
6 5 16
6 6 0
6 7 64
7 1 0
7 2 17
7 3 0
7 4 14
7 5 3
7 6 0
7 7 12
8 1 0
8 2 96
8 3 0
8 4 74
8 5 16
8 6 0
8 7 61
9 1 0
9 2 39
9 3 0
9 4 30
9 5 7
9 6 0
9 7 29
10 1 0
10 2 55
10 3 0
10 4 41
10 5 10
10 6 0
10 7 43
11 1 0
11 2 35
11 3 0
11 4 22
11 5 6
11 6 0
11 7 24
12 1 0
12 2 42
12 3 0
12 4 34
12 5 8
12 6 0
12 7 28
13 1 0
13 2 34
13 3 0
13 4 27
13 5 7
13 6 0
13 7 26
14 1 0
14 2 39
14 3 0
14 4 31
14 5 8
14 6 0
14 7 34
15 1 0
15 2 24
15 3 0
15 4 17
15 5 4
15 6 0
15 7 18
16 1 0
16 2 48
16 3 0
16 4 40
16 5 10
16 6 0
16 7 36
17 1 0
17 2 27
17 3 0
17 4 17
17 5 5
17 6 0
17 7 19
18 1 0
18 2 69
18 3 0
18 4 62
18 5 14
18 6 0
18 7 50
19 1 0
19 2 43
19 3 0
19 4 29
19 5 7
19 6 0
19 7 30
20 1 0
20 2 69
20 3 0
20 4 46
20 5 12
20 6 0
20 7 39

# Precedence Relations
1 6
2 7
4 8
5 9
6 10
7 11
8 12
10 13
11 13
12 14
12 15
13 16
13 17
13 18
14 20
15 19

# Parameters
R_e = 0.0500
T = 1000.0
C_s = 4.0
C_w = 36.0
C_c = 5.0
