# Tasks
1 2 3 4 5 6 7 8 9 10 11 12 13 14 15 16 17 18 19 20 21 22 23 24 25 26 27 28 29 30 31 32 33 34 35 36 37 38 39 40 41 42 43 44 45 46 47 48 49 50 51 52 53 54 55 56 57 58 59 60 61 62 63 64 65 66 67 68 69 70 71 72 73 74 75 76 77 78 79 80 81 82 83

# Workstations
1 2 3 4 5 6 7 8 9 10 11 12 13 14 15 16 17 18 19 20 21 22 23 24 25 26 27 28 29 30 31 32 33 34 35 36 37 38 39 40 41 42 43 44 45 46 47 48 49 50 51 52 53 54 55 56 57 58 59 60 61 62 63 64 65 66 67 68 69 70 71 72 73 74 75 76 77 78 79 80 81 82 83

# Modes
1 2 3 4 5 6 7

# Processing Times
1 1 1673
1 2 1726
1 3 1650
1 4 1702
1 5 986
1 6 1986
1 7 2049
2 1 985
2 2 992
2 3 995
2 4 1002
2 5 610
2 6 1193
2 7 1201
3 1 1836
3 2 1877
3 3 1827
3 4 1868
3 5 1120
3 6 2291
3 7 2342
4 1 973
4 2 836
4 3 981
4 4 843
4 5 545
4 6 1217
4 7 1045
5 1 1700
5 2 1463
5 3 1777
5 4 1529
5 5 1173
5 6 2119
5 7 1824
6 1 2881
6 2 3128
6 3 3015
6 4 3274
6 5 1824
6 6 3518
6 7 3820
7 1 2231
7 2 2028
7 3 2141
7 4 1946
7 5 1366
7 6 2648
7 7 2407
8 1 1040
8 2 1008
8 3 1054
8 4 1022
8 5 664
8 6 1285
8 7 1245
9 1 1793
9 2 1603
9 3 1714
9 4 1532
9 5 1181
9 6 2024
9 7 1810
10 1 1250
10 2 1204
10 3 1242
10 4 1196
10 5 829
10 6 1389
10 7 1338
11 1 700
11 2 606
11 3 725
11 4 627
11 5 430
11 6 774
11 7 671
12 1 464
12 2 510
12 3 469
12 4 515
12 5 318
12 6 531
12 7 584
13 1 500
13 2 515
13 3 477
13 4 491
13 5 341
13 6 623
13 7 642
14 1 1133
14 2 1172
14 3 1114
14 4 1152
14 5 696
14 6 1272
14 7 1316
15 1 577
15 2 543
15 3 585
15 4 550
15 5 333
15 6 702
15 7 660
16 1 483
16 2 493
16 3 493
16 4 504
16 5 331
16 6 587
16 7 600
17 1 880
17 2 851
17 3 889
17 4 859
17 5 552
17 6 1032
17 7 998
18 1 667
18 2 710
18 3 658
18 4 700
18 5 467
18 6 798
18 7 850
19 1 600
19 2 524
19 3 575
19 4 502
19 5 376
19 6 673
19 7 588
20 1 233
20 2 235
20 3 240
20 4 242
20 5 147
20 6 266
20 7 268
21 1 408
21 2 409
21 3 420
21 4 421
21 5 272
21 6 454
21 7 455
22 1 847
22 2 803
22 3 842
22 4 798
22 5 574
22 6 972
22 7 922
23 1 767
23 2 753
23 3 745
23 4 732
23 5 479
23 6 903
23 7 887
24 1 850
24 2 735
24 3 848
24 4 734
24 5 555
24 6 987
24 7 854
25 1 780
25 2 821
25 3 798
25 4 840
25 5 540
25 6 860
25 7 905
26 1 912
26 2 862
26 3 955
26 4 902
26 5 623
26 6 1060
26 7 1002
27 1 748
27 2 740
27 3 729
27 4 721
27 5 457
27 6 873
27 7 863
28 1 1863
28 2 1793
28 3 1790
28 4 1722
28 5 1154
28 6 2198
28 7 2116
29 1 714
29 2 714
29 3 697
29 4 697
29 5 423
29 6 837
29 7 837
30 1 1004
30 2 1041
30 3 988
30 4 1024
30 5 644
30 6 1255
30 7 1302
31 1 713
31 2 758
31 3 679
31 4 722
31 5 475
31 6 883
31 7 939
32 1 642
32 2 656
32 3 672
32 4 687
32 5 355
32 6 761
32 7 777
33 1 629
33 2 560
33 3 645
33 4 574
33 5 369
33 6 735
33 7 654
34 1 1234
34 2 1292
34 3 1292
34 4 1352
34 5 824
34 6 1500
34 7 1570
35 1 1143
35 2 1214
35 3 1184
35 4 1257
35 5 717
35 6 1422
35 7 1511
36 1 1266
36 2 1119
36 3 1321
36 4 1168
36 5 759
36 6 1426
36 7 1260
37 1 792
37 2 856
37 3 768
37 4 830
37 5 459
37 6 966
37 7 1044
38 1 1251
38 2 1087
38 3 1207
38 4 1048
38 5 698
38 6 1471
38 7 1278
39 1 1310
39 2 1433
39 3 1374
39 4 1503
39 5 722
39 6 1606
39 7 1756
40 1 663
40 2 723
40 3 657
40 4 716
40 5 393
40 6 742
40 7 809
41 1 494
41 2 443
41 3 470
41 4 422
41 5 308
41 6 564
41 7 506
42 1 1288
42 2 1385
42 3 1333
42 4 1433
42 5 787
42 6 1461
42 7 1571
43 1 792
43 2 716
43 3 813
43 4 735
43 5 479
43 6 939
43 7 849
44 1 578
44 2 595
44 3 559
44 4 575
44 5 360
44 6 676
44 7 696
45 1 594
45 2 549
45 3 575
45 4 531
45 5 415
45 6 717
45 7 663
46 1 578
46 2 581
46 3 599
46 4 602
46 5 332
46 6 638
46 7 641
47 1 622
47 2 669
47 3 628
47 4 675
47 5 373
47 6 775
47 7 833
48 1 578
48 2 559
48 3 589
48 4 569
48 5 362
48 6 640
48 7 619
49 1 564
49 2 563
49 3 583
49 4 582
49 5 337
49 6 679
49 7 677
50 1 578
50 2 508
50 3 550
50 4 484
50 5 382
50 6 657
50 7 578
51 1 578
51 2 509
51 3 567
51 4 499
51 5 381
51 6 700
51 7 617
52 1 578
52 2 614
52 3 595
52 4 632
52 5 403
52 6 719
52 7 764
53 1 578
53 2 612
53 3 598
53 4 633
53 5 341
53 6 713
53 7 754
54 1 578
54 2 592
54 3 553
54 4 567
54 5 402
54 6 688
54 7 704
55 1 578
55 2 609
55 3 588
55 4 620
55 5 383
55 6 690
55 7 727
56 1 578
56 2 513
56 3 605
56 4 537
56 5 376
56 6 655
56 7 581
57 1 578
57 2 629
57 3 603
57 4 656
57 5 345
57 6 672
57 7 731
58 1 578
58 2 501
58 3 602
58 4 522
58 5 364
58 6 676
58 7 586
59 1 578
59 2 632
59 3 553
59 4 605
59 5 385
59 6 681
59 7 744
60 1 578
60 2 621
60 3 606
60 4 651
60 5 351
60 6 700
60 7 752
61 1 578
61 2 612
61 3 585
61 4 620
61 5 373
61 6 712
61 7 753
62 1 578
62 2 543
62 3 600
62 4 563
62 5 339
62 6 661
62 7 621
63 1 578
63 2 501
63 3 563
63 4 488
63 5 325
63 6 654
63 7 567
64 1 578
64 2 583
64 3 564
64 4 569
64 5 332
64 6 683
64 7 689
65 1 578
65 2 550
65 3 604
65 4 575
65 5 371
65 6 720
65 7 685
66 1 578
66 2 582
66 3 558
66 4 562
66 5 348
66 6 699
66 7 703
67 1 578
67 2 631
67 3 597
67 4 652
67 5 350
67 6 654
67 7 714
68 1 578
68 2 505
68 3 573
68 4 501
68 5 319
68 6 691
68 7 604
69 1 467
69 2 402
69 3 481
69 4 415
69 5 271
69 6 553
69 7 477
70 1 887
70 2 951
70 3 902
70 4 967
70 5 574
70 6 1012
70 7 1085
71 1 396
71 2 431
71 3 393
71 4 428
71 5 236
71 6 478
71 7 520
72 1 1296
72 2 1232
72 3 1260
72 4 1198
72 5 806
72 6 1460
72 7 1388
73 1 1100
73 2 941
73 3 1130
73 4 967
73 5 638
73 6 1250
73 7 1069
74 1 2543
74 2 2333
74 3 2537
74 4 2327
74 5 1496
74 6 2967
74 7 2722
75 1 764
75 2 717
75 3 762
75 4 715
75 5 519
75 6 955
75 7 896
76 1 357
76 2 383
76 3 347
76 4 372
76 5 236
76 6 423
76 7 454
77 1 701
77 2 749
77 3 712
77 4 761
77 5 476
77 6 857
77 7 916
78 1 1164
78 2 1239
78 3 1220
78 4 1299
78 5 699
78 6 1307
78 7 1391
79 1 286
79 2 294
79 3 298
79 4 306
79 5 197
79 6 322
79 7 331
80 1 2100
80 2 2036
80 3 2122
80 4 2057
80 5 1378
80 6 2503
80 7 2427
81 1 450
81 2 393
81 3 445
81 4 388
81 5 265
81 6 498
81 7 435
82 1 1300
82 2 1242
82 3 1307
82 4 1249
82 5 909
82 6 1612
82 7 1540
83 1 3691
83 2 3407
83 3 3647
83 4 3366
83 5 2397
83 6 4532
83 7 4183

# Energy Consumption
1 1 0
1 2 454
1 3 0
1 4 327
1 5 154
1 6 0
1 7 250
2 1 0
2 2 239
2 3 0
2 4 219
2 5 91
2 6 0
2 7 149
3 1 0
3 2 487
3 3 0
3 4 389
3 5 168
3 6 0
3 7 344
4 1 0
4 2 247
4 3 0
4 4 161
4 5 82
4 6 0
4 7 145
5 1 0
5 2 341
5 3 0
5 4 301
5 5 177
5 6 0
5 7 234
6 1 0
6 2 754
6 3 0
6 4 653
6 5 281
6 6 0
6 7 474
7 1 0
7 2 451
7 3 0
7 4 364
7 5 201
7 6 0
7 7 301
8 1 0
8 2 298
8 3 0
8 4 212
8 5 106
8 6 0
8 7 183
9 1 0
9 2 433
9 3 0
9 4 335
9 5 188
9 6 0
9 7 242
10 1 0
10 2 335
10 3 0
10 4 245
10 5 126
10 6 0
10 7 172
11 1 0
11 2 158
11 3 0
11 4 119
11 5 64
11 6 0
11 7 94
12 1 0
12 2 134
12 3 0
12 4 106
12 5 51
12 6 0
12 7 76
13 1 0
13 2 148
13 3 0
13 4 105
13 5 50
13 6 0
13 7 86
14 1 0
14 2 346
14 3 0
14 4 228
14 5 104
14 6 0
14 7 197
15 1 0
15 2 162
15 3 0
15 4 105
15 5 50
15 6 0
15 7 96
16 1 0
16 2 125
16 3 0
16 4 108
16 5 50
16 6 0
16 7 85
17 1 0
17 2 223
17 3 0
17 4 178
17 5 80
17 6 0
17 7 129
18 1 0
18 2 191
18 3 0
18 4 137
18 5 75
18 6 0
18 7 122
19 1 0
19 2 119
19 3 0
19 4 101
19 5 57
19 6 0
19 7 83
20 1 0
20 2 65
20 3 0
20 4 49
20 5 23
20 6 0
20 7 34
21 1 0
21 2 118
21 3 0
21 4 78
21 5 41
21 6 0
21 7 66
22 1 0
22 2 218
22 3 0
22 4 159
22 5 88
22 6 0
22 7 134
23 1 0
23 2 198
23 3 0
23 4 139
23 5 76
23 6 0
23 7 117
24 1 0
24 2 194
24 3 0
24 4 159
24 5 85
24 6 0
24 7 115
25 1 0
25 2 217
25 3 0
25 4 157
25 5 79
25 6 0
25 7 114
26 1 0
26 2 258
26 3 0
26 4 174
26 5 91
26 6 0
26 7 138
27 1 0
27 2 186
27 3 0
27 4 134
27 5 68
27 6 0
27 7 107
28 1 0
28 2 518
28 3 0
28 4 349
28 5 178
28 6 0
28 7 313
29 1 0
29 2 186
29 3 0
29 4 149
29 5 67
29 6 0
29 7 113
30 1 0
30 2 300
30 3 0
30 4 197
30 5 103
30 6 0
30 7 179
31 1 0
31 2 177
31 3 0
31 4 146
31 5 69
31 6 0
31 7 138
32 1 0
32 2 167
32 3 0
32 4 131
32 5 56
32 6 0
32 7 100
33 1 0
33 2 145
33 3 0
33 4 117
33 5 58
33 6 0
33 7 82
34 1 0
34 2 296
34 3 0
34 4 298
34 5 131
34 6 0
34 7 203
35 1 0
35 2 273
35 3 0
35 4 235
35 5 109
35 6 0
35 7 187
36 1 0
36 2 249
36 3 0
36 4 221
36 5 118
36 6 0
36 7 184
37 1 0
37 2 222
37 3 0
37 4 172
37 5 67
37 6 0
37 7 126
38 1 0
38 2 290
38 3 0
38 4 224
38 5 104
38 6 0
38 7 158
39 1 0
39 2 379
39 3 0
39 4 289
39 5 111
39 6 0
39 7 241
40 1 0
40 2 167
40 3 0
40 4 133
40 5 61
40 6 0
40 7 109
41 1 0
41 2 113
41 3 0
41 4 93
41 5 47
41 6 0
41 7 65
42 1 0
42 2 345
42 3 0
42 4 270
42 5 111
42 6 0
42 7 225
43 1 0
43 2 172
43 3 0
43 4 155
43 5 73
43 6 0
43 7 118
44 1 0
44 2 147
44 3 0
44 4 107
44 5 52
44 6 0
44 7 91
45 1 0
45 2 164
45 3 0
45 4 116
45 5 60
45 6 0
45 7 95
46 1 0
46 2 138
46 3 0
46 4 114
46 5 52
46 6 0
46 7 80
47 1 0
47 2 162
47 3 0
47 4 131
47 5 54
47 6 0
47 7 114
48 1 0
48 2 143
48 3 0
48 4 120
48 5 54
48 6 0
48 7 93
49 1 0
49 2 152
49 3 0
49 4 116
49 5 54
49 6 0
49 7 94
50 1 0
50 2 148
50 3 0
50 4 93
50 5 56
50 6 0
50 7 74
51 1 0
51 2 145
51 3 0
51 4 93
51 5 55
51 6 0
51 7 78
52 1 0
52 2 140
52 3 0
52 4 117
52 5 59
52 6 0
52 7 101
53 1 0
53 2 166
53 3 0
53 4 132
53 5 48
53 6 0
53 7 107
54 1 0
54 2 176
54 3 0
54 4 106
54 5 59
54 6 0
54 7 100
55 1 0
55 2 150
55 3 0
55 4 125
55 5 59
55 6 0
55 7 101
56 1 0
56 2 153
56 3 0
56 4 109
56 5 56
56 6 0
56 7 75
57 1 0
57 2 150
57 3 0
57 4 126
57 5 53
57 6 0
57 7 90
58 1 0
58 2 118
58 3 0
58 4 107
58 5 55
58 6 0
58 7 78
59 1 0
59 2 164
59 3 0
59 4 124
59 5 60
59 6 0
59 7 107
60 1 0
60 2 149
60 3 0
60 4 126
60 5 53
60 6 0
60 7 106
61 1 0
61 2 165
61 3 0
61 4 127
61 5 57
61 6 0
61 7 106
62 1 0
62 2 125
62 3 0
62 4 104
62 5 48
62 6 0
62 7 90
63 1 0
63 2 140
63 3 0
63 4 100
63 5 51
63 6 0
63 7 82
64 1 0
64 2 134
64 3 0
64 4 121
64 5 53
64 6 0
64 7 85
65 1 0
65 2 158
65 3 0
65 4 105
65 5 54
65 6 0
65 7 97
66 1 0
66 2 144
66 3 0
66 4 120
66 5 50
66 6 0
66 7 90
67 1 0
67 2 154
67 3 0
67 4 140
67 5 53
67 6 0
67 7 87
68 1 0
68 2 112
68 3 0
68 4 99
68 5 49
68 6 0
68 7 89
69 1 0
69 2 94
69 3 0
69 4 81
69 5 40
69 6 0
69 7 71
70 1 0
70 2 252
70 3 0
70 4 183
70 5 88
70 6 0
70 7 154
71 1 0
71 2 114
71 3 0
71 4 78
71 5 36
71 6 0
71 7 67
72 1 0
72 2 303
72 3 0
72 4 223
72 5 119
72 6 0
72 7 180
73 1 0
73 2 213
73 3 0
73 4 203
73 5 93
73 6 0
73 7 153
74 1 0
74 2 616
74 3 0
74 4 504
74 5 238
74 6 0
74 7 354
75 1 0
75 2 196
75 3 0
75 4 156
75 5 78
75 6 0
75 7 120
76 1 0
76 2 106
76 3 0
76 4 70
76 5 35
76 6 0
76 7 59
77 1 0
77 2 224
77 3 0
77 4 168
77 5 75
77 6 0
77 7 125
78 1 0
78 2 327
78 3 0
78 4 259
78 5 110
78 6 0
78 7 181
79 1 0
79 2 70
79 3 0
79 4 58
79 5 32
79 6 0
79 7 46
80 1 0
80 2 593
80 3 0
80 4 390
80 5 205
80 6 0
80 7 343
81 1 0
81 2 100
81 3 0
81 4 72
81 5 42
81 6 0
81 7 65
82 1 0
82 2 354
82 3 0
82 4 250
82 5 129
82 6 0
82 7 187
83 1 0
83 2 891
83 3 0
83 4 654
83 5 344
83 6 0
83 7 546

# Precedence Relations
1 2
2 3
2 4
2 5
3 6
4 6
4 7
5 8
6 9
6 10
7 11
8 77
8 78
9 12
10 13
10 14
10 25
11 15
12 16
13 17
13 18
13 20
14 19
15 20
15 39
16 77
16 78
17 21
17 22
17 28
18 23
19 24
20 26
21 27
22 27
23 74
24 28
24 29
25 32
26 74
27 69
28 32
29 30
30 31
31 39
32 33
32 34
32 35
32 36
33 37
34 77
34 78
35 77
35 78
36 38
36 39
37 40
38 41
39 42
39 43
39 44
39 75
40 77
40 78
41 45
42 77
42 78
43 77
43 78
44 46
45 47
46 48
47 49
48 50
49 69
50 51
51 52
52 53
53 54
54 55
55 56
56 57
57 58
58 59
59 60
60 61
61 62
62 63
63 64
64 65
65 66
66 67
67 68
68 74
68 75
69 70
69 71
70 72
71 73
72 73
73 74
73 75
74 76
75 76
76 77
76 78
77 79
78 79
79 80
79 81
80 82
81 83
82 83

# Parameters
R_e = 0.0500
T = 6000.0
C_s = 4.0
C_w = 36.0
C_c = 5.0
