# Tasks
1 2 3 4 5 6 7 8 9 10 11 12 13 14 15 16 17 18 19 20

# Workstations
1 2 3 4 5 6 7 8 9 10 11 12 13 14 15 16 17 18 19 20

# Modes
1 2 3 4 5 6 7

# Processing Times
1 1 374
1 2 464
1 3 363
1 4 450
1 5 140
1 6 518
1 7 643
2 1 318
2 2 395
2 3 309
2 4 383
2 5 119
2 6 441
2 7 547
3 1 153
3 2 190
3 3 149
3 4 185
3 5 57
3 6 212
3 7 264
4 1 182
4 2 226
4 3 177
4 4 220
4 5 68
4 6 253
4 7 313
5 1 168
5 2 209
5 3 163
5 4 203
5 5 63
5 6 233
5 7 290
6 1 313
6 2 388
6 3 304
6 4 377
6 5 117
6 6 434
6 7 538
7 1 159
7 2 198
7 3 155
7 4 192
7 5 60
7 6 221
7 7 275
8 1 166
8 2 206
8 3 161
8 4 200
8 5 62
8 6 230
8 7 286
9 1 55
9 2 69
9 3 54
9 4 67
9 5 21
9 6 77
9 7 96
10 1 242
10 2 300
10 3 235
10 4 291
10 5 90
10 6 336
10 7 416
11 1 76
11 2 95
11 3 74
11 4 93
11 5 29
11 6 106
11 7 132
12 1 177
12 2 220
12 3 172
12 4 214
12 5 66
12 6 246
12 7 305
13 1 166
13 2 206
13 3 161
13 4 200
13 5 62
13 6 230
13 7 286
14 1 119
14 2 148
14 3 116
14 4 144
14 5 45
14 6 165
14 7 205
15 1 150
15 2 186
15 3 146
15 4 181
15 5 56
15 6 208
15 7 258
16 1 303
16 2 376
16 3 294
16 4 365
16 5 113
16 6 420
16 7 521
17 1 138
17 2 171
17 3 134
17 4 166
17 5 52
17 6 192
17 7 237
18 1 52
18 2 65
18 3 51
18 4 64
18 5 20
18 6 73
18 7 91
19 1 48
19 2 60
19 3 47
19 4 59
19 5 18
19 6 67
19 7 84
20 1 146
20 2 181
20 3 142
20 4 176
20 5 55
20 6 203
20 7 251

# Energy Consumption
1 1 0
1 2 106
1 3 0
1 4 90
1 5 21
1 6 0
1 7 91
2 1 0
2 2 89
2 3 0
2 4 78
2 5 18
2 6 0
2 7 71
3 1 0
3 2 55
3 3 0
3 4 35
3 5 9
3 6 0
3 7 32
4 1 0
4 2 53
4 3 0
4 4 47
4 5 10
4 6 0
4 7 43
5 1 0
5 2 57
5 3 0
5 4 39
5 5 10
5 6 0
5 7 40
6 1 0
6 2 106
6 3 0
6 4 80
6 5 18
6 6 0
6 7 72
7 1 0
7 2 54
7 3 0
7 4 42
7 5 10
7 6 0
7 7 37
8 1 0
8 2 57
8 3 0
8 4 44
8 5 10
8 6 0
8 7 36
9 1 0
9 2 17
9 3 0
9 4 13
9 5 3
9 6 0
9 7 13
10 1 0
10 2 76
10 3 0
10 4 56
10 5 14
10 6 0
10 7 59
11 1 0
11 2 28
11 3 0
11 4 18
11 5 5
11 6 0
11 7 19
12 1 0
12 2 56
12 3 0
12 4 45
12 5 10
12 6 0
12 7 37
13 1 0
13 2 52
13 3 0
13 4 42
13 5 10
13 6 0
13 7 39
14 1 0
14 2 36
14 3 0
14 4 28
14 5 7
14 6 0
14 7 31
15 1 0
15 2 51
15 3 0
15 4 36
15 5 9
15 6 0
15 7 38
16 1 0
16 2 85
16 3 0
16 4 70
16 5 18
16 6 0
16 7 64
17 1 0
17 2 51
17 3 0
17 4 32
17 5 8
17 6 0
17 7 35
18 1 0
18 2 16
18 3 0
18 4 15
18 5 4
18 6 0
18 7 12
19 1 0
19 2 17
19 3 0
19 4 12
19 5 3
19 6 0
19 7 13
20 1 0
20 2 54
20 3 0
20 4 36
20 5 9
20 6 0
20 7 31

# Precedence Relations
1 11
2 4
2 5
2 6
3 4
3 6
3 7
4 11
5 8
5 9
5 10
6 20
7 12
7 13
7 18
8 11
9 11
10 12
10 13
11 14
11 15
11 16
11 17
11 18
13 19
15 19
15 20
17 19
17 20
18 19

# Parameters
R_e = 0.0500
T = 1000.0
C_s = 4.0
C_w = 36.0
C_c = 5.0
