# Tasks
1 2 3 4 5 6 7 8 9 10 11 12 13 14 15 16 17 18 19 20 21 22 23 24 25 26 27 28 29 30 31 32 33 34 35 36 37 38 39 40 41 42 43 44 45 46 47 48 49 50 51 52 53 54 55 56 57 58 59 60 61 62 63 64 65 66 67 68 69 70 71 72 73 74 75 76 77 78 79 80 81 82 83 84 85 86 87 88 89 90 91 92 93 94 95 96 97 98 99 100

# Workstations
1 2 3 4 5 6 7 8 9 10 11 12 13 14 15 16 17 18 19 20 21 22 23 24 25 26 27 28 29 30 31 32 33 34 35 36 37 38 39 40 41 42 43 44 45 46 47 48 49 50 51 52 53 54 55 56 57 58 59 60 61 62 63 64 65 66 67 68 69 70 71 72 73 74 75 76 77 78 79 80 81 82 83 84 85 86 87 88 89 90 91 92 93 94 95 96 97 98 99 100

# Modes
1 2 3 4 5 6 7

# Processing Times
1 1 113
1 2 172
1 3 117
1 4 178
1 5 47
1 6 157
1 7 239
2 1 98
2 2 128
2 3 94
2 4 123
2 5 40
2 6 131
2 7 171
3 1 238
3 2 364
3 3 244
3 4 373
3 5 105
3 6 317
3 7 485
4 1 175
4 2 245
4 3 170
4 4 238
4 5 53
4 6 239
4 7 334
5 1 99
5 2 145
5 3 100
5 4 146
5 5 33
5 6 134
5 7 197
6 1 188
6 2 235
6 3 189
6 4 237
6 5 62
6 6 257
6 7 321
7 1 207
7 2 256
7 3 211
7 4 261
7 5 91
7 6 270
7 7 334
8 1 125
8 2 167
8 3 128
8 4 171
8 5 46
8 6 164
8 7 219
9 1 126
9 2 197
9 3 128
9 4 200
9 5 44
9 6 168
9 7 262
10 1 106
10 2 141
10 3 102
10 4 135
10 5 42
10 6 154
10 7 205
11 1 43
11 2 63
11 3 41
11 4 60
11 5 17
11 6 55
11 7 80
12 1 175
12 2 253
12 3 183
12 4 264
12 5 63
12 6 228
12 7 329
13 1 53
13 2 79
13 3 53
13 4 78
13 5 24
13 6 69
13 7 103
14 1 29
14 2 46
14 3 29
14 4 46
14 5 9
14 6 39
14 7 62
15 1 181
15 2 272
15 3 187
15 4 280
15 5 79
15 6 233
15 7 350
16 1 164
16 2 248
16 3 169
16 4 256
16 5 59
16 6 232
16 7 351
17 1 230
17 2 362
17 3 232
17 4 365
17 5 86
17 6 316
17 7 498
18 1 134
18 2 184
18 3 140
18 4 193
18 5 54
18 6 173
18 7 238
19 1 186
19 2 283
19 3 194
19 4 294
19 5 75
19 6 242
19 7 369
20 1 150
20 2 213
20 3 156
20 4 221
20 5 57
20 6 209
20 7 297
21 1 86
21 2 135
21 3 88
21 4 138
21 5 35
21 6 123
21 7 193
22 1 182
22 2 262
22 3 184
22 4 265
22 5 65
22 6 255
22 7 367
23 1 184
23 2 249
23 3 193
23 4 261
23 5 59
23 6 243
23 7 328
24 1 131
24 2 203
24 3 134
24 4 207
24 5 40
24 6 181
24 7 281
25 1 197
25 2 262
25 3 197
25 4 262
25 5 69
25 6 278
25 7 370
26 1 115
26 2 142
26 3 110
26 4 135
26 5 36
26 6 157
26 7 193
27 1 198
27 2 249
27 3 206
27 4 260
27 5 74
27 6 249
27 7 312
28 1 125
28 2 194
28 3 123
28 4 190
28 5 50
28 6 170
28 7 263
29 1 31
29 2 49
29 3 32
29 4 50
29 5 10
29 6 40
29 7 62
30 1 80
30 2 113
30 3 82
30 4 115
30 5 31
30 6 113
30 7 159
31 1 79
31 2 118
31 3 77
31 4 115
31 5 35
31 6 106
31 7 159
32 1 240
32 2 309
32 3 247
32 4 318
32 5 88
32 6 330
32 7 424
33 1 80
33 2 105
33 3 84
33 4 111
33 5 26
33 6 111
33 7 145
34 1 235
34 2 349
34 3 229
34 4 340
34 5 83
34 6 318
34 7 473
35 1 43
35 2 53
35 3 42
35 4 52
35 5 16
35 6 56
35 7 69
36 1 348
36 2 456
36 3 347
36 4 455
36 5 156
36 6 482
36 7 631
37 1 113
37 2 159
37 3 112
37 4 158
37 5 46
37 6 159
37 7 223
38 1 64
38 2 95
38 3 67
38 4 99
38 5 27
38 6 88
38 7 131
39 1 94
39 2 122
39 3 91
39 4 118
39 5 30
39 6 133
39 7 172
40 1 126
40 2 175
40 3 131
40 4 182
40 5 47
40 6 167
40 7 232
41 1 218
41 2 315
41 3 219
41 4 316
41 5 72
41 6 304
41 7 439
42 1 98
42 2 148
42 3 98
42 4 147
42 5 43
42 6 127
42 7 191
43 1 34
43 2 47
43 3 34
43 4 47
43 5 12
43 6 43
43 7 59
44 1 117
44 2 159
44 3 113
44 4 153
44 5 41
44 6 166
44 7 225
45 1 172
45 2 239
45 3 174
45 4 242
45 5 63
45 6 246
45 7 341
46 1 144
46 2 178
46 3 147
46 4 182
46 5 55
46 6 191
46 7 236
47 1 198
47 2 264
47 3 203
47 4 270
47 5 73
47 6 287
47 7 382
48 1 29
48 2 41
48 3 30
48 4 42
48 5 13
48 6 40
48 7 56
49 1 76
49 2 96
49 3 76
49 4 96
49 5 28
49 6 108
49 7 136
50 1 68
50 2 97
50 3 66
50 4 95
50 5 22
50 6 96
50 7 136
51 1 41
51 2 60
51 3 40
51 4 59
51 5 16
51 6 58
51 7 85
52 1 224
52 2 346
52 3 223
52 4 344
52 5 71
52 6 286
52 7 442
53 1 119
53 2 177
53 3 124
53 4 184
53 5 54
53 6 159
53 7 237
54 1 263
54 2 370
54 3 253
54 4 355
54 5 90
54 6 336
54 7 473
55 1 90
55 2 142
55 3 95
55 4 150
55 5 32
55 6 127
55 7 200
56 1 26
56 2 37
56 3 26
56 4 36
56 5 11
56 6 37
56 7 52
57 1 202
57 2 290
57 3 196
57 4 280
57 5 77
57 6 268
57 7 385
58 1 90
58 2 134
58 3 88
58 4 131
58 5 30
58 6 116
58 7 172
59 1 59
59 2 80
59 3 61
59 4 82
59 5 22
59 6 82
59 7 112
60 1 257
60 2 346
60 3 258
60 4 347
60 5 104
60 6 342
60 7 461
61 1 229
61 2 316
61 3 241
61 4 332
61 5 78
61 6 322
61 7 444
62 1 21
62 2 26
62 3 21
62 4 25
62 5 9
62 6 27
62 7 33
63 1 162
63 2 232
63 3 168
63 4 240
63 5 59
63 6 222
63 7 318
64 1 79
64 2 120
64 3 76
64 4 115
64 5 29
64 6 109
64 7 166
65 1 257
65 2 404
65 3 266
65 4 418
65 5 93
65 6 345
65 7 542
66 1 195
66 2 265
66 3 197
66 4 268
66 5 72
66 6 247
66 7 335
67 1 316
67 2 460
67 3 302
67 4 439
67 5 137
67 6 447
67 7 650
68 1 67
68 2 101
68 3 66
68 4 100
68 5 21
68 6 95
68 7 143
69 1 104
69 2 157
69 3 107
69 4 162
69 5 42
69 6 133
69 7 201
70 1 157
70 2 234
70 3 158
70 4 236
70 5 61
70 6 199
70 7 296
71 1 69
71 2 96
71 3 69
71 4 95
71 5 31
71 6 88
71 7 122
72 1 190
72 2 287
72 3 191
72 4 289
72 5 59
72 6 267
72 7 403
73 1 75
73 2 96
73 3 75
73 4 95
73 5 33
73 6 100
73 7 127
74 1 281
74 2 419
74 3 269
74 4 401
74 5 120
74 6 403
74 7 601
75 1 60
75 2 91
75 3 63
75 4 95
75 5 25
75 6 76
75 7 115
76 1 67
76 2 93
76 3 68
76 4 94
76 5 23
76 6 96
76 7 133
77 1 265
77 2 397
77 3 275
77 4 412
77 5 116
77 6 357
77 7 534
78 1 195
78 2 271
78 3 190
78 4 264
78 5 59
78 6 268
78 7 373
79 1 231
79 2 322
79 3 224
79 4 312
79 5 97
79 6 294
79 7 409
80 1 152
80 2 228
80 3 146
80 4 219
80 5 62
80 6 216
80 7 323
81 1 417
81 2 509
81 3 437
81 4 533
81 5 145
81 6 542
81 7 662
82 1 104
82 2 157
82 3 109
82 4 164
82 5 42
82 6 143
82 7 215
83 1 118
83 2 159
83 3 114
83 4 153
83 5 42
83 6 153
83 7 206
84 1 154
84 2 222
84 3 155
84 4 223
84 5 57
84 6 208
84 7 299
85 1 202
85 2 247
85 3 205
85 4 250
85 5 84
85 6 267
85 7 327
86 1 164
86 2 243
86 3 164
86 4 243
86 5 66
86 6 222
86 7 329
87 1 153
87 2 231
87 3 153
87 4 230
87 5 69
87 6 216
87 7 326
88 1 194
88 2 277
88 3 196
88 4 279
88 5 69
88 6 247
88 7 353
89 1 196
89 2 267
89 3 200
89 4 272
89 5 61
89 6 258
89 7 351
90 1 144
90 2 209
90 3 138
90 4 200
90 5 55
90 6 188
90 7 272
91 1 47
91 2 65
91 3 50
91 4 69
91 5 15
91 6 61
91 7 84
92 1 217
92 2 327
92 3 216
92 4 325
92 5 86
92 6 289
92 7 436
93 1 41
93 2 52
93 3 43
93 4 55
93 5 16
93 6 55
93 7 70
94 1 200
94 2 241
94 3 203
94 4 244
94 5 70
94 6 253
94 7 305
95 1 144
95 2 211
95 3 151
95 4 221
95 5 59
95 6 188
95 7 276
96 1 114
96 2 160
96 3 116
96 4 163
96 5 48
96 6 150
96 7 210
97 1 165
97 2 204
97 3 161
97 4 198
97 5 57
97 6 214
97 7 265
98 1 29
98 2 37
98 3 29
98 4 37
98 5 12
98 6 41
98 7 52
99 1 36
99 2 44
99 3 38
99 4 47
99 5 15
99 6 48
99 7 59
100 1 77
100 2 122
100 3 80
100 4 127
100 5 32
100 6 97
100 7 153

# Energy Consumption
1 1 0
1 2 40
1 3 0
1 4 36
1 5 7
1 6 0
1 7 34
2 1 0
2 2 29
2 3 0
2 4 25
2 5 6
2 6 0
2 7 23
3 1 0
3 2 106
3 3 0
3 4 70
3 5 17
3 6 0
3 7 59
4 1 0
4 2 58
4 3 0
4 4 51
4 5 8
4 6 0
4 7 46
5 1 0
5 2 40
5 3 0
5 4 28
5 5 6
5 6 0
5 7 27
6 1 0
6 2 65
6 3 0
6 4 50
6 5 10
6 6 0
6 7 43
7 1 0
7 2 70
7 3 0
7 4 57
7 5 15
7 6 0
7 7 45
8 1 0
8 2 46
8 3 0
8 4 37
8 5 7
8 6 0
8 7 28
9 1 0
9 2 48
9 3 0
9 4 38
9 5 7
9 6 0
9 7 34
10 1 0
10 2 36
10 3 0
10 4 26
10 5 7
10 6 0
10 7 29
11 1 0
11 2 19
11 3 0
11 4 11
11 5 3
11 6 0
11 7 12
12 1 0
12 2 64
12 3 0
12 4 56
12 5 10
12 6 0
12 7 40
13 1 0
13 2 20
13 3 0
13 4 17
13 5 4
13 6 0
13 7 14
14 1 0
14 2 11
14 3 0
14 4 9
14 5 2
14 6 0
14 7 10
15 1 0
15 2 74
15 3 0
15 4 55
15 5 12
15 6 0
15 7 51
16 1 0
16 2 56
16 3 0
16 4 50
16 5 10
16 6 0
16 7 43
17 1 0
17 2 107
17 3 0
17 4 70
17 5 13
17 6 0
17 7 73
18 1 0
18 2 44
18 3 0
18 4 43
18 5 9
18 6 0
18 7 30
19 1 0
19 2 80
19 3 0
19 4 58
19 5 11
19 6 0
19 7 53
20 1 0
20 2 64
20 3 0
20 4 46
20 5 10
20 6 0
20 7 37
21 1 0
21 2 34
21 3 0
21 4 28
21 5 6
21 6 0
21 7 26
22 1 0
22 2 60
22 3 0
22 4 50
22 5 10
22 6 0
22 7 54
23 1 0
23 2 60
23 3 0
23 4 49
23 5 9
23 6 0
23 7 42
24 1 0
24 2 50
24 3 0
24 4 38
24 5 7
24 6 0
24 7 35
25 1 0
25 2 65
25 3 0
25 4 49
25 5 11
25 6 0
25 7 51
26 1 0
26 2 33
26 3 0
26 4 30
26 5 6
26 6 0
26 7 24
27 1 0
27 2 71
27 3 0
27 4 48
27 5 12
27 6 0
27 7 44
28 1 0
28 2 53
28 3 0
28 4 35
28 5 8
28 6 0
28 7 32
29 1 0
29 2 14
29 3 0
29 4 10
29 5 2
29 6 0
29 7 9
30 1 0
30 2 33
30 3 0
30 4 24
30 5 5
30 6 0
30 7 22
31 1 0
31 2 31
31 3 0
31 4 22
31 5 6
31 6 0
31 7 20
32 1 0
32 2 84
32 3 0
32 4 61
32 5 14
32 6 0
32 7 55
33 1 0
33 2 25
33 3 0
33 4 21
33 5 5
33 6 0
33 7 22
34 1 0
34 2 90
34 3 0
34 4 70
34 5 13
34 6 0
34 7 62
35 1 0
35 2 14
35 3 0
35 4 10
35 5 3
35 6 0
35 7 9
36 1 0
36 2 103
36 3 0
36 4 83
36 5 24
36 6 0
36 7 81
37 1 0
37 2 44
37 3 0
37 4 34
37 5 7
37 6 0
37 7 33
38 1 0
38 2 25
38 3 0
38 4 22
38 5 4
38 6 0
38 7 17
39 1 0
39 2 29
39 3 0
39 4 23
39 5 5
39 6 0
39 7 21
40 1 0
40 2 43
40 3 0
40 4 38
40 5 7
40 6 0
40 7 35
41 1 0
41 2 93
41 3 0
41 4 69
41 5 12
41 6 0
41 7 62
42 1 0
42 2 42
42 3 0
42 4 29
42 5 7
42 6 0
42 7 24
43 1 0
43 2 15
43 3 0
43 4 10
43 5 2
43 6 0
43 7 9
44 1 0
44 2 45
44 3 0
44 4 31
44 5 6
44 6 0
44 7 31
45 1 0
45 2 62
45 3 0
45 4 51
45 5 10
45 6 0
45 7 45
46 1 0
46 2 45
46 3 0
46 4 34
46 5 9
46 6 0
46 7 34
47 1 0
47 2 72
47 3 0
47 4 50
47 5 11
47 6 0
47 7 47
48 1 0
48 2 12
48 3 0
48 4 9
48 5 3
48 6 0
48 7 9
49 1 0
49 2 24
49 3 0
49 4 18
49 5 5
49 6 0
49 7 19
50 1 0
50 2 28
50 3 0
50 4 20
50 5 4
50 6 0
50 7 20
51 1 0
51 2 14
51 3 0
51 4 13
51 5 3
51 6 0
51 7 12
52 1 0
52 2 90
52 3 0
52 4 64
52 5 12
52 6 0
52 7 55
53 1 0
53 2 52
53 3 0
53 4 34
53 5 9
53 6 0
53 7 30
54 1 0
54 2 97
54 3 0
54 4 69
54 5 15
54 6 0
54 7 71
55 1 0
55 2 33
55 3 0
55 4 28
55 5 6
55 6 0
55 7 29
56 1 0
56 2 10
56 3 0
56 4 7
56 5 2
56 6 0
56 7 8
57 1 0
57 2 76
57 3 0
57 4 53
57 5 11
57 6 0
57 7 51
58 1 0
58 2 30
58 3 0
58 4 29
58 5 5
58 6 0
58 7 21
59 1 0
59 2 21
59 3 0
59 4 18
59 5 4
59 6 0
59 7 16
60 1 0
60 2 97
60 3 0
60 4 74
60 5 15
60 6 0
60 7 59
61 1 0
61 2 73
61 3 0
61 4 67
61 5 12
61 6 0
61 7 54
62 1 0
62 2 8
62 3 0
62 4 6
62 5 2
62 6 0
62 7 5
63 1 0
63 2 56
63 3 0
63 4 50
63 5 9
63 6 0
63 7 48
64 1 0
64 2 33
64 3 0
64 4 24
64 5 5
64 6 0
64 7 25
65 1 0
65 2 113
65 3 0
65 4 83
65 5 15
65 6 0
65 7 77
66 1 0
66 2 64
66 3 0
66 4 52
66 5 12
66 6 0
66 7 48
67 1 0
67 2 124
67 3 0
67 4 94
67 5 20
67 6 0
67 7 94
68 1 0
68 2 27
68 3 0
68 4 19
68 5 4
68 6 0
68 7 21
69 1 0
69 2 47
69 3 0
69 4 33
69 5 7
69 6 0
69 7 25
70 1 0
70 2 66
70 3 0
70 4 44
70 5 9
70 6 0
70 7 44
71 1 0
71 2 26
71 3 0
71 4 18
71 5 5
71 6 0
71 7 16
72 1 0
72 2 80
72 3 0
72 4 62
72 5 10
72 6 0
72 7 56
73 1 0
73 2 24
73 3 0
73 4 21
73 5 5
73 6 0
73 7 17
74 1 0
74 2 99
74 3 0
74 4 81
74 5 19
74 6 0
74 7 78
75 1 0
75 2 26
75 3 0
75 4 20
75 5 4
75 6 0
75 7 15
76 1 0
76 2 25
76 3 0
76 4 19
76 5 4
76 6 0
76 7 18
77 1 0
77 2 115
77 3 0
77 4 83
77 5 19
77 6 0
77 7 79
78 1 0
78 2 62
78 3 0
78 4 53
78 5 9
78 6 0
78 7 48
79 1 0
79 2 87
79 3 0
79 4 66
79 5 15
79 6 0
79 7 53
80 1 0
80 2 56
80 3 0
80 4 43
80 5 10
80 6 0
80 7 39
81 1 0
81 2 148
81 3 0
81 4 104
81 5 21
81 6 0
81 7 90
82 1 0
82 2 43
82 3 0
82 4 31
82 5 7
82 6 0
82 7 27
83 1 0
83 2 43
83 3 0
83 4 30
83 5 7
83 6 0
83 7 25
84 1 0
84 2 66
84 3 0
84 4 43
84 5 9
84 6 0
84 7 38
85 1 0
85 2 65
85 3 0
85 4 53
85 5 13
85 6 0
85 7 44
86 1 0
86 2 60
86 3 0
86 4 48
86 5 10
86 6 0
86 7 48
87 1 0
87 2 56
87 3 0
87 4 49
87 5 11
87 6 0
87 7 45
88 1 0
88 2 76
88 3 0
88 4 54
88 5 11
88 6 0
88 7 43
89 1 0
89 2 66
89 3 0
89 4 58
89 5 10
89 6 0
89 7 53
90 1 0
90 2 57
90 3 0
90 4 38
90 5 8
90 6 0
90 7 33
91 1 0
91 2 18
91 3 0
91 4 16
91 5 3
91 6 0
91 7 12
92 1 0
92 2 97
92 3 0
92 4 68
92 5 13
92 6 0
92 7 58
93 1 0
93 2 16
93 3 0
93 4 12
93 5 3
93 6 0
93 7 10
94 1 0
94 2 54
94 3 0
94 4 53
94 5 11
94 6 0
94 7 41
95 1 0
95 2 58
95 3 0
95 4 42
95 5 9
95 6 0
95 7 38
96 1 0
96 2 42
96 3 0
96 4 31
96 5 7
96 6 0
96 7 28
97 1 0
97 2 61
97 3 0
97 4 42
97 5 9
97 6 0
97 7 33
98 1 0
98 2 10
98 3 0
98 4 8
98 5 2
98 6 0
98 7 7
99 1 0
99 2 13
99 3 0
99 4 10
99 5 3
99 6 0
99 7 8
100 1 0
100 2 35
100 3 0
100 4 24
100 5 5
100 6 0
100 7 21

# Precedence Relations
1 41
2 41
3 34
4 10
4 14
5 15
6 16
6 17
6 18
7 13
8 11
8 12
9 19
10 41
11 34
12 34
13 34
14 29
15 22
15 27
16 23
16 26
16 28
16 31
17 24
18 20
18 21
18 25
18 30
20 41
21 41
22 41
23 34
24 34
25 34
26 34
27 35
28 36
29 37
30 32
30 33
30 38
31 39
31 40
32 41
33 41
34 42
34 43
34 44
34 45
35 47
36 46
37 48
41 49
41 50
41 51
41 52
44 56
46 53
48 54
48 55
48 57
49 58
49 59
49 60
50 62
53 61
57 63
58 64
59 65
60 66
61 67
62 68
62 69
62 70
64 73
65 75
66 71
67 72
69 78
70 74
70 76
70 77
70 79
71 82
72 81
74 80
74 84
74 85
79 83
80 87
81 86
82 90
83 88
83 89
83 91
83 92
84 93
86 94
87 96
88 95
90 98
90 100
91 97
92 99

# Parameters
R_e = 0.0500
T = 1000.0
C_s = 4.0
C_w = 36.0
C_c = 5.0
