# Tasks
1 2 3 4 5 6 7 8 9 10 11

# Workstations
1 2 3 4 5 6 7 8 9 10 11

# Modes
1 2 3 4 5 6 7

# Processing Times
1 1 4
1 2 10
1 3 4
1 4 10
1 5 3
1 6 6
1 7 13
2 1 38
2 2 90
2 3 36
2 4 85
2 5 23
2 6 48
2 7 114
3 1 45
3 2 107
3 3 43
3 4 101
3 5 27
3 6 57
3 7 136
4 1 12
4 2 29
4 3 12
4 4 28
4 5 8
4 6 16
4 7 37
5 1 10
5 2 24
5 3 10
5 4 23
5 5 6
5 6 13
5 7 31
6 1 8
6 2 19
6 3 8
6 4 18
6 5 5
6 6 11
6 7 24
7 1 12
7 2 29
7 3 12
7 4 28
7 5 8
7 6 16
7 7 37
8 1 10
8 2 24
8 3 10
8 4 23
8 5 6
8 6 13
8 7 31
9 1 2
9 2 5
9 3 2
9 4 5
9 5 2
9 6 3
9 7 7
10 1 10
10 2 24
10 3 10
10 4 23
10 5 6
10 6 13
10 7 31
11 1 34
11 2 81
11 3 33
11 4 77
11 5 21
11 6 43
11 7 103

# Energy Consumption
1 1 0
1 2 3
1 3 0
1 4 2
1 5 1
1 6 0
1 7 2
2 1 0
2 2 21
2 3 0
2 4 17
2 5 4
2 6 0
2 7 17
3 1 0
3 2 27
3 3 0
3 4 21
3 5 4
3 6 0
3 7 19
4 1 0
4 2 8
4 3 0
4 4 6
4 5 2
4 6 0
4 7 5
5 1 0
5 2 6
5 3 0
5 4 5
5 5 1
5 6 0
5 7 4
6 1 0
6 2 5
6 3 0
6 4 4
6 5 1
6 6 0
6 7 4
7 1 0
7 2 8
7 3 0
7 4 6
7 5 2
7 6 0
7 7 6
8 1 0
8 2 7
8 3 0
8 4 5
8 5 1
8 6 0
8 7 5
9 1 0
9 2 2
9 3 0
9 4 1
9 5 1
9 6 0
9 7 1
10 1 0
10 2 7
10 3 0
10 4 5
10 5 1
10 6 0
10 7 4
11 1 0
11 2 20
11 3 0
11 4 15
11 5 3
11 6 0
11 7 13

# Precedence Relations
1 4
2 4
2 5
3 11
4 6
5 7
6 8
7 9
8 10
9 10
10 11

# Parameters
R_e = 0.0500
T = 600.0
C_s = 4.0
C_w = 36.0
C_c = 5.0
