# Tasks
1 2 3 4 5 6 7 8 9 10 11 12 13 14 15 16 17 18 19 20

# Workstations
1 2 3 4 5 6 7 8 9 10 11 12 13 14 15 16 17 18 19 20

# Modes
1 2 3 4 5 6 7

# Processing Times
1 1 730
1 2 1477
1 3 779
1 4 1576
1 5 233
1 6 826
1 7 1671
2 1 589
2 2 1233
2 3 627
2 4 1312
2 5 254
2 6 705
2 7 1476
3 1 474
3 2 887
3 3 519
3 4 971
3 5 207
3 6 540
3 7 1010
4 1 390
4 2 870
4 3 415
4 4 925
4 5 157
4 6 451
4 7 1005
5 1 462
5 2 976
5 3 506
5 4 1069
5 5 194
5 6 560
5 7 1183
6 1 496
6 2 1215
6 3 534
6 4 1308
6 5 154
6 6 566
6 7 1385
7 1 480
7 2 1194
7 3 513
7 4 1276
7 5 171
7 6 575
7 7 1429
8 1 425
8 2 984
8 3 456
8 4 1055
8 5 189
8 6 476
8 7 1100
9 1 545
9 2 1325
9 3 590
9 4 1434
9 5 203
9 6 633
9 7 1539
10 1 562
10 2 1299
10 3 591
10 4 1365
10 5 223
10 6 702
10 7 1622
11 1 438
11 2 816
11 3 473
11 4 881
11 5 162
11 6 546
11 7 1018
12 1 702
12 2 1608
12 3 765
12 4 1752
12 5 250
12 6 857
12 7 1962
13 1 439
13 2 847
13 3 477
13 4 921
13 5 160
13 6 518
13 7 999
14 1 285
14 2 559
14 3 307
14 4 602
14 5 88
14 6 344
14 7 675
15 1 511
15 2 1121
15 3 549
15 4 1203
15 5 212
15 6 619
15 7 1358
16 1 483
16 2 983
16 3 529
16 4 1077
16 5 187
16 6 592
16 7 1205
17 1 468
17 2 921
17 3 511
17 4 1006
17 5 167
17 6 568
17 7 1117
18 1 654
18 2 1445
18 3 700
18 4 1545
18 5 275
18 6 791
18 7 1747
19 1 534
19 2 1214
19 3 566
19 4 1287
19 5 189
19 6 659
19 7 1498
20 1 552
20 2 1169
20 3 593
20 4 1255
20 5 188
20 6 632
20 7 1339

# Energy Consumption
1 1 0
1 2 366
1 3 0
1 4 345
1 5 35
1 6 0
1 7 242
2 1 0
2 2 309
2 3 0
2 4 283
2 5 40
2 6 0
2 7 204
3 1 0
3 2 201
3 3 0
3 4 187
3 5 32
3 6 0
3 7 124
4 1 0
4 2 247
4 3 0
4 4 200
4 5 24
4 6 0
4 7 131
5 1 0
5 2 251
5 3 0
5 4 225
5 5 30
5 6 0
5 7 158
6 1 0
6 2 277
6 3 0
6 4 245
6 5 23
6 6 0
6 7 192
7 1 0
7 2 346
7 3 0
7 4 256
7 5 25
7 6 0
7 7 200
8 1 0
8 2 257
8 3 0
8 4 207
8 5 27
8 6 0
8 7 155
9 1 0
9 2 363
9 3 0
9 4 308
9 5 29
9 6 0
9 7 229
10 1 0
10 2 335
10 3 0
10 4 278
10 5 32
10 6 0
10 7 213
11 1 0
11 2 187
11 3 0
11 4 159
11 5 25
11 6 0
11 7 153
12 1 0
12 2 383
12 3 0
12 4 330
12 5 40
12 6 0
12 7 269
13 1 0
13 2 219
13 3 0
13 4 185
13 5 23
13 6 0
13 7 130
14 1 0
14 2 166
14 3 0
14 4 120
14 5 13
14 6 0
14 7 98
15 1 0
15 2 328
15 3 0
15 4 251
15 5 34
15 6 0
15 7 168
16 1 0
16 2 238
16 3 0
16 4 228
16 5 27
16 6 0
16 7 150
17 1 0
17 2 255
17 3 0
17 4 202
17 5 25
17 6 0
17 7 155
18 1 0
18 2 355
18 3 0
18 4 302
18 5 43
18 6 0
18 7 249
19 1 0
19 2 309
19 3 0
19 4 262
19 5 30
19 6 0
19 7 206
20 1 0
20 2 328
20 3 0
20 4 244
20 5 29
20 6 0
20 7 190

# Precedence Relations
1 13
2 3
2 4
2 5
2 6
3 13
4 13
5 7
5 8
6 9
6 14
7 13
8 9
8 10
8 11
8 12
9 13
10 20
11 13
11 14
11 15
12 13
13 16
13 17
13 18
13 19
14 20

# Parameters
R_e = 0.0500
T = 1000.0
C_s = 4.0
C_w = 36.0
C_c = 5.0
