# Tasks
1 2 3 4 5 6 7 8 9 10 11 12 13 14 15 16 17 18 19 20 21 22 23 24 25 26 27 28 29 30 31 32 33 34 35 36 37 38 39 40 41 42 43 44 45 46 47 48 49 50 51 52 53 54 55 56 57 58 59 60 61 62 63 64 65 66 67 68 69 70 71 72 73 74 75 76 77 78 79 80 81 82 83 84 85 86 87 88 89 90 91 92 93 94 95 96 97 98 99 100

# Workstations
1 2 3 4 5 6 7 8 9 10 11 12 13 14 15 16 17 18 19 20 21 22 23 24 25 26 27 28 29 30 31 32 33 34 35 36 37 38 39 40 41 42 43 44 45 46 47 48 49 50 51 52 53 54 55 56 57 58 59 60 61 62 63 64 65 66 67 68 69 70 71 72 73 74 75 76 77 78 79 80 81 82 83 84 85 86 87 88 89 90 91 92 93 94 95 96 97 98 99 100

# Modes
1 2 3 4 5 6 7

# Processing Times
1 1 124
1 2 192
1 3 115
1 4 178
1 5 117
1 6 138
1 7 213
2 1 461
2 2 628
2 3 420
2 4 572
2 5 430
2 6 533
2 7 726
3 1 193
3 2 249
3 3 166
3 4 215
3 5 180
3 6 234
3 7 302
4 1 190
4 2 292
4 3 173
4 4 266
4 5 173
4 6 227
4 7 349
5 1 113
5 2 140
5 3 105
5 4 130
5 5 104
5 6 135
5 7 168
6 1 201
6 2 268
6 3 187
6 4 250
6 5 174
6 6 225
6 7 299
7 1 368
7 2 455
7 3 325
7 4 402
7 5 343
7 6 424
7 7 524
8 1 160
8 2 234
8 3 150
8 4 218
8 5 147
8 6 186
8 7 271
9 1 430
9 2 549
9 3 368
9 4 470
9 5 352
9 6 530
9 7 676
10 1 56
10 2 89
10 3 52
10 4 82
10 5 49
10 6 67
10 7 107
11 1 580
11 2 753
11 3 515
11 4 668
11 5 526
11 6 716
11 7 930
12 1 367
12 2 549
12 3 313
12 4 468
12 5 325
12 6 439
12 7 656
13 1 263
13 2 401
13 3 233
13 4 355
13 5 250
13 6 318
13 7 485
14 1 37
14 2 54
14 3 32
14 4 47
14 5 31
14 6 45
14 7 65
15 1 47
15 2 70
15 3 45
15 4 66
15 5 39
15 6 59
15 7 88
16 1 263
16 2 374
16 3 246
16 4 349
16 5 243
16 6 292
16 7 414
17 1 492
17 2 594
17 3 419
17 4 506
17 5 454
17 6 573
17 7 692
18 1 143
18 2 221
18 3 135
18 4 208
18 5 136
18 6 168
18 7 259
19 1 221
19 2 315
19 3 205
19 4 292
19 5 200
19 6 267
19 7 380
20 1 140
20 2 193
20 3 133
20 4 183
20 5 114
20 6 160
20 7 220
21 1 530
21 2 639
21 3 462
21 4 557
21 5 460
21 6 632
21 7 761
22 1 129
22 2 156
22 3 115
22 4 139
22 5 115
22 6 156
22 7 189
23 1 66
23 2 86
23 3 58
23 4 76
23 5 58
23 6 77
23 7 100
24 1 85
24 2 115
24 3 75
24 4 102
24 5 77
24 6 106
24 7 143
25 1 206
25 2 267
25 3 193
25 4 249
25 5 185
25 6 258
25 7 334
26 1 171
26 2 210
26 3 161
26 4 197
26 5 151
26 6 200
26 7 246
27 1 109
27 2 166
27 3 103
27 4 156
27 5 101
27 6 135
27 7 206
28 1 481
28 2 612
28 3 457
28 4 581
28 5 410
28 6 595
28 7 756
29 1 34
29 2 51
29 3 29
29 4 44
29 5 33
29 6 40
29 7 60
30 1 527
30 2 675
30 3 460
30 4 589
30 5 451
30 6 642
30 7 822
31 1 179
31 2 277
31 3 163
31 4 252
31 5 144
31 6 222
31 7 344
32 1 83
32 2 105
32 3 74
32 4 94
32 5 68
32 6 98
32 7 123
33 1 91
33 2 120
33 3 81
33 4 107
33 5 85
33 6 113
33 7 149
34 1 318
34 2 437
34 3 296
34 4 406
34 5 292
34 6 364
34 7 500
35 1 267
35 2 425
35 3 253
35 4 402
35 5 230
35 6 311
35 7 495
36 1 26
36 2 34
36 3 23
36 4 29
36 5 22
36 6 32
36 7 42
37 1 425
37 2 673
37 3 373
37 4 590
37 5 403
37 6 527
37 7 835
38 1 214
38 2 281
38 3 188
38 4 247
38 5 204
38 6 259
38 7 339
39 1 72
39 2 106
39 3 66
39 4 98
39 5 62
39 6 87
39 7 128
40 1 441
40 2 572
40 3 383
40 4 496
40 5 408
40 6 499
40 7 647
41 1 619
41 2 845
41 3 531
41 4 725
41 5 567
41 6 695
41 7 949
42 1 196
42 2 274
42 3 186
42 4 260
42 5 175
42 6 241
42 7 337
43 1 256
43 2 374
43 3 237
43 4 346
43 5 241
43 6 291
43 7 426
44 1 219
44 2 318
44 3 198
44 4 287
44 5 187
44 6 247
44 7 359
45 1 487
45 2 778
45 3 446
45 4 711
45 5 452
45 6 589
45 7 941
46 1 216
46 2 320
46 3 200
46 4 296
46 5 182
46 6 238
46 7 353
47 1 160
47 2 232
47 3 142
47 4 206
47 5 149
47 6 179
47 7 259
48 1 165
48 2 226
48 3 150
48 4 205
48 5 153
48 6 202
48 7 277
49 1 79
49 2 126
49 3 69
49 4 110
49 5 70
49 6 99
49 7 158
50 1 145
50 2 208
50 3 135
50 4 194
50 5 127
50 6 180
50 7 258
51 1 124
51 2 191
51 3 114
51 4 176
51 5 101
51 6 145
51 7 223
52 1 96
52 2 128
52 3 90
52 4 120
52 5 91
52 6 113
52 7 150
53 1 238
53 2 356
53 3 206
53 4 309
53 5 194
53 6 297
53 7 445
54 1 356
54 2 558
54 3 333
54 4 521
54 5 305
54 6 401
54 7 628
55 1 422
55 2 574
55 3 395
55 4 537
55 5 348
55 6 487
55 7 662
56 1 145
56 2 181
56 3 133
56 4 166
56 5 117
56 6 181
56 7 226
57 1 99
57 2 145
57 3 94
57 4 137
57 5 90
57 6 110
57 7 161
58 1 73
58 2 98
58 3 68
58 4 91
58 5 66
58 6 90
58 7 121
59 1 199
59 2 272
59 3 187
59 4 256
59 5 167
59 6 236
59 7 322
60 1 56
60 2 68
60 3 52
60 4 64
60 5 49
60 6 63
60 7 77
61 1 83
61 2 113
61 3 78
61 4 106
61 5 75
61 6 103
61 7 141
62 1 85
62 2 103
62 3 76
62 4 92
62 5 69
62 6 105
62 7 127
63 1 122
63 2 155
63 3 107
63 4 136
63 5 102
63 6 136
63 7 172
64 1 276
64 2 396
64 3 242
64 4 347
64 5 252
64 6 313
64 7 449
65 1 224
65 2 356
65 3 204
65 4 323
65 5 198
65 6 280
65 7 445
66 1 79
66 2 96
66 3 68
66 4 82
66 5 65
66 6 93
66 7 113
67 1 208
67 2 255
67 3 179
67 4 219
67 5 169
67 6 255
67 7 313
68 1 97
68 2 142
68 3 91
68 4 133
68 5 88
68 6 116
68 7 170
69 1 195
69 2 283
69 3 175
69 4 254
69 5 169
69 6 241
69 7 350
70 1 273
70 2 422
70 3 250
70 4 387
70 5 256
70 6 334
70 7 516
71 1 188
71 2 291
71 3 168
71 4 260
71 5 155
71 6 229
71 7 354
72 1 240
72 2 340
72 3 221
72 4 312
72 5 226
72 6 266
72 7 377
73 1 340
73 2 440
73 3 304
73 4 393
73 5 281
73 6 393
73 7 509
74 1 384
74 2 482
74 3 351
74 4 441
74 5 365
74 6 465
74 7 583
75 1 564
75 2 891
75 3 494
75 4 780
75 5 531
75 6 645
75 7 1019
76 1 139
76 2 169
76 3 125
76 4 152
76 5 132
76 6 159
76 7 194
77 1 90
77 2 122
77 3 85
77 4 114
77 5 77
77 6 108
77 7 146
78 1 123
78 2 196
78 3 106
78 4 169
78 5 109
78 6 147
78 7 234
79 1 183
79 2 233
79 3 156
79 4 199
79 5 155
79 6 224
79 7 285
80 1 530
80 2 732
80 3 494
80 4 682
80 5 479
80 6 629
80 7 869
81 1 153
81 2 188
81 3 139
81 4 170
81 5 143
81 6 177
81 7 217
82 1 77
82 2 118
82 3 68
82 4 104
82 5 68
82 6 92
82 7 140
83 1 254
83 2 343
83 3 233
83 4 314
83 5 206
83 6 307
83 7 414
84 1 250
84 2 303
84 3 233
84 4 282
84 5 225
84 6 293
84 7 355
85 1 491
85 2 654
85 3 430
85 4 573
85 5 433
85 6 552
85 7 735
86 1 103
86 2 131
86 3 89
86 4 113
86 5 86
86 6 122
86 7 156
87 1 104
87 2 154
87 3 99
87 4 146
87 5 95
87 6 119
87 7 176
88 1 125
88 2 200
88 3 113
88 4 180
88 5 119
88 6 156
88 7 249
89 1 124
89 2 197
89 3 111
89 4 176
89 5 100
89 6 146
89 7 231
90 1 51
90 2 63
90 3 47
90 4 58
90 5 42
90 6 61
90 7 76
91 1 91
91 2 138
91 3 78
91 4 118
91 5 77
91 6 107
91 7 162
92 1 256
92 2 367
92 3 227
92 4 325
92 5 212
92 6 318
92 7 455
93 1 604
93 2 810
93 3 521
93 4 698
93 5 521
93 6 703
93 7 943
94 1 517
94 2 789
94 3 488
94 4 744
94 5 472
94 6 635
94 7 968
95 1 159
95 2 254
95 3 136
95 4 216
95 5 128
95 6 192
95 7 307
96 1 92
96 2 128
96 3 81
96 4 113
96 5 84
96 6 109
96 7 151
97 1 210
97 2 255
97 3 198
97 4 240
97 5 175
97 6 249
97 7 302
98 1 231
98 2 336
98 3 215
98 4 313
98 5 214
98 6 282
98 7 410
99 1 249
99 2 371
99 3 225
99 4 335
99 5 205
99 6 287
99 7 428
100 1 123
100 2 171
100 3 106
100 4 147
100 5 102
100 6 147
100 7 205

# Energy Consumption
1 1 0
1 2 45
1 3 0
1 4 39
1 5 18
1 6 0
1 7 30
2 1 0
2 2 154
2 3 0
2 4 119
2 5 64
2 6 0
2 7 105
3 1 0
3 2 71
3 3 0
3 4 40
3 5 26
3 6 0
3 7 42
4 1 0
4 2 83
4 3 0
4 4 56
4 5 27
4 6 0
4 7 49
5 1 0
5 2 36
5 3 0
5 4 25
5 5 16
5 6 0
5 7 25
6 1 0
6 2 65
6 3 0
6 4 52
6 5 28
6 6 0
6 7 44
7 1 0
7 2 115
7 3 0
7 4 81
7 5 54
7 6 0
7 7 76
8 1 0
8 2 55
8 3 0
8 4 46
8 5 22
8 6 0
8 7 41
9 1 0
9 2 151
9 3 0
9 4 102
9 5 52
9 6 0
9 7 98
10 1 0
10 2 24
10 3 0
10 4 18
10 5 8
10 6 0
10 7 16
11 1 0
11 2 220
11 3 0
11 4 134
11 5 82
11 6 0
11 7 117
12 1 0
12 2 138
12 3 0
12 4 100
12 5 48
12 6 0
12 7 96
13 1 0
13 2 109
13 3 0
13 4 77
13 5 36
13 6 0
13 7 66
14 1 0
14 2 13
14 3 0
14 4 11
14 5 5
14 6 0
14 7 9
15 1 0
15 2 17
15 3 0
15 4 14
15 5 6
15 6 0
15 7 13
16 1 0
16 2 83
16 3 0
16 4 77
16 5 38
16 6 0
16 7 51
17 1 0
17 2 171
17 3 0
17 4 93
17 5 70
17 6 0
17 7 95
18 1 0
18 2 65
18 3 0
18 4 40
18 5 21
18 6 0
18 7 38
19 1 0
19 2 74
19 3 0
19 4 53
19 5 29
19 6 0
19 7 49
20 1 0
20 2 46
20 3 0
20 4 38
20 5 18
20 6 0
20 7 33
21 1 0
21 2 158
21 3 0
21 4 103
21 5 74
21 6 0
21 7 94
22 1 0
22 2 43
22 3 0
22 4 31
22 5 18
22 6 0
22 7 29
23 1 0
23 2 26
23 3 0
23 4 15
23 5 9
23 6 0
23 7 14
24 1 0
24 2 31
24 3 0
24 4 22
24 5 12
24 6 0
24 7 20
25 1 0
25 2 61
25 3 0
25 4 49
25 5 30
25 6 0
25 7 43
26 1 0
26 2 53
26 3 0
26 4 41
26 5 22
26 6 0
26 7 34
27 1 0
27 2 48
27 3 0
27 4 34
27 5 16
27 6 0
27 7 31
28 1 0
28 2 162
28 3 0
28 4 117
28 5 63
28 6 0
28 7 109
29 1 0
29 2 14
29 3 0
29 4 10
29 5 5
29 6 0
29 7 9
30 1 0
30 2 168
30 3 0
30 4 118
30 5 68
30 6 0
30 7 114
31 1 0
31 2 79
31 3 0
31 4 51
31 5 23
31 6 0
31 7 50
32 1 0
32 2 25
32 3 0
32 4 21
32 5 10
32 6 0
32 7 18
33 1 0
33 2 32
33 3 0
33 4 21
33 5 13
33 6 0
33 7 19
34 1 0
34 2 128
34 3 0
34 4 81
34 5 42
34 6 0
34 7 70
35 1 0
35 2 112
35 3 0
35 4 78
35 5 36
35 6 0
35 7 62
36 1 0
36 2 9
36 3 0
36 4 6
36 5 4
36 6 0
36 7 7
37 1 0
37 2 169
37 3 0
37 4 127
37 5 59
37 6 0
37 7 119
38 1 0
38 2 80
38 3 0
38 4 51
38 5 30
38 6 0
38 7 43
39 1 0
39 2 28
39 3 0
39 4 19
39 5 10
39 6 0
39 7 18
40 1 0
40 2 162
40 3 0
40 4 97
40 5 64
40 6 0
40 7 95
41 1 0
41 2 217
41 3 0
41 4 158
41 5 86
41 6 0
41 7 143
42 1 0
42 2 64
42 3 0
42 4 49
42 5 28
42 6 0
42 7 51
43 1 0
43 2 111
43 3 0
43 4 64
43 5 36
43 6 0
43 7 63
44 1 0
44 2 82
44 3 0
44 4 56
44 5 27
44 6 0
44 7 51
45 1 0
45 2 177
45 3 0
45 4 140
45 5 72
45 6 0
45 7 115
46 1 0
46 2 75
46 3 0
46 4 63
46 5 28
46 6 0
46 7 52
47 1 0
47 2 56
47 3 0
47 4 45
47 5 23
47 6 0
47 7 34
48 1 0
48 2 65
48 3 0
48 4 41
48 5 23
48 6 0
48 7 37
49 1 0
49 2 38
49 3 0
49 4 22
49 5 10
49 6 0
49 7 23
50 1 0
50 2 52
50 3 0
50 4 38
50 5 20
50 6 0
50 7 34
51 1 0
51 2 57
51 3 0
51 4 39
51 5 16
51 6 0
51 7 29
52 1 0
52 2 37
52 3 0
52 4 25
52 5 15
52 6 0
52 7 19
53 1 0
53 2 83
53 3 0
53 4 57
53 5 28
53 6 0
53 7 59
54 1 0
54 2 164
54 3 0
54 4 109
54 5 48
54 6 0
54 7 77
55 1 0
55 2 141
55 3 0
55 4 108
55 5 50
55 6 0
55 7 90
56 1 0
56 2 54
56 3 0
56 4 32
56 5 17
56 6 0
56 7 34
57 1 0
57 2 33
57 3 0
57 4 30
57 5 14
57 6 0
57 7 24
58 1 0
58 2 25
58 3 0
58 4 18
58 5 11
58 6 0
58 7 15
59 1 0
59 2 70
59 3 0
59 4 52
59 5 25
59 6 0
59 7 43
60 1 0
60 2 18
60 3 0
60 4 12
60 5 8
60 6 0
60 7 11
61 1 0
61 2 34
61 3 0
61 4 20
61 5 12
61 6 0
61 7 19
62 1 0
62 2 28
62 3 0
62 4 20
62 5 11
62 6 0
62 7 17
63 1 0
63 2 37
63 3 0
63 4 29
63 5 16
63 6 0
63 7 22
64 1 0
64 2 115
64 3 0
64 4 76
64 5 39
64 6 0
64 7 62
65 1 0
65 2 104
65 3 0
65 4 66
65 5 31
65 6 0
65 7 57
66 1 0
66 2 26
66 3 0
66 4 17
66 5 10
66 6 0
66 7 17
67 1 0
67 2 65
67 3 0
67 4 49
67 5 27
67 6 0
67 7 40
68 1 0
68 2 35
68 3 0
68 4 26
68 5 14
68 6 0
68 7 25
69 1 0
69 2 77
69 3 0
69 4 53
69 5 27
69 6 0
69 7 43
70 1 0
70 2 104
70 3 0
70 4 85
70 5 39
70 6 0
70 7 65
71 1 0
71 2 71
71 3 0
71 4 53
71 5 22
71 6 0
71 7 43
72 1 0
72 2 102
72 3 0
72 4 66
72 5 34
72 6 0
72 7 48
73 1 0
73 2 110
73 3 0
73 4 78
73 5 44
73 6 0
73 7 72
74 1 0
74 2 108
74 3 0
74 4 88
74 5 58
74 6 0
74 7 75
75 1 0
75 2 230
75 3 0
75 4 170
75 5 78
75 6 0
75 7 139
76 1 0
76 2 48
76 3 0
76 4 30
76 5 21
76 6 0
76 7 28
77 1 0
77 2 37
77 3 0
77 4 23
77 5 12
77 6 0
77 7 19
78 1 0
78 2 54
78 3 0
78 4 36
78 5 16
78 6 0
78 7 34
79 1 0
79 2 69
79 3 0
79 4 39
79 5 23
79 6 0
79 7 40
80 1 0
80 2 185
80 3 0
80 4 143
80 5 72
80 6 0
80 7 111
81 1 0
81 2 56
81 3 0
81 4 32
81 5 22
81 6 0
81 7 30
82 1 0
82 2 34
82 3 0
82 4 19
82 5 10
82 6 0
82 7 19
83 1 0
83 2 77
83 3 0
83 4 64
83 5 29
83 6 0
83 7 62
84 1 0
84 2 87
84 3 0
84 4 52
84 5 36
84 6 0
84 7 44
85 1 0
85 2 192
85 3 0
85 4 120
85 5 68
85 6 0
85 7 98
86 1 0
86 2 31
86 3 0
86 4 23
86 5 13
86 6 0
86 7 22
87 1 0
87 2 38
87 3 0
87 4 27
87 5 15
87 6 0
87 7 23
88 1 0
88 2 56
88 3 0
88 4 37
88 5 19
88 6 0
88 7 35
89 1 0
89 2 44
89 3 0
89 4 34
89 5 15
89 6 0
89 7 33
90 1 0
90 2 17
90 3 0
90 4 13
90 5 7
90 6 0
90 7 10
91 1 0
91 2 32
91 3 0
91 4 26
91 5 12
91 6 0
91 7 22
92 1 0
92 2 98
92 3 0
92 4 72
92 5 33
92 6 0
92 7 67
93 1 0
93 2 236
93 3 0
93 4 150
93 5 83
93 6 0
93 7 118
94 1 0
94 2 182
94 3 0
94 4 149
94 5 68
94 6 0
94 7 118
95 1 0
95 2 76
95 3 0
95 4 41
95 5 20
95 6 0
95 7 45
96 1 0
96 2 35
96 3 0
96 4 22
96 5 12
96 6 0
96 7 19
97 1 0
97 2 67
97 3 0
97 4 50
97 5 25
97 6 0
97 7 41
98 1 0
98 2 76
98 3 0
98 4 65
98 5 31
98 6 0
98 7 55
99 1 0
99 2 94
99 3 0
99 4 61
99 5 29
99 6 0
99 7 59
100 1 0
100 2 48
100 3 0
100 4 30
100 5 17
100 6 0
100 7 30

# Precedence Relations
1 7
2 8
3 10
4 9
4 11
4 12
4 13
4 15
4 31
5 24
6 14
7 19
8 16
9 18
10 19
11 17
11 20
11 23
11 89
11 90
13 91
13 92
14 21
14 24
15 22
16 25
17 27
18 29
19 31
20 26
21 28
21 32
21 44
22 30
22 33
22 34
24 33
24 34
24 91
25 42
26 35
27 37
28 38
29 39
30 40
31 36
31 44
31 72
33 41
34 43
35 49
36 47
37 49
38 50
39 52
40 48
41 45
41 69
42 53
43 46
43 51
43 98
44 60
45 54
46 55
47 56
48 58
49 59
51 57
52 60
52 61
54 65
55 63
56 64
57 62
58 67
58 68
60 69
61 66
62 73
63 70
64 71
66 72
66 75
67 98
69 74
69 80
70 76
71 77
72 78
72 81
73 79
73 80
73 87
76 82
77 83
78 85
79 84
79 89
80 86
80 90
80 92
81 87
81 88
81 91
82 94
83 95
84 93
85 94
86 96
87 97
88 98
90 99
90 100

# Parameters
R_e = 0.0500
T = 1000.0
C_s = 4.0
C_w = 36.0
C_c = 5.0
