# Tasks
1 2 3 4 5 6 7 8 9 10 11 12 13 14 15 16 17 18 19 20

# Workstations
1 2 3 4 5 6 7 8 9 10 11 12 13 14 15 16 17 18 19 20

# Modes
1 2 3 4 5 6 7

# Processing Times
1 1 374
1 2 486
1 3 407
1 4 528
1 5 243
1 6 403
1 7 524
2 1 318
2 2 413
2 3 346
2 4 449
2 5 206
2 6 343
2 7 445
3 1 153
3 2 199
3 3 167
3 4 217
3 5 100
3 6 165
3 7 215
4 1 182
4 2 237
4 3 198
4 4 258
4 5 118
4 6 197
4 7 256
5 1 168
5 2 218
5 3 183
5 4 237
5 5 109
5 6 181
5 7 235
6 1 313
6 2 407
6 3 340
6 4 443
6 5 203
6 6 338
6 7 439
7 1 159
7 2 207
7 3 173
7 4 225
7 5 103
7 6 172
7 7 223
8 1 166
8 2 216
8 3 181
8 4 235
8 5 108
8 6 179
8 7 233
9 1 55
9 2 72
9 3 60
9 4 79
9 5 36
9 6 60
9 7 78
10 1 242
10 2 314
10 3 263
10 4 342
10 5 157
10 6 261
10 7 339
11 1 76
11 2 99
11 3 83
11 4 108
11 5 50
11 6 82
11 7 107
12 1 177
12 2 230
12 3 193
12 4 250
12 5 115
12 6 191
12 7 248
13 1 166
13 2 216
13 3 181
13 4 235
13 5 108
13 6 179
13 7 233
14 1 119
14 2 155
14 3 130
14 4 169
14 5 78
14 6 129
14 7 167
15 1 150
15 2 195
15 3 163
15 4 212
15 5 98
15 6 162
15 7 211
16 1 303
16 2 394
16 3 330
16 4 428
16 5 197
16 6 327
16 7 425
17 1 138
17 2 180
17 3 150
17 4 196
17 5 90
17 6 149
17 7 194
18 1 52
18 2 68
18 3 57
18 4 74
18 5 34
18 6 57
18 7 74
19 1 48
19 2 63
19 3 53
19 4 69
19 5 32
19 6 52
19 7 68
20 1 146
20 2 190
20 3 159
20 4 207
20 5 95
20 6 158
20 7 205

# Energy Consumption
1 1 0
1 2 117
1 3 0
1 4 109
1 5 38
1 6 0
1 7 76
2 1 0
2 2 104
2 3 0
2 4 89
2 5 31
2 6 0
2 7 63
3 1 0
3 2 56
3 3 0
3 4 43
3 5 16
3 6 0
3 7 30
4 1 0
4 2 60
4 3 0
4 4 57
4 5 17
4 6 0
4 7 37
5 1 0
5 2 53
5 3 0
5 4 50
5 5 17
5 6 0
5 7 33
6 1 0
6 2 90
6 3 0
6 4 95
6 5 31
6 6 0
6 7 61
7 1 0
7 2 47
7 3 0
7 4 49
7 5 15
7 6 0
7 7 32
8 1 0
8 2 55
8 3 0
8 4 50
8 5 16
8 6 0
8 7 33
9 1 0
9 2 20
9 3 0
9 4 17
9 5 6
9 6 0
9 7 12
10 1 0
10 2 90
10 3 0
10 4 71
10 5 24
10 6 0
10 7 48
11 1 0
11 2 22
11 3 0
11 4 20
11 5 8
11 6 0
11 7 16
12 1 0
12 2 59
12 3 0
12 4 55
12 5 17
12 6 0
12 7 35
13 1 0
13 2 52
13 3 0
13 4 47
13 5 16
13 6 0
13 7 32
14 1 0
14 2 46
14 3 0
14 4 35
14 5 13
14 6 0
14 7 23
15 1 0
15 2 50
15 3 0
15 4 40
15 5 15
15 6 0
15 7 26
16 1 0
16 2 112
16 3 0
16 4 91
16 5 31
16 6 0
16 7 55
17 1 0
17 2 49
17 3 0
17 4 43
17 5 14
17 6 0
17 7 25
18 1 0
18 2 17
18 3 0
18 4 15
18 5 6
18 6 0
18 7 10
19 1 0
19 2 18
19 3 0
19 4 15
19 5 5
19 6 0
19 7 11
20 1 0
20 2 49
20 3 0
20 4 46
20 5 15
20 6 0
20 7 26

# Precedence Relations
1 11
2 4
2 5
2 6
3 4
3 6
3 7
4 11
5 8
5 9
5 10
6 20
7 12
7 13
7 18
8 11
9 11
10 12
10 13
11 14
11 15
11 16
11 17
11 18
13 19
15 19
15 20
17 19
17 20
18 19

# Parameters
R_e = 0.0500
T = 1000.0
C_s = 4.0
C_w = 36.0
C_c = 5.0
