# Tasks
1 2 3 4 5 6 7 8 9 10 11 12 13 14 15 16 17 18 19 20 21 22 23 24 25 26 27 28 29 30 31 32 33 34 35

# Workstations
1 2 3 4 5 6 7 8 9 10 11 12 13 14 15 16 17 18 19 20 21 22 23 24 25 26 27 28 29 30 31 32 33 34 35

# Modes
1 2 3 4 5 6 7

# Processing Times
1 1 29
1 2 73
1 3 28
1 4 69
1 5 18
1 6 38
1 7 94
2 1 3
2 2 8
2 3 3
2 4 8
2 5 2
2 6 4
2 7 11
3 1 5
3 2 12
3 3 5
3 4 11
3 5 4
3 6 7
3 7 17
4 1 22
4 2 50
4 3 21
4 4 46
4 5 15
4 6 32
4 7 73
5 1 6
5 2 12
5 3 6
5 4 11
5 5 4
5 6 9
5 7 17
6 1 14
6 2 31
6 3 12
6 4 27
6 5 8
6 6 18
6 7 40
7 1 2
7 2 5
7 3 2
7 4 5
7 5 2
7 6 3
7 7 7
8 1 5
8 2 10
8 3 5
8 4 9
8 5 4
8 6 8
8 7 15
9 1 22
9 2 41
9 3 21
9 4 38
9 5 15
9 6 32
9 7 59
10 1 30
10 2 60
10 3 28
10 4 55
10 5 19
10 6 42
10 7 84
11 1 23
11 2 49
11 3 21
11 4 43
11 5 15
11 6 32
11 7 67
12 1 30
12 2 56
12 3 29
12 4 53
12 5 19
12 6 43
12 7 80
13 1 23
13 2 47
13 3 21
13 4 42
13 5 17
13 6 32
13 7 64
14 1 2
14 2 5
14 3 2
14 4 5
14 5 2
14 6 3
14 7 7
15 1 19
15 2 48
15 3 17
15 4 43
15 5 12
15 6 27
15 7 68
16 1 29
16 2 56
16 3 28
16 4 53
16 5 20
16 6 38
16 7 73
17 1 2
17 2 4
17 3 2
17 4 4
17 5 2
17 6 3
17 7 6
18 1 2
18 2 5
18 3 2
18 4 5
18 5 2
18 6 3
18 7 8
19 1 19
19 2 35
19 3 17
19 4 31
19 5 11
19 6 26
19 7 47
20 1 29
20 2 65
20 3 28
20 4 62
20 5 18
20 6 38
20 7 85
21 1 6
21 2 14
21 3 6
21 4 13
21 5 5
21 6 8
21 7 18
22 1 10
22 2 24
22 3 10
22 4 23
22 5 6
22 6 14
22 7 34
23 1 16
23 2 35
23 3 15
23 4 32
23 5 10
23 6 23
23 7 49
24 1 23
24 2 58
24 3 21
24 4 51
24 5 16
24 6 32
24 7 79
25 1 5
25 2 10
25 3 5
25 4 10
25 5 4
25 6 7
25 7 14
26 1 5
26 2 11
26 3 5
26 4 10
26 5 4
26 6 7
26 7 15
27 1 5
27 2 12
27 3 5
27 4 11
27 5 4
27 6 8
27 7 18
28 1 40
28 2 87
28 3 35
28 4 76
28 5 24
28 6 57
28 7 122
29 1 2
29 2 5
29 3 2
29 4 5
29 5 2
29 6 3
29 7 7
30 1 5
30 2 11
30 3 5
30 4 10
30 5 4
30 6 7
30 7 15
31 1 5
31 2 11
31 3 5
31 4 10
31 5 4
31 6 7
31 7 16
32 1 1
32 2 3
32 3 1
32 4 3
32 5 1
32 6 2
32 7 4
33 1 40
33 2 85
33 3 38
33 4 80
33 5 25
33 6 54
33 7 113
34 1 2
34 2 5
34 3 2
34 4 5
34 5 2
34 6 3
34 7 7
35 1 2
35 2 5
35 3 2
35 4 5
35 5 2
35 6 3
35 7 7

# Energy Consumption
1 1 0
1 2 21
1 3 0
1 4 14
1 5 3
1 6 0
1 7 12
2 1 0
2 2 2
2 3 0
2 4 2
2 5 1
2 6 0
2 7 2
3 1 0
3 2 4
3 3 0
3 4 3
3 5 1
3 6 0
3 7 3
4 1 0
4 2 13
4 3 0
4 4 10
4 5 3
4 6 0
4 7 10
5 1 0
5 2 3
5 3 0
5 4 3
5 5 1
5 6 0
5 7 3
6 1 0
6 2 8
6 3 0
6 4 6
6 5 2
6 6 0
6 7 6
7 1 0
7 2 2
7 3 0
7 4 2
7 5 1
7 6 0
7 7 1
8 1 0
8 2 3
8 3 0
8 4 2
8 5 1
8 6 0
8 7 3
9 1 0
9 2 10
9 3 0
9 4 8
9 5 3
9 6 0
9 7 8
10 1 0
10 2 16
10 3 0
10 4 12
10 5 3
10 6 0
10 7 11
11 1 0
11 2 12
11 3 0
11 4 9
11 5 3
11 6 0
11 7 9
12 1 0
12 2 14
12 3 0
12 4 11
12 5 3
12 6 0
12 7 10
13 1 0
13 2 14
13 3 0
13 4 8
13 5 3
13 6 0
13 7 9
14 1 0
14 2 2
14 3 0
14 4 1
14 5 1
14 6 0
14 7 2
15 1 0
15 2 12
15 3 0
15 4 9
15 5 2
15 6 0
15 7 9
16 1 0
16 2 14
16 3 0
16 4 12
16 5 3
16 6 0
16 7 9
17 1 0
17 2 2
17 3 0
17 4 1
17 5 1
17 6 0
17 7 1
18 1 0
18 2 2
18 3 0
18 4 1
18 5 1
18 6 0
18 7 2
19 1 0
19 2 10
19 3 0
19 4 6
19 5 2
19 6 0
19 7 7
20 1 0
20 2 17
20 3 0
20 4 12
20 5 3
20 6 0
20 7 13
21 1 0
21 2 4
21 3 0
21 4 3
21 5 1
21 6 0
21 7 3
22 1 0
22 2 7
22 3 0
22 4 5
22 5 1
22 6 0
22 7 5
23 1 0
23 2 10
23 3 0
23 4 7
23 5 2
23 6 0
23 7 7
24 1 0
24 2 14
24 3 0
24 4 10
24 5 3
24 6 0
24 7 12
25 1 0
25 2 3
25 3 0
25 4 2
25 5 1
25 6 0
25 7 3
26 1 0
26 2 3
26 3 0
26 4 2
26 5 1
26 6 0
26 7 3
27 1 0
27 2 3
27 3 0
27 4 3
27 5 1
27 6 0
27 7 3
28 1 0
28 2 22
28 3 0
28 4 16
28 5 4
28 6 0
28 7 19
29 1 0
29 2 2
29 3 0
29 4 1
29 5 1
29 6 0
29 7 1
30 1 0
30 2 3
30 3 0
30 4 2
30 5 1
30 6 0
30 7 2
31 1 0
31 2 4
31 3 0
31 4 2
31 5 1
31 6 0
31 7 3
32 1 0
32 2 1
32 3 0
32 4 1
32 5 1
32 6 0
32 7 1
33 1 0
33 2 23
33 3 0
33 4 18
33 5 4
33 6 0
33 7 15
34 1 0
34 2 2
34 3 0
34 4 2
34 5 1
34 6 0
34 7 1
35 1 0
35 2 2
35 3 0
35 4 1
35 5 1
35 6 0
35 7 1

# Precedence Relations
1 2
1 5
1 7
1 10
1 12
2 3
3 4
4 11
5 6
6 7
6 8
7 14
7 18
8 9
9 13
10 14
11 28
11 33
12 18
13 28
13 33
14 15
15 16
16 21
17 20
18 19
19 20
20 21
21 22
21 25
21 30
21 32
22 23
23 24
24 27
25 26
26 27
27 28
27 33
27 34
28 29
30 31
31 32
32 33
33 35

# Parameters
R_e = 0.0500
T = 54.0
C_s = 4.0
C_w = 36.0
C_c = 5.0
