# Tasks
1 2 3 4 5 6 7 8 9 10 11 12 13 14 15 16 17 18 19 20

# Workstations
1 2 3 4 5 6 7 8 9 10 11 12 13 14 15 16 17 18 19 20

# Modes
1 2 3 4 5 6 7

# Processing Times
1 1 471
1 2 726
1 3 420
1 4 647
1 5 378
1 6 547
1 7 842
2 1 570
2 2 776
2 3 512
2 4 698
2 5 457
2 6 630
2 7 857
3 1 335
3 2 432
3 3 307
3 4 396
3 5 280
3 6 377
3 7 487
4 1 590
4 2 905
4 3 539
4 4 826
4 5 504
4 6 701
4 7 1076
5 1 564
5 2 696
5 3 536
5 4 661
5 5 471
5 6 703
5 7 868
6 1 599
6 2 799
6 3 552
6 4 736
6 5 486
6 6 662
6 7 883
7 1 494
7 2 610
7 3 451
7 4 557
7 5 454
7 6 548
7 7 677
8 1 547
8 2 798
8 3 488
8 4 712
8 5 453
8 6 655
8 7 956
9 1 714
9 2 911
9 3 677
9 4 864
9 5 645
9 6 853
9 7 1088
10 1 524
10 2 827
10 3 476
10 4 751
10 5 435
10 6 645
10 7 1017
11 1 646
11 2 839
11 3 603
11 4 783
11 5 601
11 6 794
11 7 1031
12 1 564
12 2 843
12 3 498
12 4 744
12 5 465
12 6 666
12 7 995
13 1 314
13 2 478
13 3 290
13 4 442
13 5 265
13 6 357
13 7 543
14 1 372
14 2 534
14 3 351
14 4 503
14 5 322
14 6 417
14 7 598
15 1 653
15 2 965
15 3 582
15 4 859
15 5 618
15 6 811
15 7 1199
16 1 732
16 2 1041
16 3 631
16 4 897
16 5 605
16 6 810
16 7 1151
17 1 471
17 2 569
17 3 431
17 4 521
17 5 445
17 6 545
17 7 658
18 1 281
18 2 435
18 3 249
18 4 385
18 5 237
18 6 350
18 7 542
19 1 381
19 2 543
19 3 340
19 4 484
19 5 344
19 6 430
19 7 612
20 1 638
20 2 877
20 3 545
20 4 749
20 5 534
20 6 746
20 7 1025

# Energy Consumption
1 1 0
1 2 170
1 3 0
1 4 140
1 5 58
1 6 0
1 7 116
2 1 0
2 2 191
2 3 0
2 4 145
2 5 68
2 6 0
2 7 123
3 1 0
3 2 123
3 3 0
3 4 73
3 5 40
3 6 0
3 7 67
4 1 0
4 2 255
4 3 0
4 4 174
4 5 77
4 6 0
4 7 149
5 1 0
5 2 177
5 3 0
5 4 125
5 5 69
5 6 0
5 7 128
6 1 0
6 2 192
6 3 0
6 4 151
6 5 77
6 6 0
6 7 130
7 1 0
7 2 154
7 3 0
7 4 112
7 5 72
7 6 0
7 7 98
8 1 0
8 2 188
8 3 0
8 4 148
8 5 66
8 6 0
8 7 143
9 1 0
9 2 250
9 3 0
9 4 187
9 5 94
9 6 0
9 7 157
10 1 0
10 2 215
10 3 0
10 4 163
10 5 65
10 6 0
10 7 152
11 1 0
11 2 245
11 3 0
11 4 157
11 5 94
11 6 0
11 7 130
12 1 0
12 2 211
12 3 0
12 4 158
12 5 69
12 6 0
12 7 145
13 1 0
13 2 129
13 3 0
13 4 95
13 5 38
13 6 0
13 7 73
14 1 0
14 2 121
14 3 0
14 4 109
14 5 47
14 6 0
14 7 77
15 1 0
15 2 229
15 3 0
15 4 179
15 5 94
15 6 0
15 7 173
16 1 0
16 2 230
16 3 0
16 4 198
16 5 94
16 6 0
16 7 142
17 1 0
17 2 164
17 3 0
17 4 95
17 5 68
17 6 0
17 7 90
18 1 0
18 2 127
18 3 0
18 4 73
18 5 37
18 6 0
18 7 79
19 1 0
19 2 128
19 3 0
19 4 88
19 5 49
19 6 0
19 7 79
20 1 0
20 2 208
20 3 0
20 4 153
20 5 81
20 6 0
20 7 152

# Precedence Relations
1 5
1 6
2 5
3 4
4 14
5 7
5 8
5 9
7 10
7 11
8 12
8 13
10 14
11 14
12 14
13 15
14 16
14 17
14 18
14 19
14 20

# Parameters
R_e = 0.0500
T = 1000.0
C_s = 4.0
C_w = 36.0
C_c = 5.0
