# Tasks
1 2 3 4 5 6 7 8 9 10 11 12 13 14 15 16 17 18 19 20 21 22 23 24 25 26 27 28 29 30 31 32 33 34 35 36 37 38 39 40 41 42 43 44 45 46 47 48 49 50 51 52 53 54 55 56 57 58 59 60 61 62 63 64 65 66 67 68 69 70 71 72 73 74 75

# Workstations
1 2 3 4 5 6 7 8 9 10 11 12 13 14 15 16 17 18 19 20 21 22 23 24 25 26 27 28 29 30 31 32 33 34 35 36 37 38 39 40 41 42 43 44 45 46 47 48 49 50 51 52 53 54 55 56 57 58 59 60 61 62 63 64 65 66 67 68 69 70 71 72 73 74 75

# Modes
1 2 3 4 5 6 7

# Processing Times
1 1 23
1 2 36
1 3 20
1 4 31
1 5 19
1 6 29
1 7 45
2 1 24
2 2 33
2 3 23
2 4 32
2 5 21
2 6 30
2 7 41
3 1 25
3 2 33
3 3 22
3 4 29
3 5 24
3 6 32
3 7 42
4 1 26
4 2 40
4 3 24
4 4 36
4 5 22
4 6 29
4 7 45
5 1 23
5 2 29
5 3 20
5 4 26
5 5 20
5 6 27
5 7 33
6 1 22
6 2 30
6 3 19
6 4 26
6 5 18
6 6 27
6 7 36
7 1 6
7 2 8
7 3 6
7 4 8
7 5 6
7 6 7
7 7 10
8 1 22
8 2 33
8 3 21
8 4 31
8 5 19
8 6 26
8 7 39
9 1 23
9 2 30
9 3 21
9 4 27
9 5 19
9 6 29
9 7 37
10 1 21
10 2 34
10 3 19
10 4 31
10 5 18
10 6 27
10 7 43
11 1 22
11 2 29
11 3 21
11 4 27
11 5 19
11 6 25
11 7 32
12 1 15
12 2 23
12 3 13
12 4 20
12 5 14
12 6 18
12 7 27
13 1 5
13 2 8
13 3 5
13 4 7
13 5 5
13 6 6
13 7 10
14 1 23
14 2 34
14 3 22
14 4 32
14 5 22
14 6 28
14 7 41
15 1 4
15 2 6
15 3 4
15 4 6
15 5 4
15 6 5
15 7 7
16 1 26
16 2 37
16 3 23
16 4 32
16 5 24
16 6 29
16 7 42
17 1 21
17 2 26
17 3 18
17 4 23
17 5 19
17 6 27
17 7 33
18 1 5
18 2 8
18 3 5
18 4 8
18 5 5
18 6 7
18 7 10
19 1 24
19 2 35
19 3 22
19 4 32
19 5 23
19 6 29
19 7 42
20 1 25
20 2 35
20 3 24
20 4 33
20 5 24
20 6 30
20 7 42
21 1 26
21 2 32
21 3 23
21 4 28
21 5 23
21 6 32
21 7 39
22 1 26
22 2 32
22 3 25
22 4 31
22 5 21
22 6 30
22 7 37
23 1 24
23 2 31
23 3 21
23 4 27
23 5 22
23 6 29
23 7 37
24 1 27
24 2 37
24 3 26
24 4 36
24 5 25
24 6 31
24 7 42
25 1 20
25 2 26
25 3 19
25 4 25
25 5 18
25 6 25
25 7 32
26 1 23
26 2 29
26 3 22
26 4 28
26 5 22
26 6 28
26 7 35
27 1 25
27 2 38
27 3 23
27 4 34
27 5 24
27 6 31
27 7 47
28 1 13
28 2 17
28 3 12
28 4 16
28 5 13
28 6 15
28 7 20
29 1 3
29 2 5
29 3 3
29 4 5
29 5 3
29 6 4
29 7 7
30 1 11
30 2 15
30 3 11
30 4 14
30 5 11
30 6 14
30 7 19
31 1 21
31 2 33
31 3 20
31 4 32
31 5 19
31 6 26
31 7 40
32 1 22
32 2 28
32 3 20
32 4 26
32 5 21
32 6 28
32 7 35
33 1 21
33 2 28
33 3 18
33 4 24
33 5 20
33 6 26
33 7 35
34 1 22
34 2 31
34 3 21
34 4 29
34 5 18
34 6 28
34 7 39
35 1 25
35 2 40
35 3 23
35 4 37
35 5 22
35 6 31
35 7 49
36 1 8
36 2 11
36 3 7
36 4 10
36 5 8
36 6 10
36 7 14
37 1 22
37 2 35
37 3 21
37 4 33
37 5 20
37 6 26
37 7 41
38 1 24
38 2 32
38 3 23
38 4 31
38 5 23
38 6 28
38 7 37
39 1 22
39 2 33
39 3 19
39 4 29
39 5 19
39 6 26
39 7 38
40 1 21
40 2 28
40 3 19
40 4 25
40 5 18
40 6 25
40 7 34
41 1 6
41 2 9
41 3 6
41 4 8
41 5 6
41 6 7
41 7 10
42 1 26
42 2 37
42 3 23
42 4 33
42 5 24
42 6 29
42 7 42
43 1 22
43 2 33
43 3 20
43 4 30
43 5 21
43 6 27
43 7 41
44 1 6
44 2 9
44 3 6
44 4 9
44 5 6
44 6 8
44 7 11
45 1 21
45 2 34
45 3 18
45 4 29
45 5 17
45 6 26
45 7 41
46 1 25
46 2 37
46 3 24
46 4 35
46 5 22
46 6 30
46 7 43
47 1 11
47 2 16
47 3 10
47 4 14
47 5 10
47 6 14
47 7 20
48 1 22
48 2 31
48 3 21
48 4 29
48 5 20
48 6 26
48 7 37
49 1 21
49 2 34
49 3 19
49 4 30
49 5 19
49 6 26
49 7 41
50 1 25
50 2 36
50 3 22
50 4 32
50 5 23
50 6 29
50 7 41
51 1 22
51 2 34
51 3 21
51 4 32
51 5 20
51 6 26
51 7 40
52 1 22
52 2 30
52 3 21
52 4 28
52 5 21
52 6 27
52 7 37
53 1 23
53 2 35
53 3 20
53 4 31
53 5 20
53 6 26
53 7 39
54 1 22
54 2 35
54 3 20
54 4 32
54 5 21
54 6 25
54 7 39
55 1 22
55 2 30
55 3 21
55 4 28
55 5 19
55 6 27
55 7 37
56 1 25
56 2 32
56 3 24
56 4 30
56 5 21
56 6 30
56 7 38
57 1 23
57 2 34
57 3 21
57 4 30
57 5 19
57 6 27
57 7 39
58 1 21
58 2 29
58 3 20
58 4 28
58 5 20
58 6 26
58 7 35
59 1 22
59 2 31
59 3 19
59 4 27
59 5 21
59 6 27
59 7 38
60 1 22
60 2 27
60 3 21
60 4 25
60 5 19
60 6 26
60 7 31
61 1 22
61 2 30
61 3 20
61 4 27
61 5 19
61 6 25
61 7 34
62 1 22
62 2 27
62 3 19
62 4 23
62 5 21
62 6 28
62 7 34
63 1 21
63 2 27
63 3 19
63 4 24
63 5 20
63 6 25
63 7 32
64 1 27
64 2 39
64 3 24
64 4 34
64 5 24
64 6 32
64 7 46
65 1 23
65 2 37
65 3 22
65 4 35
65 5 22
65 6 28
65 7 45
66 1 2
66 2 3
66 3 2
66 4 3
66 5 2
66 6 3
66 7 4
67 1 26
67 2 32
67 3 23
67 4 28
67 5 24
67 6 30
67 7 37
68 1 25
68 2 37
68 3 24
68 4 35
68 5 24
68 6 28
68 7 42
69 1 24
69 2 35
69 3 23
69 4 33
69 5 21
69 6 30
69 7 44
70 1 22
70 2 34
70 3 21
70 4 33
70 5 21
70 6 25
70 7 38
71 1 24
71 2 38
71 3 21
71 4 34
71 5 21
71 6 28
71 7 44
72 1 4
72 2 6
72 3 4
72 4 6
72 5 4
72 6 5
72 7 8
73 1 22
73 2 29
73 3 20
73 4 26
73 5 21
73 6 27
73 7 36
74 1 10
74 2 13
74 3 9
74 4 12
74 5 9
74 6 12
74 7 16
75 1 25
75 2 40
75 3 24
75 4 38
75 5 22
75 6 28
75 7 45

# Energy Consumption
1 1 0
1 2 9
1 3 0
1 4 7
1 5 3
1 6 0
1 7 7
2 1 0
2 2 9
2 3 0
2 4 7
2 5 4
2 6 0
2 7 6
3 1 0
3 2 10
3 3 0
3 4 6
3 5 4
3 6 0
3 7 6
4 1 0
4 2 12
4 3 0
4 4 8
4 5 4
4 6 0
4 7 7
5 1 0
5 2 8
5 3 0
5 4 5
5 5 3
5 6 0
5 7 5
6 1 0
6 2 8
6 3 0
6 4 6
6 5 3
6 6 0
6 7 6
7 1 0
7 2 3
7 3 0
7 4 2
7 5 1
7 6 0
7 7 2
8 1 0
8 2 8
8 3 0
8 4 7
8 5 3
8 6 0
8 7 6
9 1 0
9 2 9
9 3 0
9 4 6
9 5 3
9 6 0
9 7 6
10 1 0
10 2 9
10 3 0
10 4 7
10 5 3
10 6 0
10 7 7
11 1 0
11 2 9
11 3 0
11 4 6
11 5 3
11 6 0
11 7 5
12 1 0
12 2 6
12 3 0
12 4 5
12 5 3
12 6 0
12 7 4
13 1 0
13 2 3
13 3 0
13 4 2
13 5 1
13 6 0
13 7 2
14 1 0
14 2 8
14 3 0
14 4 7
14 5 4
14 6 0
14 7 6
15 1 0
15 2 2
15 3 0
15 4 2
15 5 1
15 6 0
15 7 2
16 1 0
16 2 9
16 3 0
16 4 8
16 5 4
16 6 0
16 7 6
17 1 0
17 2 8
17 3 0
17 4 5
17 5 3
17 6 0
17 7 5
18 1 0
18 2 3
18 3 0
18 4 2
18 5 1
18 6 0
18 7 2
19 1 0
19 2 9
19 3 0
19 4 6
19 5 4
19 6 0
19 7 6
20 1 0
20 2 9
20 3 0
20 4 7
20 5 4
20 6 0
20 7 7
21 1 0
21 2 8
21 3 0
21 4 6
21 5 4
21 6 0
21 7 5
22 1 0
22 2 9
22 3 0
22 4 7
22 5 4
22 6 0
22 7 6
23 1 0
23 2 10
23 3 0
23 4 6
23 5 4
23 6 0
23 7 6
24 1 0
24 2 10
24 3 0
24 4 8
24 5 4
24 6 0
24 7 6
25 1 0
25 2 6
25 3 0
25 4 5
25 5 3
25 6 0
25 7 5
26 1 0
26 2 8
26 3 0
26 4 6
26 5 4
26 6 0
26 7 5
27 1 0
27 2 11
27 3 0
27 4 8
27 5 4
27 6 0
27 7 7
28 1 0
28 2 5
28 3 0
28 4 4
28 5 2
28 6 0
28 7 3
29 1 0
29 2 2
29 3 0
29 4 2
29 5 1
29 6 0
29 7 2
30 1 0
30 2 4
30 3 0
30 4 3
30 5 2
30 6 0
30 7 3
31 1 0
31 2 10
31 3 0
31 4 7
31 5 3
31 6 0
31 7 6
32 1 0
32 2 7
32 3 0
32 4 6
32 5 3
32 6 0
32 7 5
33 1 0
33 2 8
33 3 0
33 4 5
33 5 4
33 6 0
33 7 5
34 1 0
34 2 10
34 3 0
34 4 6
34 5 3
34 6 0
34 7 6
35 1 0
35 2 11
35 3 0
35 4 8
35 5 4
35 6 0
35 7 7
36 1 0
36 2 3
36 3 0
36 4 2
36 5 2
36 6 0
36 7 3
37 1 0
37 2 9
37 3 0
37 4 8
37 5 3
37 6 0
37 7 6
38 1 0
38 2 10
38 3 0
38 4 7
38 5 4
38 6 0
38 7 5
39 1 0
39 2 9
39 3 0
39 4 6
39 5 3
39 6 0
39 7 6
40 1 0
40 2 8
40 3 0
40 4 5
40 5 3
40 6 0
40 7 5
41 1 0
41 2 3
41 3 0
41 4 2
41 5 1
41 6 0
41 7 2
42 1 0
42 2 9
42 3 0
42 4 7
42 5 4
42 6 0
42 7 7
43 1 0
43 2 10
43 3 0
43 4 6
43 5 4
43 6 0
43 7 7
44 1 0
44 2 3
44 3 0
44 4 2
44 5 1
44 6 0
44 7 2
45 1 0
45 2 8
45 3 0
45 4 6
45 5 3
45 6 0
45 7 6
46 1 0
46 2 9
46 3 0
46 4 8
46 5 4
46 6 0
46 7 7
47 1 0
47 2 4
47 3 0
47 4 4
47 5 2
47 6 0
47 7 3
48 1 0
48 2 9
48 3 0
48 4 6
48 5 3
48 6 0
48 7 5
49 1 0
49 2 11
49 3 0
49 4 6
49 5 3
49 6 0
49 7 6
50 1 0
50 2 9
50 3 0
50 4 7
50 5 4
50 6 0
50 7 6
51 1 0
51 2 11
51 3 0
51 4 8
51 5 4
51 6 0
51 7 6
52 1 0
52 2 9
52 3 0
52 4 6
52 5 4
52 6 0
52 7 5
53 1 0
53 2 9
53 3 0
53 4 6
53 5 3
53 6 0
53 7 6
54 1 0
54 2 11
54 3 0
54 4 7
54 5 4
54 6 0
54 7 5
55 1 0
55 2 8
55 3 0
55 4 6
55 5 3
55 6 0
55 7 6
56 1 0
56 2 10
56 3 0
56 4 6
56 5 4
56 6 0
56 7 6
57 1 0
57 2 8
57 3 0
57 4 7
57 5 3
57 6 0
57 7 6
58 1 0
58 2 8
58 3 0
58 4 6
58 5 4
58 6 0
58 7 5
59 1 0
59 2 8
59 3 0
59 4 6
59 5 4
59 6 0
59 7 5
60 1 0
60 2 7
60 3 0
60 4 5
60 5 3
60 6 0
60 7 5
61 1 0
61 2 9
61 3 0
61 4 5
61 5 3
61 6 0
61 7 5
62 1 0
62 2 8
62 3 0
62 4 5
62 5 4
62 6 0
62 7 5
63 1 0
63 2 7
63 3 0
63 4 6
63 5 3
63 6 0
63 7 5
64 1 0
64 2 12
64 3 0
64 4 8
64 5 4
64 6 0
64 7 7
65 1 0
65 2 11
65 3 0
65 4 8
65 5 4
65 6 0
65 7 6
66 1 0
66 2 1
66 3 0
66 4 1
66 5 1
66 6 0
66 7 1
67 1 0
67 2 9
67 3 0
67 4 7
67 5 4
67 6 0
67 7 5
68 1 0
68 2 9
68 3 0
68 4 7
68 5 4
68 6 0
68 7 6
69 1 0
69 2 10
69 3 0
69 4 7
69 5 4
69 6 0
69 7 6
70 1 0
70 2 9
70 3 0
70 4 8
70 5 4
70 6 0
70 7 5
71 1 0
71 2 10
71 3 0
71 4 7
71 5 3
71 6 0
71 7 6
72 1 0
72 2 2
72 3 0
72 4 2
72 5 1
72 6 0
72 7 2
73 1 0
73 2 8
73 3 0
73 4 6
73 5 4
73 6 0
73 7 6
74 1 0
74 2 3
74 3 0
74 4 3
74 5 2
74 6 0
74 7 3
75 1 0
75 2 11
75 3 0
75 4 9
75 5 4
75 6 0
75 7 7

# Precedence Relations
1 2
1 3
1 4
1 5
1 6
1 7
2 15
3 13
3 24
4 8
4 14
4 16
5 12
5 15
6 9
6 10
6 11
6 13
9 20
9 24
10 18
12 19
13 22
15 17
15 20
15 23
16 21
16 26
17 30
18 26
18 30
20 27
21 33
24 25
25 28
25 30
25 33
25 34
26 31
26 32
26 41
27 29
27 35
27 36
31 37
31 39
32 44
32 45
33 41
35 38
35 42
36 40
36 43
39 51
40 46
42 47
43 48
43 50
46 51
46 48
47 49
47 50
47 52
47 53
49 59
49 61
49 62
50 54
50 55
50 60
50 62
52 56
52 57
53 58
55 63
58 65
59 64
59 66
62 67
66 68
68 69
68 70
68 71
68 72
68 73
68 74
68 75

# Parameters
R_e = 0.0500
T = 39.0
C_s = 4.0
C_w = 36.0
C_c = 5.0
