# Tasks
1 2 3 4 5 6 7 8 9 10 11 12 13 14 15 16 17 18 19 20

# Workstations
1 2 3 4 5 6 7 8 9 10 11 12 13 14 15 16 17 18 19 20

# Modes
1 2 3 4 5 6 7

# Processing Times
1 1 260
1 2 269
1 3 252
1 4 261
1 5 167
1 6 319
1 7 330
2 1 482
2 2 486
2 3 502
2 4 506
2 5 294
2 6 556
2 7 561
3 1 250
3 2 256
3 3 243
3 4 249
3 5 158
3 6 278
3 7 285
4 1 119
4 2 103
4 3 122
4 4 106
4 5 67
4 6 143
4 7 124
5 1 324
5 2 279
5 3 318
5 4 274
5 5 218
5 6 376
5 7 324
6 1 357
6 2 388
6 3 362
6 4 393
6 5 217
6 6 427
6 7 464
7 1 292
7 2 266
7 3 304
7 4 277
7 5 185
7 6 364
7 7 331
8 1 323
8 2 313
8 3 322
8 4 312
8 5 200
8 6 360
8 7 349
9 1 119
9 2 107
9 3 121
9 4 108
9 5 77
9 6 132
9 7 119
10 1 179
10 2 173
10 3 173
10 4 167
10 5 119
10 6 221
10 7 214
11 1 166
11 2 144
11 3 160
11 4 139
11 5 113
11 6 207
11 7 179
12 1 62
12 2 69
12 3 65
12 4 72
12 5 41
12 6 72
12 7 81
13 1 298
13 2 307
13 3 308
13 4 318
13 5 171
13 6 329
13 7 339
14 1 311
14 2 322
14 3 318
14 4 329
14 5 208
14 6 355
14 7 368
15 1 539
15 2 508
15 3 556
15 4 524
15 5 365
15 6 622
15 7 586
16 1 188
16 2 192
16 3 182
16 4 186
16 5 108
16 6 232
16 7 237
17 1 113
17 2 110
17 3 119
17 4 115
17 5 78
17 6 140
17 7 136
18 1 168
18 2 179
18 3 161
18 4 172
18 5 95
18 6 207
18 7 220
19 1 334
19 2 292
19 3 350
19 4 306
19 5 233
19 6 404
19 7 353
20 1 142
20 2 143
20 3 148
20 4 149
20 5 99
20 6 167
20 7 168

# Energy Consumption
1 1 0
1 2 71
1 3 0
1 4 51
1 5 27
1 6 0
1 7 41
2 1 0
2 2 117
2 3 0
2 4 111
2 5 44
2 6 0
2 7 70
3 1 0
3 2 67
3 3 0
3 4 52
3 5 24
3 6 0
3 7 42
4 1 0
4 2 31
4 3 0
4 4 21
4 5 11
4 6 0
4 7 18
5 1 0
5 2 65
5 3 0
5 4 54
5 5 33
5 6 0
5 7 42
6 1 0
6 2 94
6 3 0
6 4 79
6 5 34
6 6 0
6 7 58
7 1 0
7 2 60
7 3 0
7 4 52
7 5 28
7 6 0
7 7 42
8 1 0
8 2 93
8 3 0
8 4 65
8 5 32
8 6 0
8 7 52
9 1 0
9 2 29
9 3 0
9 4 24
9 5 13
9 6 0
9 7 16
10 1 0
10 2 49
10 3 0
10 4 35
10 5 18
10 6 0
10 7 28
11 1 0
11 2 38
11 3 0
11 4 27
11 5 17
11 6 0
11 7 26
12 1 0
12 2 19
12 3 0
12 4 15
12 5 7
12 6 0
12 7 11
13 1 0
13 2 88
13 3 0
13 4 68
13 5 26
13 6 0
13 7 46
14 1 0
14 2 96
14 3 0
14 4 66
14 5 31
14 6 0
14 7 55
15 1 0
15 2 151
15 3 0
15 4 100
15 5 54
15 6 0
15 7 85
16 1 0
16 2 49
16 3 0
16 4 40
16 5 17
16 6 0
16 7 34
17 1 0
17 2 29
17 3 0
17 4 24
17 5 12
17 6 0
17 7 18
18 1 0
18 2 48
18 3 0
18 4 34
18 5 16
18 6 0
18 7 32
19 1 0
19 2 66
19 3 0
19 4 62
19 5 35
19 6 0
19 7 50
20 1 0
20 2 40
20 3 0
20 4 31
20 5 16
20 6 0
20 7 21

# Precedence Relations
1 4
2 5
2 6
3 5
3 6
4 7
5 8
5 9
6 8
6 9
7 11
8 10
8 12
8 13
8 16
9 13
9 16
10 14
11 16
12 15
13 17
13 19
14 18
15 18
16 19
17 18
17 20

# Parameters
R_e = 0.0500
T = 1000.0
C_s = 4.0
C_w = 36.0
C_c = 5.0
