# Tasks
1 2 3 4 5 6 7 8 9 10 11 12 13 14 15 16 17 18 19 20

# Workstations
1 2 3 4 5 6 7 8 9 10 11 12 13 14 15 16 17 18 19 20

# Modes
1 2 3 4 5 6 7

# Processing Times
1 1 136
1 2 207
1 3 138
1 4 210
1 5 60
1 6 183
1 7 278
2 1 106
2 2 138
2 3 109
2 4 142
2 5 42
2 6 134
2 7 174
3 1 251
3 2 384
3 3 250
3 4 382
3 5 90
3 6 343
3 7 524
4 1 272
4 2 381
4 3 270
4 4 377
4 5 118
4 6 382
4 7 536
5 1 38
5 2 56
5 3 38
5 4 56
5 5 14
5 6 55
5 7 81
6 1 132
6 2 165
6 3 127
6 4 159
6 5 42
6 6 176
6 7 220
7 1 207
7 2 256
7 3 204
7 4 252
7 5 67
7 6 286
7 7 353
8 1 105
8 2 140
8 3 106
8 4 141
8 5 46
8 6 148
8 7 197
9 1 175
9 2 274
9 3 169
9 4 265
9 5 76
9 6 246
9 7 385
10 1 207
10 2 276
10 3 208
10 4 277
10 5 79
10 6 289
10 7 385
11 1 89
11 2 130
11 3 91
11 4 132
11 5 37
11 6 120
11 7 175
12 1 133
12 2 192
12 3 138
12 4 199
12 5 45
12 6 187
12 7 270
13 1 168
13 2 249
13 3 172
13 4 255
13 5 57
13 6 217
13 7 321
14 1 43
14 2 68
14 3 44
14 4 69
14 5 18
14 6 60
14 7 95
15 1 221
15 2 332
15 3 231
15 4 346
15 5 69
15 6 310
15 7 466
16 1 121
16 2 183
16 3 122
16 4 184
16 5 42
16 6 163
16 7 246
17 1 61
17 2 96
17 3 62
17 4 97
17 5 23
17 6 86
17 7 135
18 1 30
18 2 42
18 3 31
18 4 43
18 5 13
18 6 41
18 7 57
19 1 262
19 2 398
19 3 259
19 4 393
19 5 88
19 6 353
19 7 536
20 1 153
20 2 217
20 3 151
20 4 214
20 5 57
20 6 214
20 7 304

# Energy Consumption
1 1 0
1 2 48
1 3 0
1 4 42
1 5 9
1 6 0
1 7 39
2 1 0
2 2 31
2 3 0
2 4 29
2 5 7
2 6 0
2 7 23
3 1 0
3 2 112
3 3 0
3 4 72
3 5 15
3 6 0
3 7 64
4 1 0
4 2 90
4 3 0
4 4 81
4 5 17
4 6 0
4 7 74
5 1 0
5 2 16
5 3 0
5 4 11
5 5 3
5 6 0
5 7 12
6 1 0
6 2 46
6 3 0
6 4 34
6 5 7
6 6 0
6 7 30
7 1 0
7 2 70
7 3 0
7 4 55
7 5 11
7 6 0
7 7 47
8 1 0
8 2 39
8 3 0
8 4 31
8 5 7
8 6 0
8 7 25
9 1 0
9 2 67
9 3 0
9 4 50
9 5 11
9 6 0
9 7 50
10 1 0
10 2 70
10 3 0
10 4 54
10 5 12
10 6 0
10 7 55
11 1 0
11 2 38
11 3 0
11 4 25
11 5 6
11 6 0
11 7 25
12 1 0
12 2 49
12 3 0
12 4 42
12 5 7
12 6 0
12 7 33
13 1 0
13 2 63
13 3 0
13 4 54
13 5 10
13 6 0
13 7 44
14 1 0
14 2 17
14 3 0
14 4 14
14 5 3
14 6 0
14 7 15
15 1 0
15 2 90
15 3 0
15 4 67
15 5 10
15 6 0
15 7 67
16 1 0
16 2 42
16 3 0
16 4 36
16 5 7
16 6 0
16 7 30
17 1 0
17 2 29
17 3 0
17 4 19
17 5 4
17 6 0
17 7 20
18 1 0
18 2 11
18 3 0
18 4 10
18 5 3
18 6 0
18 7 8
19 1 0
19 2 113
19 3 0
19 4 77
19 5 13
19 6 0
19 7 77
20 1 0
20 2 65
20 3 0
20 4 44
20 5 10
20 6 0
20 7 37

# Precedence Relations
1 7
2 6
2 15
3 11
4 8
5 8
6 10
7 9
8 11
9 12
10 13
11 14
11 15
12 17
13 17
14 16
15 17
16 18
17 18
17 19
17 20

# Parameters
R_e = 0.0500
T = 1000.0
C_s = 4.0
C_w = 36.0
C_c = 5.0
