# Tasks
1 2 3 4 5 6 7 8 9 10 11 12 13 14 15 16 17 18 19 20 21 22 23 24 25 26 27 28 29 30 31 32 33 34 35 36 37 38 39 40 41 42 43 44 45 46 47 48 49 50 51 52 53 54 55 56 57 58 59 60 61 62 63 64 65 66 67 68 69 70 71 72 73 74 75 76 77 78 79 80 81 82 83 84 85 86 87 88 89 90 91 92 93 94

# Workstations
1 2 3 4 5 6 7 8 9 10 11 12 13 14 15 16 17 18 19 20 21 22 23 24 25 26 27 28 29 30 31 32 33 34 35 36 37 38 39 40 41 42 43 44 45 46 47 48 49 50 51 52 53 54 55 56 57 58 59 60 61 62 63 64 65 66 67 68 69 70 71 72 73 74 75 76 77 78 79 80 81 82 83 84 85 86 87 88 89 90 91 92 93 94

# Modes
1 2 3 4 5 6 7

# Processing Times
1 1 158
1 2 156
1 3 163
1 4 161
1 5 94
1 6 176
1 7 173
2 1 42
2 2 42
2 3 44
2 4 44
2 5 25
2 6 47
2 7 47
3 1 17
3 2 17
3 3 18
3 4 18
3 5 11
3 6 19
3 7 19
4 1 24
4 2 24
4 3 25
4 4 25
4 5 15
4 6 27
4 7 27
5 1 71
5 2 70
5 3 74
5 4 73
5 5 43
5 6 79
5 7 78
6 1 66
6 2 65
6 3 68
6 4 67
6 5 40
6 6 74
6 7 73
7 1 50
7 2 50
7 3 52
7 4 52
7 5 30
7 6 56
7 7 56
8 1 55
8 2 55
8 3 57
8 4 57
8 5 33
8 6 61
8 7 61
9 1 30
9 2 30
9 3 31
9 4 31
9 5 18
9 6 34
9 7 34
10 1 28
10 2 28
10 3 29
10 4 29
10 5 17
10 6 32
10 7 32
11 1 113
11 2 112
11 3 117
11 4 116
11 5 68
11 6 126
11 7 125
12 1 114
12 2 113
12 3 118
12 4 117
12 5 68
12 6 127
12 7 126
13 1 57
13 2 57
13 3 59
13 4 59
13 5 34
13 6 64
13 7 64
14 1 65
14 2 64
14 3 67
14 4 66
14 5 39
14 6 73
14 7 71
15 1 15
15 2 15
15 3 16
15 4 16
15 5 9
15 6 17
15 7 17
16 1 11
16 2 11
16 3 12
16 4 12
16 5 7
16 6 13
16 7 13
17 1 10
17 2 10
17 3 11
17 4 11
17 5 6
17 6 12
17 7 12
18 1 19
18 2 19
18 3 20
18 4 20
18 5 12
18 6 22
18 7 22
19 1 8
19 2 8
19 3 9
19 4 9
19 5 5
19 6 9
19 7 9
20 1 17
20 2 17
20 3 18
20 4 18
20 5 11
20 6 19
20 7 19
21 1 57
21 2 57
21 3 59
21 4 59
21 5 34
21 6 64
21 7 64
22 1 40
22 2 40
22 3 42
22 4 42
22 5 24
22 6 45
22 7 45
23 1 17
23 2 17
23 3 18
23 4 18
23 5 11
23 6 19
23 7 19
24 1 11
24 2 11
24 3 12
24 4 12
24 5 7
24 6 13
24 7 13
25 1 17
25 2 17
25 3 18
25 4 18
25 5 11
25 6 19
25 7 19
26 1 27
26 2 27
26 3 28
26 4 28
26 5 17
26 6 30
26 7 30
27 1 17
27 2 17
27 3 18
27 4 18
27 5 11
27 6 19
27 7 19
28 1 18
28 2 18
28 3 19
28 4 19
28 5 11
28 6 20
28 7 20
29 1 16
29 2 16
29 3 17
29 4 17
29 5 10
29 6 18
29 7 18
30 1 18
30 2 18
30 3 19
30 4 19
30 5 11
30 6 20
30 7 20
31 1 50
31 2 50
31 3 52
31 4 52
31 5 30
31 6 56
31 7 56
32 1 18
32 2 18
32 3 19
32 4 19
32 5 11
32 6 20
32 7 20
33 1 13
33 2 13
33 3 14
33 4 14
33 5 8
33 6 15
33 7 15
34 1 21
34 2 21
34 3 22
34 4 22
34 5 13
34 6 24
34 7 24
35 1 63
35 2 62
35 3 65
35 4 64
35 5 38
35 6 70
35 7 69
36 1 8
36 2 8
36 3 9
36 4 9
36 5 5
36 6 9
36 7 9
37 1 63
37 2 62
37 3 65
37 4 64
37 5 38
37 6 70
37 7 69
38 1 9
38 2 9
38 3 10
38 4 10
38 5 6
38 6 10
38 7 10
39 1 20
39 2 20
39 3 21
39 4 21
39 5 12
39 6 23
39 7 23
40 1 72
40 2 71
40 3 75
40 4 74
40 5 43
40 6 80
40 7 79
41 1 30
41 2 30
41 3 31
41 4 31
41 5 18
41 6 34
41 7 34
42 1 69
42 2 68
42 3 72
42 4 70
42 5 41
42 6 77
42 7 76
43 1 27
43 2 27
43 3 28
43 4 28
43 5 17
43 6 30
43 7 30
44 1 9
44 2 9
44 3 10
44 4 10
44 5 6
44 6 10
44 7 10
45 1 41
45 2 41
45 3 43
45 4 43
45 5 25
45 6 46
45 7 46
46 1 38
46 2 38
46 3 40
46 4 40
46 5 23
46 6 43
46 7 43
47 1 76
47 2 75
47 3 79
47 4 78
47 5 46
47 6 85
47 7 84
48 1 31
48 2 31
48 3 32
48 4 32
48 5 19
48 6 35
48 7 35
49 1 11
49 2 11
49 3 12
49 4 12
49 5 7
49 6 13
49 7 13
50 1 29
50 2 29
50 3 30
50 4 30
50 5 18
50 6 33
50 7 33
51 1 48
51 2 48
51 3 50
51 4 50
51 5 29
51 6 54
51 7 54
52 1 8
52 2 8
52 3 9
52 4 9
52 5 5
52 6 9
52 7 9
53 1 171
53 2 169
53 3 177
53 4 174
53 5 102
53 6 190
53 7 188
54 1 48
54 2 48
54 3 50
54 4 50
54 5 29
54 6 54
54 7 54
55 1 43
55 2 43
55 3 45
55 4 45
55 5 26
55 6 48
55 7 48
56 1 18
56 2 18
56 3 19
56 4 19
56 5 11
56 6 20
56 7 20
57 1 94
57 2 93
57 3 97
57 4 96
57 5 56
57 6 105
57 7 104
58 1 9
58 2 9
58 3 10
58 4 10
58 5 6
58 6 10
58 7 10
59 1 19
59 2 19
59 3 20
59 4 20
59 5 12
59 6 22
59 7 22
60 1 24
60 2 24
60 3 25
60 4 25
60 5 15
60 6 27
60 7 27
61 1 8
61 2 8
61 3 9
61 4 9
61 5 5
61 6 9
61 7 9
62 1 34
62 2 34
62 3 35
62 4 35
62 5 21
62 6 38
62 7 38
63 1 62
63 2 61
63 3 64
63 4 63
63 5 37
63 6 69
63 7 68
64 1 12
64 2 12
64 3 13
64 4 13
64 5 8
64 6 14
64 7 14
65 1 8
65 2 8
65 3 9
65 4 9
65 5 5
65 6 9
65 7 9
66 1 47
66 2 47
66 3 49
66 4 49
66 5 28
66 6 53
66 7 53
67 1 27
67 2 27
67 3 28
67 4 28
67 5 17
67 6 30
67 7 30
68 1 18
68 2 18
68 3 19
68 4 19
68 5 11
68 6 20
68 7 20
69 1 52
69 2 52
69 3 54
69 4 54
69 5 31
69 6 58
69 7 58
70 1 65
70 2 64
70 3 67
70 4 66
70 5 39
70 6 73
70 7 71
71 1 72
71 2 71
71 3 75
71 4 74
71 5 43
71 6 80
71 7 79
72 1 51
72 2 51
72 3 53
72 4 53
72 5 31
72 6 57
72 7 57
73 1 58
73 2 58
73 3 60
73 4 60
73 5 35
73 6 65
73 7 65
74 1 53
74 2 53
74 3 55
74 4 55
74 5 32
74 6 59
74 7 59
75 1 76
75 2 75
75 3 79
75 4 78
75 5 46
75 6 85
75 7 84
76 1 93
76 2 92
76 3 96
76 4 95
76 5 56
76 6 104
76 7 102
77 1 86
77 2 85
77 3 89
77 4 88
77 5 52
77 6 96
77 7 95
78 1 76
78 2 75
78 3 79
78 4 78
78 5 46
78 6 85
78 7 84
79 1 9
79 2 9
79 3 10
79 4 10
79 5 6
79 6 10
79 7 10
80 1 14
80 2 14
80 3 15
80 4 15
80 5 9
80 6 16
80 7 16
81 1 55
81 2 55
81 3 57
81 4 57
81 5 33
81 6 61
81 7 61
82 1 32
82 2 32
82 3 33
82 4 33
82 5 20
82 6 36
82 7 36
83 1 22
83 2 22
83 3 23
83 4 23
83 5 14
83 6 25
83 7 25
84 1 35
84 2 35
84 3 37
84 4 37
84 5 21
84 6 39
84 7 39
85 1 63
85 2 62
85 3 65
85 4 64
85 5 38
85 6 70
85 7 69
86 1 59
86 2 59
86 3 61
86 4 61
86 5 36
86 6 66
86 7 66
87 1 149
87 2 147
87 3 154
87 4 152
87 5 89
87 6 166
87 7 163
88 1 40
88 2 40
88 3 42
88 4 42
88 5 24
88 6 45
88 7 45
89 1 24
89 2 24
89 3 25
89 4 25
89 5 15
89 6 27
89 7 27
90 1 123
90 2 121
90 3 127
90 4 125
90 5 74
90 6 137
90 7 135
91 1 25
91 2 25
91 3 26
91 4 26
91 5 15
91 6 28
91 7 28
92 1 115
92 2 114
92 3 119
92 4 118
92 5 69
92 6 128
92 7 127
93 1 103
93 2 102
93 3 107
93 4 105
93 5 62
93 6 115
93 7 114
94 1 54
94 2 54
94 3 56
94 4 56
94 5 33
94 6 60
94 7 60

# Energy Consumption
1 1 0
1 2 41
1 3 0
1 4 31
1 5 15
1 6 0
1 7 22
2 1 0
2 2 11
2 3 0
2 4 10
2 5 4
2 6 0
2 7 6
3 1 0
3 2 5
3 3 0
3 4 4
3 5 2
3 6 0
3 7 3
4 1 0
4 2 8
4 3 0
4 4 5
4 5 3
4 6 0
4 7 4
5 1 0
5 2 17
5 3 0
5 4 15
5 5 7
5 6 0
5 7 10
6 1 0
6 2 16
6 3 0
6 4 14
6 5 7
6 6 0
6 7 10
7 1 0
7 2 12
7 3 0
7 4 10
7 5 5
7 6 0
7 7 8
8 1 0
8 2 17
8 3 0
8 4 12
8 5 6
8 6 0
8 7 9
9 1 0
9 2 9
9 3 0
9 4 7
9 5 3
9 6 0
9 7 5
10 1 0
10 2 8
10 3 0
10 4 6
10 5 3
10 6 0
10 7 5
11 1 0
11 2 30
11 3 0
11 4 22
11 5 10
11 6 0
11 7 18
12 1 0
12 2 30
12 3 0
12 4 25
12 5 11
12 6 0
12 7 17
13 1 0
13 2 17
13 3 0
13 4 13
13 5 5
13 6 0
13 7 9
14 1 0
14 2 19
14 3 0
14 4 14
14 5 6
14 6 0
14 7 11
15 1 0
15 2 5
15 3 0
15 4 4
15 5 2
15 6 0
15 7 3
16 1 0
16 2 3
16 3 0
16 4 3
16 5 2
16 6 0
16 7 2
17 1 0
17 2 3
17 3 0
17 4 3
17 5 1
17 6 0
17 7 2
18 1 0
18 2 6
18 3 0
18 4 4
18 5 2
18 6 0
18 7 4
19 1 0
19 2 2
19 3 0
19 4 2
19 5 1
19 6 0
19 7 2
20 1 0
20 2 5
20 3 0
20 4 4
20 5 2
20 6 0
20 7 3
21 1 0
21 2 17
21 3 0
21 4 11
21 5 6
21 6 0
21 7 10
22 1 0
22 2 11
22 3 0
22 4 9
22 5 4
22 6 0
22 7 7
23 1 0
23 2 5
23 3 0
23 4 4
23 5 2
23 6 0
23 7 3
24 1 0
24 2 3
24 3 0
24 4 3
24 5 2
24 6 0
24 7 2
25 1 0
25 2 5
25 3 0
25 4 4
25 5 2
25 6 0
25 7 3
26 1 0
26 2 9
26 3 0
26 4 6
26 5 3
26 6 0
26 7 5
27 1 0
27 2 5
27 3 0
27 4 4
27 5 2
27 6 0
27 7 3
28 1 0
28 2 6
28 3 0
28 4 4
28 5 2
28 6 0
28 7 3
29 1 0
29 2 5
29 3 0
29 4 4
29 5 2
29 6 0
29 7 3
30 1 0
30 2 6
30 3 0
30 4 4
30 5 2
30 6 0
30 7 3
31 1 0
31 2 12
31 3 0
31 4 11
31 5 5
31 6 0
31 7 9
32 1 0
32 2 5
32 3 0
32 4 4
32 5 2
32 6 0
32 7 3
33 1 0
33 2 4
33 3 0
33 4 3
33 5 2
33 6 0
33 7 2
34 1 0
34 2 5
34 3 0
34 4 5
34 5 3
34 6 0
34 7 4
35 1 0
35 2 14
35 3 0
35 4 12
35 5 6
35 6 0
35 7 9
36 1 0
36 2 2
36 3 0
36 4 2
36 5 1
36 6 0
36 7 2
37 1 0
37 2 17
37 3 0
37 4 14
37 5 6
37 6 0
37 7 9
38 1 0
38 2 3
38 3 0
38 4 3
38 5 1
38 6 0
38 7 2
39 1 0
39 2 6
39 3 0
39 4 5
39 5 2
39 6 0
39 7 4
40 1 0
40 2 17
40 3 0
40 4 14
40 5 7
40 6 0
40 7 11
41 1 0
41 2 8
41 3 0
41 4 7
41 5 3
41 6 0
41 7 5
42 1 0
42 2 17
42 3 0
42 4 14
42 5 6
42 6 0
42 7 11
43 1 0
43 2 7
43 3 0
43 4 6
43 5 3
43 6 0
43 7 5
44 1 0
44 2 3
44 3 0
44 4 2
44 5 1
44 6 0
44 7 2
45 1 0
45 2 13
45 3 0
45 4 10
45 5 4
45 6 0
45 7 7
46 1 0
46 2 9
46 3 0
46 4 8
46 5 4
46 6 0
46 7 6
47 1 0
47 2 19
47 3 0
47 4 16
47 5 7
47 6 0
47 7 12
48 1 0
48 2 8
48 3 0
48 4 7
48 5 3
48 6 0
48 7 6
49 1 0
49 2 3
49 3 0
49 4 3
49 5 2
49 6 0
49 7 2
50 1 0
50 2 9
50 3 0
50 4 6
50 5 3
50 6 0
50 7 5
51 1 0
51 2 14
51 3 0
51 4 10
51 5 5
51 6 0
51 7 7
52 1 0
52 2 2
52 3 0
52 4 2
52 5 1
52 6 0
52 7 2
53 1 0
53 2 46
53 3 0
53 4 37
53 5 15
53 6 0
53 7 27
54 1 0
54 2 15
54 3 0
54 4 10
54 5 5
54 6 0
54 7 8
55 1 0
55 2 11
55 3 0
55 4 10
55 5 4
55 6 0
55 7 7
56 1 0
56 2 6
56 3 0
56 4 4
56 5 2
56 6 0
56 7 3
57 1 0
57 2 23
57 3 0
57 4 19
57 5 9
57 6 0
57 7 13
58 1 0
58 2 3
58 3 0
58 4 3
58 5 1
58 6 0
58 7 2
59 1 0
59 2 5
59 3 0
59 4 5
59 5 2
59 6 0
59 7 4
60 1 0
60 2 6
60 3 0
60 4 5
60 5 3
60 6 0
60 7 4
61 1 0
61 2 3
61 3 0
61 4 2
61 5 1
61 6 0
61 7 2
62 1 0
62 2 8
62 3 0
62 4 7
62 5 3
62 6 0
62 7 6
63 1 0
63 2 18
63 3 0
63 4 13
63 5 6
63 6 0
63 7 10
64 1 0
64 2 3
64 3 0
64 4 3
64 5 2
64 6 0
64 7 2
65 1 0
65 2 3
65 3 0
65 4 2
65 5 1
65 6 0
65 7 2
66 1 0
66 2 12
66 3 0
66 4 11
66 5 4
66 6 0
66 7 7
67 1 0
67 2 7
67 3 0
67 4 7
67 5 3
67 6 0
67 7 4
68 1 0
68 2 4
68 3 0
68 4 4
68 5 2
68 6 0
68 7 3
69 1 0
69 2 13
69 3 0
69 4 11
69 5 5
69 6 0
69 7 9
70 1 0
70 2 17
70 3 0
70 4 13
70 5 6
70 6 0
70 7 11
71 1 0
71 2 19
71 3 0
71 4 14
71 5 7
71 6 0
71 7 11
72 1 0
72 2 13
72 3 0
72 4 10
72 5 5
72 6 0
72 7 8
73 1 0
73 2 14
73 3 0
73 4 13
73 5 6
73 6 0
73 7 10
74 1 0
74 2 14
74 3 0
74 4 12
74 5 6
74 6 0
74 7 8
75 1 0
75 2 21
75 3 0
75 4 17
75 5 7
75 6 0
75 7 12
76 1 0
76 2 26
76 3 0
76 4 18
76 5 9
76 6 0
76 7 14
77 1 0
77 2 26
77 3 0
77 4 20
77 5 9
77 6 0
77 7 13
78 1 0
78 2 20
78 3 0
78 4 16
78 5 8
78 6 0
78 7 11
79 1 0
79 2 3
79 3 0
79 4 2
79 5 1
79 6 0
79 7 2
80 1 0
80 2 5
80 3 0
80 4 3
80 5 2
80 6 0
80 7 3
81 1 0
81 2 14
81 3 0
81 4 11
81 5 6
81 6 0
81 7 10
82 1 0
82 2 10
82 3 0
82 4 7
82 5 3
82 6 0
82 7 5
83 1 0
83 2 6
83 3 0
83 4 5
83 5 3
83 6 0
83 7 4
84 1 0
84 2 9
84 3 0
84 4 9
84 5 3
84 6 0
84 7 6
85 1 0
85 2 19
85 3 0
85 4 12
85 5 6
85 6 0
85 7 9
86 1 0
86 2 14
86 3 0
86 4 13
86 5 6
86 6 0
86 7 9
87 1 0
87 2 44
87 3 0
87 4 29
87 5 14
87 6 0
87 7 21
88 1 0
88 2 10
88 3 0
88 4 9
88 5 4
88 6 0
88 7 6
89 1 0
89 2 7
89 3 0
89 4 6
89 5 3
89 6 0
89 7 4
90 1 0
90 2 31
90 3 0
90 4 25
90 5 12
90 6 0
90 7 18
91 1 0
91 2 6
91 3 0
91 4 6
91 5 3
91 6 0
91 7 5
92 1 0
92 2 31
92 3 0
92 4 25
92 5 10
92 6 0
92 7 18
93 1 0
93 2 27
93 3 0
93 4 20
93 5 9
93 6 0
93 7 15
94 1 0
94 2 16
94 3 0
94 4 12
94 5 6
94 6 0
94 7 9

# Precedence Relations
1 2
1 3
1 4
1 5
1 6
1 7
1 8
1 9
1 10
2 11
2 17
3 12
4 11
4 16
5 11
5 13
5 18
5 16
6 11
6 15
6 13
6 19
7 42
8 29
9 11
10 19
10 37
10 48
10 50
11 14
12 20
12 61
12 52
13 82
14 25
14 23
14 30
14 31
14 24
14 32
14 22
14 21
14 26
14 28
14 27
14 29
15 81
16 75
17 82
18 75
19 75
20 78
21 71
21 60
21 53
21 39
21 40
21 41
22 38
22 72
22 49
22 58
23 34
23 35
24 37
24 44
25 57
25 63
25 33
25 73
25 60
25 65
25 56
26 41
26 43
27 62
27 58
27 54
27 55
27 56
28 33
28 35
28 40
28 43
28 49
28 51
28 52
28 54
29 75
30 59
30 42
30 36
31 74
32 36
32 47
32 44
32 60
32 45
32 69
32 46
32 48
32 50
33 78
34 78
35 78
36 82
37 61
37 73
37 64
37 66
37 67
37 68
37 69
37 70
37 71
37 72
37 62
38 82
39 82
40 78
41 78
42 74
43 78
44 75
45 75
46 75
46 76
47 75
48 75
49 78
50 75
51 78
52 78
53 76
53 77
54 78
55 77
56 77
57 76
57 77
58 77
59 82
60 77
61 77
62 77
63 77
64 74
65 74
66 75
66 76
67 74
68 82
69 77
69 75
70 77
70 76
71 76
72 76
73 77
74 82
75 82
76 82
77 78
78 79
78 80
79 81
80 81
81 82
82 83
83 84
83 85
84 86
85 86
86 87
87 88
88 89
88 90
89 92
90 91
90 93
92 94

# Parameters
R_e = 0.0500
T = 600.0
C_s = 4.0
C_w = 36.0
C_c = 5.0
