# Tasks
1 2 3 4 5 6 7 8 9 10 11 12 13 14 15 16 17 18 19 20

# Workstations
1 2 3 4 5 6 7 8 9 10 11 12 13 14 15 16 17 18 19 20

# Modes
1 2 3 4 5 6 7

# Processing Times
1 1 27
1 2 29
1 3 24
1 4 26
1 5 11
1 6 28
1 7 30
2 1 123
2 2 134
2 3 114
2 4 125
2 5 49
2 6 134
2 7 146
3 1 188
3 2 196
3 3 164
3 4 171
3 5 61
3 6 192
3 7 200
4 1 152
4 2 152
4 3 136
4 4 136
4 5 46
4 6 160
4 7 160
5 1 210
5 2 228
5 3 197
5 4 214
5 5 85
5 6 224
5 7 244
6 1 206
6 2 183
6 3 187
6 4 166
6 5 83
6 6 213
6 7 189
7 1 234
7 2 209
7 3 220
7 4 197
7 5 72
7 6 251
7 7 224
8 1 178
8 2 178
8 3 165
8 4 165
8 5 72
8 6 189
8 7 189
9 1 82
9 2 83
9 3 77
9 4 78
9 5 32
9 6 86
9 7 87
10 1 126
10 2 109
10 3 118
10 4 102
10 5 45
10 6 129
10 7 112
11 1 93
11 2 86
11 3 87
11 4 80
11 5 34
11 6 97
11 7 89
12 1 135
12 2 145
12 3 128
12 4 137
12 5 53
12 6 142
12 7 152
13 1 159
13 2 156
13 3 142
13 4 140
13 5 65
13 6 160
13 7 157
14 1 177
14 2 171
14 3 159
14 4 153
14 5 77
14 6 186
14 7 180
15 1 196
15 2 189
15 3 172
15 4 166
15 5 78
15 6 201
15 7 194
16 1 165
16 2 148
16 3 143
16 4 129
16 5 67
16 6 168
16 7 151
17 1 104
17 2 96
17 3 91
17 4 84
17 5 39
17 6 109
17 7 101
18 1 157
18 2 169
18 3 135
18 4 145
18 5 53
18 6 170
18 7 183
19 1 87
19 2 93
19 3 76
19 4 81
19 5 30
19 6 92
19 7 98
20 1 140
20 2 142
20 3 120
20 4 122
20 5 61
20 6 144
20 7 147

# Energy Consumption
1 1 0
1 2 8
1 3 0
1 4 6
1 5 2
1 6 0
1 7 5
2 1 0
2 2 32
2 3 0
2 4 26
2 5 8
2 6 0
2 7 21
3 1 0
3 2 48
3 3 0
3 4 31
3 5 9
3 6 0
3 7 30
4 1 0
4 2 45
4 3 0
4 4 25
4 5 7
4 6 0
4 7 24
5 1 0
5 2 69
5 3 0
5 4 44
5 5 13
5 6 0
5 7 34
6 1 0
6 2 53
6 3 0
6 4 31
6 5 12
6 6 0
6 7 26
7 1 0
7 2 48
7 3 0
7 4 42
7 5 11
7 6 0
7 7 33
8 1 0
8 2 53
8 3 0
8 4 35
8 5 11
8 6 0
8 7 26
9 1 0
9 2 21
9 3 0
9 4 17
9 5 5
9 6 0
9 7 13
10 1 0
10 2 28
10 3 0
10 4 22
10 5 7
10 6 0
10 7 15
11 1 0
11 2 21
11 3 0
11 4 18
11 5 6
11 6 0
11 7 13
12 1 0
12 2 36
12 3 0
12 4 29
12 5 9
12 6 0
12 7 22
13 1 0
13 2 38
13 3 0
13 4 28
13 5 11
13 6 0
13 7 21
14 1 0
14 2 42
14 3 0
14 4 29
14 5 12
14 6 0
14 7 22
15 1 0
15 2 56
15 3 0
15 4 37
15 5 13
15 6 0
15 7 25
16 1 0
16 2 34
16 3 0
16 4 25
16 5 10
16 6 0
16 7 20
17 1 0
17 2 27
17 3 0
17 4 18
17 5 6
17 6 0
17 7 16
18 1 0
18 2 39
18 3 0
18 4 31
18 5 8
18 6 0
18 7 25
19 1 0
19 2 21
19 3 0
19 4 18
19 5 5
19 6 0
19 7 15
20 1 0
20 2 38
20 3 0
20 4 24
20 5 9
20 6 0
20 7 22

# Precedence Relations
1 9
2 9
3 9
4 7
5 6
5 8
6 9
7 9
8 10
8 11
9 12
9 13
9 14
9 15
10 17
12 17
13 16
16 19
16 20
17 18

# Parameters
R_e = 0.0500
T = 1000.0
C_s = 4.0
C_w = 36.0
C_c = 5.0
