# Tasks
1 2 3 4 5 6 7 8 9 10 11 12 13 14 15 16 17 18 19 20 21 22 23 24 25 26 27 28 29 30 31 32 33 34 35 36 37 38 39 40 41 42 43 44 45 46 47 48 49 50 51 52 53 54 55 56 57 58 59 60 61 62 63 64 65 66 67 68 69 70 71 72 73 74 75

# Workstations
1 2 3 4 5 6 7 8 9 10 11 12 13 14 15 16 17 18 19 20 21 22 23 24 25 26 27 28 29 30 31 32 33 34 35 36 37 38 39 40 41 42 43 44 45 46 47 48 49 50 51 52 53 54 55 56 57 58 59 60 61 62 63 64 65 66 67 68 69 70 71 72 73 74 75

# Modes
1 2 3 4 5 6 7

# Processing Times
1 1 23
1 2 24
1 3 22
1 4 23
1 5 16
1 6 29
1 7 30
2 1 24
2 2 25
2 3 24
2 4 25
2 5 17
2 6 29
2 7 30
3 1 25
3 2 26
3 3 26
3 4 27
3 5 17
3 6 31
3 7 32
4 1 26
4 2 23
4 3 26
4 4 23
4 5 18
4 6 30
4 7 27
5 1 23
5 2 20
5 3 23
5 4 20
5 5 15
5 6 27
5 7 23
6 1 22
6 2 24
6 3 22
6 4 24
6 5 13
6 6 28
6 7 30
7 1 6
7 2 6
7 3 6
7 4 6
7 5 4
7 6 7
7 7 7
8 1 22
8 2 22
8 3 23
8 4 23
8 5 14
8 6 27
8 7 27
9 1 23
9 2 21
9 3 24
9 4 22
9 5 14
9 6 27
9 7 25
10 1 21
10 2 21
10 3 22
10 4 22
10 5 13
10 6 26
10 7 26
11 1 22
11 2 20
11 3 22
11 4 20
11 5 14
11 6 27
11 7 24
12 1 15
12 2 17
12 3 16
12 4 18
12 5 9
12 6 18
12 7 20
13 1 5
13 2 6
13 3 6
13 4 7
13 5 4
13 6 6
13 7 7
14 1 23
14 2 24
14 3 23
14 4 24
14 5 15
14 6 28
14 7 30
15 1 4
15 2 4
15 3 5
15 4 5
15 5 3
15 6 5
15 7 5
16 1 26
16 2 27
16 3 27
16 4 28
16 5 17
16 6 31
16 7 32
17 1 21
17 2 21
17 3 21
17 4 21
17 5 14
17 6 24
17 7 24
18 1 5
18 2 6
18 3 6
18 4 7
18 5 4
18 6 6
18 7 8
19 1 24
19 2 21
19 3 24
19 4 21
19 5 15
19 6 30
19 7 27
20 1 25
20 2 26
20 3 26
20 4 27
20 5 18
20 6 31
20 7 33
21 1 26
21 2 27
21 3 28
21 4 29
21 5 18
21 6 31
21 7 33
22 1 26
22 2 25
22 3 28
22 4 27
22 5 16
22 6 31
22 7 29
23 1 24
23 2 24
23 3 24
23 4 24
23 5 14
23 6 29
23 7 29
24 1 27
24 2 24
24 3 28
24 4 25
24 5 19
24 6 32
24 7 28
25 1 20
25 2 22
25 3 20
25 4 22
25 5 13
25 6 24
25 7 27
26 1 23
26 2 22
26 3 23
26 4 22
26 5 17
26 6 28
26 7 27
27 1 25
27 2 25
27 3 26
27 4 26
27 5 16
27 6 32
27 7 32
28 1 13
28 2 13
28 3 14
28 4 14
28 5 9
28 6 17
28 7 17
29 1 3
29 2 3
29 3 3
29 4 3
29 5 2
29 6 4
29 7 4
30 1 11
30 2 12
30 3 11
30 4 12
30 5 8
30 6 14
30 7 15
31 1 21
31 2 23
31 3 22
31 4 24
31 5 14
31 6 25
31 7 28
32 1 22
32 2 23
32 3 23
32 4 24
32 5 15
32 6 28
32 7 29
33 1 21
33 2 19
33 3 22
33 4 20
33 5 15
33 6 24
33 7 22
34 1 22
34 2 24
34 3 22
34 4 24
34 5 16
34 6 25
34 7 27
35 1 25
35 2 27
35 3 24
35 4 26
35 5 16
35 6 28
35 7 30
36 1 8
36 2 8
36 3 9
36 4 9
36 5 5
36 6 10
36 7 10
37 1 22
37 2 24
37 3 23
37 4 25
37 5 14
37 6 28
37 7 30
38 1 24
38 2 21
38 3 24
38 4 21
38 5 16
38 6 27
38 7 24
39 1 22
39 2 25
39 3 22
39 4 25
39 5 15
39 6 27
39 7 31
40 1 21
40 2 23
40 3 21
40 4 23
40 5 12
40 6 26
40 7 28
41 1 6
41 2 6
41 3 7
41 4 7
41 5 4
41 6 8
41 7 8
42 1 26
42 2 28
42 3 28
42 4 30
42 5 18
42 6 32
42 7 34
43 1 22
43 2 20
43 3 22
43 4 20
43 5 14
43 6 25
43 7 23
44 1 6
44 2 7
44 3 6
44 4 7
44 5 4
44 6 7
44 7 8
45 1 21
45 2 20
45 3 21
45 4 20
45 5 13
45 6 24
45 7 23
46 1 25
46 2 26
46 3 25
46 4 26
46 5 14
46 6 29
46 7 30
47 1 11
47 2 12
47 3 11
47 4 12
47 5 7
47 6 13
47 7 15
48 1 22
48 2 22
48 3 24
48 4 24
48 5 14
48 6 26
48 7 26
49 1 21
49 2 21
49 3 22
49 4 22
49 5 14
49 6 24
49 7 24
50 1 25
50 2 22
50 3 27
50 4 24
50 5 16
50 6 30
50 7 26
51 1 22
51 2 20
51 3 23
51 4 21
51 5 14
51 6 26
51 7 24
52 1 22
52 2 24
52 3 23
52 4 26
52 5 14
52 6 26
52 7 29
53 1 23
53 2 25
53 3 23
53 4 25
53 5 17
53 6 27
53 7 30
54 1 22
54 2 23
54 3 22
54 4 23
54 5 13
54 6 28
54 7 29
55 1 22
55 2 24
55 3 24
55 4 26
55 5 14
55 6 28
55 7 30
56 1 25
56 2 23
56 3 25
56 4 23
56 5 16
56 6 30
56 7 28
57 1 23
57 2 26
57 3 22
57 4 25
57 5 14
57 6 27
57 7 31
58 1 21
58 2 19
58 3 22
58 4 20
58 5 14
58 6 26
58 7 24
59 1 22
59 2 25
59 3 23
59 4 26
59 5 15
59 6 28
59 7 32
60 1 22
60 2 24
60 3 22
60 4 24
60 5 16
60 6 25
60 7 28
61 1 22
61 2 24
61 3 22
61 4 24
61 5 13
61 6 27
61 7 30
62 1 22
62 2 21
62 3 23
62 4 22
62 5 16
62 6 26
62 7 25
63 1 21
63 2 19
63 3 22
63 4 20
63 5 14
63 6 26
63 7 24
64 1 27
64 2 28
64 3 28
64 4 29
64 5 18
64 6 31
64 7 32
65 1 23
65 2 22
65 3 24
65 4 23
65 5 14
65 6 27
65 7 26
66 1 2
66 2 3
66 3 2
66 4 3
66 5 2
66 6 3
66 7 4
67 1 26
67 2 29
67 3 26
67 4 29
67 5 18
67 6 31
67 7 35
68 1 25
68 2 22
68 3 26
68 4 23
68 5 16
68 6 30
68 7 26
69 1 24
69 2 21
69 3 25
69 4 22
69 5 16
69 6 29
69 7 26
70 1 22
70 2 24
70 3 22
70 4 23
70 5 13
70 6 25
70 7 27
71 1 24
71 2 27
71 3 25
71 4 28
71 5 14
71 6 30
71 7 34
72 1 4
72 2 4
72 3 5
72 4 5
72 5 3
72 6 5
72 7 5
73 1 22
73 2 19
73 3 23
73 4 20
73 5 15
73 6 27
73 7 23
74 1 10
74 2 10
74 3 11
74 4 11
74 5 7
74 6 12
74 7 12
75 1 25
75 2 24
75 3 24
75 4 23
75 5 16
75 6 31
75 7 30

# Energy Consumption
1 1 0
1 2 7
1 3 0
1 4 5
1 5 3
1 6 0
1 7 4
2 1 0
2 2 7
2 3 0
2 4 6
2 5 3
2 6 0
2 7 4
3 1 0
3 2 7
3 3 0
3 4 6
3 5 3
3 6 0
3 7 5
4 1 0
4 2 7
4 3 0
4 4 5
4 5 3
4 6 0
4 7 4
5 1 0
5 2 5
5 3 0
5 4 4
5 5 3
5 6 0
5 7 3
6 1 0
6 2 6
6 3 0
6 4 5
6 5 3
6 6 0
6 7 4
7 1 0
7 2 2
7 3 0
7 4 2
7 5 1
7 6 0
7 7 1
8 1 0
8 2 7
8 3 0
8 4 5
8 5 3
8 6 0
8 7 4
9 1 0
9 2 6
9 3 0
9 4 5
9 5 3
9 6 0
9 7 4
10 1 0
10 2 6
10 3 0
10 4 5
10 5 2
10 6 0
10 7 4
11 1 0
11 2 6
11 3 0
11 4 4
11 5 3
11 6 0
11 7 4
12 1 0
12 2 5
12 3 0
12 4 4
12 5 2
12 6 0
12 7 3
13 1 0
13 2 2
13 3 0
13 4 2
13 5 1
13 6 0
13 7 1
14 1 0
14 2 8
14 3 0
14 4 5
14 5 3
14 6 0
14 7 5
15 1 0
15 2 2
15 3 0
15 4 1
15 5 1
15 6 0
15 7 1
16 1 0
16 2 7
16 3 0
16 4 6
16 5 3
16 6 0
16 7 5
17 1 0
17 2 6
17 3 0
17 4 5
17 5 3
17 6 0
17 7 4
18 1 0
18 2 2
18 3 0
18 4 2
18 5 1
18 6 0
18 7 2
19 1 0
19 2 5
19 3 0
19 4 5
19 5 3
19 6 0
19 7 4
20 1 0
20 2 8
20 3 0
20 4 6
20 5 3
20 6 0
20 7 5
21 1 0
21 2 8
21 3 0
21 4 6
21 5 3
21 6 0
21 7 5
22 1 0
22 2 7
22 3 0
22 4 6
22 5 3
22 6 0
22 7 5
23 1 0
23 2 7
23 3 0
23 4 5
23 5 3
23 6 0
23 7 4
24 1 0
24 2 7
24 3 0
24 4 6
24 5 3
24 6 0
24 7 4
25 1 0
25 2 6
25 3 0
25 4 5
25 5 2
25 6 0
25 7 4
26 1 0
26 2 7
26 3 0
26 4 5
26 5 3
26 6 0
26 7 4
27 1 0
27 2 7
27 3 0
27 4 5
27 5 3
27 6 0
27 7 4
28 1 0
28 2 4
28 3 0
28 4 3
28 5 2
28 6 0
28 7 3
29 1 0
29 2 1
29 3 0
29 4 1
29 5 1
29 6 0
29 7 1
30 1 0
30 2 4
30 3 0
30 4 3
30 5 2
30 6 0
30 7 3
31 1 0
31 2 6
31 3 0
31 4 5
31 5 3
31 6 0
31 7 5
32 1 0
32 2 6
32 3 0
32 4 5
32 5 3
32 6 0
32 7 4
33 1 0
33 2 5
33 3 0
33 4 5
33 5 3
33 6 0
33 7 3
34 1 0
34 2 6
34 3 0
34 4 6
34 5 3
34 6 0
34 7 4
35 1 0
35 2 7
35 3 0
35 4 5
35 5 3
35 6 0
35 7 4
36 1 0
36 2 2
36 3 0
36 4 2
36 5 1
36 6 0
36 7 2
37 1 0
37 2 7
37 3 0
37 4 6
37 5 3
37 6 0
37 7 4
38 1 0
38 2 6
38 3 0
38 4 5
38 5 3
38 6 0
38 7 3
39 1 0
39 2 7
39 3 0
39 4 5
39 5 3
39 6 0
39 7 5
40 1 0
40 2 6
40 3 0
40 4 5
40 5 2
40 6 0
40 7 4
41 1 0
41 2 2
41 3 0
41 4 2
41 5 1
41 6 0
41 7 2
42 1 0
42 2 7
42 3 0
42 4 6
42 5 3
42 6 0
42 7 5
43 1 0
43 2 5
43 3 0
43 4 5
43 5 3
43 6 0
43 7 4
44 1 0
44 2 2
44 3 0
44 4 2
44 5 1
44 6 0
44 7 2
45 1 0
45 2 6
45 3 0
45 4 5
45 5 2
45 6 0
45 7 4
46 1 0
46 2 7
46 3 0
46 4 5
46 5 3
46 6 0
46 7 4
47 1 0
47 2 3
47 3 0
47 4 3
47 5 2
47 6 0
47 7 3
48 1 0
48 2 6
48 3 0
48 4 6
48 5 3
48 6 0
48 7 4
49 1 0
49 2 6
49 3 0
49 4 5
49 5 3
49 6 0
49 7 4
50 1 0
50 2 7
50 3 0
50 4 5
50 5 3
50 6 0
50 7 4
51 1 0
51 2 6
51 3 0
51 4 4
51 5 2
51 6 0
51 7 4
52 1 0
52 2 6
52 3 0
52 4 5
52 5 3
52 6 0
52 7 4
53 1 0
53 2 7
53 3 0
53 4 6
53 5 3
53 6 0
53 7 5
54 1 0
54 2 7
54 3 0
54 4 5
54 5 2
54 6 0
54 7 5
55 1 0
55 2 6
55 3 0
55 4 6
55 5 3
55 6 0
55 7 5
56 1 0
56 2 7
56 3 0
56 4 5
56 5 3
56 6 0
56 7 4
57 1 0
57 2 7
57 3 0
57 4 5
57 5 3
57 6 0
57 7 4
58 1 0
58 2 5
58 3 0
58 4 5
58 5 3
58 6 0
58 7 4
59 1 0
59 2 7
59 3 0
59 4 6
59 5 3
59 6 0
59 7 5
60 1 0
60 2 6
60 3 0
60 4 5
60 5 3
60 6 0
60 7 4
61 1 0
61 2 7
61 3 0
61 4 5
61 5 2
61 6 0
61 7 5
62 1 0
62 2 5
62 3 0
62 4 5
62 5 3
62 6 0
62 7 4
63 1 0
63 2 6
63 3 0
63 4 5
63 5 3
63 6 0
63 7 4
64 1 0
64 2 7
64 3 0
64 4 7
64 5 3
64 6 0
64 7 4
65 1 0
65 2 7
65 3 0
65 4 5
65 5 3
65 6 0
65 7 4
66 1 0
66 2 1
66 3 0
66 4 1
66 5 1
66 6 0
66 7 1
67 1 0
67 2 8
67 3 0
67 4 7
67 5 3
67 6 0
67 7 5
68 1 0
68 2 5
68 3 0
68 4 5
68 5 3
68 6 0
68 7 4
69 1 0
69 2 5
69 3 0
69 4 5
69 5 3
69 6 0
69 7 4
70 1 0
70 2 7
70 3 0
70 4 5
70 5 2
70 6 0
70 7 4
71 1 0
71 2 8
71 3 0
71 4 6
71 5 3
71 6 0
71 7 5
72 1 0
72 2 1
72 3 0
72 4 1
72 5 1
72 6 0
72 7 1
73 1 0
73 2 5
73 3 0
73 4 5
73 5 3
73 6 0
73 7 4
74 1 0
74 2 3
74 3 0
74 4 3
74 5 2
74 6 0
74 7 2
75 1 0
75 2 7
75 3 0
75 4 6
75 5 3
75 6 0
75 7 4

# Precedence Relations
1 2
1 3
1 4
1 5
1 6
1 7
2 15
3 13
3 24
4 8
4 14
4 16
5 12
5 15
6 9
6 10
6 11
6 13
9 20
9 24
10 18
12 19
13 22
15 17
15 20
15 23
16 21
16 26
17 30
18 26
18 30
20 27
21 33
24 25
25 28
25 30
25 33
25 34
26 31
26 32
26 41
27 29
27 35
27 36
31 37
31 39
32 44
32 45
33 41
35 38
35 42
36 40
36 43
39 51
40 46
42 47
43 48
43 50
46 51
46 48
47 49
47 50
47 52
47 53
49 59
49 61
49 62
50 54
50 55
50 60
50 62
52 56
52 57
53 58
55 63
58 65
59 64
59 66
62 67
66 68
68 69
68 70
68 71
68 72
68 73
68 74
68 75

# Parameters
R_e = 0.0500
T = 600.0
C_s = 4.0
C_w = 36.0
C_c = 5.0
