# Tasks
1 2 3 4 5 6 7 8 9 10 11 12 13 14 15 16 17 18 19 20

# Workstations
1 2 3 4 5 6 7 8 9 10 11 12 13 14 15 16 17 18 19 20

# Modes
1 2 3 4 5 6 7

# Processing Times
1 1 88
1 2 87
1 3 96
1 4 95
1 5 76
1 6 126
1 7 124
2 1 95
2 2 89
2 3 104
2 4 97
2 5 81
2 6 132
2 7 124
3 1 105
3 2 109
3 3 113
3 4 118
3 5 98
3 6 143
3 7 149
4 1 140
4 2 138
4 3 153
4 4 151
4 5 117
4 6 185
4 7 183
5 1 114
5 2 123
5 3 121
5 4 130
5 5 102
5 6 151
5 7 163
6 1 123
6 2 111
6 3 135
6 4 122
6 5 114
6 6 178
6 7 161
7 1 250
7 2 247
7 3 266
7 4 263
7 5 210
7 6 328
7 7 324
8 1 90
8 2 91
8 3 97
8 4 98
8 5 73
8 6 120
8 7 121
9 1 61
9 2 65
9 3 66
9 4 70
9 5 50
9 6 84
9 7 90
10 1 107
10 2 106
10 3 114
10 4 113
10 5 88
10 6 142
10 7 141
11 1 68
11 2 71
11 3 73
11 4 76
11 5 63
11 6 93
11 7 98
12 1 155
12 2 133
12 3 166
12 4 142
12 5 136
12 6 203
12 7 174
13 1 142
13 2 135
13 3 156
13 4 148
13 5 122
13 6 191
13 7 182
14 1 21
14 2 20
14 3 23
14 4 22
14 5 19
14 6 30
14 7 29
15 1 106
15 2 102
15 3 116
15 4 112
15 5 94
15 6 145
15 7 140
16 1 67
16 2 73
16 3 72
16 4 79
16 5 59
16 6 87
16 7 95
17 1 52
17 2 48
17 3 56
17 4 52
17 5 47
17 6 73
17 7 68
18 1 55
18 2 50
18 3 59
18 4 54
18 5 48
18 6 74
18 7 68
19 1 51
19 2 56
19 3 55
19 4 60
19 5 47
19 6 74
19 7 81
20 1 82
20 2 71
20 3 87
20 4 76
20 5 70
20 6 108
20 7 94

# Energy Consumption
1 1 0
1 2 20
1 3 0
1 4 21
1 5 13
1 6 0
1 7 18
2 1 0
2 2 24
2 3 0
2 4 22
2 5 13
2 6 0
2 7 18
3 1 0
3 2 25
3 3 0
3 4 24
3 5 15
3 6 0
3 7 19
4 1 0
4 2 41
4 3 0
4 4 29
4 5 17
4 6 0
4 7 24
5 1 0
5 2 31
5 3 0
5 4 27
5 5 17
5 6 0
5 7 22
6 1 0
6 2 27
6 3 0
6 4 23
6 5 18
6 6 0
6 7 23
7 1 0
7 2 71
7 3 0
7 4 53
7 5 33
7 6 0
7 7 49
8 1 0
8 2 24
8 3 0
8 4 21
8 5 12
8 6 0
8 7 16
9 1 0
9 2 18
9 3 0
9 4 16
9 5 8
9 6 0
9 7 12
10 1 0
10 2 27
10 3 0
10 4 25
10 5 14
10 6 0
10 7 18
11 1 0
11 2 19
11 3 0
11 4 14
11 5 9
11 6 0
11 7 14
12 1 0
12 2 30
12 3 0
12 4 32
12 5 21
12 6 0
12 7 23
13 1 0
13 2 36
13 3 0
13 4 28
13 5 19
13 6 0
13 7 26
14 1 0
14 2 6
14 3 0
14 4 5
14 5 4
14 6 0
14 7 4
15 1 0
15 2 28
15 3 0
15 4 25
15 5 15
15 6 0
15 7 19
16 1 0
16 2 21
16 3 0
16 4 16
16 5 10
16 6 0
16 7 14
17 1 0
17 2 12
17 3 0
17 4 11
17 5 8
17 6 0
17 7 11
18 1 0
18 2 14
18 3 0
18 4 11
18 5 8
18 6 0
18 7 9
19 1 0
19 2 13
19 3 0
19 4 12
19 5 7
19 6 0
19 7 10
20 1 0
20 2 18
20 3 0
20 4 16
20 5 11
20 6 0
20 7 13

# Precedence Relations
1 4
2 6
3 5
3 6
4 7
5 7
5 8
6 7
7 9
7 11
7 12
8 10
8 11
8 20
9 13
10 16
12 14
12 15
12 19
13 17
14 20
15 18
16 19

# Parameters
R_e = 0.0500
T = 1000.0
C_s = 4.0
C_w = 36.0
C_c = 5.0
