# Tasks
1 2 3 4 5 6 7 8 9 10 11 12 13 14 15 16 17 18 19 20

# Workstations
1 2 3 4 5 6 7 8 9 10 11 12 13 14 15 16 17 18 19 20

# Modes
1 2 3 4 5 6 7

# Processing Times
1 1 471
1 2 443
1 3 428
1 4 403
1 5 168
1 6 507
1 7 477
2 1 570
2 2 536
2 3 518
2 4 487
2 5 203
2 6 613
2 7 577
3 1 335
3 2 315
3 3 305
3 4 286
3 5 120
3 6 361
3 7 339
4 1 590
4 2 555
4 3 536
4 4 504
4 5 210
4 6 635
4 7 597
5 1 564
5 2 530
5 3 512
5 4 482
5 5 201
5 6 607
5 7 570
6 1 599
6 2 563
6 3 544
6 4 511
6 5 214
6 6 644
6 7 606
7 1 494
7 2 465
7 3 449
7 4 423
7 5 176
7 6 531
7 7 500
8 1 547
8 2 514
8 3 497
8 4 467
8 5 195
8 6 588
8 7 553
9 1 714
9 2 671
9 3 649
9 4 609
9 5 255
9 6 768
9 7 722
10 1 524
10 2 493
10 3 476
10 4 448
10 5 187
10 6 564
10 7 530
11 1 646
11 2 607
11 3 587
11 4 551
11 5 230
11 6 695
11 7 653
12 1 564
12 2 530
12 3 512
12 4 482
12 5 201
12 6 607
12 7 570
13 1 314
13 2 295
13 3 285
13 4 268
13 5 112
13 6 338
13 7 318
14 1 372
14 2 350
14 3 338
14 4 318
14 5 133
14 6 400
14 7 377
15 1 653
15 2 614
15 3 593
15 4 558
15 5 233
15 6 702
15 7 660
16 1 732
16 2 688
16 3 665
16 4 625
16 5 261
16 6 787
16 7 740
17 1 471
17 2 443
17 3 428
17 4 403
17 5 168
17 6 507
17 7 477
18 1 281
18 2 264
18 3 256
18 4 240
18 5 100
18 6 302
18 7 284
19 1 381
19 2 358
19 3 346
19 4 325
19 5 136
19 6 410
19 7 385
20 1 638
20 2 600
20 3 580
20 4 545
20 5 228
20 6 686
20 7 645

# Energy Consumption
1 1 0
1 2 111
1 3 0
1 4 79
1 5 26
1 6 0
1 7 68
2 1 0
2 2 126
2 3 0
2 4 100
2 5 31
2 6 0
2 7 80
3 1 0
3 2 76
3 3 0
3 4 52
3 5 18
3 6 0
3 7 50
4 1 0
4 2 162
4 3 0
4 4 93
4 5 32
4 6 0
4 7 87
5 1 0
5 2 159
5 3 0
5 4 98
5 5 30
5 6 0
5 7 79
6 1 0
6 2 163
6 3 0
6 4 96
6 5 31
6 6 0
6 7 83
7 1 0
7 2 107
7 3 0
7 4 90
7 5 27
7 6 0
7 7 73
8 1 0
8 2 151
8 3 0
8 4 97
8 5 29
8 6 0
8 7 75
9 1 0
9 2 166
9 3 0
9 4 127
9 5 40
9 6 0
9 7 106
10 1 0
10 2 125
10 3 0
10 4 95
10 5 27
10 6 0
10 7 71
11 1 0
11 2 144
11 3 0
11 4 118
11 5 36
11 6 0
11 7 93
12 1 0
12 2 131
12 3 0
12 4 102
12 5 32
12 6 0
12 7 83
13 1 0
13 2 72
13 3 0
13 4 52
13 5 18
13 6 0
13 7 42
14 1 0
14 2 85
14 3 0
14 4 59
14 5 21
14 6 0
14 7 46
15 1 0
15 2 182
15 3 0
15 4 122
15 5 37
15 6 0
15 7 84
16 1 0
16 2 156
16 3 0
16 4 118
16 5 37
16 6 0
16 7 98
17 1 0
17 2 125
17 3 0
17 4 84
17 5 24
17 6 0
17 7 71
18 1 0
18 2 60
18 3 0
18 4 51
18 5 15
18 6 0
18 7 39
19 1 0
19 2 80
19 3 0
19 4 70
19 5 22
19 6 0
19 7 56
20 1 0
20 2 158
20 3 0
20 4 106
20 5 33
20 6 0
20 7 95

# Precedence Relations
1 5
1 6
2 5
3 4
4 14
5 7
5 8
5 9
7 10
7 11
8 12
8 13
10 14
11 14
12 14
13 15
14 16
14 17
14 18
14 19
14 20

# Parameters
R_e = 0.0500
T = 1000.0
C_s = 4.0
C_w = 36.0
C_c = 5.0
