# Tasks
1 2 3 4 5 6 7 8 9 10 11 12 13 14 15 16 17 18 19 20 21

# Workstations
1 2 3 4 5 6 7 8 9 10 11 12 13 14 15 16 17 18 19 20 21

# Modes
1 2 3 4 5 6 7

# Processing Times
1 1 4
1 2 5
1 3 4
1 4 5
1 5 2
1 6 5
1 7 6
2 1 3
2 2 4
2 3 3
2 4 4
2 5 1
2 6 4
2 7 5
3 1 9
3 2 10
3 3 9
3 4 10
3 5 3
3 6 10
3 7 11
4 1 5
4 2 5
4 3 5
4 4 5
4 5 3
4 6 6
4 7 6
5 1 9
5 2 10
5 3 9
5 4 10
5 5 4
5 6 10
5 7 11
6 1 4
6 2 4
6 3 4
6 4 4
6 5 2
6 6 5
6 7 5
7 1 8
7 2 8
7 3 8
7 4 8
7 5 4
7 6 9
7 7 9
8 1 7
8 2 7
8 3 7
8 4 7
8 5 3
8 6 8
8 7 8
9 1 5
9 2 6
9 3 5
9 4 6
9 5 2
9 6 6
9 7 7
10 1 1
10 2 1
10 3 1
10 4 1
10 5 1
10 6 2
10 7 2
11 1 3
11 2 3
11 3 3
11 4 3
11 5 2
11 6 4
11 7 4
12 1 1
12 2 2
12 3 1
12 4 2
12 5 1
12 6 2
12 7 3
13 1 5
13 2 5
13 3 5
13 4 5
13 5 3
13 6 6
13 7 6
14 1 3
14 2 3
14 3 3
14 4 3
14 5 2
14 6 4
14 7 4
15 1 5
15 2 5
15 3 5
15 4 5
15 5 3
15 6 6
15 7 6
16 1 3
16 2 3
16 3 3
16 4 3
16 5 2
16 6 4
16 7 4
17 1 13
17 2 12
17 3 12
17 4 11
17 5 5
17 6 14
17 7 13
18 1 5
18 2 6
18 3 5
18 4 6
18 5 2
18 6 6
18 7 7
19 1 2
19 2 3
19 3 2
19 4 3
19 5 1
19 6 3
19 7 4
20 1 3
20 2 4
20 3 3
20 4 4
20 5 1
20 6 4
20 7 5
21 1 7
21 2 7
21 3 7
21 4 7
21 5 3
21 6 8
21 7 8

# Energy Consumption
1 1 0
1 2 2
1 3 0
1 4 1
1 5 1
1 6 0
1 7 1
2 1 0
2 2 1
2 3 0
2 4 1
2 5 1
2 6 0
2 7 1
3 1 0
3 2 3
3 3 0
3 4 2
3 5 1
3 6 0
3 7 2
4 1 0
4 2 2
4 3 0
4 4 1
4 5 1
4 6 0
4 7 1
5 1 0
5 2 3
5 3 0
5 4 3
5 5 1
5 6 0
5 7 2
6 1 0
6 2 2
6 3 0
6 4 1
6 5 1
6 6 0
6 7 1
7 1 0
7 2 2
7 3 0
7 4 2
7 5 1
7 6 0
7 7 2
8 1 0
8 2 3
8 3 0
8 4 2
8 5 1
8 6 0
8 7 2
9 1 0
9 2 2
9 3 0
9 4 2
9 5 1
9 6 0
9 7 2
10 1 0
10 2 1
10 3 0
10 4 1
10 5 1
10 6 0
10 7 1
11 1 0
11 2 1
11 3 0
11 4 1
11 5 1
11 6 0
11 7 1
12 1 0
12 2 1
12 3 0
12 4 1
12 5 1
12 6 0
12 7 1
13 1 0
13 2 2
13 3 0
13 4 1
13 5 1
13 6 0
13 7 1
14 1 0
14 2 1
14 3 0
14 4 1
14 5 1
14 6 0
14 7 1
15 1 0
15 2 2
15 3 0
15 4 2
15 5 1
15 6 0
15 7 1
16 1 0
16 2 1
16 3 0
16 4 1
16 5 1
16 6 0
16 7 1
17 1 0
17 2 4
17 3 0
17 4 3
17 5 1
17 6 0
17 7 2
18 1 0
18 2 2
18 3 0
18 4 2
18 5 1
18 6 0
18 7 1
19 1 0
19 2 1
19 3 0
19 4 1
19 5 1
19 6 0
19 7 1
20 1 0
20 2 2
20 3 0
20 4 1
20 5 1
20 6 0
20 7 1
21 1 0
21 2 2
21 3 0
21 4 2
21 5 1
21 6 0
21 7 1

# Precedence Relations
1 2
1 3
2 21
3 4
4 5
4 21
5 6
5 7
6 8
7 8
7 14
8 9
9 10
9 11
9 12
9 13
10 15
11 15
12 15
13 17
13 18
14 19
15 16
15 18
16 17
17 20
18 19

# Parameters
R_e = 0.0500
T = 60.0
C_s = 4.0
C_w = 36.0
C_c = 5.0
