# Tasks
1 2 3 4 5 6 7 8 9 10 11

# Workstations
1 2 3 4 5 6 7 8 9 10 11

# Modes
1 2 3 4 5 6 7

# Processing Times
1 1 4
1 2 4
1 3 5
1 4 5
1 5 3
1 6 5
1 7 5
2 1 38
2 2 38
2 3 40
2 4 40
2 5 23
2 6 43
2 7 43
3 1 45
3 2 45
3 3 47
3 4 47
3 5 27
3 6 50
3 7 50
4 1 12
4 2 12
4 3 13
4 4 13
4 5 8
4 6 14
4 7 14
5 1 10
5 2 10
5 3 11
5 4 11
5 5 6
5 6 12
5 7 12
6 1 8
6 2 8
6 3 9
6 4 9
6 5 5
6 6 9
6 7 9
7 1 12
7 2 12
7 3 13
7 4 13
7 5 8
7 6 14
7 7 14
8 1 10
8 2 10
8 3 11
8 4 11
8 5 6
8 6 12
8 7 12
9 1 2
9 2 2
9 3 3
9 4 3
9 5 2
9 6 3
9 7 3
10 1 10
10 2 10
10 3 11
10 4 11
10 5 6
10 6 12
10 7 12
11 1 34
11 2 34
11 3 35
11 4 35
11 5 21
11 6 38
11 7 38

# Energy Consumption
1 1 0
1 2 2
1 3 0
1 4 1
1 5 1
1 6 0
1 7 1
2 1 0
2 2 10
2 3 0
2 4 9
2 5 4
2 6 0
2 7 6
3 1 0
3 2 12
3 3 0
3 4 10
3 5 5
3 6 0
3 7 8
4 1 0
4 2 4
4 3 0
4 4 3
4 5 2
4 6 0
4 7 2
5 1 0
5 2 3
5 3 0
5 4 3
5 5 1
5 6 0
5 7 2
6 1 0
6 2 2
6 3 0
6 4 2
6 5 1
6 6 0
6 7 2
7 1 0
7 2 3
7 3 0
7 4 3
7 5 2
7 6 0
7 7 2
8 1 0
8 2 3
8 3 0
8 4 3
8 5 1
8 6 0
8 7 2
9 1 0
9 2 1
9 3 0
9 4 1
9 5 1
9 6 0
9 7 1
10 1 0
10 2 3
10 3 0
10 4 3
10 5 1
10 6 0
10 7 2
11 1 0
11 2 9
11 3 0
11 4 7
11 5 4
11 6 0
11 7 6

# Precedence Relations
1 4
2 4
2 5
3 11
4 6
5 7
6 8
7 9
8 10
9 10
10 11

# Parameters
R_e = 0.0500
T = 600.0
C_s = 4.0
C_w = 36.0
C_c = 5.0
