# Tasks
1 2 3 4 5 6 7 8 9 10 11 12 13 14 15 16 17 18 19 20

# Workstations
1 2 3 4 5 6 7 8 9 10 11 12 13 14 15 16 17 18 19 20

# Modes
1 2 3 4 5 6 7

# Processing Times
1 1 165
1 2 162
1 3 180
1 4 177
1 5 142
1 6 235
1 7 231
2 1 79
2 2 74
2 3 86
2 4 81
2 5 67
2 6 110
2 7 103
3 1 84
3 2 87
3 3 91
3 4 94
3 5 78
3 6 115
3 7 119
4 1 234
4 2 230
4 3 255
4 4 251
4 5 194
4 6 310
4 7 304
5 1 79
5 2 85
5 3 84
5 4 90
5 5 71
5 6 105
5 7 113
6 1 241
6 2 216
6 3 263
6 4 236
6 5 222
6 6 349
6 7 312
7 1 74
7 2 74
7 3 79
7 4 79
7 5 62
7 6 97
7 7 97
8 1 96
8 2 97
8 3 104
8 4 105
8 5 78
8 6 128
8 7 129
9 1 44
9 2 47
9 3 48
9 4 51
9 5 37
9 6 61
9 7 65
10 1 225
10 2 222
10 3 240
10 4 237
10 5 185
10 6 298
10 7 294
11 1 77
11 2 80
11 3 82
11 4 85
11 5 71
11 6 106
11 7 110
12 1 124
12 2 107
12 3 133
12 4 115
12 5 109
12 6 162
12 7 140
13 1 119
13 2 113
13 3 130
13 4 124
13 5 102
13 6 160
13 7 152
14 1 160
14 2 152
14 3 170
14 4 161
14 5 138
14 6 228
14 7 216
15 1 41
15 2 40
15 3 45
15 4 44
15 5 37
15 6 56
15 7 55
16 1 204
16 2 222
16 3 219
16 4 238
16 5 179
16 6 264
16 7 287
17 1 319
17 2 295
17 3 341
17 4 316
17 5 289
17 6 447
17 7 413
18 1 248
18 2 224
18 3 264
18 4 239
18 5 214
18 6 334
18 7 302
19 1 127
19 2 139
19 3 136
19 4 149
19 5 117
19 6 184
19 7 201
20 1 84
20 2 73
20 3 89
20 4 78
20 5 72
20 6 111
20 7 96

# Energy Consumption
1 1 0
1 2 36
1 3 0
1 4 39
1 5 23
1 6 0
1 7 34
2 1 0
2 2 20
2 3 0
2 4 18
2 5 11
2 6 0
2 7 15
3 1 0
3 2 20
3 3 0
3 4 19
3 5 12
3 6 0
3 7 15
4 1 0
4 2 69
4 3 0
4 4 49
4 5 28
4 6 0
4 7 40
5 1 0
5 2 22
5 3 0
5 4 19
5 5 12
5 6 0
5 7 16
6 1 0
6 2 53
6 3 0
6 4 45
6 5 35
6 6 0
6 7 43
7 1 0
7 2 22
7 3 0
7 4 16
7 5 10
7 6 0
7 7 15
8 1 0
8 2 25
8 3 0
8 4 22
8 5 13
8 6 0
8 7 17
9 1 0
9 2 13
9 3 0
9 4 11
9 5 6
9 6 0
9 7 8
10 1 0
10 2 55
10 3 0
10 4 52
10 5 29
10 6 0
10 7 38
11 1 0
11 2 21
11 3 0
11 4 16
11 5 10
11 6 0
11 7 16
12 1 0
12 2 25
12 3 0
12 4 26
12 5 17
12 6 0
12 7 18
13 1 0
13 2 31
13 3 0
13 4 24
13 5 16
13 6 0
13 7 22
14 1 0
14 2 42
14 3 0
14 4 32
14 5 23
14 6 0
14 7 29
15 1 0
15 2 11
15 3 0
15 4 10
15 5 6
15 6 0
15 7 8
16 1 0
16 2 63
16 3 0
16 4 46
16 5 29
16 6 0
16 7 41
17 1 0
17 2 73
17 3 0
17 4 65
17 5 46
17 6 0
17 7 61
18 1 0
18 2 60
18 3 0
18 4 48
18 5 33
18 6 0
18 7 38
19 1 0
19 2 32
19 3 0
19 4 30
19 5 18
19 6 0
19 7 25
20 1 0
20 2 19
20 3 0
20 4 17
20 5 11
20 6 0
20 7 14

# Precedence Relations
1 11
2 7
3 6
3 7
4 5
4 6
5 11
7 8
7 9
7 10
8 11
9 11
10 12
10 13
11 14
11 15
11 16
11 17
15 19
15 20
16 18
17 19

# Parameters
R_e = 0.0500
T = 1000.0
C_s = 4.0
C_w = 36.0
C_c = 5.0
