# Tasks
1 2 3 4 5 6 7 8 9 10 11 12 13 14 15 16 17 18 19 20

# Workstations
1 2 3 4 5 6 7 8 9 10 11 12 13 14 15 16 17 18 19 20

# Modes
1 2 3 4 5 6 7

# Processing Times
1 1 88
1 2 76
1 3 97
1 4 84
1 5 83
1 6 124
1 7 107
2 1 95
2 2 82
2 3 105
2 4 91
2 5 90
2 6 134
2 7 116
3 1 105
3 2 90
3 3 116
3 4 99
3 5 99
3 6 148
3 7 127
4 1 140
4 2 120
4 3 154
4 4 132
4 5 132
4 6 197
4 7 169
5 1 114
5 2 98
5 3 126
5 4 108
5 5 107
5 6 161
5 7 138
6 1 123
6 2 105
6 3 136
6 4 116
6 5 116
6 6 173
6 7 148
7 1 250
7 2 214
7 3 275
7 4 236
7 5 235
7 6 352
7 7 301
8 1 90
8 2 77
8 3 99
8 4 85
8 5 85
8 6 127
8 7 109
9 1 61
9 2 53
9 3 68
9 4 59
9 5 58
9 6 86
9 7 75
10 1 107
10 2 92
10 3 118
10 4 102
10 5 101
10 6 151
10 7 130
11 1 68
11 2 58
11 3 75
11 4 64
11 5 64
11 6 96
11 7 82
12 1 155
12 2 133
12 3 171
12 4 147
12 5 146
12 6 218
12 7 187
13 1 142
13 2 122
13 3 157
13 4 135
13 5 134
13 6 200
13 7 172
14 1 21
14 2 18
14 3 24
14 4 20
14 5 20
14 6 30
14 7 26
15 1 106
15 2 91
15 3 117
15 4 100
15 5 100
15 6 149
15 7 128
16 1 67
16 2 58
16 3 74
16 4 64
16 5 63
16 6 95
16 7 82
17 1 52
17 2 45
17 3 58
17 4 50
17 5 49
17 6 74
17 7 64
18 1 55
18 2 47
18 3 61
18 4 52
18 5 52
18 6 78
18 7 67
19 1 51
19 2 44
19 3 57
19 4 49
19 5 48
19 6 72
19 7 62
20 1 82
20 2 70
20 3 91
20 4 77
20 5 77
20 6 116
20 7 99

# Energy Consumption
1 1 0
1 2 17
1 3 0
1 4 19
1 5 14
1 6 0
1 7 16
2 1 0
2 2 22
2 3 0
2 4 20
2 5 14
2 6 0
2 7 17
3 1 0
3 2 20
3 3 0
3 4 20
3 5 15
3 6 0
3 7 16
4 1 0
4 2 36
4 3 0
4 4 26
4 5 20
4 6 0
4 7 22
5 1 0
5 2 25
5 3 0
5 4 22
5 5 18
5 6 0
5 7 19
6 1 0
6 2 26
6 3 0
6 4 22
6 5 19
6 6 0
6 7 21
7 1 0
7 2 62
7 3 0
7 4 47
7 5 37
7 6 0
7 7 45
8 1 0
8 2 20
8 3 0
8 4 18
8 5 14
8 6 0
8 7 14
9 1 0
9 2 15
9 3 0
9 4 13
9 5 10
9 6 0
9 7 10
10 1 0
10 2 23
10 3 0
10 4 23
10 5 16
10 6 0
10 7 17
11 1 0
11 2 15
11 3 0
11 4 12
11 5 9
11 6 0
11 7 12
12 1 0
12 2 30
12 3 0
12 4 33
12 5 23
12 6 0
12 7 25
13 1 0
13 2 33
13 3 0
13 4 26
13 5 21
13 6 0
13 7 24
14 1 0
14 2 5
14 3 0
14 4 4
14 5 4
14 6 0
14 7 4
15 1 0
15 2 25
15 3 0
15 4 22
15 5 16
15 6 0
15 7 17
16 1 0
16 2 17
16 3 0
16 4 13
16 5 10
16 6 0
16 7 12
17 1 0
17 2 12
17 3 0
17 4 11
17 5 8
17 6 0
17 7 10
18 1 0
18 2 13
18 3 0
18 4 11
18 5 8
18 6 0
18 7 9
19 1 0
19 2 10
19 3 0
19 4 10
19 5 8
19 6 0
19 7 8
20 1 0
20 2 18
20 3 0
20 4 17
20 5 12
20 6 0
20 7 14

# Precedence Relations
1 4
2 6
3 5
3 6
4 7
5 7
5 8
6 7
7 9
7 11
7 12
8 10
8 11
8 20
9 13
10 16
12 14
12 15
12 19
13 17
14 20
15 18
16 19

# Parameters
R_e = 0.0500
T = 1000.0
C_s = 4.0
C_w = 36.0
C_c = 5.0
