# Tasks
1 2 3 4 5 6 7 8 9 10 11 12 13 14 15 16 17 18 19 20 21 22 23 24 25 26 27 28 29 30 31 32 33 34 35 36 37 38 39 40 41 42 43 44 45 46 47 48 49 50 51 52 53

# Workstations
1 2 3 4 5 6 7 8 9 10 11 12 13 14 15 16 17 18 19 20 21 22 23 24 25 26 27 28 29 30 31 32 33 34 35 36 37 38 39 40 41 42 43 44 45 46 47 48 49 50 51 52 53

# Modes
1 2 3 4 5 6 7

# Processing Times
1 1 971
1 2 951
1 3 1061
1 4 1040
1 5 798
1 6 1271
1 7 1245
2 1 142
2 2 133
2 3 154
2 4 144
2 5 132
2 6 192
2 7 180
3 1 142
3 2 147
3 3 151
3 4 156
3 5 122
3 6 205
3 7 213
4 1 142
4 2 139
4 3 154
4 4 151
4 5 122
4 6 190
4 7 186
5 1 103
5 2 111
5 3 112
5 4 120
5 5 87
5 6 139
5 7 149
6 1 96
6 2 86
6 3 105
6 4 94
6 5 82
6 6 124
6 7 111
7 1 99
7 2 98
7 3 106
7 4 105
7 5 82
7 6 133
7 7 132
8 1 1207
8 2 1208
8 3 1295
8 4 1296
8 5 1123
8 6 1720
8 7 1722
9 1 160
9 2 170
9 3 169
9 4 180
9 5 144
9 6 231
9 7 245
10 1 180
10 2 177
10 3 197
10 4 194
10 5 159
10 6 256
10 7 252
11 1 82
11 2 85
11 3 88
11 4 91
11 5 70
11 6 117
11 7 121
12 1 60
12 2 52
12 3 65
12 4 57
12 5 52
12 6 83
12 7 72
13 1 112
13 2 106
13 3 123
13 4 116
13 5 106
13 6 144
13 7 136
14 1 420
14 2 399
14 3 446
14 4 424
14 5 355
14 6 596
14 7 566
15 1 1556
15 2 1492
15 3 1688
15 4 1618
15 5 1334
15 6 2096
15 7 2009
16 1 236
16 2 256
16 3 256
16 4 278
16 5 211
16 6 328
16 7 355
17 1 259
17 2 239
17 3 275
17 4 253
17 5 222
17 6 337
17 7 311
18 1 125
18 2 113
18 3 132
18 4 120
18 5 111
18 6 162
18 7 147
19 1 601
19 2 655
19 3 636
19 4 694
19 5 506
19 6 811
19 7 884
20 1 80
20 2 69
20 3 86
20 4 74
20 5 70
20 6 116
20 7 100
21 1 80
21 2 76
21 3 88
21 4 84
21 5 75
21 6 106
21 7 101
22 1 70
22 2 65
22 3 75
22 4 69
22 5 62
22 6 90
22 7 83
23 1 89
23 2 95
23 3 96
23 4 102
23 5 74
23 6 116
23 7 123
24 1 89
24 2 80
24 3 94
24 4 85
24 5 82
24 6 114
24 7 103
25 1 105
25 2 106
25 3 113
25 4 114
25 5 92
25 6 147
25 7 148
26 1 330
26 2 347
26 3 359
26 4 378
26 5 312
26 6 453
26 7 476
27 1 132
27 2 121
27 3 146
27 4 134
27 5 112
27 6 174
27 7 159
28 1 69
28 2 60
28 3 74
28 4 65
28 5 65
28 6 98
28 7 85
29 1 99
29 2 88
29 3 106
29 4 95
29 5 81
29 6 126
29 7 112
30 1 70
30 2 62
30 3 77
30 4 68
30 5 58
30 6 101
30 7 89
31 1 70
31 2 73
31 3 74
31 4 77
31 5 57
31 6 97
31 7 101
32 1 158
32 2 154
32 3 167
32 4 163
32 5 128
32 6 220
32 7 215
33 1 191
33 2 180
33 3 209
33 4 197
33 5 181
33 6 245
33 7 231
34 1 70
34 2 67
34 3 77
34 4 73
34 5 63
34 6 91
34 7 87
35 1 53
35 2 53
35 3 59
35 4 59
35 5 46
35 6 73
35 7 73
36 1 50
36 2 49
36 3 53
36 4 52
36 5 44
36 6 66
36 7 65
37 1 125
37 2 128
37 3 134
37 4 137
37 5 108
37 6 175
37 7 179
38 1 353
38 2 336
38 3 384
38 4 365
38 5 332
38 6 487
38 7 464
39 1 70
39 2 73
39 3 76
39 4 80
39 5 66
39 6 93
39 7 97
40 1 128
40 2 120
40 3 136
40 4 128
40 5 107
40 6 172
40 7 161
41 1 65
41 2 69
41 3 70
41 4 74
41 5 53
41 6 94
41 7 100
42 1 1775
42 2 1848
42 3 1874
42 4 1951
42 5 1512
42 6 2418
42 7 2517
43 1 91
43 2 89
43 3 100
43 4 98
43 5 78
43 6 122
43 7 119
44 1 91
44 2 96
44 3 98
44 4 104
44 5 81
44 6 123
44 7 130
45 1 113
45 2 99
45 3 124
45 4 109
45 5 92
45 6 159
45 7 140
46 1 487
46 2 513
46 3 534
46 4 562
46 5 435
46 6 691
46 7 728
47 1 138
47 2 127
47 3 148
47 4 137
47 5 125
47 6 194
47 7 178
48 1 80
48 2 79
48 3 88
48 4 86
48 5 67
48 6 108
48 7 107
49 1 80
49 2 77
49 3 88
49 4 85
49 5 72
49 6 106
49 7 102
50 1 65
50 2 61
50 3 69
50 4 65
50 5 62
50 6 91
50 7 85
51 1 40
51 2 36
51 3 43
51 4 39
51 5 33
51 6 57
51 7 52
52 1 742
52 2 689
52 3 811
52 4 754
52 5 704
52 6 935
52 7 869
53 1 1085
53 2 1149
53 3 1174
53 4 1244
53 5 873
53 6 1400
53 7 1482

# Energy Consumption
1 1 0
1 2 211
1 3 0
1 4 226
1 5 128
1 6 0
1 7 179
2 1 0
2 2 36
2 3 0
2 4 32
2 5 21
2 6 0
2 7 26
3 1 0
3 2 33
3 3 0
3 4 31
3 5 18
3 6 0
3 7 27
4 1 0
4 2 42
4 3 0
4 4 29
4 5 18
4 6 0
4 7 24
5 1 0
5 2 28
5 3 0
5 4 25
5 5 14
5 6 0
5 7 20
6 1 0
6 2 21
6 3 0
6 4 18
6 5 13
6 6 0
6 7 16
7 1 0
7 2 29
7 3 0
7 4 21
7 5 13
7 6 0
7 7 20
8 1 0
8 2 310
8 3 0
8 4 266
8 5 177
8 6 0
8 7 219
9 1 0
9 2 46
9 3 0
9 4 39
9 5 23
9 6 0
9 7 30
10 1 0
10 2 44
10 3 0
10 4 43
10 5 25
10 6 0
10 7 33
11 1 0
11 2 22
11 3 0
11 4 17
11 5 10
11 6 0
11 7 17
12 1 0
12 2 12
12 3 0
12 4 13
12 5 8
12 6 0
12 7 10
13 1 0
13 2 29
13 3 0
13 4 22
13 5 17
13 6 0
13 7 19
14 1 0
14 2 108
14 3 0
14 4 82
14 5 57
14 6 0
14 7 75
15 1 0
15 2 410
15 3 0
15 4 348
15 5 204
15 6 0
15 7 261
16 1 0
16 2 73
16 3 0
16 4 53
16 5 34
16 6 0
16 7 51
17 1 0
17 2 59
17 3 0
17 4 52
17 5 35
17 6 0
17 7 46
18 1 0
18 2 31
18 3 0
18 4 25
18 5 18
18 6 0
18 7 19
19 1 0
19 2 148
19 3 0
19 4 137
19 5 75
19 6 0
19 7 108
20 1 0
20 2 18
20 3 0
20 4 16
20 5 11
20 6 0
20 7 14
21 1 0
21 2 21
21 3 0
21 4 18
21 5 12
21 6 0
21 7 15
22 1 0
22 2 17
22 3 0
22 4 15
22 5 10
22 6 0
22 7 13
23 1 0
23 2 27
23 3 0
23 4 22
23 5 12
23 6 0
23 7 17
24 1 0
24 2 21
24 3 0
24 4 16
24 5 14
24 6 0
24 7 14
25 1 0
25 2 29
25 3 0
25 4 24
25 5 13
25 6 0
25 7 19
26 1 0
26 2 100
26 3 0
26 4 83
26 5 48
26 6 0
26 7 62
27 1 0
27 2 31
27 3 0
27 4 26
27 5 18
27 6 0
27 7 23
28 1 0
28 2 15
28 3 0
28 4 14
28 5 10
28 6 0
28 7 11
29 1 0
29 2 22
29 3 0
29 4 19
29 5 13
29 6 0
29 7 15
30 1 0
30 2 17
30 3 0
30 4 15
30 5 9
30 6 0
30 7 11
31 1 0
31 2 20
31 3 0
31 4 14
31 5 9
31 6 0
31 7 16
32 1 0
32 2 43
32 3 0
32 4 30
32 5 20
32 6 0
32 7 28
33 1 0
33 2 54
33 3 0
33 4 38
33 5 29
33 6 0
33 7 33
34 1 0
34 2 20
34 3 0
34 4 16
34 5 10
34 6 0
34 7 11
35 1 0
35 2 15
35 3 0
35 4 13
35 5 7
35 6 0
35 7 9
36 1 0
36 2 12
36 3 0
36 4 11
36 5 8
36 6 0
36 7 10
37 1 0
37 2 36
37 3 0
37 4 30
37 5 17
37 6 0
37 7 24
38 1 0
38 2 75
38 3 0
38 4 75
38 5 52
38 6 0
38 7 59
39 1 0
39 2 22
39 3 0
39 4 17
39 5 10
39 6 0
39 7 13
40 1 0
40 2 33
40 3 0
40 4 24
40 5 17
40 6 0
40 7 22
41 1 0
41 2 17
41 3 0
41 4 15
41 5 8
41 6 0
41 7 14
42 1 0
42 2 425
42 3 0
42 4 385
42 5 218
42 6 0
42 7 322
43 1 0
43 2 20
43 3 0
43 4 22
43 5 12
43 6 0
43 7 17
44 1 0
44 2 24
44 3 0
44 4 23
44 5 12
44 6 0
44 7 19
45 1 0
45 2 28
45 3 0
45 4 20
45 5 14
45 6 0
45 7 21
46 1 0
46 2 154
46 3 0
46 4 118
46 5 63
46 6 0
46 7 103
47 1 0
47 2 31
47 3 0
47 4 29
47 5 20
47 6 0
47 7 24
48 1 0
48 2 24
48 3 0
48 4 17
48 5 11
48 6 0
48 7 14
49 1 0
49 2 20
49 3 0
49 4 19
49 5 12
49 6 0
49 7 14
50 1 0
50 2 18
50 3 0
50 4 14
50 5 10
50 6 0
50 7 12
51 1 0
51 2 10
51 3 0
51 4 9
51 5 5
51 6 0
51 7 8
52 1 0
52 2 187
52 3 0
52 4 151
52 5 103
52 6 0
52 7 120
53 1 0
53 2 326
53 3 0
53 4 258
53 5 135
53 6 0
53 7 205

# Precedence Relations
1 2
1 3
1 4
1 5
1 6
1 7
2 36
3 36
4 9
5 9
6 9
7 9
8 9
9 10
10 11
11 12
12 13
12 14
12 15
13 16
13 17
13 18
14 22
15 16
15 17
16 29
16 30
16 31
17 19
18 42
19 20
19 21
19 22
20 23
21 24
22 25
23 36
24 36
25 26
26 27
27 28
28 29
28 30
28 31
28 32
28 33
28 34
29 35
30 35
31 35
32 35
33 35
34 35
35 36
36 37
37 38
37 39
37 40
38 41
39 41
40 41
41 42
42 43
42 44
42 45
42 46
42 47
43 48
44 49
45 51
45 52
46 50
47 51
47 52
48 51
48 52
49 51
49 52
50 51
50 52
51 53
52 53

# Parameters
R_e = 0.0500
T = 2806.0
C_s = 4.0
C_w = 36.0
C_c = 5.0
