# Tasks
1 2 3 4 5 6 7 8 9 10 11 12 13 14 15 16 17 18 19 20 21 22 23 24 25 26 27 28 29 30 31 32 33 34 35 36 37 38 39 40 41 42 43 44 45 46 47 48 49 50

# Workstations
1 2 3 4 5 6 7 8 9 10 11 12 13 14 15 16 17 18 19 20 21 22 23 24 25 26 27 28 29 30 31 32 33 34 35 36 37 38 39 40 41 42 43 44 45 46 47 48 49 50

# Modes
1 2 3 4 5 6 7

# Processing Times
1 1 44
1 2 47
1 3 38
1 4 40
1 5 19
1 6 48
1 7 51
2 1 83
2 2 90
2 3 76
2 4 83
2 5 37
2 6 86
2 7 93
3 1 495
3 2 515
3 3 432
3 4 449
3 5 180
3 6 496
3 7 516
4 1 256
4 2 255
4 3 239
4 4 238
4 5 94
4 6 275
4 7 274
5 1 109
5 2 119
5 3 93
5 4 102
5 5 37
5 6 115
5 7 126
6 1 224
6 2 199
6 3 193
6 4 172
6 5 73
6 6 229
6 7 204
7 1 297
7 2 265
7 3 268
7 4 239
7 5 97
7 6 316
7 7 282
8 1 30
8 2 30
8 3 28
8 4 28
8 5 10
8 6 33
8 7 33
9 1 105
9 2 106
9 3 95
9 4 96
9 5 34
9 6 107
9 7 108
10 1 432
10 2 372
10 3 395
10 4 340
10 5 133
10 6 464
10 7 400
11 1 264
11 2 243
11 3 241
11 4 222
11 5 83
11 6 275
11 7 254
12 1 104
12 2 112
12 3 99
12 4 107
12 5 45
12 6 114
12 7 122
13 1 240
13 2 236
13 3 216
13 4 213
13 5 80
13 6 242
13 7 238
14 1 128
14 2 124
14 3 118
14 4 114
14 5 48
14 6 132
14 7 128
15 1 92
15 2 89
15 3 83
15 4 81
15 5 37
15 6 93
15 7 90
16 1 69
16 2 62
16 3 63
16 4 57
16 5 25
16 6 74
16 7 66
17 1 110
17 2 101
17 3 101
17 4 93
17 5 45
17 6 112
17 7 103
18 1 335
18 2 360
18 3 304
18 4 327
18 5 130
18 6 342
18 7 368
19 1 109
19 2 117
19 3 94
19 4 101
19 5 39
19 6 111
19 7 119
20 1 26
20 2 27
20 3 23
20 4 24
20 5 9
20 6 27
20 7 28
21 1 158
21 2 154
21 3 140
21 4 137
21 5 56
21 6 169
21 7 164
22 1 66
22 2 67
22 3 57
22 4 58
22 5 25
22 6 67
22 7 68
23 1 480
23 2 427
23 3 434
23 4 386
23 5 146
23 6 509
23 7 453
24 1 53
24 2 46
24 3 49
24 4 42
24 5 20
24 6 58
24 7 50
25 1 578
25 2 590
25 3 511
25 4 521
25 5 194
25 6 613
25 7 626
26 1 292
26 2 298
26 3 259
26 4 265
26 5 95
26 6 314
26 7 320
27 1 188
27 2 161
27 3 171
27 4 147
27 5 70
27 6 193
27 7 165
28 1 94
28 2 96
28 3 86
28 4 88
28 5 40
28 6 96
28 7 98
29 1 150
29 2 149
29 3 135
29 4 134
29 5 56
29 6 152
29 7 151
30 1 179
30 2 168
30 3 165
30 4 155
30 5 62
30 6 186
30 7 175
31 1 442
31 2 420
31 3 407
31 4 387
31 5 198
31 6 480
31 7 456
32 1 193
32 2 193
32 3 167
32 4 167
32 5 62
32 6 200
32 7 200
33 1 49
33 2 51
33 3 45
33 4 47
33 5 16
33 6 53
33 7 55
34 1 143
34 2 154
34 3 125
34 4 135
34 5 64
34 6 148
34 7 159
35 1 89
35 2 90
35 3 83
35 4 84
35 5 37
35 6 92
35 7 93
36 1 259
36 2 266
36 3 225
36 4 232
36 5 114
36 6 269
36 7 277
37 1 185
37 2 180
37 3 164
37 4 160
37 5 67
37 6 202
37 7 196
38 1 280
38 2 256
38 3 243
38 4 222
38 5 122
38 6 291
38 7 266
39 1 424
39 2 392
39 3 391
39 4 362
39 5 182
39 6 435
39 7 402
40 1 33
40 2 36
40 3 31
40 4 34
40 5 14
40 6 34
40 7 37
41 1 172
41 2 153
41 3 161
41 4 143
41 5 70
41 6 189
41 7 168
42 1 171
42 2 178
42 3 157
42 4 163
42 5 64
42 6 174
42 7 181
43 1 169
43 2 152
43 3 156
43 4 140
43 5 60
43 6 177
43 7 159
44 1 327
44 2 311
44 3 292
44 4 278
44 5 141
44 6 356
44 7 338
45 1 482
45 2 513
45 3 455
45 4 485
45 5 180
45 6 528
45 7 562
46 1 287
46 2 285
46 3 262
46 4 260
46 5 91
46 6 299
46 7 297
47 1 83
47 2 89
47 3 78
47 4 83
47 5 28
47 6 87
47 7 93
48 1 425
48 2 439
48 3 386
48 4 398
48 5 187
48 6 442
48 7 457
49 1 152
49 2 161
49 3 137
49 4 146
49 5 58
49 6 157
49 7 166
50 1 374
50 2 392
50 3 328
50 4 344
50 5 156
50 6 387
50 7 405

# Energy Consumption
1 1 0
1 2 12
1 3 0
1 4 8
1 5 3
1 6 0
1 7 8
2 1 0
2 2 22
2 3 0
2 4 17
2 5 6
2 6 0
2 7 13
3 1 0
3 2 125
3 3 0
3 4 82
3 5 27
3 6 0
3 7 76
4 1 0
4 2 75
4 3 0
4 4 44
4 5 14
4 6 0
4 7 40
5 1 0
5 2 36
5 3 0
5 4 21
5 5 6
5 6 0
5 7 18
6 1 0
6 2 58
6 3 0
6 4 33
6 5 11
6 6 0
6 7 28
7 1 0
7 2 61
7 3 0
7 4 51
7 5 15
7 6 0
7 7 41
8 1 0
8 2 9
8 3 0
8 4 6
8 5 2
8 6 0
8 7 5
9 1 0
9 2 27
9 3 0
9 4 20
9 5 6
9 6 0
9 7 16
10 1 0
10 2 94
10 3 0
10 4 72
10 5 20
10 6 0
10 7 54
11 1 0
11 2 58
11 3 0
11 4 48
11 5 13
11 6 0
11 7 36
12 1 0
12 2 28
12 3 0
12 4 23
12 5 7
12 6 0
12 7 18
13 1 0
13 2 58
13 3 0
13 4 42
13 5 13
13 6 0
13 7 31
14 1 0
14 2 31
14 3 0
14 4 22
14 5 8
14 6 0
14 7 16
15 1 0
15 2 27
15 3 0
15 4 18
15 5 6
15 6 0
15 7 12
16 1 0
16 2 15
16 3 0
16 4 11
16 5 4
16 6 0
16 7 9
17 1 0
17 2 29
17 3 0
17 4 20
17 5 7
17 6 0
17 7 16
18 1 0
18 2 82
18 3 0
18 4 69
18 5 20
18 6 0
18 7 51
19 1 0
19 2 26
19 3 0
19 4 22
19 5 7
19 6 0
19 7 18
20 1 0
20 2 8
20 3 0
20 4 5
20 5 2
20 6 0
20 7 5
21 1 0
21 2 37
21 3 0
21 4 26
21 5 9
21 6 0
21 7 20
22 1 0
22 2 16
22 3 0
22 4 13
22 5 4
22 6 0
22 7 10
23 1 0
23 2 124
23 3 0
23 4 80
23 5 22
23 6 0
23 7 68
24 1 0
24 2 12
24 3 0
24 4 9
24 5 3
24 6 0
24 7 7
25 1 0
25 2 144
25 3 0
25 4 99
25 5 30
25 6 0
25 7 85
26 1 0
26 2 75
26 3 0
26 4 55
26 5 14
26 6 0
26 7 42
27 1 0
27 2 47
27 3 0
27 4 33
27 5 11
27 6 0
27 7 23
28 1 0
28 2 28
28 3 0
28 4 20
28 5 7
28 6 0
28 7 12
29 1 0
29 2 37
29 3 0
29 4 29
29 5 9
29 6 0
29 7 21
30 1 0
30 2 45
30 3 0
30 4 33
30 5 10
30 6 0
30 7 25
31 1 0
31 2 109
31 3 0
31 4 71
31 5 29
31 6 0
31 7 66
32 1 0
32 2 53
32 3 0
32 4 36
32 5 10
32 6 0
32 7 25
33 1 0
33 2 12
33 3 0
33 4 11
33 5 3
33 6 0
33 7 7
34 1 0
34 2 43
34 3 0
34 4 27
34 5 10
34 6 0
34 7 21
35 1 0
35 2 25
35 3 0
35 4 17
35 5 6
35 6 0
35 7 13
36 1 0
36 2 63
36 3 0
36 4 49
36 5 17
36 6 0
36 7 38
37 1 0
37 2 52
37 3 0
37 4 35
37 5 10
37 6 0
37 7 30
38 1 0
38 2 59
38 3 0
38 4 46
38 5 19
38 6 0
38 7 36
39 1 0
39 2 107
39 3 0
39 4 67
39 5 26
39 6 0
39 7 56
40 1 0
40 2 9
40 3 0
40 4 8
40 5 2
40 6 0
40 7 5
41 1 0
41 2 36
41 3 0
41 4 29
41 5 11
41 6 0
41 7 24
42 1 0
42 2 45
42 3 0
42 4 35
42 5 11
42 6 0
42 7 24
43 1 0
43 2 39
43 3 0
43 4 29
43 5 9
43 6 0
43 7 20
44 1 0
44 2 87
44 3 0
44 4 55
44 5 22
44 6 0
44 7 47
45 1 0
45 2 154
45 3 0
45 4 97
45 5 27
45 6 0
45 7 75
46 1 0
46 2 76
46 3 0
46 4 50
46 5 15
46 6 0
46 7 41
47 1 0
47 2 25
47 3 0
47 4 16
47 5 5
47 6 0
47 7 13
48 1 0
48 2 99
48 3 0
48 4 73
48 5 30
48 6 0
48 7 58
49 1 0
49 2 47
49 3 0
49 4 32
49 5 10
49 6 0
49 7 23
50 1 0
50 2 106
50 3 0
50 4 66
50 5 22
50 6 0
50 7 58

# Precedence Relations
1 16
2 12
3 7
3 8
3 10
4 11
5 6
5 9
6 20
7 20
9 13
9 18
9 19
11 14
11 16
11 17
12 15
13 20
14 20
15 21
15 22
15 24
18 23
18 25
20 26
20 27
20 28
20 29
20 30
20 49
21 32
22 33
23 31
24 34
26 36
27 39
31 35
32 37
33 38
35 42
36 41
37 40
38 43
38 44
40 45
41 46
42 49
42 50
43 47
44 48

# Parameters
R_e = 0.0500
T = 1000.0
C_s = 4.0
C_w = 36.0
C_c = 5.0
