# Tasks
1 2 3 4 5 6 7 8 9 10 11 12 13 14 15 16 17 18 19 20 21 22 23 24 25 26 27 28 29 30 31 32 33 34 35 36 37 38 39 40 41 42 43 44 45 46 47 48 49 50 51 52 53 54 55 56 57 58 59 60 61 62 63 64 65 66 67 68 69 70 71 72 73 74 75 76 77 78 79 80 81 82 83

# Workstations
1 2 3 4 5 6 7 8 9 10 11 12 13 14 15 16 17 18 19 20 21 22 23 24 25 26 27 28 29 30 31 32 33 34 35 36 37 38 39 40 41 42 43 44 45 46 47 48 49 50 51 52 53 54 55 56 57 58 59 60 61 62 63 64 65 66 67 68 69 70 71 72 73 74 75 76 77 78 79 80 81 82 83

# Modes
1 2 3 4 5 6 7

# Processing Times
1 1 1673
1 2 3384
1 3 1785
1 4 3609
1 5 656
1 6 1959
1 7 3962
2 1 985
2 2 2062
2 3 1083
2 4 2266
2 5 433
2 6 1171
2 7 2452
3 1 1836
3 2 3434
3 3 1970
3 4 3684
3 5 741
3 6 2036
3 7 3808
4 1 973
4 2 2169
4 3 1065
4 4 2374
4 5 410
4 6 1158
4 7 2581
5 1 1700
5 2 3589
5 3 1805
5 4 3810
5 5 542
5 6 2028
5 7 4281
6 1 2881
6 2 7053
6 3 3148
6 4 7705
6 5 1011
6 6 3208
6 7 7853
7 1 2231
7 2 5549
7 3 2449
7 4 6091
7 5 901
7 6 2695
7 7 6703
8 1 1040
8 2 2408
8 3 1143
8 4 2646
8 5 463
8 6 1192
8 7 2760
9 1 1793
9 2 4357
9 3 1906
9 4 4632
9 5 599
9 6 2072
9 7 5034
10 1 1250
10 2 2888
10 3 1320
10 4 3048
10 5 434
10 6 1434
10 7 3313
11 1 700
11 2 1303
11 3 752
11 4 1400
11 5 267
11 6 832
11 7 1549
12 1 464
12 2 1063
12 3 491
12 4 1125
12 5 150
12 6 580
12 7 1327
13 1 500
13 2 964
13 3 534
13 4 1029
13 5 223
13 6 594
13 7 1144
14 1 1133
14 2 2221
14 3 1208
14 4 2368
14 5 506
14 6 1361
14 7 2667
15 1 577
15 2 1265
15 3 620
15 4 1359
15 5 185
15 6 679
15 7 1489
16 1 483
16 2 983
16 3 509
16 4 1035
16 5 214
16 6 539
16 7 1096
17 1 880
17 2 1731
17 3 950
17 4 1868
17 5 295
17 6 1003
17 7 1972
18 1 667
18 2 1473
18 3 705
18 4 1557
18 5 245
18 6 804
18 7 1776
19 1 600
19 2 1364
19 3 659
19 4 1498
19 5 245
19 6 712
19 7 1617
20 1 233
20 2 494
20 3 246
20 4 522
20 5 93
20 6 261
20 7 553
21 1 408
21 2 771
21 3 438
21 4 828
21 5 130
21 6 454
21 7 857
22 1 847
22 2 2039
22 3 907
22 4 2183
22 5 276
22 6 962
22 7 2316
23 1 767
23 2 1871
23 3 828
23 4 2018
23 5 273
23 6 845
23 7 2061
24 1 850
24 2 1931
24 3 896
24 4 2034
24 5 297
24 6 1023
24 7 2323
25 1 780
25 2 1838
25 3 854
25 4 2011
25 5 346
25 6 955
25 7 2250
26 1 912
26 2 1682
26 3 985
26 4 1817
26 5 294
26 6 1074
26 7 1980
27 1 748
27 2 1537
27 3 812
27 4 1669
27 5 335
27 6 909
27 7 1867
28 1 1863
28 2 4595
28 3 2007
28 4 4950
28 5 681
28 6 2313
28 7 5704
29 1 714
29 2 1527
29 3 753
29 4 1609
29 5 321
29 6 858
29 7 1834
30 1 1004
30 2 2254
30 3 1096
30 4 2459
30 5 354
30 6 1144
30 7 2568
31 1 713
31 2 1511
31 3 764
31 4 1618
31 5 259
31 6 818
31 7 1733
32 1 642
32 2 1324
32 3 703
32 4 1450
32 5 248
32 6 734
32 7 1514
33 1 629
33 2 1319
33 3 681
33 4 1427
33 5 223
33 6 708
33 7 1483
34 1 1234
34 2 2272
34 3 1341
34 4 2468
34 5 452
34 6 1543
34 7 2840
35 1 1143
35 2 2662
35 3 1244
35 4 2896
35 5 466
35 6 1280
35 7 2980
36 1 1266
36 2 2784
36 3 1342
36 4 2950
36 5 415
36 6 1441
36 7 3169
37 1 792
37 2 1632
37 3 834
37 4 1718
37 5 350
37 6 916
37 7 1886
38 1 1251
38 2 2947
38 3 1370
38 4 3226
38 5 414
38 6 1387
38 7 3268
39 1 1310
39 2 2683
39 3 1426
39 4 2920
39 5 473
39 6 1467
39 7 3004
40 1 663
40 2 1319
40 3 708
40 4 1408
40 5 248
40 6 825
40 7 1642
41 1 494
41 2 1006
41 3 540
41 4 1099
41 5 165
41 6 561
41 7 1142
42 1 1288
42 2 2570
42 3 1412
42 4 2818
42 5 549
42 6 1536
42 7 3064
43 1 792
43 2 1922
43 3 869
43 4 2108
43 5 332
43 6 959
43 7 2326
44 1 578
44 2 1141
44 3 628
44 4 1239
44 5 223
44 6 642
44 7 1267
45 1 594
45 2 1445
45 3 648
45 4 1575
45 5 200
45 6 654
45 7 1591
46 1 578
46 2 1251
46 3 632
46 4 1367
46 5 225
46 6 648
46 7 1401
47 1 622
47 2 1277
47 3 679
47 4 1393
47 5 213
47 6 752
47 7 1543
48 1 578
48 2 1212
48 3 635
48 4 1331
48 5 184
48 6 698
48 7 1462
49 1 564
49 2 1269
49 3 607
49 4 1364
49 5 224
49 6 685
49 7 1540
50 1 578
50 2 1043
50 3 621
50 4 1120
50 5 219
50 6 669
50 7 1207
51 1 578
51 2 1278
51 3 608
51 4 1343
51 5 258
51 6 637
51 7 1407
52 1 578
52 2 1356
52 3 627
52 4 1470
52 5 194
52 6 638
52 7 1497
53 1 578
53 2 1334
53 3 632
53 4 1459
53 5 234
53 6 683
53 7 1576
54 1 578
54 2 1255
54 3 617
54 4 1338
54 5 258
54 6 666
54 7 1445
55 1 578
55 2 1224
55 3 614
55 4 1300
55 5 259
55 6 704
55 7 1489
56 1 578
56 2 1403
56 3 617
56 4 1498
56 5 243
56 6 654
56 7 1587
57 1 578
57 2 1377
57 3 609
57 4 1450
57 5 204
57 6 710
57 7 1690
58 1 578
58 2 1194
58 3 617
58 4 1274
58 5 180
58 6 680
58 7 1404
59 1 578
59 2 1117
59 3 632
59 4 1221
59 5 207
59 6 654
59 7 1263
60 1 578
60 2 1226
60 3 629
60 4 1334
60 5 207
60 6 643
60 7 1364
61 1 578
61 2 1125
61 3 614
61 4 1194
61 5 242
61 6 695
61 7 1352
62 1 578
62 2 1302
62 3 624
62 4 1406
62 5 229
62 6 676
62 7 1522
63 1 578
63 2 1145
63 3 620
63 4 1227
63 5 232
63 6 682
63 7 1350
64 1 578
64 2 1189
64 3 613
64 4 1260
64 5 260
64 6 649
64 7 1334
65 1 578
65 2 1341
65 3 621
65 4 1440
65 5 249
65 6 660
65 7 1532
66 1 578
66 2 1149
66 3 630
66 4 1252
66 5 190
66 6 654
66 7 1299
67 1 578
67 2 1301
67 3 623
67 4 1401
67 5 176
67 6 672
67 7 1511
68 1 578
68 2 1089
68 3 618
68 4 1165
68 5 240
68 6 649
68 7 1223
69 1 467
69 2 974
69 3 501
69 4 1044
69 5 148
69 6 565
69 7 1177
70 1 887
70 2 2210
70 3 954
70 4 2375
70 5 370
70 6 1050
70 7 2616
71 1 396
71 2 984
71 3 418
71 4 1038
71 5 139
71 6 490
71 7 1217
72 1 1296
72 2 3058
72 3 1388
72 4 3274
72 5 466
72 6 1434
72 7 3383
73 1 1100
73 2 2383
73 3 1162
73 4 2516
73 5 428
73 6 1243
73 7 2691
74 1 2543
74 2 5845
74 3 2753
74 4 6327
74 5 883
74 6 3178
74 7 7304
75 1 764
75 2 1771
75 3 833
75 4 1930
75 5 287
75 6 885
75 7 2050
76 1 357
76 2 851
76 3 388
76 4 924
76 5 110
76 6 399
76 7 949
77 1 701
77 2 1628
77 3 742
77 4 1723
77 5 306
77 6 845
77 7 1962
78 1 1164
78 2 2686
78 3 1263
78 4 2914
78 5 441
78 6 1354
78 7 3124
79 1 286
79 2 694
79 3 305
79 4 740
79 5 112
79 6 323
79 7 783
80 1 2100
80 2 4218
80 3 2229
80 4 4477
80 5 710
80 6 2348
80 7 4715
81 1 450
81 2 1068
81 3 495
81 4 1175
81 5 183
81 6 540
81 7 1282
82 1 1300
82 2 3035
82 3 1422
82 4 3320
82 5 547
82 6 1446
82 7 3374
83 1 3691
83 2 8957
83 3 3889
83 4 9438
83 5 1264
83 6 4145
83 7 10057

# Energy Consumption
1 1 0
1 2 838
1 3 0
1 4 789
1 5 97
1 6 0
1 7 573
2 1 0
2 2 516
2 3 0
2 4 488
2 5 68
2 6 0
2 7 338
3 1 0
3 2 775
3 3 0
3 4 710
3 5 112
3 6 0
3 7 466
4 1 0
4 2 615
4 3 0
4 4 513
4 5 62
4 6 0
4 7 335
5 1 0
5 2 920
5 3 0
5 4 801
5 5 84
5 6 0
5 7 571
6 1 0
6 2 1605
6 3 0
6 4 1439
6 5 149
6 6 0
6 7 1084
7 1 0
7 2 1606
7 3 0
7 4 1220
7 5 127
7 6 0
7 7 936
8 1 0
8 2 629
8 3 0
8 4 519
8 5 66
8 6 0
8 7 389
9 1 0
9 2 1191
9 3 0
9 4 994
9 5 84
9 6 0
9 7 748
10 1 0
10 2 744
10 3 0
10 4 621
10 5 63
10 6 0
10 7 435
11 1 0
11 2 298
11 3 0
11 4 253
11 5 41
11 6 0
11 7 233
12 1 0
12 2 254
12 3 0
12 4 212
12 5 24
12 6 0
12 7 182
13 1 0
13 2 249
13 3 0
13 4 207
13 5 32
13 6 0
13 7 148
14 1 0
14 2 659
14 3 0
14 4 472
14 5 73
14 6 0
14 7 387
15 1 0
15 2 370
15 3 0
15 4 284
15 5 30
15 6 0
15 7 184
16 1 0
16 2 238
16 3 0
16 4 219
16 5 31
16 6 0
16 7 136
17 1 0
17 2 479
17 3 0
17 4 374
17 5 43
17 6 0
17 7 274
18 1 0
18 2 362
18 3 0
18 4 304
18 5 39
18 6 0
18 7 253
19 1 0
19 2 347
19 3 0
19 4 305
19 5 39
19 6 0
19 7 223
20 1 0
20 2 139
20 3 0
20 4 102
20 5 15
20 6 0
20 7 79
21 1 0
21 2 212
21 3 0
21 4 181
21 5 19
21 6 0
21 7 112
22 1 0
22 2 547
22 3 0
22 4 394
22 5 40
22 6 0
22 7 336
23 1 0
23 2 473
23 3 0
23 4 372
23 5 43
23 6 0
23 7 304
24 1 0
24 2 470
24 3 0
24 4 424
24 5 44
24 6 0
24 7 295
25 1 0
25 2 501
25 3 0
25 4 401
25 5 49
25 6 0
25 7 296
26 1 0
26 2 415
26 3 0
26 4 335
26 5 43
26 6 0
26 7 266
27 1 0
27 2 450
27 3 0
27 4 331
27 5 52
27 6 0
27 7 238
28 1 0
28 2 1341
28 3 0
28 4 1063
28 5 107
28 6 0
28 7 750
29 1 0
29 2 422
29 3 0
29 4 336
29 5 51
29 6 0
29 7 250
30 1 0
30 2 620
30 3 0
30 4 526
30 5 56
30 6 0
30 7 369
31 1 0
31 2 351
31 3 0
31 4 310
31 5 41
31 6 0
31 7 235
32 1 0
32 2 301
32 3 0
32 4 292
32 5 38
32 6 0
32 7 183
33 1 0
33 2 326
33 3 0
33 4 290
33 5 35
33 6 0
33 7 190
34 1 0
34 2 551
34 3 0
34 4 504
34 5 68
34 6 0
34 7 411
35 1 0
35 2 690
35 3 0
35 4 630
35 5 70
35 6 0
35 7 361
36 1 0
36 2 712
36 3 0
36 4 564
36 5 66
36 6 0
36 7 417
37 1 0
37 2 378
37 3 0
37 4 351
37 5 52
37 6 0
37 7 252
38 1 0
38 2 845
38 3 0
38 4 603
38 5 60
38 6 0
38 7 465
39 1 0
39 2 696
39 3 0
39 4 548
39 5 70
39 6 0
39 7 411
40 1 0
40 2 369
40 3 0
40 4 301
40 5 36
40 6 0
40 7 208
41 1 0
41 2 236
41 3 0
41 4 209
41 5 25
41 6 0
41 7 156
42 1 0
42 2 756
42 3 0
42 4 559
42 5 83
42 6 0
42 7 447
43 1 0
43 2 453
43 3 0
43 4 459
43 5 51
43 6 0
43 7 292
44 1 0
44 2 264
44 3 0
44 4 260
44 5 34
44 6 0
44 7 177
45 1 0
45 2 411
45 3 0
45 4 299
45 5 30
45 6 0
45 7 202
46 1 0
46 2 361
46 3 0
46 4 301
46 5 36
46 6 0
46 7 172
47 1 0
47 2 304
47 3 0
47 4 267
47 5 35
47 6 0
47 7 219
48 1 0
48 2 328
48 3 0
48 4 268
48 5 27
48 6 0
48 7 201
49 1 0
49 2 358
49 3 0
49 4 259
49 5 36
49 6 0
49 7 192
50 1 0
50 2 253
50 3 0
50 4 239
50 5 35
50 6 0
50 7 146
51 1 0
51 2 304
51 3 0
51 4 249
51 5 40
51 6 0
51 7 209
52 1 0
52 2 358
52 3 0
52 4 279
52 5 29
52 6 0
52 7 192
53 1 0
53 2 330
53 3 0
53 4 289
53 5 35
53 6 0
53 7 204
54 1 0
54 2 368
54 3 0
54 4 292
54 5 39
54 6 0
54 7 207
55 1 0
55 2 329
55 3 0
55 4 280
55 5 42
55 6 0
55 7 208
56 1 0
56 2 386
56 3 0
56 4 294
56 5 38
56 6 0
56 7 193
57 1 0
57 2 332
57 3 0
57 4 281
57 5 32
57 6 0
57 7 241
58 1 0
58 2 296
58 3 0
58 4 256
58 5 28
58 6 0
58 7 197
59 1 0
59 2 275
59 3 0
59 4 242
59 5 30
59 6 0
59 7 168
60 1 0
60 2 356
60 3 0
60 4 259
60 5 33
60 6 0
60 7 185
61 1 0
61 2 321
61 3 0
61 4 260
61 5 36
61 6 0
61 7 172
62 1 0
62 2 337
62 3 0
62 4 254
62 5 35
62 6 0
62 7 210
63 1 0
63 2 263
63 3 0
63 4 229
63 5 35
63 6 0
63 7 180
64 1 0
64 2 336
64 3 0
64 4 255
64 5 41
64 6 0
64 7 171
65 1 0
65 2 368
65 3 0
65 4 275
65 5 39
65 6 0
65 7 222
66 1 0
66 2 282
66 3 0
66 4 259
66 5 30
66 6 0
66 7 183
67 1 0
67 2 346
67 3 0
67 4 288
67 5 28
67 6 0
67 7 194
68 1 0
68 2 297
68 3 0
68 4 256
68 5 35
68 6 0
68 7 150
69 1 0
69 2 288
69 3 0
69 4 229
69 5 24
69 6 0
69 7 169
70 1 0
70 2 635
70 3 0
70 4 488
70 5 58
70 6 0
70 7 357
71 1 0
71 2 295
71 3 0
71 4 222
71 5 21
71 6 0
71 7 162
72 1 0
72 2 749
72 3 0
72 4 683
72 5 73
72 6 0
72 7 412
73 1 0
73 2 560
73 3 0
73 4 541
73 5 69
73 6 0
73 7 384
74 1 0
74 2 1698
74 3 0
74 4 1386
74 5 138
74 6 0
74 7 929
75 1 0
75 2 494
75 3 0
75 4 356
75 5 43
75 6 0
75 7 258
76 1 0
76 2 237
76 3 0
76 4 191
76 5 17
76 6 0
76 7 133
77 1 0
77 2 386
77 3 0
77 4 357
77 5 48
77 6 0
77 7 292
78 1 0
78 2 729
78 3 0
78 4 528
78 5 69
78 6 0
78 7 448
79 1 0
79 2 206
79 3 0
79 4 135
79 5 17
79 6 0
79 7 108
80 1 0
80 2 1113
80 3 0
80 4 831
80 5 114
80 6 0
80 7 703
81 1 0
81 2 289
81 3 0
81 4 249
81 5 28
81 6 0
81 7 165
82 1 0
82 2 872
82 3 0
82 4 626
82 5 87
82 6 0
82 7 455
83 1 0
83 2 2449
83 3 0
83 4 1773
83 5 188
83 6 0
83 7 1224

# Precedence Relations
1 2
2 3
2 4
2 5
3 6
4 6
4 7
5 8
6 9
6 10
7 11
8 77
8 78
9 12
10 13
10 14
10 25
11 15
12 16
13 17
13 18
13 20
14 19
15 20
15 39
16 77
16 78
17 21
17 22
17 28
18 23
19 24
20 26
21 27
22 27
23 74
24 28
24 29
25 32
26 74
27 69
28 32
29 30
30 31
31 39
32 33
32 34
32 35
32 36
33 37
34 77
34 78
35 77
35 78
36 38
36 39
37 40
38 41
39 42
39 43
39 44
39 75
40 77
40 78
41 45
42 77
42 78
43 77
43 78
44 46
45 47
46 48
47 49
48 50
49 69
50 51
51 52
52 53
53 54
54 55
55 56
56 57
57 58
58 59
59 60
60 61
61 62
62 63
63 64
64 65
65 66
66 67
67 68
68 74
68 75
69 70
69 71
70 72
71 73
72 73
73 74
73 75
74 76
75 76
76 77
76 78
77 79
78 79
79 80
79 81
80 82
81 83
82 83

# Parameters
R_e = 0.0500
T = 7916.0
C_s = 4.0
C_w = 36.0
C_c = 5.0
