# Tasks
1 2 3 4 5 6 7 8 9 10 11 12 13 14 15 16 17 18 19 20

# Workstations
1 2 3 4 5 6 7 8 9 10 11 12 13 14 15 16 17 18 19 20

# Modes
1 2 3 4 5 6 7

# Processing Times
1 1 209
1 2 427
1 3 224
1 4 457
1 5 93
1 6 256
1 7 523
2 1 93
2 2 190
2 3 100
2 4 203
2 5 42
2 6 114
2 7 233
3 1 197
3 2 403
3 3 211
3 4 431
3 5 88
3 6 241
3 7 493
4 1 223
4 2 456
4 3 239
4 4 488
4 5 99
4 6 273
4 7 558
5 1 75
5 2 154
5 3 81
5 4 165
5 5 34
5 6 92
5 7 189
6 1 92
6 2 188
6 3 99
6 4 201
6 5 41
6 6 113
6 7 230
7 1 36
7 2 74
7 3 39
7 4 80
7 5 16
7 6 45
7 7 91
8 1 27
8 2 56
8 3 29
8 4 60
8 5 12
8 6 34
8 7 69
9 1 26
9 2 54
9 3 28
9 4 58
9 5 12
9 6 32
9 7 67
10 1 114
10 2 233
10 3 122
10 4 249
10 5 51
10 6 140
10 7 285
11 1 128
11 2 262
11 3 137
11 4 280
11 5 57
11 6 157
11 7 321
12 1 229
12 2 468
12 3 245
12 4 500
12 5 102
12 6 281
12 7 573
13 1 383
13 2 782
13 3 410
13 4 836
13 5 170
13 6 469
13 7 957
14 1 113
14 2 231
14 3 121
14 4 247
14 5 51
14 6 139
14 7 283
15 1 217
15 2 443
15 3 232
15 4 474
15 5 97
15 6 266
15 7 542
16 1 306
16 2 625
16 3 327
16 4 668
16 5 136
16 6 375
16 7 765
17 1 50
17 2 103
17 3 54
17 4 111
17 5 23
17 6 62
17 7 126
18 1 125
18 2 256
18 3 134
18 4 274
18 5 56
18 6 153
18 7 314
19 1 68
19 2 139
19 3 73
19 4 149
19 5 31
19 6 84
19 7 170
20 1 120
20 2 245
20 3 129
20 4 262
20 5 54
20 6 147
20 7 300

# Energy Consumption
1 1 0
1 2 106
1 3 0
1 4 100
1 5 14
1 6 0
1 7 76
2 1 0
2 2 48
2 3 0
2 4 44
2 5 7
2 6 0
2 7 33
3 1 0
3 2 91
3 3 0
3 4 83
3 5 14
3 6 0
3 7 61
4 1 0
4 2 130
4 3 0
4 4 106
4 5 15
4 6 0
4 7 73
5 1 0
5 2 40
5 3 0
5 4 35
5 5 6
5 6 0
5 7 26
6 1 0
6 2 43
6 3 0
6 4 38
6 5 7
6 6 0
6 7 32
7 1 0
7 2 22
7 3 0
7 4 17
7 5 3
7 6 0
7 7 13
8 1 0
8 2 15
8 3 0
8 4 12
8 5 2
8 6 0
8 7 10
9 1 0
9 2 15
9 3 0
9 4 13
9 5 2
9 6 0
9 7 10
10 1 0
10 2 60
10 3 0
10 4 51
10 5 8
10 6 0
10 7 38
11 1 0
11 2 60
11 3 0
11 4 51
11 5 9
11 6 0
11 7 49
12 1 0
12 2 112
12 3 0
12 4 94
12 5 17
12 6 0
12 7 79
13 1 0
13 2 202
13 3 0
13 4 168
13 5 25
13 6 0
13 7 124
14 1 0
14 2 69
14 3 0
14 4 50
14 5 8
14 6 0
14 7 42
15 1 0
15 2 130
15 3 0
15 4 99
15 5 16
15 6 0
15 7 67
16 1 0
16 2 151
16 3 0
16 4 142
16 5 20
16 6 0
16 7 95
17 1 0
17 2 29
17 3 0
17 4 23
17 5 4
17 6 0
17 7 18
18 1 0
18 2 63
18 3 0
18 4 54
18 5 9
18 6 0
18 7 45
19 1 0
19 2 36
19 3 0
19 4 31
19 5 5
19 6 0
19 7 24
20 1 0
20 2 69
20 3 0
20 4 51
20 5 9
20 6 0
20 7 43

# Precedence Relations
1 10
2 10
4 9
6 7
6 8
7 10
8 10
9 11
9 12
9 13
9 14
10 15
10 16
10 17
10 18
10 19
18 20

# Parameters
R_e = 0.0500
T = 1000.0
C_s = 4.0
C_w = 36.0
C_c = 5.0
