# Tasks
1 2 3 4 5 6 7 8 9 10 11 12 13 14 15 16 17 18 19 20

# Workstations
1 2 3 4 5 6 7 8 9 10 11 12 13 14 15 16 17 18 19 20

# Modes
1 2 3 4 5 6 7

# Processing Times
1 1 570
1 2 879
1 3 508
1 4 784
1 5 457
1 6 661
1 7 1020
2 1 504
2 2 686
2 3 453
2 4 617
2 5 405
2 6 557
2 7 758
3 1 232
3 2 300
3 3 213
3 4 275
3 5 194
3 6 262
3 7 338
4 1 336
4 2 516
4 3 307
4 4 471
4 5 287
4 6 400
4 7 613
5 1 724
5 2 893
5 3 688
5 4 848
5 5 605
5 6 902
5 7 1113
6 1 463
6 2 617
6 3 426
6 4 568
6 5 376
6 6 512
6 7 682
7 1 537
7 2 664
7 3 490
7 4 606
7 5 494
7 6 596
7 7 737
8 1 553
8 2 806
8 3 494
8 4 719
8 5 458
8 6 663
8 7 966
9 1 669
9 2 854
9 3 635
9 4 810
9 5 605
9 6 799
9 7 1020
10 1 350
10 2 552
10 3 318
10 4 502
10 5 291
10 6 431
10 7 679
11 1 463
11 2 601
11 3 433
11 4 561
11 5 431
11 6 569
11 7 739
12 1 365
12 2 546
12 3 322
12 4 482
12 5 301
12 6 431
12 7 645
13 1 422
13 2 642
13 3 390
13 4 593
13 5 356
13 6 479
13 7 729
14 1 544
14 2 781
14 3 513
14 4 736
14 5 471
14 6 610
14 7 875
15 1 483
15 2 714
15 3 430
15 4 636
15 5 458
15 6 600
15 7 887
16 1 380
16 2 541
16 3 328
16 4 466
16 5 315
16 6 421
16 7 599
17 1 535
17 2 646
17 3 490
17 4 591
17 5 505
17 6 619
17 7 748
18 1 628
18 2 971
18 3 555
18 4 858
18 5 529
18 6 782
18 7 1209
19 1 437
19 2 623
19 3 390
19 4 556
19 5 394
19 6 493
19 7 703
20 1 283
20 2 389
20 3 242
20 4 332
20 5 237
20 6 331
20 7 455

# Energy Consumption
1 1 0
1 2 206
1 3 0
1 4 169
1 5 70
1 6 0
1 7 141
2 1 0
2 2 169
2 3 0
2 4 128
2 5 60
2 6 0
2 7 109
3 1 0
3 2 85
3 3 0
3 4 51
3 5 28
3 6 0
3 7 47
4 1 0
4 2 146
4 3 0
4 4 99
4 5 44
4 6 0
4 7 85
5 1 0
5 2 226
5 3 0
5 4 161
5 5 88
5 6 0
5 7 164
6 1 0
6 2 148
6 3 0
6 4 117
6 5 59
6 6 0
6 7 101
7 1 0
7 2 168
7 3 0
7 4 122
7 5 78
7 6 0
7 7 107
8 1 0
8 2 190
8 3 0
8 4 150
8 5 66
8 6 0
8 7 144
9 1 0
9 2 235
9 3 0
9 4 175
9 5 88
9 6 0
9 7 147
10 1 0
10 2 143
10 3 0
10 4 109
10 5 44
10 6 0
10 7 101
11 1 0
11 2 176
11 3 0
11 4 112
11 5 67
11 6 0
11 7 93
12 1 0
12 2 137
12 3 0
12 4 103
12 5 45
12 6 0
12 7 94
13 1 0
13 2 174
13 3 0
13 4 127
13 5 51
13 6 0
13 7 98
14 1 0
14 2 177
14 3 0
14 4 159
14 5 68
14 6 0
14 7 113
15 1 0
15 2 170
15 3 0
15 4 133
15 5 70
15 6 0
15 7 128
16 1 0
16 2 120
16 3 0
16 4 103
16 5 49
16 6 0
16 7 74
17 1 0
17 2 186
17 3 0
17 4 108
17 5 77
17 6 0
17 7 103
18 1 0
18 2 282
18 3 0
18 4 162
18 5 81
18 6 0
18 7 176
19 1 0
19 2 146
19 3 0
19 4 101
19 5 56
19 6 0
19 7 90
20 1 0
20 2 93
20 3 0
20 4 68
20 5 36
20 6 0
20 7 68

# Precedence Relations
1 10
2 10
3 10
4 6
4 8
4 12
5 7
5 9
5 10
5 11
6 10
7 18
8 11
9 12
9 17
9 18
10 13
10 14
10 15
10 16
11 17
11 18
13 20
14 17
15 17
16 18
17 19
17 20
18 19

# Parameters
R_e = 0.0500
T = 1000.0
C_s = 4.0
C_w = 36.0
C_c = 5.0
