# Tasks
1 2 3 4 5 6 7 8 9 10 11 12 13 14 15 16 17 18 19 20

# Workstations
1 2 3 4 5 6 7 8 9 10 11 12 13 14 15 16 17 18 19 20

# Modes
1 2 3 4 5 6 7

# Processing Times
1 1 471
1 2 917
1 3 466
1 4 907
1 5 440
1 6 497
1 7 967
2 1 570
2 2 1126
2 3 591
2 4 1168
2 5 538
2 6 594
2 7 1174
3 1 335
3 2 686
3 3 324
3 4 664
3 5 317
3 6 362
3 7 741
4 1 590
4 2 1317
4 3 602
4 4 1342
4 5 509
4 6 596
4 7 1330
5 1 564
5 2 1047
5 3 573
5 4 1064
5 5 476
5 6 617
5 7 1144
6 1 599
6 2 1317
6 3 580
6 4 1276
6 5 539
6 6 623
6 7 1370
7 1 494
7 2 1030
7 3 480
7 4 1000
7 5 462
7 6 503
7 7 1049
8 1 547
8 2 1169
8 3 557
8 4 1190
8 5 455
8 6 570
8 7 1217
9 1 714
9 2 1468
9 3 704
9 4 1448
9 5 575
9 6 755
9 7 1552
10 1 524
10 2 1137
10 3 543
10 4 1178
10 5 428
10 6 545
10 7 1183
11 1 646
11 2 1468
11 3 655
11 4 1487
11 5 570
11 6 683
11 7 1552
12 1 564
12 2 1242
12 3 557
12 4 1227
12 5 498
12 6 565
12 7 1243
13 1 314
13 2 729
13 3 321
13 4 744
13 5 284
13 6 343
13 7 795
14 1 372
14 2 681
14 3 356
14 4 651
14 5 325
14 6 394
14 7 721
15 1 653
15 2 1537
15 3 681
15 4 1601
15 5 612
15 6 677
15 7 1593
16 1 732
16 2 1815
16 3 760
16 4 1883
16 5 679
16 6 752
16 7 1865
17 1 471
17 2 859
17 3 478
17 4 872
17 5 395
17 6 502
17 7 915
18 1 281
18 2 684
18 3 283
18 4 687
18 5 254
18 6 284
18 7 691
19 1 381
19 2 770
19 3 385
19 4 778
19 5 342
19 6 389
19 7 786
20 1 638
20 2 1395
20 3 622
20 4 1360
20 5 601
20 6 694
20 7 1516

# Energy Consumption
1 1 0
1 2 233
1 3 0
1 4 186
1 5 66
1 6 0
1 7 143
2 1 0
2 2 283
2 3 0
2 4 251
2 5 86
2 6 0
2 7 166
3 1 0
3 2 177
3 3 0
3 4 138
3 5 50
3 6 0
3 7 94
4 1 0
4 2 354
4 3 0
4 4 271
4 5 78
4 6 0
4 7 165
5 1 0
5 2 254
5 3 0
5 4 192
5 5 76
5 6 0
5 7 139
6 1 0
6 2 355
6 3 0
6 4 240
6 5 81
6 6 0
6 7 177
7 1 0
7 2 256
7 3 0
7 4 184
7 5 71
7 6 0
7 7 157
8 1 0
8 2 342
8 3 0
8 4 247
8 5 69
8 6 0
8 7 174
9 1 0
9 2 418
9 3 0
9 4 272
9 5 83
9 6 0
9 7 207
10 1 0
10 2 328
10 3 0
10 4 251
10 5 67
10 6 0
10 7 168
11 1 0
11 2 324
11 3 0
11 4 312
11 5 91
11 6 0
11 7 188
12 1 0
12 2 291
12 3 0
12 4 270
12 5 80
12 6 0
12 7 171
13 1 0
13 2 209
13 3 0
13 4 137
13 5 45
13 6 0
13 7 118
14 1 0
14 2 175
14 3 0
14 4 120
14 5 51
14 6 0
14 7 88
15 1 0
15 2 397
15 3 0
15 4 313
15 5 95
15 6 0
15 7 202
16 1 0
16 2 463
16 3 0
16 4 366
16 5 99
16 6 0
16 7 238
17 1 0
17 2 227
17 3 0
17 4 167
17 5 64
17 6 0
17 7 111
18 1 0
18 2 199
18 3 0
18 4 139
18 5 39
18 6 0
18 7 99
19 1 0
19 2 225
19 3 0
19 4 142
19 5 51
19 6 0
19 7 118
20 1 0
20 2 333
20 3 0
20 4 272
20 5 85
20 6 0
20 7 226

# Precedence Relations
1 5
1 6
2 5
3 4
4 14
5 7
5 8
5 9
7 10
7 11
8 12
8 13
10 14
11 14
12 14
13 15
14 16
14 17
14 18
14 19
14 20

# Parameters
R_e = 0.0500
T = 1000.0
C_s = 4.0
C_w = 36.0
C_c = 5.0
