# Tasks
1 2 3 4 5 6 7 8 9 10 11 12 13 14 15 16 17 18 19 20

# Workstations
1 2 3 4 5 6 7 8 9 10 11 12 13 14 15 16 17 18 19 20

# Modes
1 2 3 4 5 6 7

# Processing Times
1 1 88
1 2 178
1 3 94
1 4 190
1 5 29
1 6 100
1 7 202
2 1 95
2 2 199
2 3 102
2 4 212
2 5 41
2 6 114
2 7 239
3 1 105
3 2 197
3 3 115
3 4 216
3 5 46
3 6 120
3 7 225
4 1 140
4 2 313
4 3 149
4 4 333
4 5 57
4 6 162
4 7 362
5 1 114
5 2 241
5 3 125
5 4 264
5 5 48
5 6 139
5 7 292
6 1 123
6 2 302
6 3 133
6 4 325
6 5 39
6 6 141
6 7 345
7 1 250
7 2 622
7 3 267
7 4 665
7 5 89
7 6 300
7 7 745
8 1 90
8 2 209
8 3 97
8 4 224
8 5 40
8 6 101
8 7 234
9 1 61
9 2 149
9 3 67
9 4 162
9 5 23
9 6 71
9 7 173
10 1 107
10 2 248
10 3 113
10 4 261
10 5 43
10 6 134
10 7 310
11 1 68
11 2 127
11 3 74
11 4 138
11 5 26
11 6 85
11 7 159
12 1 155
12 2 355
12 3 169
12 4 387
12 5 56
12 6 190
12 7 434
13 1 142
13 2 274
13 3 155
13 4 298
13 5 52
13 6 168
13 7 323
14 1 21
14 2 42
14 3 23
14 4 46
14 5 7
14 6 26
14 7 51
15 1 106
15 2 233
15 3 114
15 4 250
15 5 44
15 6 129
15 7 283
16 1 67
16 2 137
16 3 74
16 4 150
16 5 26
16 6 83
16 7 168
17 1 52
17 2 103
17 3 57
17 4 113
17 5 19
17 6 64
17 7 125
18 1 55
18 2 122
18 3 59
18 4 131
18 5 24
18 6 67
18 7 148
19 1 51
19 2 116
19 3 55
19 4 123
19 5 19
19 6 63
19 7 144
20 1 82
20 2 174
20 3 88
20 4 187
20 5 28
20 6 94
20 7 200

# Energy Consumption
1 1 0
1 2 45
1 3 0
1 4 42
1 5 5
1 6 0
1 7 30
2 1 0
2 2 50
2 3 0
2 4 46
2 5 7
2 6 0
2 7 33
3 1 0
3 2 45
3 3 0
3 4 42
3 5 7
3 6 0
3 7 28
4 1 0
4 2 89
4 3 0
4 4 72
4 5 9
4 6 0
4 7 47
5 1 0
5 2 62
5 3 0
5 4 56
5 5 8
5 6 0
5 7 39
6 1 0
6 2 69
6 3 0
6 4 61
6 5 6
6 6 0
6 7 48
7 1 0
7 2 180
7 3 0
7 4 134
7 5 13
7 6 0
7 7 104
8 1 0
8 2 55
8 3 0
8 4 44
8 5 6
8 6 0
8 7 33
9 1 0
9 2 41
9 3 0
9 4 35
9 5 4
9 6 0
9 7 26
10 1 0
10 2 64
10 3 0
10 4 54
10 5 7
10 6 0
10 7 41
11 1 0
11 2 29
11 3 0
11 4 25
11 5 4
11 6 0
11 7 24
12 1 0
12 2 85
12 3 0
12 4 73
12 5 9
12 6 0
12 7 60
13 1 0
13 2 71
13 3 0
13 4 60
13 5 8
13 6 0
13 7 42
14 1 0
14 2 13
14 3 0
14 4 10
14 5 2
14 6 0
14 7 8
15 1 0
15 2 69
15 3 0
15 4 53
15 5 7
15 6 0
15 7 35
16 1 0
16 2 34
16 3 0
16 4 32
16 5 4
16 6 0
16 7 21
17 1 0
17 2 29
17 3 0
17 4 23
17 5 3
17 6 0
17 7 18
18 1 0
18 2 30
18 3 0
18 4 26
18 5 4
18 6 0
18 7 22
19 1 0
19 2 30
19 3 0
19 4 26
19 5 3
19 6 0
19 7 20
20 1 0
20 2 49
20 3 0
20 4 37
20 5 5
20 6 0
20 7 29

# Precedence Relations
1 4
2 6
3 5
3 6
4 7
5 7
5 8
6 7
7 9
7 11
7 12
8 10
8 11
8 20
9 13
10 16
12 14
12 15
12 19
13 17
14 20
15 18
16 19

# Parameters
R_e = 0.0500
T = 1000.0
C_s = 4.0
C_w = 36.0
C_c = 5.0
