# Tasks
1 2 3 4 5 6 7 8 9 10 11 12 13 14 15 16 17 18 19 20

# Workstations
1 2 3 4 5 6 7 8 9 10 11 12 13 14 15 16 17 18 19 20

# Modes
1 2 3 4 5 6 7

# Processing Times
1 1 142
1 2 122
1 3 157
1 4 135
1 5 134
1 6 200
1 7 172
2 1 34
2 2 29
2 3 38
2 4 32
2 5 32
2 6 48
2 7 41
3 1 140
3 2 120
3 3 154
3 4 132
3 5 132
3 6 197
3 7 169
4 1 214
4 2 183
4 3 236
4 4 202
4 5 201
4 6 301
4 7 257
5 1 121
5 2 104
5 3 133
5 4 115
5 5 114
5 6 170
5 7 147
6 1 279
6 2 238
6 3 307
6 4 262
6 5 262
6 6 392
6 7 335
7 1 50
7 2 43
7 3 55
7 4 48
7 5 47
7 6 71
7 7 61
8 1 282
8 2 241
8 3 310
8 4 265
8 5 265
8 6 397
8 7 339
9 1 129
9 2 111
9 3 142
9 4 122
9 5 121
9 6 182
9 7 156
10 1 175
10 2 150
10 3 193
10 4 165
10 5 165
10 6 246
10 7 211
11 1 97
11 2 83
11 3 107
11 4 92
11 5 91
11 6 137
11 7 117
12 1 132
12 2 113
12 3 146
12 4 125
12 5 124
12 6 186
12 7 159
13 1 107
13 2 92
13 3 118
13 4 102
13 5 101
13 6 151
13 7 130
14 1 132
14 2 113
14 3 146
14 4 125
14 5 124
14 6 186
14 7 159
15 1 69
15 2 59
15 3 76
15 4 65
15 5 65
15 6 97
15 7 83
16 1 169
16 2 145
16 3 186
16 4 160
16 5 159
16 6 238
16 7 204
17 1 73
17 2 63
17 3 81
17 4 70
17 5 69
17 6 103
17 7 89
18 1 231
18 2 197
18 3 254
18 4 217
18 5 217
18 6 325
18 7 277
19 1 120
19 2 103
19 3 132
19 4 114
19 5 113
19 6 169
19 7 145
20 1 186
20 2 159
20 3 205
20 4 175
20 5 175
20 6 262
20 7 224

# Energy Consumption
1 1 0
1 2 27
1 3 0
1 4 30
1 5 22
1 6 0
1 7 25
2 1 0
2 2 8
2 3 0
2 4 7
2 5 5
2 6 0
2 7 6
3 1 0
3 2 27
3 3 0
3 4 26
3 5 20
3 6 0
3 7 22
4 1 0
4 2 55
4 3 0
4 4 39
4 5 29
4 6 0
4 7 34
5 1 0
5 2 27
5 3 0
5 4 24
5 5 19
5 6 0
5 7 20
6 1 0
6 2 58
6 3 0
6 4 49
6 5 42
6 6 0
6 7 46
7 1 0
7 2 13
7 3 0
7 4 10
7 5 8
7 6 0
7 7 10
8 1 0
8 2 62
8 3 0
8 4 55
8 5 42
8 6 0
8 7 44
9 1 0
9 2 30
9 3 0
9 4 27
9 5 19
9 6 0
9 7 20
10 1 0
10 2 37
10 3 0
10 4 37
10 5 26
10 6 0
10 7 27
11 1 0
11 2 22
11 3 0
11 4 17
11 5 13
11 6 0
11 7 17
12 1 0
12 2 26
12 3 0
12 4 28
12 5 20
12 6 0
12 7 21
13 1 0
13 2 25
13 3 0
13 4 20
13 5 16
13 6 0
13 7 19
14 1 0
14 2 31
14 3 0
14 4 25
14 5 20
14 6 0
14 7 21
15 1 0
15 2 17
15 3 0
15 4 14
15 5 10
15 6 0
15 7 11
16 1 0
16 2 41
16 3 0
16 4 31
16 5 26
16 6 0
16 7 29
17 1 0
17 2 16
17 3 0
17 4 15
17 5 11
17 6 0
17 7 14
18 1 0
18 2 53
18 3 0
18 4 44
18 5 34
18 6 0
18 7 35
19 1 0
19 2 24
19 3 0
19 4 23
19 5 17
19 6 0
19 7 18
20 1 0
20 2 40
20 3 0
20 4 37
20 5 26
20 6 0
20 7 31

# Precedence Relations
1 6
2 7
4 8
5 9
6 10
7 11
8 12
10 13
11 13
12 14
12 15
13 16
13 17
13 18
14 20
15 19

# Parameters
R_e = 0.0500
T = 1000.0
C_s = 4.0
C_w = 36.0
C_c = 5.0
