# Tasks
1 2 3 4 5 6 7 8 9 10 11 12 13 14 15 16 17 18 19 20

# Workstations
1 2 3 4 5 6 7 8 9 10 11 12 13 14 15 16 17 18 19 20

# Modes
1 2 3 4 5 6 7

# Processing Times
1 1 142
1 2 216
1 3 144
1 4 219
1 5 62
1 6 191
1 7 290
2 1 34
2 2 45
2 3 35
2 4 47
2 5 14
2 6 43
2 7 57
3 1 140
3 2 214
3 3 140
3 4 213
3 5 50
3 6 191
3 7 292
4 1 214
4 2 300
4 3 212
4 4 297
4 5 93
4 6 301
4 7 422
5 1 121
5 2 177
5 3 121
5 4 177
5 5 42
5 6 174
5 7 254
6 1 279
6 2 349
6 3 268
6 4 335
6 5 88
6 6 371
6 7 464
7 1 50
7 2 62
7 3 50
7 4 61
7 5 17
7 6 69
7 7 86
8 1 282
8 2 376
8 3 283
8 4 377
8 5 122
8 6 396
8 7 528
9 1 129
9 2 202
9 3 125
9 4 195
9 5 56
9 6 182
9 7 284
10 1 175
10 2 233
10 3 176
10 4 234
10 5 66
10 6 244
10 7 325
11 1 97
11 2 142
11 3 99
11 4 144
11 5 40
11 6 131
11 7 191
12 1 132
12 2 191
12 3 137
12 4 198
12 5 44
12 6 186
12 7 269
13 1 107
13 2 159
13 3 110
13 4 163
13 5 37
13 6 138
13 7 205
14 1 132
14 2 209
14 3 133
14 4 210
14 5 54
14 6 185
14 7 292
15 1 69
15 2 104
15 3 72
15 4 109
15 5 22
15 6 97
15 7 146
16 1 169
16 2 256
16 3 170
16 4 257
16 5 58
16 6 227
16 7 344
17 1 73
17 2 115
17 3 74
17 4 117
17 5 28
17 6 103
17 7 161
18 1 231
18 2 316
18 3 236
18 4 323
18 5 94
18 6 311
18 7 425
19 1 120
19 2 183
19 3 119
19 4 181
19 5 41
19 6 162
19 7 247
20 1 186
20 2 264
20 3 184
20 4 261
20 5 69
20 6 260
20 7 369

# Energy Consumption
1 1 0
1 2 50
1 3 0
1 4 44
1 5 9
1 6 0
1 7 41
2 1 0
2 2 11
2 3 0
2 4 10
2 5 3
2 6 0
2 7 8
3 1 0
3 2 62
3 3 0
3 4 40
3 5 8
3 6 0
3 7 36
4 1 0
4 2 71
4 3 0
4 4 64
4 5 14
4 6 0
4 7 58
5 1 0
5 2 48
5 3 0
5 4 34
5 5 7
5 6 0
5 7 35
6 1 0
6 2 96
6 3 0
6 4 71
6 5 13
6 6 0
6 7 62
7 1 0
7 2 17
7 3 0
7 4 14
7 5 3
7 6 0
7 7 12
8 1 0
8 2 103
8 3 0
8 4 82
8 5 19
8 6 0
8 7 66
9 1 0
9 2 50
9 3 0
9 4 37
9 5 8
9 6 0
9 7 37
10 1 0
10 2 59
10 3 0
10 4 46
10 5 10
10 6 0
10 7 46
11 1 0
11 2 41
11 3 0
11 4 27
11 5 6
11 6 0
11 7 27
12 1 0
12 2 48
12 3 0
12 4 42
12 5 7
12 6 0
12 7 33
13 1 0
13 2 40
13 3 0
13 4 34
13 5 6
13 6 0
13 7 28
14 1 0
14 2 50
14 3 0
14 4 40
14 5 9
14 6 0
14 7 44
15 1 0
15 2 29
15 3 0
15 4 22
15 5 4
15 6 0
15 7 21
16 1 0
16 2 58
16 3 0
16 4 50
16 5 9
16 6 0
16 7 42
17 1 0
17 2 34
17 3 0
17 4 23
17 5 5
17 6 0
17 7 24
18 1 0
18 2 76
18 3 0
18 4 71
18 5 15
18 6 0
18 7 54
19 1 0
19 2 52
19 3 0
19 4 36
19 5 6
19 6 0
19 7 36
20 1 0
20 2 79
20 3 0
20 4 54
20 5 12
20 6 0
20 7 45

# Precedence Relations
1 6
2 7
4 8
5 9
6 10
7 11
8 12
10 13
11 13
12 14
12 15
13 16
13 17
13 18
14 20
15 19

# Parameters
R_e = 0.0500
T = 1000.0
C_s = 4.0
C_w = 36.0
C_c = 5.0
