# Tasks
1 2 3 4 5 6 7 8 9 10 11 12 13 14 15 16 17 18 19 20

# Workstations
1 2 3 4 5 6 7 8 9 10 11 12 13 14 15 16 17 18 19 20

# Modes
1 2 3 4 5 6 7

# Processing Times
1 1 85
1 2 118
1 3 91
1 4 126
1 5 54
1 6 90
1 7 125
2 1 262
2 2 395
2 3 276
2 4 416
2 5 156
2 6 279
2 7 421
3 1 34
3 2 42
3 3 37
3 4 46
3 5 23
3 6 36
3 7 45
4 1 93
4 2 133
4 3 100
4 4 142
4 5 62
4 6 102
4 7 145
5 1 40
5 2 56
5 3 43
5 4 60
5 5 24
5 6 42
5 7 58
6 1 149
6 2 226
6 3 162
6 4 246
6 5 94
6 6 158
6 7 239
7 1 56
7 2 86
7 3 62
7 4 95
7 5 34
7 6 60
7 7 93
8 1 103
8 2 159
8 3 112
8 4 173
8 5 72
8 6 112
8 7 173
9 1 53
9 2 70
9 3 59
9 4 77
9 5 31
9 6 54
9 7 71
10 1 41
10 2 62
10 3 44
10 4 67
10 5 26
10 6 42
10 7 63
11 1 118
11 2 182
11 3 129
11 4 199
11 5 71
11 6 127
11 7 196
12 1 121
12 2 176
12 3 129
12 4 187
12 5 76
12 6 125
12 7 182
13 1 124
13 2 183
13 3 134
13 4 198
13 5 78
13 6 135
13 7 199
14 1 44
14 2 59
14 3 47
14 4 63
14 5 29
14 6 46
14 7 61
15 1 199
15 2 259
15 3 218
15 4 284
15 5 117
15 6 201
15 7 261
16 1 95
16 2 118
16 3 103
16 4 128
16 5 64
16 6 101
16 7 125
17 1 27
17 2 39
17 3 29
17 4 41
17 5 19
17 6 28
17 7 40
18 1 151
18 2 218
18 3 161
18 4 233
18 5 87
18 6 166
18 7 240
19 1 43
19 2 61
19 3 47
19 4 67
19 5 27
19 6 46
19 7 65
20 1 95
20 2 124
20 3 102
20 4 133
20 5 56
20 6 102
20 7 133

# Energy Consumption
1 1 0
1 2 29
1 3 0
1 4 26
1 5 9
1 6 0
1 7 18
2 1 0
2 2 100
2 3 0
2 4 83
2 5 24
2 6 0
2 7 60
3 1 0
3 2 12
3 3 0
3 4 9
3 5 4
3 6 0
3 7 7
4 1 0
4 2 34
4 3 0
4 4 32
4 5 9
4 6 0
4 7 21
5 1 0
5 2 14
5 3 0
5 4 13
5 5 4
5 6 0
5 7 8
6 1 0
6 2 50
6 3 0
6 4 53
6 5 15
6 6 0
6 7 33
7 1 0
7 2 20
7 3 0
7 4 21
7 5 5
7 6 0
7 7 14
8 1 0
8 2 41
8 3 0
8 4 37
8 5 11
8 6 0
8 7 25
9 1 0
9 2 19
9 3 0
9 4 17
9 5 5
9 6 0
9 7 11
10 1 0
10 2 18
10 3 0
10 4 14
10 5 4
10 6 0
10 7 9
11 1 0
11 2 41
11 3 0
11 4 37
11 5 11
11 6 0
11 7 29
12 1 0
12 2 45
12 3 0
12 4 41
12 5 11
12 6 0
12 7 26
13 1 0
13 2 44
13 3 0
13 4 40
13 5 12
13 6 0
13 7 28
14 1 0
14 2 18
14 3 0
14 4 13
14 5 5
14 6 0
14 7 9
15 1 0
15 2 67
15 3 0
15 4 53
15 5 18
15 6 0
15 7 32
16 1 0
16 2 34
16 3 0
16 4 28
16 5 10
16 6 0
16 7 16
17 1 0
17 2 11
17 3 0
17 4 9
17 5 3
17 6 0
17 7 6
18 1 0
18 2 53
18 3 0
18 4 47
18 5 14
18 6 0
18 7 30
19 1 0
19 2 17
19 3 0
19 4 14
19 5 5
19 6 0
19 7 10
20 1 0
20 2 32
20 3 0
20 4 30
20 5 9
20 6 0
20 7 17

# Precedence Relations
1 11
2 11
3 4
3 5
4 11
5 6
5 7
5 8
5 9
5 10
6 11
7 11
8 20
9 12
10 12
11 13
11 14
11 15
11 16
12 19
14 18
14 20
15 17
16 19
16 20

# Parameters
R_e = 0.0500
T = 1000.0
C_s = 4.0
C_w = 36.0
C_c = 5.0
