# Tasks
1 2 3 4 5 6 7 8 9 10 11 12 13 14 15 16 17 18 19 20

# Workstations
1 2 3 4 5 6 7 8 9 10 11 12 13 14 15 16 17 18 19 20

# Modes
1 2 3 4 5 6 7

# Processing Times
1 1 471
1 2 1171
1 3 405
1 4 1006
1 5 304
1 6 679
1 7 1687
2 1 570
2 2 1374
2 3 487
2 4 1173
2 5 385
2 6 817
2 7 1968
3 1 335
3 2 781
3 3 304
3 4 708
3 5 212
3 6 437
3 7 1019
4 1 590
4 2 1317
4 3 552
4 4 1232
4 5 412
4 6 849
4 7 1896
5 1 564
5 2 1119
5 3 510
5 4 1012
5 5 311
5 6 773
5 7 1534
6 1 599
6 2 1312
6 3 545
6 4 1192
6 5 380
6 6 847
6 7 1855
7 1 494
7 2 1105
7 3 446
7 4 996
7 5 320
7 6 637
7 7 1425
8 1 547
8 2 1044
8 3 520
8 4 992
8 5 345
8 6 727
8 7 1386
9 1 714
9 2 1324
9 3 675
9 4 1252
9 5 451
9 6 914
9 7 1694
10 1 524
10 2 1048
10 3 474
10 4 948
10 5 329
10 6 727
10 7 1453
11 1 646
11 2 1364
11 3 608
11 4 1282
11 5 384
11 6 914
11 7 1929
12 1 564
12 2 1042
12 3 534
12 4 986
12 5 343
12 6 813
12 7 1502
13 1 314
13 2 633
13 3 283
13 4 570
13 5 195
13 6 413
13 7 833
14 1 372
14 2 771
14 3 317
14 4 657
14 5 256
14 6 514
14 7 1066
15 1 653
15 2 1625
15 3 586
15 4 1457
15 5 421
15 6 861
15 7 2142
16 1 732
16 2 1393
16 3 691
16 4 1314
16 5 448
16 6 919
16 7 1747
17 1 471
17 2 851
17 3 413
17 4 745
17 5 293
17 6 682
17 7 1232
18 1 281
18 2 693
18 3 249
18 4 613
18 5 195
18 6 370
18 7 912
19 1 381
19 2 688
19 3 352
19 4 634
19 5 249
19 6 525
19 7 948
20 1 638
20 2 1423
20 3 577
20 4 1287
20 5 409
20 6 873
20 7 1948

# Energy Consumption
1 1 0
1 2 333
1 3 0
1 4 194
1 5 49
1 6 0
1 7 206
2 1 0
2 2 321
2 3 0
2 4 223
2 5 57
2 6 0
2 7 286
3 1 0
3 2 196
3 3 0
3 4 143
3 5 30
3 6 0
3 7 140
4 1 0
4 2 324
4 3 0
4 4 252
4 5 62
4 6 0
4 7 241
5 1 0
5 2 271
5 3 0
5 4 212
5 5 46
5 6 0
5 7 195
6 1 0
6 2 319
6 3 0
6 4 262
6 5 57
6 6 0
6 7 241
7 1 0
7 2 279
7 3 0
7 4 205
7 5 50
7 6 0
7 7 198
8 1 0
8 2 273
8 3 0
8 4 211
8 5 49
8 6 0
8 7 202
9 1 0
9 2 295
9 3 0
9 4 241
9 5 69
9 6 0
9 7 205
10 1 0
10 2 269
10 3 0
10 4 199
10 5 50
10 6 0
10 7 178
11 1 0
11 2 327
11 3 0
11 4 243
11 5 55
11 6 0
11 7 240
12 1 0
12 2 260
12 3 0
12 4 191
12 5 51
12 6 0
12 7 181
13 1 0
13 2 186
13 3 0
13 4 108
13 5 30
13 6 0
13 7 117
14 1 0
14 2 223
14 3 0
14 4 125
14 5 40
14 6 0
14 7 153
15 1 0
15 2 375
15 3 0
15 4 277
15 5 65
15 6 0
15 7 275
16 1 0
16 2 333
16 3 0
16 4 283
16 5 65
16 6 0
16 7 211
17 1 0
17 2 224
17 3 0
17 4 144
17 5 43
17 6 0
17 7 149
18 1 0
18 2 177
18 3 0
18 4 115
18 5 30
18 6 0
18 7 130
19 1 0
19 2 181
19 3 0
19 4 115
19 5 40
19 6 0
19 7 133
20 1 0
20 2 367
20 3 0
20 4 240
20 5 58
20 6 0
20 7 278

# Precedence Relations
1 5
1 6
2 5
3 4
4 14
5 7
5 8
5 9
7 10
7 11
8 12
8 13
10 14
11 14
12 14
13 15
14 16
14 17
14 18
14 19
14 20

# Parameters
R_e = 0.0500
T = 2249.1
C_s = 4.0
C_w = 36.0
C_c = 5.0
