# Tasks
1 2 3 4 5 6 7 8 9 10 11 12 13 14 15 16 17 18 19 20

# Workstations
1 2 3 4 5 6 7 8 9 10 11 12 13 14 15 16 17 18 19 20

# Modes
1 2 3 4 5 6 7

# Processing Times
1 1 142
1 2 277
1 3 141
1 4 274
1 5 133
1 6 150
1 7 292
2 1 34
2 2 68
2 3 36
2 4 71
2 5 33
2 6 36
2 7 71
3 1 140
3 2 287
3 3 136
3 4 278
3 5 133
3 6 152
3 7 310
4 1 214
4 2 478
4 3 219
4 4 487
4 5 185
4 6 217
4 7 483
5 1 121
5 2 225
5 3 123
5 4 229
5 5 102
5 6 133
5 7 246
6 1 279
6 2 614
6 3 271
6 4 595
6 5 251
6 6 291
6 7 639
7 1 50
7 2 105
7 3 49
7 4 102
7 5 47
7 6 51
7 7 107
8 1 282
8 2 603
8 3 287
8 4 614
8 5 235
8 6 294
8 7 628
9 1 129
9 2 266
9 3 128
9 4 263
9 5 104
9 6 137
9 7 282
10 1 175
10 2 380
10 3 182
10 4 394
10 5 143
10 6 182
10 7 396
11 1 97
11 2 221
11 3 99
11 4 224
11 5 86
11 6 103
11 7 234
12 1 132
12 2 291
12 3 131
12 4 288
12 5 117
12 6 133
12 7 292
13 1 107
13 2 249
13 3 110
13 4 255
13 5 97
13 6 117
13 7 272
14 1 132
14 2 242
14 3 127
14 4 232
14 5 115
14 6 140
14 7 257
15 1 69
15 2 163
15 3 72
15 4 170
15 5 65
15 6 72
15 7 169
16 1 169
16 2 419
16 3 176
16 4 435
16 5 157
16 6 174
16 7 431
17 1 73
17 2 134
17 3 75
17 4 136
17 5 62
17 6 78
17 7 143
18 1 231
18 2 562
18 3 232
18 4 565
18 5 209
18 6 234
18 7 567
19 1 120
19 2 243
19 3 122
19 4 246
19 5 108
19 6 123
19 7 248
20 1 186
20 2 407
20 3 182
20 4 397
20 5 176
20 6 203
20 7 443

# Energy Consumption
1 1 0
1 2 71
1 3 0
1 4 57
1 5 20
1 6 0
1 7 44
2 1 0
2 2 18
2 3 0
2 4 16
2 5 6
2 6 0
2 7 11
3 1 0
3 2 74
3 3 0
3 4 58
3 5 21
3 6 0
3 7 39
4 1 0
4 2 129
4 3 0
4 4 99
4 5 29
4 6 0
4 7 60
5 1 0
5 2 55
5 3 0
5 4 42
5 5 17
5 6 0
5 7 30
6 1 0
6 2 166
6 3 0
6 4 112
6 5 38
6 6 0
6 7 83
7 1 0
7 2 26
7 3 0
7 4 19
7 5 8
7 6 0
7 7 16
8 1 0
8 2 177
8 3 0
8 4 128
8 5 36
8 6 0
8 7 90
9 1 0
9 2 76
9 3 0
9 4 50
9 5 15
9 6 0
9 7 38
10 1 0
10 2 110
10 3 0
10 4 84
10 5 23
10 6 0
10 7 56
11 1 0
11 2 49
11 3 0
11 4 47
11 5 14
11 6 0
11 7 29
12 1 0
12 2 68
12 3 0
12 4 64
12 5 19
12 6 0
12 7 40
13 1 0
13 2 72
13 3 0
13 4 47
13 5 16
13 6 0
13 7 41
14 1 0
14 2 63
14 3 0
14 4 43
14 5 18
14 6 0
14 7 32
15 1 0
15 2 43
15 3 0
15 4 34
15 5 11
15 6 0
15 7 22
16 1 0
16 2 107
16 3 0
16 4 85
16 5 23
16 6 0
16 7 55
17 1 0
17 2 36
17 3 0
17 4 26
17 5 10
17 6 0
17 7 18
18 1 0
18 2 164
18 3 0
18 4 114
18 5 32
18 6 0
18 7 81
19 1 0
19 2 71
19 3 0
19 4 45
19 5 17
19 6 0
19 7 38
20 1 0
20 2 98
20 3 0
20 4 80
20 5 25
20 6 0
20 7 66

# Precedence Relations
1 6
2 7
4 8
5 9
6 10
7 11
8 12
10 13
11 13
12 14
12 15
13 16
13 17
13 18
14 20
15 19

# Parameters
R_e = 0.0500
T = 1000.0
C_s = 4.0
C_w = 36.0
C_c = 5.0
