# Tasks
1 2 3 4 5 6 7 8 9 10 11 12 13 14 15 16 17 18 19 20

# Workstations
1 2 3 4 5 6 7 8 9 10 11 12 13 14 15 16 17 18 19 20

# Modes
1 2 3 4 5 6 7

# Processing Times
1 1 209
1 2 206
1 3 216
1 4 213
1 5 125
1 6 232
1 7 229
2 1 93
2 2 92
2 3 96
2 4 95
2 5 56
2 6 104
2 7 102
3 1 197
3 2 194
3 3 203
3 4 200
3 5 118
3 6 219
3 7 216
4 1 223
4 2 220
4 3 230
4 4 227
4 5 133
4 6 248
4 7 244
5 1 75
5 2 74
5 3 78
5 4 77
5 5 45
5 6 84
5 7 83
6 1 92
6 2 91
6 3 95
6 4 94
6 5 55
6 6 102
6 7 101
7 1 36
7 2 36
7 3 38
7 4 38
7 5 22
7 6 40
7 7 40
8 1 27
8 2 27
8 3 28
8 4 28
8 5 17
8 6 30
8 7 30
9 1 26
9 2 26
9 3 27
9 4 27
9 5 16
9 6 29
9 7 29
10 1 114
10 2 113
10 3 118
10 4 117
10 5 68
10 6 127
10 7 126
11 1 128
11 2 126
11 3 132
11 4 130
11 5 77
11 6 142
11 7 140
12 1 229
12 2 226
12 3 236
12 4 233
12 5 137
12 6 254
12 7 251
13 1 383
13 2 377
13 3 395
13 4 389
13 5 228
13 6 425
13 7 418
14 1 113
14 2 112
14 3 117
14 4 116
14 5 68
14 6 126
14 7 125
15 1 217
15 2 214
15 3 224
15 4 221
15 5 129
15 6 241
15 7 238
16 1 306
16 2 301
16 3 315
16 4 310
16 5 182
16 6 340
16 7 334
17 1 50
17 2 50
17 3 52
17 4 52
17 5 30
17 6 56
17 7 56
18 1 125
18 2 123
18 3 129
18 4 127
18 5 75
18 6 139
18 7 137
19 1 68
19 2 67
19 3 70
19 4 69
19 5 41
19 6 76
19 7 75
20 1 120
20 2 119
20 3 124
20 4 123
20 5 72
20 6 133
20 7 132

# Energy Consumption
1 1 0
1 2 55
1 3 0
1 4 41
1 5 20
1 6 0
1 7 28
2 1 0
2 2 23
2 3 0
2 4 21
2 5 9
2 6 0
2 7 13
3 1 0
3 2 51
3 3 0
3 4 42
3 5 18
3 6 0
3 7 32
4 1 0
4 2 65
4 3 0
4 4 44
4 5 20
4 6 0
4 7 34
5 1 0
5 2 18
5 3 0
5 4 16
5 5 7
5 6 0
5 7 11
6 1 0
6 2 22
6 3 0
6 4 19
6 5 9
6 6 0
6 7 13
7 1 0
7 2 8
7 3 0
7 4 8
7 5 4
7 6 0
7 7 6
8 1 0
8 2 8
8 3 0
8 4 6
8 5 3
8 6 0
8 7 5
9 1 0
9 2 8
9 3 0
9 4 6
9 5 3
9 6 0
9 7 4
10 1 0
10 2 32
10 3 0
10 4 24
10 5 11
10 6 0
10 7 17
11 1 0
11 2 33
11 3 0
11 4 25
11 5 12
11 6 0
11 7 20
12 1 0
12 2 60
12 3 0
12 4 48
12 5 22
12 6 0
12 7 33
13 1 0
13 2 108
13 3 0
13 4 83
13 5 34
13 6 0
13 7 56
14 1 0
14 2 34
14 3 0
14 4 23
14 5 11
14 6 0
14 7 19
15 1 0
15 2 64
15 3 0
15 4 42
15 5 20
15 6 0
15 7 35
16 1 0
16 2 77
16 3 0
16 4 66
16 5 28
16 6 0
16 7 48
17 1 0
17 2 14
17 3 0
17 4 11
17 5 5
17 6 0
17 7 8
18 1 0
18 2 33
18 3 0
18 4 25
18 5 12
18 6 0
18 7 20
19 1 0
19 2 16
19 3 0
19 4 14
19 5 7
19 6 0
19 7 11
20 1 0
20 2 33
20 3 0
20 4 25
20 5 12
20 6 0
20 7 17

# Precedence Relations
1 10
2 10
4 9
6 7
6 8
7 10
8 10
9 11
9 12
9 13
9 14
10 15
10 16
10 17
10 18
10 19
18 20

# Parameters
R_e = 0.0500
T = 1000.0
C_s = 4.0
C_w = 36.0
C_c = 5.0
