# Tasks
1 2 3 4 5 6 7 8 9 10 11 12 13 14 15 16 17 18 19 20

# Workstations
1 2 3 4 5 6 7 8 9 10 11 12 13 14 15 16 17 18 19 20

# Modes
1 2 3 4 5 6 7

# Processing Times
1 1 209
1 2 520
1 3 180
1 4 447
1 5 135
1 6 301
1 7 749
2 1 57
2 2 138
2 3 49
2 4 118
2 5 39
2 6 82
2 7 198
3 1 204
3 2 476
3 3 185
3 4 432
3 5 130
3 6 267
3 7 621
4 1 119
4 2 266
4 3 112
4 4 249
4 5 84
4 6 172
4 7 383
5 1 180
5 2 357
5 3 163
5 4 323
5 5 100
5 6 247
5 7 490
6 1 82
6 2 180
6 3 75
6 4 164
6 5 52
6 6 116
6 7 255
7 1 174
7 2 390
7 3 157
7 4 352
7 5 113
7 6 225
7 7 503
8 1 64
8 2 123
8 3 61
8 4 117
8 5 41
8 6 85
8 7 164
9 1 116
9 2 216
9 3 110
9 4 205
9 5 74
9 6 149
9 7 277
10 1 206
10 2 412
10 3 187
10 4 373
10 5 130
10 6 286
10 7 571
11 1 83
11 2 176
11 3 79
11 4 166
11 5 50
11 6 118
11 7 249
12 1 73
12 2 135
12 3 70
12 4 128
12 5 45
12 6 106
12 7 195
13 1 162
13 2 327
13 3 146
13 4 295
13 5 101
13 6 214
13 7 431
14 1 58
14 2 121
14 3 50
14 4 104
14 5 40
14 6 81
14 7 168
15 1 161
15 2 401
15 3 145
15 4 360
15 5 104
15 6 213
15 7 529
16 1 319
16 2 608
16 3 301
16 4 574
16 5 196
16 6 401
16 7 763
17 1 87
17 2 158
17 3 77
17 4 139
17 5 55
17 6 126
17 7 229
18 1 148
18 2 365
18 3 131
18 4 323
18 5 103
18 6 195
18 7 481
19 1 56
19 2 102
19 3 52
19 4 94
19 5 37
19 6 78
19 7 141
20 1 169
20 2 377
20 3 153
20 4 341
20 5 109
20 6 232
20 7 516

# Energy Consumption
1 1 0
1 2 148
1 3 0
1 4 87
1 5 22
1 6 0
1 7 92
2 1 0
2 2 33
2 3 0
2 4 23
2 5 6
2 6 0
2 7 29
3 1 0
3 2 120
3 3 0
3 4 87
3 5 19
3 6 0
3 7 85
4 1 0
4 2 66
4 3 0
4 4 51
4 5 13
4 6 0
4 7 49
5 1 0
5 2 87
5 3 0
5 4 68
5 5 15
5 6 0
5 7 63
6 1 0
6 2 44
6 3 0
6 4 36
6 5 8
6 6 0
6 7 34
7 1 0
7 2 99
7 3 0
7 4 73
7 5 18
7 6 0
7 7 70
8 1 0
8 2 33
8 3 0
8 4 25
8 5 6
8 6 0
8 7 24
9 1 0
9 2 48
9 3 0
9 4 40
9 5 12
9 6 0
9 7 34
10 1 0
10 2 106
10 3 0
10 4 79
10 5 20
10 6 0
10 7 70
11 1 0
11 2 43
11 3 0
11 4 32
11 5 8
11 6 0
11 7 31
12 1 0
12 2 34
12 3 0
12 4 25
12 5 7
12 6 0
12 7 24
13 1 0
13 2 96
13 3 0
13 4 56
13 5 16
13 6 0
13 7 61
14 1 0
14 2 35
14 3 0
14 4 20
14 5 7
14 6 0
14 7 25
15 1 0
15 2 93
15 3 0
15 4 69
15 5 16
15 6 0
15 7 68
16 1 0
16 2 145
16 3 0
16 4 124
16 5 29
16 6 0
16 7 93
17 1 0
17 2 42
17 3 0
17 4 27
17 5 9
17 6 0
17 7 28
18 1 0
18 2 94
18 3 0
18 4 61
18 5 16
18 6 0
18 7 69
19 1 0
19 2 27
19 3 0
19 4 17
19 5 6
19 6 0
19 7 20
20 1 0
20 2 98
20 3 0
20 4 64
20 5 16
20 6 0
20 7 74

# Precedence Relations
1 7
2 7
3 4
3 5
3 6
4 7
5 7
6 8
6 9
6 10
6 16
6 18
7 11
7 12
7 13
7 14
8 15
8 19
9 17
10 17
11 17
12 16
12 18
14 19
16 20
17 19
17 20
18 19

# Parameters
R_e = 0.0500
T = 1000.0
C_s = 4.0
C_w = 36.0
C_c = 5.0
