# Tasks
1 2 3 4 5 6 7 8 9 10 11 12 13 14 15 16 17 18 19 20

# Workstations
1 2 3 4 5 6 7 8 9 10 11 12 13 14 15 16 17 18 19 20

# Modes
1 2 3 4 5 6 7

# Processing Times
1 1 209
1 2 272
1 3 227
1 4 296
1 5 136
1 6 226
1 7 293
2 1 93
2 2 121
2 3 102
2 4 132
2 5 61
2 6 101
2 7 131
3 1 197
3 2 256
3 3 214
3 4 279
3 5 128
3 6 213
3 7 276
4 1 223
4 2 290
4 3 243
4 4 315
4 5 145
4 6 241
4 7 313
5 1 75
5 2 98
5 3 82
5 4 107
5 5 49
5 6 81
5 7 106
6 1 92
6 2 120
6 3 100
6 4 131
6 5 60
6 6 100
6 7 130
7 1 36
7 2 47
7 3 40
7 4 52
7 5 24
7 6 39
7 7 51
8 1 27
8 2 36
8 3 30
8 4 40
8 5 18
8 6 30
8 7 39
9 1 26
9 2 34
9 3 29
9 4 37
9 5 17
9 6 29
9 7 37
10 1 114
10 2 148
10 3 124
10 4 161
10 5 74
10 6 123
10 7 160
11 1 128
11 2 167
11 3 140
11 4 182
11 5 83
11 6 138
11 7 180
12 1 229
12 2 298
12 3 249
12 4 324
12 5 149
12 6 247
12 7 322
13 1 383
13 2 497
13 3 416
13 4 540
13 5 248
13 6 413
13 7 536
14 1 113
14 2 147
14 3 123
14 4 160
14 5 74
14 6 122
14 7 159
15 1 217
15 2 282
15 3 236
15 4 307
15 5 141
15 6 234
15 7 304
16 1 306
16 2 397
16 3 333
16 4 432
16 5 199
16 6 330
16 7 428
17 1 50
17 2 65
17 3 55
17 4 71
17 5 33
17 6 54
17 7 71
18 1 125
18 2 163
18 3 136
18 4 178
18 5 81
18 6 135
18 7 176
19 1 68
19 2 89
19 3 74
19 4 97
19 5 45
19 6 74
19 7 96
20 1 120
20 2 156
20 3 131
20 4 170
20 5 78
20 6 130
20 7 169

# Energy Consumption
1 1 0
1 2 66
1 3 0
1 4 61
1 5 22
1 6 0
1 7 42
2 1 0
2 2 31
2 3 0
2 4 27
2 5 10
2 6 0
2 7 19
3 1 0
3 2 72
3 3 0
3 4 55
3 5 21
3 6 0
3 7 38
4 1 0
4 2 73
4 3 0
4 4 70
4 5 21
4 6 0
4 7 45
5 1 0
5 2 24
5 3 0
5 4 23
5 5 8
5 6 0
5 7 15
6 1 0
6 2 27
6 3 0
6 4 28
6 5 10
6 6 0
6 7 18
7 1 0
7 2 11
7 3 0
7 4 12
7 5 4
7 6 0
7 7 8
8 1 0
8 2 10
8 3 0
8 4 9
8 5 3
8 6 0
8 7 6
9 1 0
9 2 10
9 3 0
9 4 8
9 5 3
9 6 0
9 7 6
10 1 0
10 2 43
10 3 0
10 4 34
10 5 12
10 6 0
10 7 23
11 1 0
11 2 38
11 3 0
11 4 34
11 5 13
11 6 0
11 7 26
12 1 0
12 2 76
12 3 0
12 4 71
12 5 22
12 6 0
12 7 45
13 1 0
13 2 120
13 3 0
13 4 108
13 5 37
13 6 0
13 7 74
14 1 0
14 2 44
14 3 0
14 4 33
14 5 12
14 6 0
14 7 22
15 1 0
15 2 72
15 3 0
15 4 57
15 5 22
15 6 0
15 7 38
16 1 0
16 2 113
16 3 0
16 4 92
16 5 31
16 6 0
16 7 55
17 1 0
17 2 18
17 3 0
17 4 16
17 5 6
17 6 0
17 7 9
18 1 0
18 2 40
18 3 0
18 4 36
18 5 13
18 6 0
18 7 22
19 1 0
19 2 25
19 3 0
19 4 20
19 5 7
19 6 0
19 7 15
20 1 0
20 2 40
20 3 0
20 4 38
20 5 13
20 6 0
20 7 22

# Precedence Relations
1 10
2 10
4 9
6 7
6 8
7 10
8 10
9 11
9 12
9 13
9 14
10 15
10 16
10 17
10 18
10 19
18 20

# Parameters
R_e = 0.0500
T = 1000.0
C_s = 4.0
C_w = 36.0
C_c = 5.0
