# Tasks
1 2 3 4 5 6 7 8 9 10 11 12 13 14 15 16 17 18 19 20

# Workstations
1 2 3 4 5 6 7 8 9 10 11 12 13 14 15 16 17 18 19 20

# Modes
1 2 3 4 5 6 7

# Processing Times
1 1 85
1 2 179
1 3 85
1 4 178
1 5 76
1 6 93
1 7 196
2 1 262
2 2 550
2 3 261
2 4 547
2 5 234
2 6 287
2 7 601
3 1 34
3 2 72
3 3 34
3 4 72
3 5 31
3 6 38
3 7 79
4 1 93
4 2 195
4 3 93
4 4 194
4 5 84
4 6 102
4 7 214
5 1 40
5 2 84
5 3 40
5 4 84
5 5 36
5 6 44
5 7 92
6 1 149
6 2 313
6 3 149
6 4 311
6 5 133
6 6 163
6 7 342
7 1 56
7 2 118
7 3 56
7 4 118
7 5 50
7 6 62
7 7 129
8 1 103
8 2 216
8 3 103
8 4 215
8 5 92
8 6 113
8 7 237
9 1 53
9 2 112
9 3 53
9 4 112
9 5 48
9 6 58
9 7 123
10 1 41
10 2 86
10 3 41
10 4 86
10 5 37
10 6 45
10 7 94
11 1 118
11 2 248
11 3 118
11 4 247
11 5 106
11 6 129
11 7 271
12 1 121
12 2 254
12 3 121
12 4 253
12 5 109
12 6 133
12 7 278
13 1 124
13 2 260
13 3 124
13 4 259
13 5 111
13 6 136
13 7 285
14 1 44
14 2 93
14 3 44
14 4 93
14 5 40
14 6 49
14 7 102
15 1 199
15 2 418
15 3 198
15 4 416
15 5 178
15 6 218
15 7 457
16 1 95
16 2 200
16 3 95
16 4 199
16 5 85
16 6 104
16 7 219
17 1 27
17 2 57
17 3 27
17 4 57
17 5 25
17 6 30
17 7 63
18 1 151
18 2 317
18 3 151
18 4 315
18 5 135
18 6 165
18 7 347
19 1 43
19 2 91
19 3 43
19 4 91
19 5 39
19 6 47
19 7 100
20 1 95
20 2 200
20 3 95
20 4 199
20 5 85
20 6 104
20 7 219

# Energy Consumption
1 1 0
1 2 46
1 3 0
1 4 37
1 5 12
1 6 0
1 7 29
2 1 0
2 2 139
2 3 0
2 4 118
2 5 38
2 6 0
2 7 85
3 1 0
3 2 19
3 3 0
3 4 15
3 5 5
3 6 0
3 7 10
4 1 0
4 2 53
4 3 0
4 4 40
4 5 13
4 6 0
4 7 27
5 1 0
5 2 21
5 3 0
5 4 16
5 5 6
5 6 0
5 7 12
6 1 0
6 2 85
6 3 0
6 4 59
6 5 20
6 6 0
6 7 44
7 1 0
7 2 30
7 3 0
7 4 22
7 5 8
7 6 0
7 7 20
8 1 0
8 2 64
8 3 0
8 4 45
8 5 14
8 6 0
8 7 34
9 1 0
9 2 32
9 3 0
9 4 21
9 5 7
9 6 0
9 7 17
10 1 0
10 2 25
10 3 0
10 4 19
10 5 6
10 6 0
10 7 14
11 1 0
11 2 55
11 3 0
11 4 52
11 5 17
11 6 0
11 7 33
12 1 0
12 2 60
12 3 0
12 4 56
12 5 18
12 6 0
12 7 39
13 1 0
13 2 75
13 3 0
13 4 48
13 5 18
13 6 0
13 7 43
14 1 0
14 2 24
14 3 0
14 4 18
14 5 7
14 6 0
14 7 13
15 1 0
15 2 108
15 3 0
15 4 82
15 5 28
15 6 0
15 7 58
16 1 0
16 2 51
16 3 0
16 4 39
16 5 13
16 6 0
16 7 28
17 1 0
17 2 16
17 3 0
17 4 11
17 5 4
17 6 0
17 7 8
18 1 0
18 2 93
18 3 0
18 4 64
18 5 21
18 6 0
18 7 50
19 1 0
19 2 27
19 3 0
19 4 17
19 5 6
19 6 0
19 7 15
20 1 0
20 2 48
20 3 0
20 4 40
20 5 12
20 6 0
20 7 33

# Precedence Relations
1 11
2 11
3 4
3 5
4 11
5 6
5 7
5 8
5 9
5 10
6 11
7 11
8 20
9 12
10 12
11 13
11 14
11 15
11 16
12 19
14 18
14 20
15 17
16 19
16 20

# Parameters
R_e = 0.0500
T = 1000.0
C_s = 4.0
C_w = 36.0
C_c = 5.0
