# Tasks
1 2 3 4 5 6 7 8 9 10 11 12 13 14 15 16 17 18 19 20

# Workstations
1 2 3 4 5 6 7 8 9 10 11 12 13 14 15 16 17 18 19 20

# Modes
1 2 3 4 5 6 7

# Processing Times
1 1 27
1 2 38
1 3 29
1 4 41
1 5 17
1 6 29
1 7 41
2 1 123
2 2 186
2 3 130
2 4 196
2 5 74
2 6 131
2 7 199
3 1 188
3 2 231
3 3 204
3 4 251
3 5 126
3 6 198
3 7 243
4 1 152
4 2 217
4 3 163
4 4 232
4 5 102
4 6 166
4 7 237
5 1 210
5 2 293
5 3 225
5 4 314
5 5 122
5 6 218
5 7 303
6 1 206
6 2 313
6 3 224
6 4 340
6 5 130
6 6 218
6 7 331
7 1 234
7 2 356
7 3 257
7 4 390
7 5 139
7 6 251
7 7 381
8 1 178
8 2 274
8 3 194
8 4 298
8 5 123
8 6 193
8 7 297
9 1 82
9 2 108
9 3 91
9 4 119
9 5 48
9 6 83
9 7 109
10 1 126
10 2 188
10 3 136
10 4 202
10 5 80
10 6 128
10 7 191
11 1 93
11 2 144
11 3 102
11 4 158
11 5 56
11 6 101
11 7 155
12 1 135
12 2 197
12 3 144
12 4 209
12 5 85
12 6 140
12 7 204
13 1 159
13 2 234
13 3 172
13 4 253
13 5 99
13 6 173
13 7 254
14 1 177
14 2 235
14 3 189
14 4 251
14 5 115
14 6 183
14 7 243
15 1 196
15 2 255
15 3 215
15 4 279
15 5 115
15 6 198
15 7 257
16 1 165
16 2 205
16 3 179
16 4 223
16 5 110
16 6 175
16 7 217
17 1 104
17 2 148
17 3 110
17 4 156
17 5 73
17 6 106
17 7 150
18 1 157
18 2 226
18 3 168
18 4 241
18 5 90
18 6 173
18 7 248
19 1 87
19 2 122
19 3 95
19 4 133
19 5 54
19 6 93
19 7 130
20 1 140
20 2 182
20 3 150
20 4 195
20 5 82
20 6 151
20 7 196

# Energy Consumption
1 1 0
1 2 10
1 3 0
1 4 9
1 5 3
1 6 0
1 7 6
2 1 0
2 2 47
2 3 0
2 4 39
2 5 12
2 6 0
2 7 29
3 1 0
3 2 65
3 3 0
3 4 49
3 5 20
3 6 0
3 7 34
4 1 0
4 2 55
4 3 0
4 4 52
4 5 15
4 6 0
4 7 35
5 1 0
5 2 72
5 3 0
5 4 66
5 5 20
5 6 0
5 7 42
6 1 0
6 2 70
6 3 0
6 4 73
6 5 20
6 6 0
6 7 46
7 1 0
7 2 80
7 3 0
7 4 85
7 5 21
7 6 0
7 7 54
8 1 0
8 2 70
8 3 0
8 4 63
8 5 19
8 6 0
8 7 42
9 1 0
9 2 29
9 3 0
9 4 26
9 5 8
9 6 0
9 7 17
10 1 0
10 2 54
10 3 0
10 4 42
10 5 12
10 6 0
10 7 27
11 1 0
11 2 32
11 3 0
11 4 30
11 5 9
11 6 0
11 7 23
12 1 0
12 2 50
12 3 0
12 4 46
12 5 13
12 6 0
12 7 29
13 1 0
13 2 57
13 3 0
13 4 51
13 5 15
13 6 0
13 7 35
14 1 0
14 2 70
14 3 0
14 4 51
14 5 18
14 6 0
14 7 33
15 1 0
15 2 66
15 3 0
15 4 52
15 5 18
15 6 0
15 7 32
16 1 0
16 2 58
16 3 0
16 4 48
16 5 17
16 6 0
16 7 28
17 1 0
17 2 40
17 3 0
17 4 35
17 5 12
17 6 0
17 7 19
18 1 0
18 2 55
18 3 0
18 4 49
18 5 14
18 6 0
18 7 31
19 1 0
19 2 34
19 3 0
19 4 28
19 5 9
19 6 0
19 7 20
20 1 0
20 2 47
20 3 0
20 4 43
20 5 13
20 6 0
20 7 25

# Precedence Relations
1 9
2 9
3 9
4 7
5 6
5 8
6 9
7 9
8 10
8 11
9 12
9 13
9 14
9 15
10 17
12 17
13 16
16 19
16 20
17 18

# Parameters
R_e = 0.0500
T = 1000.0
C_s = 4.0
C_w = 36.0
C_c = 5.0
