# Tasks
1 2 3 4 5 6 7

# Workstations
1 2 3 4 5 6 7

# Modes
1 2 3 4 5 6 7

# Processing Times
1 1 1
1 2 3
1 3 2
1 4 4
1 5 1
1 6 2
1 7 5
2 1 5
2 2 12
2 3 6
2 4 13
2 5 2
2 6 8
2 7 17
3 1 4
3 2 10
3 3 5
3 4 11
3 5 2
3 6 6
3 7 15
4 1 3
4 2 8
4 3 4
4 4 9
4 5 2
4 6 5
4 7 12
5 1 5
5 2 12
5 3 6
5 4 13
5 5 2
5 6 8
5 7 17
6 1 6
6 2 15
6 3 7
6 4 16
6 5 3
6 6 9
6 7 22
7 1 5
7 2 12
7 3 6
7 4 13
7 5 2
7 6 8
7 7 17

# Energy Consumption
1 1 0
1 2 1
1 3 0
1 4 1
1 5 1
1 6 0
1 7 1
2 1 0
2 2 4
2 3 0
2 4 3
2 5 1
2 6 0
2 7 3
3 1 0
3 2 3
3 3 0
3 4 3
3 5 1
3 6 0
3 7 2
4 1 0
4 2 3
4 3 0
4 4 2
4 5 1
4 6 0
4 7 2
5 1 0
5 2 3
5 3 0
5 4 3
5 5 1
5 6 0
5 7 3
6 1 0
6 2 4
6 3 0
6 4 4
6 5 1
6 6 0
6 7 4
7 1 0
7 2 3
7 3 0
7 4 3
7 5 1
7 6 0
7 7 3

# Precedence Relations
1 2
1 4
2 3
2 5
4 7
5 6

# Parameters
R_e = 0.0500
T = 60.0
C_s = 4.0
C_w = 36.0
C_c = 5.0
