# Tasks
1 2 3 4 5 6 7 8 9 10 11 12 13 14 15 16 17 18 19 20 21 22 23 24 25 26 27 28 29 30 31 32 33 34 35 36 37 38 39 40 41 42 43 44 45 46 47 48 49 50 51 52 53 54 55 56 57 58 59 60 61 62 63 64 65 66 67 68 69 70 71 72 73 74 75 76 77 78 79 80 81 82 83 84 85 86 87 88 89 90 91 92 93 94 95 96 97 98 99 100 101 102 103 104 105 106 107 108 109 110 111

# Workstations
1 2 3 4 5 6 7 8 9 10 11 12 13 14 15 16 17 18 19 20 21 22 23 24 25 26 27 28 29 30 31 32 33 34 35 36 37 38 39 40 41 42 43 44 45 46 47 48 49 50 51 52 53 54 55 56 57 58 59 60 61 62 63 64 65 66 67 68 69 70 71 72 73 74 75 76 77 78 79 80 81 82 83 84 85 86 87 88 89 90 91 92 93 94 95 96 97 98 99 100 101 102 103 104 105 106 107 108 109 110 111

# Modes
1 2 3 4 5 6 7

# Processing Times
1 1 1960
1 2 2429
1 3 1901
1 4 2355
1 5 729
1 6 2715
1 7 3364
2 1 1715
2 2 2125
2 3 1663
2 4 2061
2 5 638
2 6 2375
2 7 2943
3 1 735
3 2 911
3 3 713
3 4 884
3 5 274
3 6 1018
3 7 1262
4 1 1715
4 2 2125
4 3 1663
4 4 2061
4 5 638
4 6 2375
4 7 2943
5 1 490
5 2 608
5 3 476
5 4 590
5 5 183
5 6 679
5 7 842
6 1 1225
6 2 1518
6 3 1188
6 4 1472
6 5 456
6 6 1697
6 7 2103
7 1 169
7 2 210
7 3 164
7 4 204
7 5 63
7 6 235
7 7 291
8 1 2252
8 2 2791
8 3 2184
8 4 2706
8 5 838
8 6 3119
8 7 3865
9 1 1225
9 2 1518
9 3 1188
9 4 1472
9 5 456
9 6 1697
9 7 2103
10 1 2319
10 2 2874
10 3 2249
10 4 2787
10 5 863
10 6 3212
10 7 3980
11 1 1715
11 2 2125
11 3 1663
11 4 2061
11 5 638
11 6 2375
11 7 2943
12 1 980
12 2 1215
12 3 951
12 4 1178
12 5 365
12 6 1358
12 7 1683
13 1 735
13 2 911
13 3 713
13 4 884
13 5 274
13 6 1018
13 7 1262
14 1 2281
14 2 2827
14 3 2212
14 4 2741
14 5 849
14 6 3159
14 7 3915
15 1 2750
15 2 3408
15 3 2667
15 4 3305
15 5 1023
15 6 3809
15 7 4720
16 1 77
16 2 96
16 3 75
16 4 94
16 5 29
16 6 107
16 7 133
17 1 89
17 2 111
17 3 87
17 4 108
17 5 34
17 6 124
17 7 154
18 1 51
18 2 64
18 3 50
18 4 63
18 5 19
18 6 71
18 7 89
19 1 364
19 2 451
19 3 353
19 4 438
19 5 136
19 6 505
19 7 625
20 1 405
20 2 502
20 3 393
20 4 487
20 5 151
20 6 561
20 7 696
21 1 3060
21 2 3792
21 3 2967
21 4 3677
21 5 1138
21 6 4238
21 7 5252
22 1 125
22 2 155
22 3 122
22 4 151
22 5 47
22 6 174
22 7 215
23 1 3429
23 2 4249
23 3 3325
23 4 4120
23 5 1275
23 6 4749
23 7 5885
24 1 43
24 2 54
24 3 42
24 4 53
24 5 16
24 6 60
24 7 75
25 1 3430
25 2 4250
25 3 3326
25 4 4121
25 5 1276
25 6 4750
25 7 5886
26 1 1960
26 2 2429
26 3 1901
26 4 2355
26 5 729
26 6 2715
26 7 3364
27 1 29
27 2 36
27 3 29
27 4 35
27 5 11
27 6 41
27 7 50
28 1 27
28 2 34
28 3 27
28 4 33
28 5 11
28 6 38
28 7 48
29 1 15
29 2 19
29 3 15
29 4 19
29 5 6
29 6 21
29 7 27
30 1 121
30 2 150
30 3 118
30 4 146
30 5 45
30 6 168
30 7 208
31 1 1715
31 2 2125
31 3 1663
31 4 2061
31 5 638
31 6 2375
31 7 2943
32 1 2127
32 2 2636
32 3 2063
32 4 2556
32 5 791
32 6 2946
32 7 3651
33 1 1470
33 2 1822
33 3 1426
33 4 1767
33 5 547
33 6 2036
33 7 2524
34 1 4037
34 2 5002
34 3 3914
34 4 4850
34 5 1501
34 6 5591
34 7 6927
35 1 68
35 2 85
35 3 66
35 4 83
35 5 26
35 6 95
35 7 118
36 1 62
36 2 77
36 3 61
36 4 75
36 5 24
36 6 86
36 7 107
37 1 42
37 2 53
37 3 41
37 4 52
37 5 16
37 6 59
37 7 74
38 1 364
38 2 451
38 3 353
38 4 438
38 5 136
38 6 505
38 7 625
39 1 4998
39 2 6193
39 3 4846
39 4 6005
39 5 1859
39 6 6922
39 7 8577
40 1 1470
40 2 1822
40 3 1426
40 4 1767
40 5 547
40 6 2036
40 7 2524
41 1 2963
41 2 3672
41 3 2873
41 4 3561
41 5 1102
41 6 4104
41 7 5085
42 1 5689
42 2 7049
42 3 5516
42 4 6835
42 5 2116
42 6 7879
42 7 9762
43 1 68
43 2 85
43 3 66
43 4 83
43 5 26
43 6 95
43 7 118
44 1 18
44 2 23
44 3 18
44 4 23
44 5 7
44 6 25
44 7 32
45 1 10
45 2 13
45 3 10
45 4 13
45 5 4
45 6 14
45 7 19
46 1 81
46 2 101
46 3 79
46 4 98
46 5 31
46 6 113
46 7 140
47 1 5200
47 2 6443
47 3 5042
47 4 6247
47 5 1934
47 6 7201
47 7 8923
48 1 39
48 2 49
48 3 38
48 4 48
48 5 15
48 6 55
48 7 68
49 1 67
49 2 84
49 3 65
49 4 82
49 5 25
49 6 93
49 7 117
50 1 27
50 2 34
50 3 27
50 4 33
50 5 11
50 6 38
50 7 48
51 1 15
51 2 19
51 3 15
51 4 19
51 5 6
51 6 21
51 7 27
52 1 121
52 2 150
52 3 118
52 4 146
52 5 45
52 6 168
52 7 208
53 1 58
53 2 72
53 3 57
53 4 70
53 5 22
53 6 81
53 7 100
54 1 1715
54 2 2125
54 3 1663
54 4 2061
54 5 638
54 6 2375
54 7 2943
55 1 125
55 2 155
55 3 122
55 4 151
55 5 47
55 6 174
55 7 215
56 1 4010
56 2 4969
56 3 3888
56 4 4818
56 5 1491
56 6 5554
56 7 6882
57 1 1470
57 2 1822
57 3 1426
57 4 1767
57 5 547
57 6 2036
57 7 2524
58 1 1470
58 2 1822
58 3 1426
58 4 1767
58 5 547
58 6 2036
58 7 2524
59 1 2303
59 2 2854
59 3 2233
59 4 2767
59 5 857
59 6 3190
59 7 3953
60 1 1960
60 2 2429
60 3 1901
60 4 2355
60 5 729
60 6 2715
60 7 3364
61 1 2205
61 2 2732
61 3 2138
61 4 2649
61 5 820
61 6 3054
61 7 3784
62 1 4018
62 2 4979
62 3 3896
62 4 4828
62 5 1494
62 6 5565
62 7 6895
63 1 2744
63 2 3400
63 3 2661
63 4 3297
63 5 1021
63 6 3800
63 7 4709
64 1 2999
64 2 3716
64 3 2908
64 4 3603
64 5 1116
64 6 4154
64 7 5146
65 1 735
65 2 911
65 3 713
65 4 884
65 5 274
65 6 1018
65 7 1262
66 1 735
66 2 911
66 3 713
66 4 884
66 5 274
66 6 1018
66 7 1262
67 1 735
67 2 911
67 3 713
67 4 884
67 5 274
67 6 1018
67 7 1262
68 1 735
68 2 911
68 3 713
68 4 884
68 5 274
68 6 1018
68 7 1262
69 1 545
69 2 676
69 3 529
69 4 656
69 5 203
69 6 755
69 7 937
70 1 3386
70 2 4196
70 3 3283
70 4 4069
70 5 1259
70 6 4689
70 7 5811
71 1 3234
71 2 4007
71 3 3136
71 4 3885
71 5 1203
71 6 4479
71 7 5549
72 1 2205
72 2 2732
72 3 2138
72 4 2649
72 5 820
72 6 3054
72 7 3784
73 1 2206
73 2 2734
73 3 2139
73 4 2651
73 5 821
73 6 3055
73 7 3787
74 1 490
74 2 608
74 3 476
74 4 590
74 5 183
74 6 679
74 7 842
75 1 825
75 2 1023
75 3 800
75 4 992
75 5 307
75 6 1143
75 7 1417
76 1 3528
76 2 4372
76 3 3421
76 4 4239
76 5 1312
76 6 4886
76 7 6055
77 1 3568
77 2 4421
77 3 3460
77 4 4287
77 5 1327
77 6 4941
77 7 6123
78 1 1200
78 2 1487
78 3 1164
78 4 1442
78 5 447
78 6 1662
78 7 2060
79 1 618
79 2 766
79 3 600
79 4 743
79 5 230
79 6 856
79 7 1061
80 1 1470
80 2 1822
80 3 1426
80 4 1767
80 5 547
80 6 2036
80 7 2524
81 1 1715
81 2 2125
81 3 1663
81 4 2061
81 5 638
81 6 2375
81 7 2943
82 1 735
82 2 911
82 3 713
82 4 884
82 5 274
82 6 1018
82 7 1262
83 1 1960
83 2 2429
83 3 1901
83 4 2355
83 5 729
83 6 2715
83 7 3364
84 1 2889
84 2 3580
84 3 2801
84 4 3471
84 5 1075
84 6 4001
84 7 4958
85 1 618
85 2 766
85 3 600
85 4 743
85 5 230
85 6 856
85 7 1061
86 1 490
86 2 608
86 3 476
86 4 590
86 5 183
86 6 679
86 7 842
87 1 735
87 2 911
87 3 713
87 4 884
87 5 274
87 6 1018
87 7 1262
88 1 490
88 2 608
88 3 476
88 4 590
88 5 183
88 6 679
88 7 842
89 1 921
89 2 1142
89 3 893
89 4 1108
89 5 343
89 6 1276
89 7 1582
90 1 326
90 2 404
90 3 317
90 4 392
90 5 122
90 6 452
90 7 560
91 1 5390
91 2 6679
91 3 5226
91 4 6476
91 5 2005
91 6 7465
91 7 9250
92 1 243
92 2 302
92 3 236
92 4 293
92 5 91
92 6 337
92 7 419
93 1 371
93 2 460
93 3 360
93 4 446
93 5 138
93 6 514
93 7 638
94 1 58
94 2 72
94 3 57
94 4 70
94 5 22
94 6 81
94 7 100
95 1 5059
95 2 6269
95 3 4905
95 4 6078
95 5 1881
95 6 7006
95 7 8682
96 1 1225
96 2 1518
96 3 1188
96 4 1472
96 5 456
96 6 1697
96 7 2103
97 1 769
97 2 953
97 3 746
97 4 924
97 5 286
97 6 1065
97 7 1320
98 1 768
98 2 952
98 3 745
98 4 923
98 5 286
98 6 1064
98 7 1319
99 1 1670
99 2 2070
99 3 1620
99 4 2007
99 5 621
99 6 2313
99 7 2867
100 1 1670
100 2 2070
100 3 1620
100 4 2007
100 5 621
100 6 2313
100 7 2867
101 1 490
101 2 608
101 3 476
101 4 590
101 5 183
101 6 679
101 7 842
102 1 202
102 2 251
102 3 196
102 4 244
102 5 76
102 6 280
102 7 348
103 1 203
103 2 252
103 3 197
103 4 245
103 5 76
103 6 282
103 7 349
104 1 202
104 2 251
104 3 196
104 4 244
104 5 76
104 6 280
104 7 348
105 1 2744
105 2 3400
105 3 2661
105 4 3297
105 5 1021
105 6 3800
105 7 4709
106 1 162
106 2 201
106 3 158
106 4 195
106 5 61
106 6 225
106 7 279
107 1 324
107 2 402
107 3 315
107 4 390
107 5 121
107 6 449
107 7 557
108 1 162
108 2 201
108 3 158
108 4 195
108 5 61
108 6 225
108 7 279
109 1 121
109 2 150
109 3 118
109 4 146
109 5 45
109 6 168
109 7 208
110 1 162
110 2 201
110 3 158
110 4 195
110 5 61
110 6 225
110 7 279
111 1 91
111 2 113
111 3 89
111 4 110
111 5 34
111 6 127
111 7 157

# Energy Consumption
1 1 0
1 2 554
1 3 0
1 4 469
1 5 105
1 6 0
1 7 472
2 1 0
2 2 474
2 3 0
2 4 418
2 5 94
2 6 0
2 7 381
3 1 0
3 2 264
3 3 0
3 4 165
3 5 44
3 6 0
3 7 153
4 1 0
4 2 498
4 3 0
4 4 439
4 5 92
4 6 0
4 7 404
5 1 0
5 2 165
5 3 0
5 4 112
5 5 29
5 6 0
5 7 116
6 1 0
6 2 415
6 3 0
6 4 310
6 5 67
6 6 0
6 7 279
7 1 0
7 2 57
7 3 0
7 4 45
7 5 10
7 6 0
7 7 39
8 1 0
8 2 764
8 3 0
8 4 585
8 5 128
8 6 0
8 7 480
9 1 0
9 2 370
9 3 0
9 4 274
9 5 65
9 6 0
9 7 269
10 1 0
10 2 720
10 3 0
10 4 537
10 5 130
10 6 0
10 7 560
11 1 0
11 2 608
11 3 0
11 4 377
11 5 90
11 6 0
11 7 408
12 1 0
12 2 305
12 3 0
12 4 246
12 5 54
12 6 0
12 7 204
13 1 0
13 2 229
13 3 0
13 4 185
13 5 44
13 6 0
13 7 172
14 1 0
14 2 671
14 3 0
14 4 520
14 5 128
14 6 0
14 7 582
15 1 0
15 2 924
15 3 0
15 4 640
15 5 148
15 6 0
15 7 679
16 1 0
16 2 22
16 3 0
16 4 19
16 5 5
16 6 0
16 7 17
17 1 0
17 2 33
17 3 0
17 4 21
17 5 5
17 6 0
17 7 23
18 1 0
18 2 16
18 3 0
18 4 14
18 5 3
18 6 0
18 7 12
19 1 0
19 2 128
19 3 0
19 4 85
19 5 20
19 6 0
19 7 90
20 1 0
20 2 150
20 3 0
20 4 100
20 5 25
20 6 0
20 7 85
21 1 0
21 2 947
21 3 0
21 4 725
21 5 182
21 6 0
21 7 693
22 1 0
22 2 36
22 3 0
22 4 29
22 5 7
22 6 0
22 7 32
23 1 0
23 2 1023
23 3 0
23 4 770
23 5 180
23 6 0
23 7 746
24 1 0
24 2 14
24 3 0
24 4 10
24 5 3
24 6 0
24 7 10
25 1 0
25 2 1055
25 3 0
25 4 760
25 5 203
25 6 0
25 7 798
26 1 0
26 2 551
26 3 0
26 4 512
26 5 109
26 6 0
26 7 410
27 1 0
27 2 11
27 3 0
27 4 7
27 5 2
27 6 0
27 7 7
28 1 0
28 2 10
28 3 0
28 4 6
28 5 2
28 6 0
28 7 6
29 1 0
29 2 6
29 3 0
29 4 4
29 5 1
29 6 0
29 7 4
30 1 0
30 2 44
30 3 0
30 4 31
30 5 7
30 6 0
30 7 29
31 1 0
31 2 544
31 3 0
31 4 393
31 5 102
31 6 0
31 7 362
32 1 0
32 2 713
32 3 0
32 4 487
32 5 123
32 6 0
32 7 466
33 1 0
33 2 433
33 3 0
33 4 326
33 5 85
33 6 0
33 7 371
34 1 0
34 2 1284
34 3 0
34 4 989
34 5 231
34 6 0
34 7 903
35 1 0
35 2 23
35 3 0
35 4 16
35 5 4
35 6 0
35 7 15
36 1 0
36 2 18
36 3 0
36 4 14
36 5 4
36 6 0
36 7 14
37 1 0
37 2 15
37 3 0
37 4 12
37 5 3
37 6 0
37 7 11
38 1 0
38 2 117
38 3 0
38 4 96
38 5 20
38 6 0
38 7 78
39 1 0
39 2 1453
39 3 0
39 4 1160
39 5 269
39 6 0
39 7 1044
40 1 0
40 2 443
40 3 0
40 4 360
40 5 82
40 6 0
40 7 377
41 1 0
41 2 1075
41 3 0
41 4 775
41 5 171
41 6 0
41 7 710
42 1 0
42 2 1967
42 3 0
42 4 1345
42 5 339
42 6 0
42 7 1200
43 1 0
43 2 26
43 3 0
43 4 18
43 5 4
43 6 0
43 7 17
44 1 0
44 2 7
44 3 0
44 4 5
44 5 1
44 6 0
44 7 5
45 1 0
45 2 4
45 3 0
45 4 3
45 5 1
45 6 0
45 7 3
46 1 0
46 2 26
46 3 0
46 4 19
46 5 5
46 6 0
46 7 20
47 1 0
47 2 1755
47 3 0
47 4 1151
47 5 281
47 6 0
47 7 1078
48 1 0
48 2 14
48 3 0
48 4 11
48 5 3
48 6 0
48 7 10
49 1 0
49 2 21
49 3 0
49 4 16
49 5 4
49 6 0
49 7 17
50 1 0
50 2 10
50 3 0
50 4 7
50 5 2
50 6 0
50 7 7
51 1 0
51 2 5
51 3 0
51 4 5
51 5 1
51 6 0
51 7 4
52 1 0
52 2 39
52 3 0
52 4 27
52 5 8
52 6 0
52 7 26
53 1 0
53 2 21
53 3 0
53 4 13
53 5 4
53 6 0
53 7 13
54 1 0
54 2 554
54 3 0
54 4 397
54 5 100
54 6 0
54 7 442
55 1 0
55 2 36
55 3 0
55 4 29
55 5 8
55 6 0
55 7 31
56 1 0
56 2 1283
56 3 0
56 4 894
56 5 218
56 6 0
56 7 933
57 1 0
57 2 476
57 3 0
57 4 334
57 5 78
57 6 0
57 7 329
58 1 0
58 2 402
58 3 0
58 4 383
58 5 84
58 6 0
58 7 305
59 1 0
59 2 733
59 3 0
59 4 579
59 5 136
59 6 0
59 7 533
60 1 0
60 2 676
60 3 0
60 4 500
60 5 105
60 6 0
60 7 425
61 1 0
61 2 627
61 3 0
61 4 529
61 5 119
61 6 0
61 7 459
62 1 0
62 2 1461
62 3 0
62 4 973
62 5 235
62 6 0
62 7 1021
63 1 0
63 2 821
63 3 0
63 4 674
63 5 155
63 6 0
63 7 699
64 1 0
64 2 997
64 3 0
64 4 732
64 5 165
64 6 0
64 7 769
65 1 0
65 2 254
65 3 0
65 4 175
65 5 42
65 6 0
65 7 179
66 1 0
66 2 220
66 3 0
66 4 170
66 5 42
66 6 0
66 7 179
67 1 0
67 2 244
67 3 0
67 4 188
67 5 40
67 6 0
67 7 182
68 1 0
68 2 238
68 3 0
68 4 165
68 5 41
68 6 0
68 7 178
69 1 0
69 2 202
69 3 0
69 4 134
69 5 32
69 6 0
69 7 116
70 1 0
70 2 1166
70 3 0
70 4 758
70 5 184
70 6 0
70 7 863
71 1 0
71 2 1059
71 3 0
71 4 710
71 5 192
71 6 0
71 7 724
72 1 0
72 2 762
72 3 0
72 4 567
72 5 128
72 6 0
72 7 519
73 1 0
73 2 680
73 3 0
73 4 578
73 5 121
73 6 0
73 7 505
74 1 0
74 2 143
74 3 0
74 4 119
74 5 29
74 6 0
74 7 110
75 1 0
75 2 292
75 3 0
75 4 201
75 5 46
75 6 0
75 7 179
76 1 0
76 2 1133
76 3 0
76 4 836
76 5 204
76 6 0
76 7 778
77 1 0
77 2 1277
77 3 0
77 4 861
77 5 211
77 6 0
77 7 896
78 1 0
78 2 336
78 3 0
78 4 286
78 5 64
78 6 0
78 7 262
79 1 0
79 2 205
79 3 0
79 4 156
79 5 35
79 6 0
79 7 136
80 1 0
80 2 447
80 3 0
80 4 342
80 5 86
80 6 0
80 7 305
81 1 0
81 2 618
81 3 0
81 4 401
81 5 90
81 6 0
81 7 399
82 1 0
82 2 248
82 3 0
82 4 167
82 5 41
82 6 0
82 7 157
83 1 0
83 2 652
83 3 0
83 4 460
83 5 116
83 6 0
83 7 407
84 1 0
84 2 1051
84 3 0
84 4 661
84 5 160
84 6 0
84 7 614
85 1 0
85 2 202
85 3 0
85 4 157
85 5 34
85 6 0
85 7 140
86 1 0
86 2 148
86 3 0
86 4 117
86 5 28
86 6 0
86 7 122
87 1 0
87 2 220
87 3 0
87 4 189
87 5 44
87 6 0
87 7 172
88 1 0
88 2 166
88 3 0
88 4 113
88 5 27
88 6 0
88 7 102
89 1 0
89 2 279
89 3 0
89 4 235
89 5 53
89 6 0
89 7 235
90 1 0
90 2 109
90 3 0
90 4 75
90 5 18
90 6 0
90 7 68
91 1 0
91 2 1751
91 3 0
91 4 1416
91 5 295
91 6 0
91 7 1301
92 1 0
92 2 89
92 3 0
92 4 61
92 5 14
92 6 0
92 7 56
93 1 0
93 2 135
93 3 0
93 4 97
93 5 21
93 6 0
93 7 86
94 1 0
94 2 16
94 3 0
94 4 16
94 5 4
94 6 0
94 7 14
95 1 0
95 2 1695
95 3 0
95 4 1140
95 5 275
95 6 0
95 7 1189
96 1 0
96 2 390
96 3 0
96 4 277
96 5 66
96 6 0
96 7 278
97 1 0
97 2 284
97 3 0
97 4 193
97 5 41
97 6 0
97 7 162
98 1 0
98 2 236
98 3 0
98 4 197
98 5 41
98 6 0
98 7 176
99 1 0
99 2 576
99 3 0
99 4 408
99 5 93
99 6 0
99 7 360
100 1 0
100 2 582
100 3 0
100 4 372
100 5 96
100 6 0
100 7 388
101 1 0
101 2 158
101 3 0
101 4 130
101 5 28
101 6 0
101 7 103
102 1 0
102 2 62
102 3 0
102 4 46
102 5 11
102 6 0
102 7 52
103 1 0
103 2 58
103 3 0
103 4 50
103 5 12
103 6 0
103 7 49
104 1 0
104 2 70
104 3 0
104 4 50
104 5 11
104 6 0
104 7 52
105 1 0
105 2 846
105 3 0
105 4 716
105 5 162
105 6 0
105 7 589
106 1 0
106 2 52
106 3 0
106 4 38
106 5 10
106 6 0
106 7 39
107 1 0
107 2 96
107 3 0
107 4 79
107 5 18
107 6 0
107 7 68
108 1 0
108 2 60
108 3 0
108 4 40
108 5 9
108 6 0
108 7 42
109 1 0
109 2 40
109 3 0
109 4 29
109 5 8
109 6 0
109 7 31
110 1 0
110 2 54
110 3 0
110 4 41
110 5 10
110 6 0
110 7 39
111 1 0
111 2 32
111 3 0
111 4 21
111 5 5
111 6 0
111 7 19

# Precedence Relations
1 2
2 3
3 4
4 5
4 6
4 7
4 8
4 9
4 10
5 39
6 39
7 83
8 71
9 32
10 11
10 12
11 13
11 14
11 15
11 16
11 17
11 18
11 19
11 20
11 21
12 13
12 14
12 15
12 16
12 17
12 18
12 19
12 20
12 21
13 71
14 22
14 23
14 24
14 25
15 26
16 27
17 28
18 29
19 30
20 91
21 111
22 31
22 83
23 32
23 33
24 69
24 70
25 34
26 82
27 35
28 36
29 37
30 38
31 39
32 41
33 111
34 42
35 43
36 44
36 91
37 45
37 91
38 46
38 91
39 40
40 111
41 69
41 70
42 47
43 48
43 49
44 50
45 51
46 52
47 54
47 55
47 56
47 57
47 58
47 59
47 60
48 53
49 91
50 111
51 111
52 111
53 111
54 69
54 70
55 61
55 62
55 63
56 63
56 64
57 65
57 91
58 66
58 91
59 67
59 91
60 68
60 91
61 69
61 70
62 71
63 111
64 72
65 111
66 111
67 111
68 111
69 77
69 78
70 73
71 91
72 74
73 75
74 76
75 77
75 78
75 79
76 80
76 81
76 82
77 83
78 84
79 85
80 86
80 91
81 87
81 91
82 111
83 91
84 88
84 89
84 91
85 111
86 111
87 90
88 105
89 105
90 111
91 92
91 93
91 94
92 95
93 95
94 95
95 96
95 97
95 98
95 99
95 100
95 104
96 101
97 102
98 103
99 111
100 111
101 105
102 106
102 107
103 107
103 108
104 111
105 111
106 109
107 111
108 110
109 111
110 111

# Parameters
R_e = 0.0500
T = 10250.1
C_s = 4.0
C_w = 36.0
C_c = 5.0
