# Tasks
1 2 3 4 5 6 7 8 9 10 11 12 13 14 15 16 17 18 19 20 21 22 23 24 25 26 27 28 29 30

# Workstations
1 2 3 4 5 6 7 8 9 10 11 12 13 14 15 16 17 18 19 20 21 22 23 24 25 26 27 28 29 30

# Modes
1 2 3 4 5 6 7

# Processing Times
1 1 8
1 2 16
1 3 9
1 4 17
1 5 8
1 6 9
1 7 17
2 1 7
2 2 14
2 3 7
2 4 14
2 5 7
2 6 8
2 7 15
3 1 19
3 2 39
3 3 20
3 4 41
3 5 18
3 6 21
3 7 43
4 1 10
4 2 23
4 3 10
4 4 23
4 5 9
4 6 11
4 7 24
5 1 2
5 2 4
5 3 3
5 4 5
5 5 2
5 6 3
5 7 5
6 1 6
6 2 14
6 3 6
6 4 14
6 5 6
6 6 7
6 7 15
7 1 14
7 2 30
7 3 14
7 4 30
7 5 12
7 6 15
7 7 31
8 1 10
8 2 22
8 3 10
8 4 22
8 5 10
8 6 11
8 7 25
9 1 1
9 2 3
9 3 2
9 4 4
9 5 1
9 6 2
9 7 4
10 1 4
10 2 9
10 3 4
10 4 9
10 5 4
10 6 4
10 7 9
11 1 14
11 2 32
11 3 15
11 4 33
11 5 13
11 6 15
11 7 33
12 1 15
12 2 34
12 3 15
12 4 33
12 5 14
12 6 17
12 7 37
13 1 5
13 2 12
13 3 6
13 4 13
13 5 5
13 6 6
13 7 13
14 1 12
14 2 22
14 3 13
14 4 23
14 5 11
14 6 13
14 7 23
15 1 9
15 2 22
15 3 9
15 4 22
15 5 9
15 6 10
15 7 23
16 1 10
16 2 25
16 3 10
16 4 25
16 5 9
16 6 11
16 7 27
17 1 2
17 2 4
17 3 3
17 4 5
17 5 2
17 6 3
17 7 5
18 1 10
18 2 25
18 3 10
18 4 24
18 5 10
18 6 11
18 7 26
19 1 18
19 2 37
19 3 18
19 4 36
19 5 16
19 6 19
19 7 38
20 1 16
20 2 35
20 3 17
20 4 37
20 5 15
20 6 17
20 7 38
21 1 21
21 2 51
21 3 21
21 4 49
21 5 19
21 6 23
21 7 56
22 1 14
22 2 35
22 3 14
22 4 34
22 5 12
22 6 15
22 7 37
23 1 16
23 2 40
23 3 17
23 4 41
23 5 15
23 6 18
23 7 44
24 1 7
24 2 15
24 3 7
24 4 15
24 5 6
24 6 8
24 7 17
25 1 17
25 2 35
25 3 17
25 4 34
25 5 16
25 6 19
25 7 38
26 1 9
26 2 21
26 3 10
26 4 22
26 5 9
26 6 10
26 7 22
27 1 25
27 2 61
27 3 27
27 4 64
27 5 23
27 6 28
27 7 67
28 1 7
28 2 14
28 3 8
28 4 15
28 5 7
28 6 8
28 7 15
29 1 14
29 2 26
29 3 14
29 4 26
29 5 13
29 6 15
29 7 28
30 1 2
30 2 4
30 3 3
30 4 5
30 5 2
30 6 3
30 7 5

# Energy Consumption
1 1 0
1 2 5
1 3 0
1 4 4
1 5 2
1 6 0
1 7 3
2 1 0
2 2 4
2 3 0
2 4 4
2 5 2
2 6 0
2 7 3
3 1 0
3 2 11
3 3 0
3 4 9
3 5 3
3 6 0
3 7 6
4 1 0
4 2 7
4 3 0
4 4 5
4 5 2
4 6 0
4 7 3
5 1 0
5 2 1
5 3 0
5 4 1
5 5 1
5 6 0
5 7 1
6 1 0
6 2 4
6 3 0
6 4 3
6 5 1
6 6 0
6 7 2
7 1 0
7 2 8
7 3 0
7 4 6
7 5 2
7 6 0
7 7 5
8 1 0
8 2 7
8 3 0
8 4 5
8 5 2
8 6 0
8 7 4
9 1 0
9 2 1
9 3 0
9 4 1
9 5 1
9 6 0
9 7 1
10 1 0
10 2 3
10 3 0
10 4 2
10 5 1
10 6 0
10 7 2
11 1 0
11 2 8
11 3 0
11 4 7
11 5 3
11 6 0
11 7 4
12 1 0
12 2 8
12 3 0
12 4 8
12 5 3
12 6 0
12 7 6
13 1 0
13 2 4
13 3 0
13 4 3
13 5 1
13 6 0
13 7 2
14 1 0
14 2 6
14 3 0
14 4 5
14 5 2
14 6 0
14 7 3
15 1 0
15 2 6
15 3 0
15 4 5
15 5 2
15 6 0
15 7 3
16 1 0
16 2 7
16 3 0
16 4 5
16 5 2
16 6 0
16 7 4
17 1 0
17 2 2
17 3 0
17 4 1
17 5 1
17 6 0
17 7 1
18 1 0
18 2 8
18 3 0
18 4 5
18 5 2
18 6 0
18 7 4
19 1 0
19 2 11
19 3 0
19 4 7
19 5 3
19 6 0
19 7 6
20 1 0
20 2 9
20 3 0
20 4 8
20 5 3
20 6 0
20 7 6
21 1 0
21 2 14
21 3 0
21 4 10
21 5 3
21 6 0
21 7 9
22 1 0
22 2 9
22 3 0
22 4 8
22 5 2
22 6 0
22 7 6
23 1 0
23 2 12
23 3 0
23 4 9
23 5 3
23 6 0
23 7 7
24 1 0
24 2 5
24 3 0
24 4 4
24 5 1
24 6 0
24 7 3
25 1 0
25 2 11
25 3 0
25 4 7
25 5 3
25 6 0
25 7 5
26 1 0
26 2 5
26 3 0
26 4 5
26 5 2
26 6 0
26 7 3
27 1 0
27 2 17
27 3 0
27 4 14
27 5 4
27 6 0
27 7 10
28 1 0
28 2 5
28 3 0
28 4 4
28 5 2
28 6 0
28 7 2
29 1 0
29 2 7
29 3 0
29 4 5
29 5 3
29 6 0
29 7 4
30 1 0
30 2 1
30 3 0
30 4 1
30 5 1
30 6 0
30 7 1

# Precedence Relations
1 4
1 5
2 11
2 12
3 16
3 17
4 7
5 6
6 7
7 8
8 9
9 26
10 24
12 13
13 14
14 15
14 20
15 22
16 20
17 18
18 19
20 21
20 24
21 22
22 23
23 27
24 25
25 26
26 27
27 28
27 29
29 30

# Parameters
R_e = 0.0500
T = 200.0
C_s = 4.0
C_w = 36.0
C_c = 5.0
