# Tasks
1 2 3 4 5 6 7 8 9 10 11 12 13 14 15 16 17 18 19 20

# Workstations
1 2 3 4 5 6 7 8 9 10 11 12 13 14 15 16 17 18 19 20

# Modes
1 2 3 4 5 6 7

# Processing Times
1 1 142
1 2 147
1 3 138
1 4 143
1 5 92
1 6 174
1 7 181
2 1 34
2 2 35
2 3 36
2 4 37
2 5 21
2 6 40
2 7 41
3 1 140
3 2 144
3 3 137
3 4 140
3 5 88
3 6 156
3 7 160
4 1 214
4 2 184
4 3 219
4 4 188
4 5 120
4 6 256
4 7 220
5 1 121
5 2 105
5 3 119
5 4 103
5 5 82
5 6 141
5 7 122
6 1 279
6 2 303
6 3 283
6 4 307
6 5 170
6 6 333
6 7 362
7 1 50
7 2 46
7 3 52
7 4 48
7 5 32
7 6 63
7 7 58
8 1 282
8 2 274
8 3 281
8 4 273
8 5 175
8 6 314
8 7 306
9 1 129
9 2 116
9 3 131
9 4 118
9 5 83
9 6 143
9 7 129
10 1 175
10 2 169
10 3 169
10 4 163
10 5 116
10 6 216
10 7 209
11 1 97
11 2 84
11 3 94
11 4 81
11 5 66
11 6 121
11 7 105
12 1 132
12 2 146
12 3 137
12 4 152
12 5 87
12 6 154
12 7 170
13 1 107
13 2 111
13 3 111
13 4 115
13 5 62
13 6 119
13 7 123
14 1 132
14 2 137
14 3 135
14 4 140
14 5 89
14 6 151
14 7 157
15 1 69
15 2 65
15 3 72
15 4 68
15 5 47
15 6 80
15 7 75
16 1 169
16 2 173
16 3 164
16 4 167
16 5 97
16 6 209
16 7 214
17 1 73
17 2 71
17 3 77
17 4 75
17 5 51
17 6 90
17 7 88
18 1 231
18 2 246
18 3 221
18 4 236
18 5 130
18 6 284
18 7 303
19 1 120
19 2 105
19 3 126
19 4 110
19 5 84
19 6 145
19 7 127
20 1 186
20 2 187
20 3 194
20 4 195
20 5 130
20 6 218
20 7 220

# Energy Consumption
1 1 0
1 2 39
1 3 0
1 4 28
1 5 15
1 6 0
1 7 23
2 1 0
2 2 9
2 3 0
2 4 9
2 5 4
2 6 0
2 7 6
3 1 0
3 2 38
3 3 0
3 4 30
3 5 14
3 6 0
3 7 24
4 1 0
4 2 55
4 3 0
4 4 36
4 5 18
4 6 0
4 7 31
5 1 0
5 2 25
5 3 0
5 4 21
5 5 13
5 6 0
5 7 16
6 1 0
6 2 74
6 3 0
6 4 62
6 5 27
6 6 0
6 7 45
7 1 0
7 2 11
7 3 0
7 4 9
7 5 5
7 6 0
7 7 8
8 1 0
8 2 81
8 3 0
8 4 57
8 5 28
8 6 0
8 7 45
9 1 0
9 2 32
9 3 0
9 4 26
9 5 14
9 6 0
9 7 18
10 1 0
10 2 47
10 3 0
10 4 34
10 5 18
10 6 0
10 7 27
11 1 0
11 2 22
11 3 0
11 4 16
11 5 10
11 6 0
11 7 15
12 1 0
12 2 39
12 3 0
12 4 32
12 5 14
12 6 0
12 7 23
13 1 0
13 2 32
13 3 0
13 4 25
13 5 10
13 6 0
13 7 17
14 1 0
14 2 41
14 3 0
14 4 28
14 5 14
14 6 0
14 7 24
15 1 0
15 2 20
15 3 0
15 4 13
15 5 7
15 6 0
15 7 11
16 1 0
16 2 44
16 3 0
16 4 36
16 5 15
16 6 0
16 7 31
17 1 0
17 2 19
17 3 0
17 4 16
17 5 8
17 6 0
17 7 12
18 1 0
18 2 66
18 3 0
18 4 46
18 5 21
18 6 0
18 7 44
19 1 0
19 2 24
19 3 0
19 4 22
19 5 13
19 6 0
19 7 18
20 1 0
20 2 52
20 3 0
20 4 40
20 5 21
20 6 0
20 7 28

# Precedence Relations
1 6
2 7
4 8
5 9
6 10
7 11
8 12
10 13
11 13
12 14
12 15
13 16
13 17
13 18
14 20
15 19

# Parameters
R_e = 0.0500
T = 1000.0
C_s = 4.0
C_w = 36.0
C_c = 5.0
