# Tasks
1 2 3 4 5 6 7 8 9 10 11

# Workstations
1 2 3 4 5 6 7 8 9 10 11

# Modes
1 2 3 4 5 6 7

# Processing Times
1 1 4
1 2 5
1 3 5
1 4 6
1 5 2
1 6 5
1 7 6
2 1 38
2 2 46
2 3 39
2 4 47
2 5 13
2 6 40
2 7 49
3 1 45
3 2 55
3 3 46
3 4 57
3 5 16
3 6 48
3 7 58
4 1 12
4 2 15
4 3 13
4 4 16
4 5 5
4 6 13
4 7 16
5 1 10
5 2 13
5 3 11
5 4 14
5 5 4
5 6 11
5 7 14
6 1 8
6 2 10
6 3 9
6 4 11
6 5 3
6 6 9
6 7 11
7 1 12
7 2 15
7 3 13
7 4 16
7 5 5
7 6 13
7 7 16
8 1 10
8 2 13
8 3 11
8 4 14
8 5 4
8 6 11
8 7 14
9 1 2
9 2 3
9 3 3
9 4 4
9 5 1
9 6 3
9 7 4
10 1 10
10 2 13
10 3 11
10 4 14
10 5 4
10 6 11
10 7 14
11 1 34
11 2 41
11 3 35
11 4 42
11 5 12
11 6 36
11 7 44

# Energy Consumption
1 1 0
1 2 2
1 3 0
1 4 2
1 5 1
1 6 0
1 7 1
2 1 0
2 2 12
2 3 0
2 4 10
2 5 2
2 6 0
2 7 7
3 1 0
3 2 14
3 3 0
3 4 12
3 5 3
3 6 0
3 7 8
4 1 0
4 2 4
4 3 0
4 4 3
4 5 1
4 6 0
4 7 3
5 1 0
5 2 4
5 3 0
5 4 3
5 5 1
5 6 0
5 7 2
6 1 0
6 2 3
6 3 0
6 4 3
6 5 1
6 6 0
6 7 2
7 1 0
7 2 5
7 3 0
7 4 4
7 5 1
7 6 0
7 7 3
8 1 0
8 2 4
8 3 0
8 4 3
8 5 1
8 6 0
8 7 2
9 1 0
9 2 1
9 3 0
9 4 1
9 5 1
9 6 0
9 7 1
10 1 0
10 2 3
10 3 0
10 4 4
10 5 1
10 6 0
10 7 2
11 1 0
11 2 11
11 3 0
11 4 9
11 5 2
11 6 0
11 7 7

# Precedence Relations
1 4
2 4
2 5
3 11
4 6
5 7
6 8
7 9
8 10
9 10
10 11

# Parameters
R_e = 0.0500
T = 600.0
C_s = 4.0
C_w = 36.0
C_c = 5.0
