# Tasks
1 2 3 4 5 6 7 8 9 10 11 12 13 14 15 16 17 18 19 20

# Workstations
1 2 3 4 5 6 7 8 9 10 11 12 13 14 15 16 17 18 19 20

# Modes
1 2 3 4 5 6 7

# Processing Times
1 1 260
1 2 646
1 3 224
1 4 555
1 5 168
1 6 375
1 7 931
2 1 482
2 2 1162
2 3 412
2 4 992
2 5 326
2 6 691
2 7 1665
3 1 250
3 2 583
3 3 227
3 4 528
3 5 159
3 6 327
3 7 761
4 1 119
4 2 266
4 3 112
4 4 249
4 5 84
4 6 172
4 7 383
5 1 324
5 2 643
5 3 293
5 4 582
5 5 179
5 6 444
5 7 882
6 1 357
6 2 782
6 3 325
6 4 711
6 5 227
6 6 505
6 7 1106
7 1 292
7 2 654
7 3 264
7 4 590
7 5 189
7 6 377
7 7 843
8 1 323
8 2 617
8 3 307
8 4 586
8 5 204
8 6 429
8 7 819
9 1 119
9 2 221
9 3 113
9 4 209
9 5 76
9 6 153
9 7 283
10 1 179
10 2 358
10 3 162
10 4 324
10 5 113
10 6 249
10 7 497
11 1 166
11 2 351
11 3 157
11 4 330
11 5 99
11 6 235
11 7 497
12 1 62
12 2 115
12 3 59
12 4 109
12 5 38
12 6 90
12 7 166
13 1 298
13 2 601
13 3 269
13 4 541
13 5 185
13 6 392
13 7 791
14 1 311
14 2 645
14 3 265
14 4 550
14 5 214
14 6 430
14 7 892
15 1 539
15 2 1342
15 3 484
15 4 1203
15 5 347
15 6 711
15 7 1769
16 1 188
16 2 358
16 3 178
16 4 338
16 5 115
16 6 236
16 7 449
17 1 113
17 2 205
17 3 99
17 4 180
17 5 71
17 6 164
17 7 297
18 1 168
18 2 415
18 3 149
18 4 368
18 5 117
18 6 221
18 7 546
19 1 334
19 2 604
19 3 308
19 4 557
19 5 219
19 6 460
19 7 832
20 1 142
20 2 317
20 3 129
20 4 287
20 5 91
20 6 195
20 7 434

# Energy Consumption
1 1 0
1 2 184
1 3 0
1 4 107
1 5 27
1 6 0
1 7 114
2 1 0
2 2 271
2 3 0
2 4 188
2 5 48
2 6 0
2 7 242
3 1 0
3 2 147
3 3 0
3 4 107
3 5 23
3 6 0
3 7 104
4 1 0
4 2 66
4 3 0
4 4 51
4 5 13
4 6 0
4 7 49
5 1 0
5 2 156
5 3 0
5 4 122
5 5 26
5 6 0
5 7 112
6 1 0
6 2 190
6 3 0
6 4 156
6 5 34
6 6 0
6 7 144
7 1 0
7 2 166
7 3 0
7 4 122
7 5 30
7 6 0
7 7 117
8 1 0
8 2 162
8 3 0
8 4 125
8 5 29
8 6 0
8 7 120
9 1 0
9 2 50
9 3 0
9 4 41
9 5 12
9 6 0
9 7 35
10 1 0
10 2 92
10 3 0
10 4 68
10 5 17
10 6 0
10 7 61
11 1 0
11 2 85
11 3 0
11 4 63
11 5 15
11 6 0
11 7 62
12 1 0
12 2 29
12 3 0
12 4 22
12 5 6
12 6 0
12 7 20
13 1 0
13 2 176
13 3 0
13 4 102
13 5 29
13 6 0
13 7 111
14 1 0
14 2 186
14 3 0
14 4 105
14 5 34
14 6 0
14 7 128
15 1 0
15 2 310
15 3 0
15 4 229
15 5 54
15 6 0
15 7 227
16 1 0
16 2 86
16 3 0
16 4 73
16 5 17
16 6 0
16 7 55
17 1 0
17 2 54
17 3 0
17 4 35
17 5 11
17 6 0
17 7 36
18 1 0
18 2 106
18 3 0
18 4 69
18 5 18
18 6 0
18 7 78
19 1 0
19 2 159
19 3 0
19 4 101
19 5 35
19 6 0
19 7 117
20 1 0
20 2 82
20 3 0
20 4 54
20 5 13
20 6 0
20 7 62

# Precedence Relations
1 4
2 5
2 6
3 5
3 6
4 7
5 8
5 9
6 8
6 9
7 11
8 10
8 12
8 13
8 16
9 13
9 16
10 14
11 16
12 15
13 17
13 19
14 18
15 18
16 19
17 18
17 20

# Parameters
R_e = 0.0500
T = 1000.0
C_s = 4.0
C_w = 36.0
C_c = 5.0
