# Tasks
1 2 3 4 5 6 7 8 9 10 11 12 13 14 15 16 17 18 19 20 21 22 23 24 25 26 27 28 29 30 31 32 33 34 35 36 37 38 39 40 41 42 43 44 45 46 47 48 49 50 51 52 53 54 55 56 57 58 59 60 61 62 63 64 65 66 67 68 69 70 71 72 73 74 75 76 77 78 79 80 81 82 83

# Workstations
1 2 3 4 5 6 7 8 9 10 11 12 13 14 15 16 17 18 19 20 21 22 23 24 25 26 27 28 29 30 31 32 33 34 35 36 37 38 39 40 41 42 43 44 45 46 47 48 49 50 51 52 53 54 55 56 57 58 59 60 61 62 63 64 65 66 67 68 69 70 71 72 73 74 75 76 77 78 79 80 81 82 83

# Modes
1 2 3 4 5 6 7

# Processing Times
1 1 1673
1 2 2171
1 3 1818
1 4 2358
1 5 1084
1 6 1803
1 7 2339
2 1 985
2 2 1278
2 3 1070
2 4 1389
2 5 638
2 6 1062
2 7 1377
3 1 1836
3 2 2382
3 3 1995
3 4 2588
3 5 1189
3 6 1978
3 7 2566
4 1 973
4 2 1263
4 3 1057
4 4 1372
4 5 631
4 6 1049
4 7 1361
5 1 1700
5 2 2206
5 3 1847
5 4 2396
5 5 1101
5 6 1832
5 7 2377
6 1 2881
6 2 3738
6 3 3130
6 4 4060
6 5 1866
6 6 3104
6 7 4027
7 1 2231
7 2 2895
7 3 2424
7 4 3145
7 5 1445
7 6 2404
7 7 3119
8 1 1040
8 2 1350
8 3 1130
8 4 1467
8 5 674
8 6 1121
8 7 1455
9 1 1793
9 2 2326
9 3 1948
9 4 2527
9 5 1161
9 6 1932
9 7 2506
10 1 1250
10 2 1622
10 3 1358
10 4 1762
10 5 810
10 6 1347
10 7 1748
11 1 700
11 2 909
11 3 761
11 4 988
11 5 454
11 6 755
11 7 980
12 1 464
12 2 602
12 3 504
12 4 654
12 5 301
12 6 500
12 7 649
13 1 500
13 2 649
13 3 544
13 4 705
13 5 324
13 6 539
13 7 700
14 1 1133
14 2 1470
14 3 1231
14 4 1597
14 5 734
14 6 1221
14 7 1584
15 1 577
15 2 749
15 3 627
15 4 814
15 5 374
15 6 622
15 7 807
16 1 483
16 2 627
16 3 525
16 4 681
16 5 313
16 6 521
16 7 676
17 1 880
17 2 1142
17 3 956
17 4 1241
17 5 570
17 6 948
17 7 1231
18 1 667
18 2 866
18 3 725
18 4 941
18 5 432
18 6 719
18 7 933
19 1 600
19 2 779
19 3 652
19 4 847
19 5 389
19 6 647
19 7 840
20 1 233
20 2 303
20 3 254
20 4 330
20 5 151
20 6 251
20 7 327
21 1 408
21 2 530
21 3 444
21 4 576
21 5 265
21 6 440
21 7 571
22 1 847
22 2 1099
22 3 920
22 4 1194
22 5 549
22 6 913
22 7 1184
23 1 767
23 2 995
23 3 834
23 4 1081
23 5 497
23 6 827
23 7 1072
24 1 850
24 2 1103
24 3 924
24 4 1198
24 5 551
24 6 916
24 7 1189
25 1 780
25 2 1012
25 3 848
25 4 1100
25 5 506
25 6 841
25 7 1091
26 1 912
26 2 1184
26 3 991
26 4 1286
26 5 591
26 6 983
26 7 1276
27 1 748
27 2 971
27 3 813
27 4 1055
27 5 485
27 6 806
27 7 1046
28 1 1863
28 2 2417
28 3 2024
28 4 2626
28 5 1207
28 6 2007
28 7 2604
29 1 714
29 2 927
29 3 776
29 4 1007
29 5 463
29 6 770
29 7 999
30 1 1004
30 2 1303
30 3 1091
30 4 1416
30 5 651
30 6 1082
30 7 1404
31 1 713
31 2 925
31 3 775
31 4 1005
31 5 462
31 6 769
31 7 997
32 1 642
32 2 833
32 3 698
32 4 905
32 5 416
32 6 692
32 7 898
33 1 629
33 2 816
33 3 684
33 4 887
33 5 408
33 6 678
33 7 879
34 1 1234
34 2 1601
34 3 1341
34 4 1739
34 5 800
34 6 1330
34 7 1725
35 1 1143
35 2 1483
35 3 1242
35 4 1611
35 5 741
35 6 1232
35 7 1598
36 1 1266
36 2 1643
36 3 1376
36 4 1785
36 5 820
36 6 1364
36 7 1770
37 1 792
37 2 1028
37 3 861
37 4 1117
37 5 513
37 6 854
37 7 1108
38 1 1251
38 2 1623
38 3 1359
38 4 1763
38 5 811
38 6 1348
38 7 1749
39 1 1310
39 2 1700
39 3 1423
39 4 1847
39 5 849
39 6 1412
39 7 1832
40 1 663
40 2 861
40 3 721
40 4 936
40 5 430
40 6 715
40 7 928
41 1 494
41 2 641
41 3 537
41 4 697
41 5 320
41 6 533
41 7 691
42 1 1288
42 2 1671
42 3 1399
42 4 1815
42 5 834
42 6 1388
42 7 1801
43 1 792
43 2 1028
43 3 861
43 4 1117
43 5 513
43 6 854
43 7 1108
44 1 578
44 2 750
44 3 628
44 4 815
44 5 375
44 6 623
44 7 808
45 1 594
45 2 771
45 3 646
45 4 838
45 5 385
45 6 640
45 7 831
46 1 578
46 2 750
46 3 628
46 4 815
46 5 375
46 6 623
46 7 808
47 1 622
47 2 807
47 3 676
47 4 877
47 5 403
47 6 671
47 7 870
48 1 578
48 2 750
48 3 628
48 4 815
48 5 375
48 6 623
48 7 808
49 1 564
49 2 732
49 3 613
49 4 796
49 5 366
49 6 608
49 7 789
50 1 578
50 2 750
50 3 628
50 4 815
50 5 375
50 6 623
50 7 808
51 1 578
51 2 750
51 3 628
51 4 815
51 5 375
51 6 623
51 7 808
52 1 578
52 2 750
52 3 628
52 4 815
52 5 375
52 6 623
52 7 808
53 1 578
53 2 750
53 3 628
53 4 815
53 5 375
53 6 623
53 7 808
54 1 578
54 2 750
54 3 628
54 4 815
54 5 375
54 6 623
54 7 808
55 1 578
55 2 750
55 3 628
55 4 815
55 5 375
55 6 623
55 7 808
56 1 578
56 2 750
56 3 628
56 4 815
56 5 375
56 6 623
56 7 808
57 1 578
57 2 750
57 3 628
57 4 815
57 5 375
57 6 623
57 7 808
58 1 578
58 2 750
58 3 628
58 4 815
58 5 375
58 6 623
58 7 808
59 1 578
59 2 750
59 3 628
59 4 815
59 5 375
59 6 623
59 7 808
60 1 578
60 2 750
60 3 628
60 4 815
60 5 375
60 6 623
60 7 808
61 1 578
61 2 750
61 3 628
61 4 815
61 5 375
61 6 623
61 7 808
62 1 578
62 2 750
62 3 628
62 4 815
62 5 375
62 6 623
62 7 808
63 1 578
63 2 750
63 3 628
63 4 815
63 5 375
63 6 623
63 7 808
64 1 578
64 2 750
64 3 628
64 4 815
64 5 375
64 6 623
64 7 808
65 1 578
65 2 750
65 3 628
65 4 815
65 5 375
65 6 623
65 7 808
66 1 578
66 2 750
66 3 628
66 4 815
66 5 375
66 6 623
66 7 808
67 1 578
67 2 750
67 3 628
67 4 815
67 5 375
67 6 623
67 7 808
68 1 578
68 2 750
68 3 628
68 4 815
68 5 375
68 6 623
68 7 808
69 1 467
69 2 606
69 3 508
69 4 659
69 5 303
69 6 504
69 7 653
70 1 887
70 2 1151
70 3 964
70 4 1251
70 5 575
70 6 956
70 7 1240
71 1 396
71 2 514
71 3 431
71 4 559
71 5 257
71 6 427
71 7 554
72 1 1296
72 2 1682
72 3 1408
72 4 1827
72 5 840
72 6 1397
72 7 1812
73 1 1100
73 2 1427
73 3 1195
73 4 1550
73 5 713
73 6 1185
73 7 1538
74 1 2543
74 2 3299
74 3 2762
74 4 3584
74 5 1647
74 6 2740
74 7 3554
75 1 764
75 2 992
75 3 830
75 4 1078
75 5 495
75 6 823
75 7 1069
76 1 357
76 2 464
76 3 388
76 4 504
76 5 232
76 6 385
76 7 500
77 1 701
77 2 910
77 3 762
77 4 989
77 5 454
77 6 756
77 7 981
78 1 1164
78 2 1510
78 3 1265
78 4 1641
78 5 754
78 6 1254
78 7 1627
79 1 286
79 2 371
79 3 311
79 4 403
79 5 186
79 6 309
79 7 400
80 1 2100
80 2 2725
80 3 2281
80 4 2960
80 5 1360
80 6 2263
80 7 2936
81 1 450
81 2 584
81 3 489
81 4 635
81 5 292
81 6 485
81 7 630
82 1 1300
82 2 1687
82 3 1412
82 4 1833
82 5 842
82 6 1401
82 7 1818
83 1 3691
83 2 4788
83 3 4009
83 4 5201
83 5 2390
83 6 3976
83 7 5158

# Energy Consumption
1 1 0
1 2 520
1 3 0
1 4 486
1 5 168
1 6 0
1 7 335
2 1 0
2 2 322
2 3 0
2 4 276
2 5 96
2 6 0
2 7 195
3 1 0
3 2 664
3 3 0
3 4 505
3 5 187
3 6 0
3 7 349
4 1 0
4 2 315
4 3 0
4 4 302
4 5 89
4 6 0
4 7 196
5 1 0
5 2 536
5 3 0
5 4 502
5 5 172
5 6 0
5 7 326
6 1 0
6 2 825
6 3 0
6 4 863
6 5 281
6 6 0
6 7 554
7 1 0
7 2 648
7 3 0
7 4 678
7 5 209
7 6 0
7 7 441
8 1 0
8 2 343
8 3 0
8 4 308
8 5 100
8 6 0
8 7 205
9 1 0
9 2 618
9 3 0
9 4 539
9 5 184
9 6 0
9 7 376
10 1 0
10 2 464
10 3 0
10 4 364
10 5 122
10 6 0
10 7 247
11 1 0
11 2 202
11 3 0
11 4 183
11 5 69
11 6 0
11 7 142
12 1 0
12 2 153
12 3 0
12 4 143
12 5 43
12 6 0
12 7 90
13 1 0
13 2 156
13 3 0
13 4 141
13 5 48
13 6 0
13 7 96
14 1 0
14 2 435
14 3 0
14 4 324
14 5 115
14 6 0
14 7 211
15 1 0
15 2 192
15 3 0
15 4 151
15 5 57
15 6 0
15 7 99
16 1 0
16 2 178
16 3 0
16 4 145
16 5 48
16 6 0
16 7 87
17 1 0
17 2 308
17 3 0
17 4 272
17 5 88
17 6 0
17 7 156
18 1 0
18 2 210
18 3 0
18 4 188
18 5 67
18 6 0
18 7 116
19 1 0
19 2 215
19 3 0
19 4 173
19 5 61
19 6 0
19 7 126
20 1 0
20 2 78
20 3 0
20 4 73
20 5 24
20 6 0
20 7 41
21 1 0
21 2 117
21 3 0
21 4 121
21 5 41
21 6 0
21 7 81
22 1 0
22 2 268
22 3 0
22 4 253
22 5 81
22 6 0
22 7 171
23 1 0
23 2 260
23 3 0
23 4 214
23 5 71
23 6 0
23 7 158
24 1 0
24 2 257
24 3 0
24 4 245
24 5 84
24 6 0
24 7 170
25 1 0
25 2 260
25 3 0
25 4 208
25 5 73
25 6 0
25 7 138
26 1 0
26 2 342
26 3 0
26 4 241
26 5 90
26 6 0
26 7 161
27 1 0
27 2 273
27 3 0
27 4 229
27 5 70
27 6 0
27 7 129
28 1 0
28 2 532
28 3 0
28 4 475
28 5 184
28 6 0
28 7 348
29 1 0
29 2 242
29 3 0
29 4 216
29 5 72
29 6 0
29 7 147
30 1 0
30 2 347
30 3 0
30 4 307
30 5 94
30 6 0
30 7 176
31 1 0
31 2 227
31 3 0
31 4 193
31 5 73
31 6 0
31 7 147
32 1 0
32 2 212
32 3 0
32 4 187
32 5 64
32 6 0
32 7 120
33 1 0
33 2 180
33 3 0
33 4 175
33 5 62
33 6 0
33 7 122
34 1 0
34 2 413
34 3 0
34 4 337
34 5 117
34 6 0
34 7 245
35 1 0
35 2 440
35 3 0
35 4 301
35 5 113
35 6 0
35 7 236
36 1 0
36 2 489
36 3 0
36 4 362
36 5 125
36 6 0
36 7 234
37 1 0
37 2 305
37 3 0
37 4 220
37 5 81
37 6 0
37 7 137
38 1 0
38 2 441
38 3 0
38 4 327
38 5 117
38 6 0
38 7 231
39 1 0
39 2 429
39 3 0
39 4 344
39 5 134
39 6 0
39 7 235
40 1 0
40 2 216
40 3 0
40 4 183
40 5 69
40 6 0
40 7 126
41 1 0
41 2 184
41 3 0
41 4 147
41 5 48
41 6 0
41 7 98
42 1 0
42 2 440
42 3 0
42 4 329
42 5 127
42 6 0
42 7 245
43 1 0
43 2 240
43 3 0
43 4 205
43 5 73
43 6 0
43 7 139
44 1 0
44 2 209
44 3 0
44 4 148
44 5 53
44 6 0
44 7 114
45 1 0
45 2 196
45 3 0
45 4 172
45 5 58
45 6 0
45 7 110
46 1 0
46 2 187
46 3 0
46 4 168
46 5 56
46 6 0
46 7 118
47 1 0
47 2 231
47 3 0
47 4 177
47 5 60
47 6 0
47 7 123
48 1 0
48 2 179
48 3 0
48 4 157
48 5 54
48 6 0
48 7 114
49 1 0
49 2 175
49 3 0
49 4 146
49 5 52
49 6 0
49 7 99
50 1 0
50 2 225
50 3 0
50 4 158
50 5 58
50 6 0
50 7 101
51 1 0
51 2 202
51 3 0
51 4 169
51 5 54
51 6 0
51 7 107
52 1 0
52 2 221
52 3 0
52 4 155
52 5 55
52 6 0
52 7 101
53 1 0
53 2 191
53 3 0
53 4 148
53 5 59
53 6 0
53 7 112
54 1 0
54 2 221
54 3 0
54 4 156
54 5 59
54 6 0
54 7 115
55 1 0
55 2 186
55 3 0
55 4 177
55 5 59
55 6 0
55 7 110
56 1 0
56 2 223
56 3 0
56 4 172
56 5 57
56 6 0
56 7 117
57 1 0
57 2 190
57 3 0
57 4 153
57 5 58
57 6 0
57 7 105
58 1 0
58 2 172
58 3 0
58 4 173
58 5 53
58 6 0
58 7 102
59 1 0
59 2 206
59 3 0
59 4 164
59 5 55
59 6 0
59 7 106
60 1 0
60 2 169
60 3 0
60 4 179
60 5 58
60 6 0
60 7 116
61 1 0
61 2 192
61 3 0
61 4 169
61 5 59
61 6 0
61 7 115
62 1 0
62 2 225
62 3 0
62 4 169
62 5 53
62 6 0
62 7 104
63 1 0
63 2 197
63 3 0
63 4 162
63 5 60
63 6 0
63 7 112
64 1 0
64 2 221
64 3 0
64 4 166
64 5 57
64 6 0
64 7 113
65 1 0
65 2 191
65 3 0
65 4 155
65 5 54
65 6 0
65 7 113
66 1 0
66 2 183
66 3 0
66 4 157
66 5 58
66 6 0
66 7 99
67 1 0
67 2 169
67 3 0
67 4 153
67 5 53
67 6 0
67 7 117
68 1 0
68 2 225
68 3 0
68 4 161
68 5 55
68 6 0
68 7 100
69 1 0
69 2 144
69 3 0
69 4 119
69 5 44
69 6 0
69 7 83
70 1 0
70 2 342
70 3 0
70 4 262
70 5 85
70 6 0
70 7 150
71 1 0
71 2 154
71 3 0
71 4 121
71 5 40
71 6 0
71 7 73
72 1 0
72 2 444
72 3 0
72 4 357
72 5 124
72 6 0
72 7 250
73 1 0
73 2 329
73 3 0
73 4 337
73 5 109
73 6 0
73 7 185
74 1 0
74 2 921
74 3 0
74 4 705
74 5 232
74 6 0
74 7 485
75 1 0
75 2 272
75 3 0
75 4 233
75 5 73
75 6 0
75 7 144
76 1 0
76 2 109
76 3 0
76 4 94
76 5 35
76 6 0
76 7 75
77 1 0
77 2 260
77 3 0
77 4 213
77 5 67
77 6 0
77 7 131
78 1 0
78 2 368
78 3 0
78 4 358
78 5 111
78 6 0
78 7 220
79 1 0
79 2 86
79 3 0
79 4 78
79 5 29
79 6 0
79 7 57
80 1 0
80 2 675
80 3 0
80 4 643
80 5 199
80 6 0
80 7 382
81 1 0
81 2 130
81 3 0
81 4 118
81 5 46
81 6 0
81 7 84
82 1 0
82 2 439
82 3 0
82 4 384
82 5 127
82 6 0
82 7 247
83 1 0
83 2 1254
83 3 0
83 4 1048
83 5 354
83 6 0
83 7 772

# Precedence Relations
1 2
2 3
2 4
2 5
3 6
4 6
4 7
5 8
6 9
6 10
7 11
8 77
8 78
9 12
10 13
10 14
10 25
11 15
12 16
13 17
13 18
13 20
14 19
15 20
15 39
16 77
16 78
17 21
17 22
17 28
18 23
19 24
20 26
21 27
22 27
23 74
24 28
24 29
25 32
26 74
27 69
28 32
29 30
30 31
31 39
32 33
32 34
32 35
32 36
33 37
34 77
34 78
35 77
35 78
36 38
36 39
37 40
38 41
39 42
39 43
39 44
39 75
40 77
40 78
41 45
42 77
42 78
43 77
43 78
44 46
45 47
46 48
47 49
48 50
49 69
50 51
51 52
52 53
53 54
54 55
55 56
56 57
57 58
58 59
59 60
60 61
61 62
62 63
63 64
64 65
65 66
66 67
67 68
68 74
68 75
69 70
69 71
70 72
71 73
72 73
73 74
73 75
74 76
75 76
76 77
76 78
77 79
78 79
79 80
79 81
80 82
81 83
82 83

# Parameters
R_e = 0.0500
T = 6000.0
C_s = 4.0
C_w = 36.0
C_c = 5.0
