# Tasks
1 2 3 4 5 6 7 8 9 10 11 12 13 14 15 16 17 18 19 20

# Workstations
1 2 3 4 5 6 7 8 9 10 11 12 13 14 15 16 17 18 19 20

# Modes
1 2 3 4 5 6 7

# Processing Times
1 1 570
1 2 1153
1 3 609
1 4 1231
1 5 182
1 6 645
1 7 1305
2 1 504
2 2 1055
2 3 537
2 4 1123
2 5 217
2 6 604
2 7 1263
3 1 232
3 2 434
3 3 254
3 4 476
3 5 102
3 6 265
3 7 495
4 1 336
4 2 749
4 3 357
4 4 796
4 5 135
4 6 389
4 7 866
5 1 724
5 2 1529
5 3 793
5 4 1675
5 5 304
5 6 877
5 7 1852
6 1 463
6 2 1134
6 3 499
6 4 1221
6 5 144
6 6 528
6 7 1293
7 1 537
7 2 1336
7 3 574
7 4 1427
7 5 191
7 6 643
7 7 1599
8 1 553
8 2 1281
8 3 593
8 4 1373
8 5 245
8 6 619
8 7 1432
9 1 669
9 2 1626
9 3 724
9 4 1760
9 5 250
9 6 777
9 7 1888
10 1 350
10 2 809
10 3 368
10 4 850
10 5 139
10 6 437
10 7 1010
11 1 463
11 2 862
11 3 500
11 4 931
11 5 171
11 6 578
11 7 1075
12 1 365
12 2 836
12 3 398
12 4 911
12 5 130
12 6 446
12 7 1020
13 1 422
13 2 814
13 3 459
13 4 885
13 5 154
13 6 498
13 7 960
14 1 544
14 2 1067
14 3 586
14 4 1149
14 5 168
14 6 657
14 7 1288
15 1 483
15 2 1059
15 3 519
15 4 1136
15 5 200
15 6 585
15 7 1283
16 1 380
16 2 773
16 3 416
16 4 847
16 5 147
16 6 466
16 7 948
17 1 535
17 2 1053
17 3 585
17 4 1150
17 5 191
17 6 649
17 7 1277
18 1 628
18 2 1387
18 3 672
18 4 1483
18 5 264
18 6 760
18 7 1677
19 1 437
19 2 993
19 3 463
19 4 1052
19 5 155
19 6 540
19 7 1226
20 1 283
20 2 599
20 3 304
20 4 643
20 5 97
20 6 324
20 7 686

# Energy Consumption
1 1 0
1 2 286
1 3 0
1 4 269
1 5 27
1 6 0
1 7 189
2 1 0
2 2 264
2 3 0
2 4 242
2 5 34
2 6 0
2 7 174
3 1 0
3 2 98
3 3 0
3 4 92
3 5 16
3 6 0
3 7 61
4 1 0
4 2 213
4 3 0
4 4 172
4 5 21
4 6 0
4 7 113
5 1 0
5 2 392
5 3 0
5 4 352
5 5 47
5 6 0
5 7 247
6 1 0
6 2 259
6 3 0
6 4 228
6 5 22
6 6 0
6 7 179
7 1 0
7 2 387
7 3 0
7 4 286
7 5 27
7 6 0
7 7 224
8 1 0
8 2 335
8 3 0
8 4 269
8 5 35
8 6 0
8 7 202
9 1 0
9 2 445
9 3 0
9 4 378
9 5 36
9 6 0
9 7 281
10 1 0
10 2 209
10 3 0
10 4 173
10 5 20
10 6 0
10 7 133
11 1 0
11 2 197
11 3 0
11 4 169
11 5 26
11 6 0
11 7 162
12 1 0
12 2 200
12 3 0
12 4 172
12 5 21
12 6 0
12 7 140
13 1 0
13 2 210
13 3 0
13 4 178
13 5 22
13 6 0
13 7 125
14 1 0
14 2 317
14 3 0
14 4 229
14 5 25
14 6 0
14 7 187
15 1 0
15 2 310
15 3 0
15 4 237
15 5 32
15 6 0
15 7 159
16 1 0
16 2 187
16 3 0
16 4 180
16 5 21
16 6 0
16 7 118
17 1 0
17 2 292
17 3 0
17 4 230
17 5 28
17 6 0
17 7 177
18 1 0
18 2 341
18 3 0
18 4 290
18 5 42
18 6 0
18 7 239
19 1 0
19 2 253
19 3 0
19 4 215
19 5 25
19 6 0
19 7 169
20 1 0
20 2 168
20 3 0
20 4 125
20 5 15
20 6 0
20 7 97

# Precedence Relations
1 10
2 10
3 10
4 6
4 8
4 12
5 7
5 9
5 10
5 11
6 10
7 18
8 11
9 12
9 17
9 18
10 13
10 14
10 15
10 16
11 17
11 18
13 20
14 17
15 17
16 18
17 19
17 20
18 19

# Parameters
R_e = 0.0500
T = 1982.4
C_s = 4.0
C_w = 36.0
C_c = 5.0
