# Tasks
1 2 3 4 5 6 7 8 9 10 11 12 13 14 15 16 17 18 19 20

# Workstations
1 2 3 4 5 6 7 8 9 10 11 12 13 14 15 16 17 18 19 20

# Modes
1 2 3 4 5 6 7

# Processing Times
1 1 209
1 2 494
1 3 197
1 4 466
1 5 125
1 6 264
1 7 624
2 1 93
2 2 220
2 3 88
2 4 208
2 5 56
2 6 118
2 7 278
3 1 197
3 2 466
3 3 186
3 4 440
3 5 118
3 6 249
3 7 589
4 1 223
4 2 527
4 3 211
4 4 497
4 5 134
4 6 282
4 7 666
5 1 75
5 2 178
5 3 71
5 4 168
5 5 45
5 6 95
5 7 225
6 1 92
6 2 218
6 3 87
6 4 206
6 5 55
6 6 117
6 7 276
7 1 36
7 2 86
7 3 34
7 4 82
7 5 22
7 6 46
7 7 109
8 1 27
8 2 64
8 3 26
8 4 61
8 5 17
8 6 35
8 7 81
9 1 26
9 2 62
9 3 25
9 4 59
9 5 16
9 6 33
9 7 79
10 1 114
10 2 270
10 3 108
10 4 255
10 5 69
10 6 144
10 7 341
11 1 128
11 2 303
11 3 121
11 4 286
11 5 77
11 6 162
11 7 383
12 1 229
12 2 541
12 3 216
12 4 510
12 5 137
12 6 290
12 7 684
13 1 383
13 2 905
13 3 361
13 4 853
13 5 229
13 6 484
13 7 1143
14 1 113
14 2 267
14 3 107
14 4 252
14 5 68
14 6 143
14 7 338
15 1 217
15 2 513
15 3 205
15 4 484
15 5 130
15 6 274
15 7 648
16 1 306
16 2 723
16 3 289
16 4 682
16 5 183
16 6 387
16 7 913
17 1 50
17 2 119
17 3 48
17 4 113
17 5 30
17 6 64
17 7 151
18 1 125
18 2 296
18 3 118
18 4 279
18 5 75
18 6 158
18 7 374
19 1 68
19 2 161
19 3 65
19 4 152
19 5 41
19 6 86
19 7 204
20 1 120
20 2 284
20 3 114
20 4 268
20 5 72
20 6 152
20 7 359

# Energy Consumption
1 1 0
1 2 141
1 3 0
1 4 90
1 5 20
1 6 0
1 7 77
2 1 0
2 2 52
2 3 0
2 4 40
2 5 9
2 6 0
2 7 41
3 1 0
3 2 117
3 3 0
3 4 89
3 5 17
3 6 0
3 7 81
4 1 0
4 2 130
4 3 0
4 4 102
4 5 21
4 6 0
4 7 85
5 1 0
5 2 43
5 3 0
5 4 36
5 5 7
5 6 0
5 7 29
6 1 0
6 2 53
6 3 0
6 4 46
6 5 9
6 6 0
6 7 36
7 1 0
7 2 22
7 3 0
7 4 17
7 5 4
7 6 0
7 7 16
8 1 0
8 2 17
8 3 0
8 4 13
8 5 3
8 6 0
8 7 12
9 1 0
9 2 14
9 3 0
9 4 12
9 5 3
9 6 0
9 7 10
10 1 0
10 2 70
10 3 0
10 4 54
10 5 11
10 6 0
10 7 42
11 1 0
11 2 73
11 3 0
11 4 55
11 5 11
11 6 0
11 7 48
12 1 0
12 2 135
12 3 0
12 4 99
12 5 21
12 6 0
12 7 83
13 1 0
13 2 265
13 3 0
13 4 161
13 5 35
13 6 0
13 7 160
14 1 0
14 2 77
14 3 0
14 4 48
14 5 11
14 6 0
14 7 49
15 1 0
15 2 119
15 3 0
15 4 92
15 5 20
15 6 0
15 7 83
16 1 0
16 2 173
16 3 0
16 4 147
16 5 27
16 6 0
16 7 111
17 1 0
17 2 32
17 3 0
17 4 22
17 5 5
17 6 0
17 7 19
18 1 0
18 2 76
18 3 0
18 4 53
18 5 12
18 6 0
18 7 53
19 1 0
19 2 43
19 3 0
19 4 28
19 5 7
19 6 0
19 7 29
20 1 0
20 2 74
20 3 0
20 4 50
20 5 11
20 6 0
20 7 52

# Precedence Relations
1 10
2 10
4 9
6 7
6 8
7 10
8 10
9 11
9 12
9 13
9 14
10 15
10 16
10 17
10 18
10 19
18 20

# Parameters
R_e = 0.0500
T = 1200.15
C_s = 4.0
C_w = 36.0
C_c = 5.0
