# Tasks
1 2 3 4 5 6 7 8 9 10 11 12 13 14 15 16 17 18 19 20

# Workstations
1 2 3 4 5 6 7 8 9 10 11 12 13 14 15 16 17 18 19 20

# Modes
1 2 3 4 5 6 7

# Processing Times
1 1 209
1 2 439
1 3 208
1 4 437
1 5 187
1 6 229
1 7 480
2 1 57
2 2 120
2 3 57
2 4 120
2 5 51
2 6 63
2 7 132
3 1 204
3 2 428
3 3 203
3 4 426
3 5 183
3 6 223
3 7 468
4 1 119
4 2 250
4 3 119
4 4 249
4 5 107
4 6 131
4 7 274
5 1 180
5 2 378
5 3 179
5 4 376
5 5 161
5 6 197
5 7 414
6 1 82
6 2 172
6 3 82
6 4 171
6 5 74
6 6 90
6 7 188
7 1 174
7 2 365
7 3 173
7 4 363
7 5 156
7 6 191
7 7 399
8 1 64
8 2 135
8 3 64
8 4 135
8 5 58
8 6 70
8 7 148
9 1 116
9 2 244
9 3 116
9 4 243
9 5 104
9 6 127
9 7 267
10 1 206
10 2 432
10 3 205
10 4 430
10 5 184
10 6 226
10 7 473
11 1 83
11 2 174
11 3 83
11 4 173
11 5 75
11 6 91
11 7 191
12 1 73
12 2 154
12 3 73
12 4 154
12 5 66
12 6 80
12 7 169
13 1 162
13 2 340
13 3 161
13 4 338
13 5 145
13 6 178
13 7 372
14 1 58
14 2 122
14 3 58
14 4 122
14 5 52
14 6 64
14 7 134
15 1 161
15 2 338
15 3 160
15 4 336
15 5 144
15 6 176
15 7 370
16 1 319
16 2 669
16 3 317
16 4 665
16 5 285
16 6 349
16 7 731
17 1 87
17 2 183
17 3 87
17 4 182
17 5 78
17 6 96
17 7 200
18 1 148
18 2 311
18 3 148
18 4 310
18 5 133
18 6 162
18 7 340
19 1 56
19 2 118
19 3 56
19 4 118
19 5 50
19 6 62
19 7 129
20 1 169
20 2 355
20 3 168
20 4 353
20 5 151
20 6 185
20 7 388

# Energy Consumption
1 1 0
1 2 112
1 3 0
1 4 90
1 5 28
1 6 0
1 7 71
2 1 0
2 2 31
2 3 0
2 4 26
2 5 9
2 6 0
2 7 19
3 1 0
3 2 110
3 3 0
3 4 89
3 5 29
3 6 0
3 7 59
4 1 0
4 2 68
4 3 0
4 4 51
4 5 17
4 6 0
4 7 34
5 1 0
5 2 92
5 3 0
5 4 68
5 5 26
5 6 0
5 7 51
6 1 0
6 2 47
6 3 0
6 4 33
6 5 12
6 6 0
6 7 25
7 1 0
7 2 91
7 3 0
7 4 67
7 5 24
7 6 0
7 7 60
8 1 0
8 2 40
8 3 0
8 4 28
8 5 9
8 6 0
8 7 22
9 1 0
9 2 70
9 3 0
9 4 46
9 5 15
9 6 0
9 7 36
10 1 0
10 2 125
10 3 0
10 4 92
10 5 29
10 6 0
10 7 67
11 1 0
11 2 39
11 3 0
11 4 37
11 5 12
11 6 0
11 7 24
12 1 0
12 2 36
12 3 0
12 4 34
12 5 11
12 6 0
12 7 24
13 1 0
13 2 98
13 3 0
13 4 63
13 5 23
13 6 0
13 7 55
14 1 0
14 2 32
14 3 0
14 4 23
14 5 9
14 6 0
14 7 17
15 1 0
15 2 88
15 3 0
15 4 66
15 5 23
15 6 0
15 7 47
16 1 0
16 2 171
16 3 0
16 4 130
16 5 42
16 6 0
16 7 94
17 1 0
17 2 49
17 3 0
17 4 35
17 5 13
17 6 0
17 7 25
18 1 0
18 2 91
18 3 0
18 4 63
18 5 21
18 6 0
18 7 49
19 1 0
19 2 35
19 3 0
19 4 22
19 5 8
19 6 0
19 7 20
20 1 0
20 2 85
20 3 0
20 4 71
20 5 22
20 6 0
20 7 58

# Precedence Relations
1 7
2 7
3 4
3 5
3 6
4 7
5 7
6 8
6 9
6 10
6 16
6 18
7 11
7 12
7 13
7 14
8 15
8 19
9 17
10 17
11 17
12 16
12 18
14 19
16 20
17 19
17 20
18 19

# Parameters
R_e = 0.0500
T = 1000.0
C_s = 4.0
C_w = 36.0
C_c = 5.0
