# Tasks
1 2 3 4 5 6 7 8 9 10 11 12 13 14 15 16 17 18 19 20

# Workstations
1 2 3 4 5 6 7 8 9 10 11 12 13 14 15 16 17 18 19 20

# Modes
1 2 3 4 5 6 7

# Processing Times
1 1 209
1 2 520
1 3 180
1 4 447
1 5 135
1 6 301
1 7 749
2 1 93
2 2 225
2 3 80
2 4 192
2 5 63
2 6 134
2 7 323
3 1 197
3 2 460
3 3 179
3 4 417
3 5 125
3 6 257
3 7 601
4 1 223
4 2 498
4 3 209
4 4 466
4 5 156
4 6 321
4 7 717
5 1 75
5 2 149
5 3 68
5 4 135
5 5 42
5 6 103
5 7 205
6 1 92
6 2 202
6 3 84
6 4 184
6 5 59
6 6 131
6 7 286
7 1 36
7 2 81
7 3 33
7 4 73
7 5 24
7 6 47
7 7 105
8 1 27
8 2 52
8 3 26
8 4 50
8 5 17
8 6 36
8 7 70
9 1 26
9 2 49
9 3 25
9 4 47
9 5 17
9 6 34
9 7 63
10 1 114
10 2 228
10 3 104
10 4 207
10 5 72
10 6 158
10 7 316
11 1 128
11 2 271
11 3 121
11 4 255
11 5 76
11 6 181
11 7 384
12 1 229
12 2 423
12 3 217
12 4 400
12 5 139
12 6 331
12 7 610
13 1 383
13 2 772
13 3 345
13 4 695
13 5 237
13 6 504
13 7 1016
14 1 113
14 2 235
14 3 97
14 4 201
14 5 78
14 6 157
14 7 325
15 1 217
15 2 541
15 3 195
15 4 485
15 5 140
15 6 287
15 7 714
16 1 306
16 2 583
16 3 289
16 4 550
16 5 188
16 6 384
16 7 732
17 1 50
17 2 91
17 3 44
17 4 80
17 5 32
17 6 73
17 7 132
18 1 125
18 2 309
18 3 111
18 4 274
18 5 87
18 6 165
18 7 407
19 1 68
19 2 123
19 3 63
19 4 114
19 5 45
19 6 94
19 7 170
20 1 120
20 2 268
20 3 109
20 4 243
20 5 77
20 6 165
20 7 367

# Energy Consumption
1 1 0
1 2 148
1 3 0
1 4 87
1 5 22
1 6 0
1 7 92
2 1 0
2 2 53
2 3 0
2 4 37
2 5 10
2 6 0
2 7 47
3 1 0
3 2 116
3 3 0
3 4 84
3 5 18
3 6 0
3 7 83
4 1 0
4 2 123
4 3 0
4 4 96
4 5 24
4 6 0
4 7 91
5 1 0
5 2 36
5 3 0
5 4 29
5 5 7
5 6 0
5 7 26
6 1 0
6 2 50
6 3 0
6 4 41
6 5 9
6 6 0
6 7 38
7 1 0
7 2 21
7 3 0
7 4 15
7 5 4
7 6 0
7 7 15
8 1 0
8 2 14
8 3 0
8 4 11
8 5 3
8 6 0
8 7 11
9 1 0
9 2 11
9 3 0
9 4 10
9 5 3
9 6 0
9 7 8
10 1 0
10 2 59
10 3 0
10 4 44
10 5 11
10 6 0
10 7 39
11 1 0
11 2 65
11 3 0
11 4 49
11 5 11
11 6 0
11 7 48
12 1 0
12 2 106
12 3 0
12 4 78
12 5 21
12 6 0
12 7 74
13 1 0
13 2 226
13 3 0
13 4 131
13 5 36
13 6 0
13 7 142
14 1 0
14 2 68
14 3 0
14 4 39
14 5 13
14 6 0
14 7 47
15 1 0
15 2 125
15 3 0
15 4 93
15 5 22
15 6 0
15 7 92
16 1 0
16 2 140
16 3 0
16 4 119
16 5 27
16 6 0
16 7 89
17 1 0
17 2 24
17 3 0
17 4 16
17 5 5
17 6 0
17 7 16
18 1 0
18 2 79
18 3 0
18 4 52
18 5 14
18 6 0
18 7 58
19 1 0
19 2 33
19 3 0
19 4 21
19 5 8
19 6 0
19 7 24
20 1 0
20 2 70
20 3 0
20 4 46
20 5 11
20 6 0
20 7 53

# Precedence Relations
1 10
2 10
4 9
6 7
6 8
7 10
8 10
9 11
9 12
9 13
9 14
10 15
10 16
10 17
10 18
10 19
18 20

# Parameters
R_e = 0.0500
T = 1066.8
C_s = 4.0
C_w = 36.0
C_c = 5.0
