# Tasks
1 2 3 4 5 6 7 8 9 10 11 12 13 14 15 16 17 18 19 20

# Workstations
1 2 3 4 5 6 7 8 9 10 11 12 13 14 15 16 17 18 19 20

# Modes
1 2 3 4 5 6 7

# Processing Times
1 1 209
1 2 205
1 3 228
1 4 224
1 5 180
1 6 298
1 7 292
2 1 57
2 2 54
2 3 63
2 4 59
2 5 49
2 6 79
2 7 75
3 1 204
3 2 211
3 3 220
3 4 227
3 5 189
3 6 278
3 7 288
4 1 119
4 2 117
4 3 130
4 4 128
4 5 99
4 6 158
4 7 155
5 1 180
5 2 194
5 3 190
5 4 205
5 5 161
5 6 238
5 7 257
6 1 82
6 2 74
6 3 90
6 4 81
6 5 76
6 6 119
6 7 107
7 1 174
7 2 172
7 3 185
7 4 183
7 5 146
7 6 228
7 7 226
8 1 64
8 2 65
8 3 69
8 4 70
8 5 52
8 6 85
8 7 87
9 1 116
9 2 123
9 3 125
9 4 132
9 5 95
9 6 159
9 7 169
10 1 206
10 2 203
10 3 220
10 4 217
10 5 169
10 6 273
10 7 269
11 1 83
11 2 86
11 3 88
11 4 92
11 5 76
11 6 114
11 7 118
12 1 73
12 2 63
12 3 78
12 4 68
12 5 64
12 6 96
12 7 83
13 1 162
13 2 154
13 3 177
13 4 169
13 5 139
13 6 218
13 7 207
14 1 58
14 2 56
14 3 62
14 4 60
14 5 50
14 6 83
14 7 80
15 1 161
15 2 155
15 3 176
15 4 170
15 5 142
15 6 220
15 7 212
16 1 319
16 2 346
16 3 342
16 4 370
16 5 280
16 6 412
16 7 447
17 1 87
17 2 81
17 3 93
17 4 87
17 5 79
17 6 122
17 7 114
18 1 148
18 2 134
18 3 158
18 4 143
18 5 128
18 6 199
18 7 181
19 1 56
19 2 62
19 3 60
19 4 67
19 5 52
19 6 81
19 7 90
20 1 169
20 2 146
20 3 180
20 4 155
20 5 144
20 6 222
20 7 192

# Energy Consumption
1 1 0
1 2 46
1 3 0
1 4 49
1 5 29
1 6 0
1 7 42
2 1 0
2 2 15
2 3 0
2 4 13
2 5 8
2 6 0
2 7 11
3 1 0
3 2 47
3 3 0
3 4 45
3 5 28
3 6 0
3 7 36
4 1 0
4 2 35
4 3 0
4 4 25
4 5 15
4 6 0
4 7 20
5 1 0
5 2 49
5 3 0
5 4 42
5 5 26
5 6 0
5 7 35
6 1 0
6 2 18
6 3 0
6 4 16
6 5 12
6 6 0
6 7 15
7 1 0
7 2 50
7 3 0
7 4 37
7 5 23
7 6 0
7 7 34
8 1 0
8 2 17
8 3 0
8 4 15
8 5 9
8 6 0
8 7 12
9 1 0
9 2 34
9 3 0
9 4 29
9 5 15
9 6 0
9 7 21
10 1 0
10 2 50
10 3 0
10 4 48
10 5 26
10 6 0
10 7 35
11 1 0
11 2 22
11 3 0
11 4 17
11 5 11
11 6 0
11 7 17
12 1 0
12 2 15
12 3 0
12 4 15
12 5 10
12 6 0
12 7 11
13 1 0
13 2 41
13 3 0
13 4 32
13 5 22
13 6 0
13 7 29
14 1 0
14 2 16
14 3 0
14 4 12
14 5 8
14 6 0
14 7 11
15 1 0
15 2 43
15 3 0
15 4 37
15 5 22
15 6 0
15 7 28
16 1 0
16 2 98
16 3 0
16 4 71
16 5 45
16 6 0
16 7 64
17 1 0
17 2 20
17 3 0
17 4 18
17 5 13
17 6 0
17 7 17
18 1 0
18 2 36
18 3 0
18 4 29
18 5 20
18 6 0
18 7 23
19 1 0
19 2 14
19 3 0
19 4 14
19 5 8
19 6 0
19 7 11
20 1 0
20 2 37
20 3 0
20 4 33
20 5 21
20 6 0
20 7 27

# Precedence Relations
1 7
2 7
3 4
3 5
3 6
4 7
5 7
6 8
6 9
6 10
6 16
6 18
7 11
7 12
7 13
7 14
8 15
8 19
9 17
10 17
11 17
12 16
12 18
14 19
16 20
17 19
17 20
18 19

# Parameters
R_e = 0.0500
T = 1000.0
C_s = 4.0
C_w = 36.0
C_c = 5.0
