# Tasks
1 2 3 4 5 6 7 8 9 10 11 12 13 14 15 16 17 18 19 20

# Workstations
1 2 3 4 5 6 7 8 9 10 11 12 13 14 15 16 17 18 19 20

# Modes
1 2 3 4 5 6 7

# Processing Times
1 1 209
1 2 216
1 3 203
1 4 210
1 5 134
1 6 257
1 7 265
2 1 57
2 2 58
2 3 60
2 4 61
2 5 35
2 6 66
2 7 67
3 1 204
3 2 209
3 3 199
3 4 204
3 5 129
3 6 227
3 7 232
4 1 119
4 2 103
4 3 122
4 4 106
4 5 67
4 6 143
4 7 124
5 1 180
5 2 155
5 3 177
5 4 152
5 5 121
5 6 209
5 7 180
6 1 82
6 2 90
6 3 83
6 4 92
6 5 50
6 6 98
6 7 108
7 1 174
7 2 159
7 3 181
7 4 166
7 5 111
7 6 217
7 7 198
8 1 64
8 2 63
8 3 64
8 4 63
8 5 40
8 6 72
8 7 71
9 1 116
9 2 104
9 3 118
9 4 105
9 5 75
9 6 129
9 7 116
10 1 206
10 2 199
10 3 198
10 4 192
10 5 137
10 6 254
10 7 246
11 1 83
11 2 72
11 3 80
11 4 70
11 5 57
11 6 104
11 7 90
12 1 73
12 2 81
12 3 76
12 4 84
12 5 48
12 6 85
12 7 94
13 1 162
13 2 167
13 3 168
13 4 173
13 5 93
13 6 179
13 7 185
14 1 58
14 2 60
14 3 60
14 4 62
14 5 39
14 6 67
14 7 69
15 1 161
15 2 152
15 3 166
15 4 157
15 5 109
15 6 186
15 7 176
16 1 319
16 2 326
16 3 308
16 4 315
16 5 182
16 6 394
16 7 402
17 1 87
17 2 85
17 3 91
17 4 89
17 5 60
17 6 108
17 7 105
18 1 148
18 2 158
18 3 142
18 4 152
18 5 84
18 6 182
18 7 195
19 1 56
19 2 49
19 3 59
19 4 52
19 5 39
19 6 68
19 7 60
20 1 169
20 2 170
20 3 176
20 4 177
20 5 118
20 6 198
20 7 200

# Energy Consumption
1 1 0
1 2 57
1 3 0
1 4 41
1 5 21
1 6 0
1 7 33
2 1 0
2 2 14
2 3 0
2 4 14
2 5 6
2 6 0
2 7 9
3 1 0
3 2 55
3 3 0
3 4 43
3 5 20
3 6 0
3 7 35
4 1 0
4 2 31
4 3 0
4 4 21
4 5 11
4 6 0
4 7 18
5 1 0
5 2 37
5 3 0
5 4 30
5 5 19
5 6 0
5 7 24
6 1 0
6 2 22
6 3 0
6 4 19
6 5 8
6 6 0
6 7 14
7 1 0
7 2 36
7 3 0
7 4 32
7 5 17
7 6 0
7 7 25
8 1 0
8 2 19
8 3 0
8 4 14
8 5 7
8 6 0
8 7 11
9 1 0
9 2 29
9 3 0
9 4 23
9 5 12
9 6 0
9 7 16
10 1 0
10 2 56
10 3 0
10 4 40
10 5 21
10 6 0
10 7 32
11 1 0
11 2 19
11 3 0
11 4 14
11 5 9
11 6 0
11 7 13
12 1 0
12 2 22
12 3 0
12 4 18
12 5 8
12 6 0
12 7 13
13 1 0
13 2 48
13 3 0
13 4 37
13 5 14
13 6 0
13 7 25
14 1 0
14 2 18
14 3 0
14 4 13
14 5 6
14 6 0
14 7 11
15 1 0
15 2 46
15 3 0
15 4 30
15 5 17
15 6 0
15 7 26
16 1 0
16 2 83
16 3 0
16 4 67
16 5 28
16 6 0
16 7 57
17 1 0
17 2 23
17 3 0
17 4 19
17 5 9
17 6 0
17 7 14
18 1 0
18 2 43
18 3 0
18 4 30
18 5 14
18 6 0
18 7 28
19 1 0
19 2 12
19 3 0
19 4 11
19 5 6
19 6 0
19 7 9
20 1 0
20 2 47
20 3 0
20 4 36
20 5 19
20 6 0
20 7 25

# Precedence Relations
1 7
2 7
3 4
3 5
3 6
4 7
5 7
6 8
6 9
6 10
6 16
6 18
7 11
7 12
7 13
7 14
8 15
8 19
9 17
10 17
11 17
12 16
12 18
14 19
16 20
17 19
17 20
18 19

# Parameters
R_e = 0.0500
T = 1000.0
C_s = 4.0
C_w = 36.0
C_c = 5.0
