# Tasks
1 2 3 4 5 6 7 8 9 10 11 12 13 14 15 16 17 18 19 20

# Workstations
1 2 3 4 5 6 7 8 9 10 11 12 13 14 15 16 17 18 19 20

# Modes
1 2 3 4 5 6 7

# Processing Times
1 1 142
1 2 288
1 3 152
1 4 308
1 5 46
1 6 161
1 7 326
2 1 34
2 2 72
2 3 37
2 4 77
2 5 15
2 6 41
2 7 87
3 1 140
3 2 262
3 3 154
3 4 287
3 5 62
3 6 160
3 7 299
4 1 214
4 2 477
4 3 228
4 4 507
4 5 86
4 6 248
4 7 551
5 1 121
5 2 256
5 3 133
5 4 281
5 5 51
5 6 147
5 7 311
6 1 279
6 2 683
6 3 301
6 4 735
6 5 87
6 6 319
6 7 779
7 1 50
7 2 125
7 3 54
7 4 134
7 5 18
7 6 60
7 7 150
8 1 282
8 2 653
8 3 303
8 4 700
8 5 125
8 6 316
8 7 730
9 1 129
9 2 314
9 3 140
9 4 340
9 5 49
9 6 150
9 7 365
10 1 175
10 2 405
10 3 184
10 4 426
10 5 70
10 6 219
10 7 506
11 1 97
11 2 181
11 3 105
11 4 196
11 5 36
11 6 121
11 7 226
12 1 132
12 2 303
12 3 144
12 4 330
12 5 48
12 6 162
12 7 370
13 1 107
13 2 207
13 3 117
13 4 225
13 5 39
13 6 127
13 7 244
14 1 132
14 2 259
14 3 143
14 4 279
14 5 41
14 6 160
14 7 313
15 1 69
15 2 152
15 3 75
15 4 164
15 5 29
15 6 84
15 7 185
16 1 169
16 2 344
16 3 186
16 4 377
16 5 66
16 6 208
16 7 422
17 1 73
17 2 144
17 3 80
17 4 158
17 5 26
17 6 89
17 7 175
18 1 231
18 2 511
18 3 247
18 4 547
18 5 97
18 6 280
18 7 618
19 1 120
19 2 273
19 3 128
19 4 290
19 5 43
19 6 149
19 7 337
20 1 186
20 2 394
20 3 200
20 4 423
20 5 64
20 6 213
20 7 451

# Energy Consumption
1 1 0
1 2 72
1 3 0
1 4 68
1 5 7
1 6 0
1 7 48
2 1 0
2 2 18
2 3 0
2 4 17
2 5 3
2 6 0
2 7 12
3 1 0
3 2 60
3 3 0
3 4 56
3 5 10
3 6 0
3 7 37
4 1 0
4 2 136
4 3 0
4 4 110
4 5 14
4 6 0
4 7 72
5 1 0
5 2 66
5 3 0
5 4 60
5 5 8
5 6 0
5 7 42
6 1 0
6 2 156
6 3 0
6 4 138
6 5 13
6 6 0
6 7 108
7 1 0
7 2 37
7 3 0
7 4 27
7 5 3
7 6 0
7 7 21
8 1 0
8 2 171
8 3 0
8 4 138
8 5 18
8 6 0
8 7 103
9 1 0
9 2 86
9 3 0
9 4 73
9 5 7
9 6 0
9 7 55
10 1 0
10 2 105
10 3 0
10 4 87
10 5 11
10 6 0
10 7 67
11 1 0
11 2 42
11 3 0
11 4 36
11 5 6
11 6 0
11 7 34
12 1 0
12 2 73
12 3 0
12 4 62
12 5 8
12 6 0
12 7 51
13 1 0
13 2 54
13 3 0
13 4 46
13 5 6
13 6 0
13 7 32
14 1 0
14 2 77
14 3 0
14 4 56
14 5 6
14 6 0
14 7 46
15 1 0
15 2 45
15 3 0
15 4 35
15 5 5
15 6 0
15 7 23
16 1 0
16 2 83
16 3 0
16 4 80
16 5 10
16 6 0
16 7 53
17 1 0
17 2 40
17 3 0
17 4 32
17 5 4
17 6 0
17 7 25
18 1 0
18 2 126
18 3 0
18 4 107
18 5 16
18 6 0
18 7 88
19 1 0
19 2 70
19 3 0
19 4 60
19 5 7
19 6 0
19 7 47
20 1 0
20 2 111
20 3 0
20 4 83
20 5 10
20 6 0
20 7 64

# Precedence Relations
1 6
2 7
4 8
5 9
6 10
7 11
8 12
10 13
11 13
12 14
12 15
13 16
13 17
13 18
14 20
15 19

# Parameters
R_e = 0.0500
T = 1000.0
C_s = 4.0
C_w = 36.0
C_c = 5.0
