# Tasks
1 2 3 4 5 6 7 8 9 10 11 12 13 14 15 16 17 18 19 20

# Workstations
1 2 3 4 5 6 7 8 9 10 11 12 13 14 15 16 17 18 19 20

# Modes
1 2 3 4 5 6 7

# Processing Times
1 1 22
1 2 31
1 3 24
1 4 33
1 5 14
1 6 24
1 7 33
2 1 128
2 2 193
2 3 135
2 4 203
2 5 77
2 6 137
2 7 206
3 1 104
3 2 128
3 3 113
3 4 139
3 5 70
3 6 110
3 7 135
4 1 54
4 2 77
4 3 58
4 4 83
4 5 36
4 6 59
4 7 84
5 1 133
5 2 186
5 3 143
5 4 199
5 5 77
5 6 138
5 7 193
6 1 78
6 2 119
6 3 85
6 4 130
6 5 49
6 6 83
6 7 126
7 1 89
7 2 136
7 3 98
7 4 149
7 5 53
7 6 96
7 7 146
8 1 252
8 2 388
8 3 274
8 4 421
8 5 174
8 6 273
8 7 420
9 1 274
9 2 361
9 3 302
9 4 397
9 5 158
9 6 276
9 7 364
10 1 134
10 2 200
10 3 144
10 4 215
10 5 85
10 6 136
10 7 203
11 1 212
11 2 327
11 3 232
11 4 358
11 5 128
11 6 228
11 7 352
12 1 95
12 2 138
12 3 101
12 4 147
12 5 60
12 6 99
12 7 143
13 1 288
13 2 424
13 3 311
13 4 458
13 5 180
13 6 313
13 7 460
14 1 225
14 2 299
14 3 241
14 4 320
14 5 147
14 6 233
14 7 310
15 1 146
15 2 190
15 3 160
15 4 208
15 5 86
15 6 147
15 7 192
16 1 82
16 2 102
16 3 89
16 4 111
16 5 55
16 6 87
16 7 108
17 1 110
17 2 156
17 3 116
17 4 164
17 5 77
17 6 112
17 7 158
18 1 198
18 2 285
18 3 211
18 4 304
18 5 114
18 6 218
18 7 313
19 1 125
19 2 175
19 3 136
19 4 190
19 5 78
19 6 134
19 7 187
20 1 26
20 2 34
20 3 28
20 4 37
20 5 16
20 6 28
20 7 37

# Energy Consumption
1 1 0
1 2 8
1 3 0
1 4 7
1 5 3
1 6 0
1 7 5
2 1 0
2 2 49
2 3 0
2 4 41
2 5 12
2 6 0
2 7 30
3 1 0
3 2 36
3 3 0
3 4 28
3 5 12
3 6 0
3 7 19
4 1 0
4 2 20
4 3 0
4 4 19
4 5 6
4 6 0
4 7 13
5 1 0
5 2 46
5 3 0
5 4 42
5 5 12
5 6 0
5 7 27
6 1 0
6 2 27
6 3 0
6 4 28
6 5 8
6 6 0
6 7 18
7 1 0
7 2 31
7 3 0
7 4 33
7 5 8
7 6 0
7 7 21
8 1 0
8 2 99
8 3 0
8 4 89
8 5 26
8 6 0
8 7 59
9 1 0
9 2 96
9 3 0
9 4 85
9 5 25
9 6 0
9 7 55
10 1 0
10 2 58
10 3 0
10 4 45
10 5 13
10 6 0
10 7 29
11 1 0
11 2 73
11 3 0
11 4 66
11 5 20
11 6 0
11 7 51
12 1 0
12 2 35
12 3 0
12 4 33
12 5 9
12 6 0
12 7 20
13 1 0
13 2 102
13 3 0
13 4 92
13 5 27
13 6 0
13 7 63
14 1 0
14 2 89
14 3 0
14 4 65
14 5 23
14 6 0
14 7 42
15 1 0
15 2 49
15 3 0
15 4 39
15 5 14
15 6 0
15 7 24
16 1 0
16 2 29
16 3 0
16 4 24
16 5 9
16 6 0
16 7 14
17 1 0
17 2 43
17 3 0
17 4 36
17 5 12
17 6 0
17 7 20
18 1 0
18 2 69
18 3 0
18 4 61
18 5 18
18 6 0
18 7 39
19 1 0
19 2 49
19 3 0
19 4 39
19 5 13
19 6 0
19 7 28
20 1 0
20 2 9
20 3 0
20 4 9
20 5 3
20 6 0
20 7 5

# Precedence Relations
1 2
1 3
1 4
2 5
2 6
3 5
3 6
4 7
5 7
5 8
6 7
6 8
6 9
7 10
7 11
8 10
9 11
10 12
10 13
11 12
11 14
12 15
12 16
13 14
13 15
14 17
14 18
15 18
17 19
17 20

# Parameters
R_e = 0.0500
T = 1000.0
C_s = 4.0
C_w = 36.0
C_c = 5.0
