# Tasks
1 2 3 4 5 6 7 8 9 10 11 12 13 14 15 16 17 18 19 20

# Workstations
1 2 3 4 5 6 7 8 9 10 11 12 13 14 15 16 17 18 19 20

# Modes
1 2 3 4 5 6 7

# Processing Times
1 1 46
1 2 48
1 3 45
1 4 47
1 5 30
1 6 57
1 7 59
2 1 135
2 2 136
2 3 141
2 4 142
2 5 83
2 6 156
2 7 157
3 1 114
3 2 117
3 3 111
3 4 114
3 5 72
3 6 127
3 7 130
4 1 140
4 2 121
4 3 143
4 4 124
4 5 79
4 6 168
4 7 145
5 1 58
5 2 50
5 3 57
5 4 49
5 5 39
5 6 68
5 7 59
6 1 244
6 2 265
6 3 247
6 4 269
6 5 149
6 6 292
6 7 317
7 1 158
7 2 144
7 3 165
7 4 150
7 5 101
7 6 197
7 7 180
8 1 27
8 2 27
8 3 27
8 4 27
8 5 17
8 6 31
8 7 31
9 1 142
9 2 127
9 3 144
9 4 129
9 5 91
9 6 158
9 7 141
10 1 190
10 2 183
10 3 183
10 4 176
10 5 126
10 6 235
10 7 226
11 1 31
11 2 27
11 3 30
11 4 26
11 5 21
11 6 39
11 7 34
12 1 120
12 2 132
12 3 125
12 4 137
12 5 79
12 6 140
12 7 154
13 1 186
13 2 192
13 3 193
13 4 199
13 5 107
13 6 206
13 7 212
14 1 67
14 2 70
14 3 69
14 4 72
14 5 45
14 6 77
14 7 80
15 1 300
15 2 283
15 3 310
15 4 292
15 5 204
15 6 346
15 7 327
16 1 147
16 2 151
16 3 142
16 4 146
16 5 84
16 6 182
16 7 187
17 1 276
17 2 267
17 3 289
17 4 280
17 5 190
17 6 340
17 7 329
18 1 146
18 2 156
18 3 140
18 4 150
18 5 82
18 6 180
18 7 192
19 1 52
19 2 46
19 3 55
19 4 49
19 5 37
19 6 63
19 7 56
20 1 93
20 2 94
20 3 97
20 4 98
20 5 65
20 6 109
20 7 111

# Energy Consumption
1 1 0
1 2 13
1 3 0
1 4 10
1 5 5
1 6 0
1 7 8
2 1 0
2 2 33
2 3 0
2 4 31
2 5 13
2 6 0
2 7 20
3 1 0
3 2 31
3 3 0
3 4 24
3 5 11
3 6 0
3 7 20
4 1 0
4 2 36
4 3 0
4 4 24
4 5 12
4 6 0
4 7 21
5 1 0
5 2 12
5 3 0
5 4 10
5 5 6
5 6 0
5 7 8
6 1 0
6 2 64
6 3 0
6 4 54
6 5 23
6 6 0
6 7 40
7 1 0
7 2 32
7 3 0
7 4 29
7 5 15
7 6 0
7 7 23
8 1 0
8 2 8
8 3 0
8 4 6
8 5 3
8 6 0
8 7 5
9 1 0
9 2 35
9 3 0
9 4 29
9 5 15
9 6 0
9 7 19
10 1 0
10 2 51
10 3 0
10 4 36
10 5 20
10 6 0
10 7 29
11 1 0
11 2 8
11 3 0
11 4 5
11 5 4
11 6 0
11 7 5
12 1 0
12 2 35
12 3 0
12 4 29
12 5 13
12 6 0
12 7 20
13 1 0
13 2 55
13 3 0
13 4 43
13 5 16
13 6 0
13 7 29
14 1 0
14 2 21
14 3 0
14 4 15
14 5 7
14 6 0
14 7 12
15 1 0
15 2 84
15 3 0
15 4 56
15 5 31
15 6 0
15 7 48
16 1 0
16 2 39
16 3 0
16 4 32
16 5 13
16 6 0
16 7 27
17 1 0
17 2 70
17 3 0
17 4 58
17 5 28
17 6 0
17 7 43
18 1 0
18 2 42
18 3 0
18 4 30
18 5 14
18 6 0
18 7 28
19 1 0
19 2 11
19 3 0
19 4 10
19 5 6
19 6 0
19 7 8
20 1 0
20 2 26
20 3 0
20 4 20
20 5 11
20 6 0
20 7 14

# Precedence Relations
1 5
2 6
3 7
5 11
6 8
6 9
6 10
6 12
8 15
9 13
10 14
11 16
12 17
13 18
14 19
15 20

# Parameters
R_e = 0.0500
T = 1000.0
C_s = 4.0
C_w = 36.0
C_c = 5.0
