# Tasks
1 2 3 4 5 6 7 8 9 10 11 12 13 14 15 16 17 18 19 20

# Workstations
1 2 3 4 5 6 7 8 9 10 11 12 13 14 15 16 17 18 19 20

# Modes
1 2 3 4 5 6 7

# Processing Times
1 1 464
1 2 455
1 3 506
1 4 496
1 5 399
1 6 661
1 7 648
2 1 154
2 2 144
2 3 168
2 4 157
2 5 130
2 6 213
2 7 200
3 1 506
3 2 524
3 3 544
3 4 563
3 5 469
3 6 689
3 7 714
4 1 476
4 2 466
4 3 519
4 4 508
4 5 395
4 6 629
4 7 616
5 1 77
5 2 83
5 3 82
5 4 88
5 5 69
5 6 102
5 7 110
6 1 155
6 2 139
6 3 170
6 4 152
6 5 143
6 6 224
6 7 201
7 1 340
7 2 336
7 3 362
7 4 358
7 5 285
7 6 446
7 7 440
8 1 467
8 2 468
8 3 503
8 4 504
8 5 376
8 6 620
8 7 621
9 1 94
9 2 100
9 3 101
9 4 108
9 5 77
9 6 129
9 7 137
10 1 65
10 2 64
10 3 70
10 4 69
10 5 54
10 6 86
10 7 85
11 1 192
11 2 198
11 3 204
11 4 210
11 5 176
11 6 263
11 7 271
12 1 127
12 2 109
12 3 136
12 4 117
12 5 111
12 6 166
12 7 143
13 1 204
13 2 193
13 3 223
13 4 211
13 5 175
13 6 274
13 7 260
14 1 108
14 2 103
14 3 115
14 4 109
14 5 93
14 6 154
14 7 147
15 1 481
15 2 462
15 3 525
15 4 504
15 5 423
15 6 656
15 7 630
16 1 213
16 2 231
16 3 228
16 4 248
16 5 187
16 6 275
16 7 299
17 1 116
17 2 107
17 3 124
17 4 115
17 5 105
17 6 163
17 7 150
18 1 74
18 2 67
18 3 79
18 4 72
18 5 64
18 6 100
18 7 91
19 1 220
19 2 240
19 3 235
19 4 256
19 5 202
19 6 318
19 7 346
20 1 117
20 2 101
20 3 124
20 4 107
20 5 100
20 6 154
20 7 133

# Energy Consumption
1 1 0
1 2 101
1 3 0
1 4 108
1 5 64
1 6 0
1 7 93
2 1 0
2 2 39
2 3 0
2 4 35
2 5 20
2 6 0
2 7 29
3 1 0
3 2 116
3 3 0
3 4 111
3 5 68
3 6 0
3 7 90
4 1 0
4 2 139
4 3 0
4 4 98
4 5 57
4 6 0
4 7 80
5 1 0
5 2 21
5 3 0
5 4 18
5 5 11
5 6 0
5 7 15
6 1 0
6 2 34
6 3 0
6 4 29
6 5 23
6 6 0
6 7 28
7 1 0
7 2 97
7 3 0
7 4 72
7 5 44
7 6 0
7 7 66
8 1 0
8 2 121
8 3 0
8 4 104
8 5 60
8 6 0
8 7 79
9 1 0
9 2 27
9 3 0
9 4 24
9 5 12
9 6 0
9 7 17
10 1 0
10 2 16
10 3 0
10 4 16
10 5 9
10 6 0
10 7 11
11 1 0
11 2 51
11 3 0
11 4 39
11 5 25
11 6 0
11 7 38
12 1 0
12 2 25
12 3 0
12 4 26
12 5 18
12 6 0
12 7 19
13 1 0
13 2 52
13 3 0
13 4 40
13 5 27
13 6 0
13 7 37
14 1 0
14 2 28
14 3 0
14 4 22
14 5 15
14 6 0
14 7 20
15 1 0
15 2 127
15 3 0
15 4 109
15 5 65
15 6 0
15 7 82
16 1 0
16 2 66
16 3 0
16 4 48
16 5 30
16 6 0
16 7 43
17 1 0
17 2 27
17 3 0
17 4 24
17 5 17
17 6 0
17 7 23
18 1 0
18 2 18
18 3 0
18 4 15
18 5 10
18 6 0
18 7 12
19 1 0
19 2 54
19 3 0
19 4 51
19 5 30
19 6 0
19 7 43
20 1 0
20 2 25
20 3 0
20 4 23
20 5 15
20 6 0
20 7 19

# Precedence Relations
1 9
2 9
3 9
4 9
5 11
5 12
8 10
9 13
9 14
9 15
9 16
14 17
15 18
17 20
18 19

# Parameters
R_e = 0.0500
T = 1000.0
C_s = 4.0
C_w = 36.0
C_c = 5.0
