# Tasks
1 2 3 4 5 6 7 8 9 10 11 12 13 14 15 16 17 18 19 20 21 22 23 24 25 26 27 28 29 30 31 32 33 34 35 36 37 38 39 40 41 42 43 44 45 46 47 48 49 50 51 52 53

# Workstations
1 2 3 4 5 6 7 8 9 10 11 12 13 14 15 16 17 18 19 20 21 22 23 24 25 26 27 28 29 30 31 32 33 34 35 36 37 38 39 40 41 42 43 44 45 46 47 48 49 50 51 52 53

# Modes
1 2 3 4 5 6 7

# Processing Times
1 1 971
1 2 1342
1 3 1049
1 4 1450
1 5 584
1 6 1068
1 7 1476
2 1 142
2 2 215
2 3 150
2 4 226
2 5 97
2 6 150
2 7 226
3 1 142
3 2 174
3 3 152
3 4 186
3 5 93
3 6 146
3 7 179
4 1 142
4 2 203
4 3 153
4 4 218
4 5 79
4 6 146
4 7 208
5 1 103
5 2 144
5 3 109
5 4 152
5 5 62
5 6 112
5 7 157
6 1 96
6 2 146
6 3 103
6 4 156
6 5 63
6 6 103
6 7 156
7 1 99
7 2 151
7 3 106
7 4 162
7 5 60
7 6 100
7 7 152
8 1 1207
8 2 1858
8 3 1285
8 4 1978
8 5 762
8 6 1261
8 7 1941
9 1 160
9 2 211
9 3 175
9 4 230
9 5 104
9 6 167
9 7 221
10 1 180
10 2 269
10 3 192
10 4 287
10 5 113
10 6 185
10 7 276
11 1 82
11 2 127
11 3 89
11 4 138
11 5 56
11 6 89
11 7 138
12 1 60
12 2 88
12 3 65
12 4 96
12 5 37
12 6 65
12 7 95
13 1 112
13 2 165
13 3 123
13 4 181
13 5 72
13 6 113
13 7 166
14 1 420
14 2 558
14 3 457
14 4 607
14 5 276
14 6 459
14 7 610
15 1 1556
15 2 2023
15 3 1706
15 4 2219
15 5 1048
15 6 1640
15 7 2132
16 1 236
16 2 292
16 3 254
16 4 315
16 5 133
16 6 239
16 7 296
17 1 259
17 2 367
17 3 274
17 4 388
17 5 147
17 6 272
17 7 385
18 1 125
18 2 180
18 3 137
18 4 196
18 5 83
18 6 131
18 7 189
19 1 601
19 2 841
19 3 645
19 4 902
19 5 360
19 6 656
19 7 918
20 1 80
20 2 104
20 3 86
20 4 112
20 5 55
20 6 87
20 7 113
21 1 80
21 2 113
21 3 88
21 4 125
21 5 49
21 6 82
21 7 115
22 1 70
22 2 93
22 3 75
22 4 99
22 5 40
22 6 76
22 7 101
23 1 89
23 2 135
23 3 95
23 4 144
23 5 57
23 6 95
23 7 143
24 1 89
24 2 135
24 3 95
24 4 144
24 5 51
24 6 92
24 7 139
25 1 105
25 2 134
25 3 115
25 4 147
25 5 74
25 6 110
25 7 140
26 1 330
26 2 464
26 3 357
26 4 501
26 5 214
26 6 362
26 7 509
27 1 132
27 2 173
27 3 140
27 4 183
27 5 87
27 6 143
27 7 187
28 1 69
28 2 109
28 3 74
28 4 116
28 5 48
28 6 73
28 7 115
29 1 99
29 2 126
29 3 109
29 4 138
29 5 58
29 6 109
29 7 139
30 1 70
30 2 99
30 3 74
30 4 105
30 5 48
30 6 73
30 7 103
31 1 70
31 2 94
31 3 75
31 4 101
31 5 42
31 6 76
31 7 101
32 1 158
32 2 222
32 3 172
32 4 241
32 5 91
32 6 166
32 7 233
33 1 191
33 2 267
33 3 204
33 4 285
33 5 126
33 6 192
33 7 268
34 1 70
34 2 103
34 3 75
34 4 111
34 5 43
34 6 74
34 7 109
35 1 53
35 2 69
35 3 57
35 4 75
35 5 31
35 6 55
35 7 72
36 1 50
36 2 76
36 3 55
36 4 83
36 5 30
36 6 52
36 7 78
37 1 125
37 2 200
37 3 132
37 4 211
37 5 70
37 6 132
37 7 210
38 1 353
38 2 445
38 3 375
38 4 473
38 5 245
38 6 385
38 7 485
39 1 70
39 2 97
39 3 76
39 4 104
39 5 39
39 6 76
39 7 105
40 1 128
40 2 165
40 3 139
40 4 179
40 5 82
40 6 134
40 7 173
41 1 65
41 2 85
41 3 71
41 4 93
41 5 36
41 6 68
41 7 88
42 1 1775
42 2 2151
42 3 1941
42 4 2352
42 5 1028
42 6 1784
42 7 2162
43 1 91
43 2 135
43 3 97
43 4 144
43 5 57
43 6 95
43 7 141
44 1 91
44 2 123
44 3 97
44 4 131
44 5 53
44 6 100
44 7 135
45 1 113
45 2 153
45 3 122
45 4 165
45 5 64
45 6 124
45 7 168
46 1 487
46 2 719
46 3 526
46 4 776
46 5 287
46 6 522
46 7 770
47 1 138
47 2 215
47 3 149
47 4 231
47 5 87
47 6 145
47 7 226
48 1 80
48 2 119
48 3 88
48 4 131
48 5 55
48 6 87
48 7 129
49 1 80
49 2 128
49 3 87
49 4 138
49 5 49
49 6 81
49 7 130
50 1 65
50 2 90
50 3 70
50 4 97
50 5 37
50 6 66
50 7 91
51 1 40
51 2 62
51 3 44
51 4 68
51 5 28
51 6 44
51 7 68
52 1 742
52 2 949
52 3 787
52 4 1007
52 5 512
52 6 797
52 7 1019
53 1 1085
53 2 1561
53 3 1142
53 4 1643
53 5 693
53 6 1189
53 7 1711

# Energy Consumption
1 1 0
1 2 322
1 3 0
1 4 299
1 5 91
1 6 0
1 7 212
2 1 0
2 2 55
2 3 0
2 4 45
2 5 15
2 6 0
2 7 32
3 1 0
3 2 49
3 3 0
3 4 37
3 5 15
3 6 0
3 7 25
4 1 0
4 2 51
4 3 0
4 4 48
4 5 12
4 6 0
4 7 30
5 1 0
5 2 35
5 3 0
5 4 32
5 5 10
5 6 0
5 7 22
6 1 0
6 2 33
6 3 0
6 4 34
6 5 10
6 6 0
6 7 22
7 1 0
7 2 34
7 3 0
7 4 35
7 5 9
7 6 0
7 7 22
8 1 0
8 2 473
8 3 0
8 4 415
8 5 113
8 6 0
8 7 273
9 1 0
9 2 57
9 3 0
9 4 49
9 5 17
9 6 0
9 7 34
10 1 0
10 2 77
10 3 0
10 4 60
10 5 17
10 6 0
10 7 39
11 1 0
11 2 29
11 3 0
11 4 26
11 5 9
11 6 0
11 7 20
12 1 0
12 2 23
12 3 0
12 4 21
12 5 6
12 6 0
12 7 14
13 1 0
13 2 40
13 3 0
13 4 37
13 5 11
13 6 0
13 7 23
14 1 0
14 2 166
14 3 0
14 4 124
14 5 44
14 6 0
14 7 82
15 1 0
15 2 517
15 3 0
15 4 410
15 5 160
15 6 0
15 7 261
16 1 0
16 2 83
16 3 0
16 4 67
16 5 21
16 6 0
16 7 38
17 1 0
17 2 99
17 3 0
17 4 85
17 5 23
17 6 0
17 7 49
18 1 0
18 2 44
18 3 0
18 4 40
18 5 13
18 6 0
18 7 24
19 1 0
19 2 232
19 3 0
19 4 184
19 5 56
19 6 0
19 7 137
20 1 0
20 2 27
20 3 0
20 4 25
20 5 9
20 6 0
20 7 15
21 1 0
21 2 25
21 3 0
21 4 27
21 5 8
21 6 0
21 7 17
22 1 0
22 2 23
22 3 0
22 4 21
22 5 6
22 6 0
22 7 15
23 1 0
23 2 36
23 3 0
23 4 29
23 5 9
23 6 0
23 7 21
24 1 0
24 2 32
24 3 0
24 4 30
24 5 8
24 6 0
24 7 20
25 1 0
25 2 35
25 3 0
25 4 28
25 5 11
25 6 0
25 7 18
26 1 0
26 2 134
26 3 0
26 4 94
26 5 33
26 6 0
26 7 65
27 1 0
27 2 49
27 3 0
27 4 40
27 5 13
27 6 0
27 7 23
28 1 0
28 2 24
28 3 0
28 4 21
28 5 8
28 6 0
28 7 16
29 1 0
29 2 33
29 3 0
29 4 30
29 5 9
29 6 0
29 7 21
30 1 0
30 2 27
30 3 0
30 4 23
30 5 7
30 6 0
30 7 13
31 1 0
31 2 24
31 3 0
31 4 20
31 5 7
31 6 0
31 7 15
32 1 0
32 2 57
32 3 0
32 4 50
32 5 14
32 6 0
32 7 32
33 1 0
33 2 59
33 3 0
33 4 57
33 5 19
33 6 0
33 7 38
34 1 0
34 2 27
34 3 0
34 4 22
34 5 7
34 6 0
34 7 16
35 1 0
35 2 21
35 3 0
35 4 14
35 5 5
35 6 0
35 7 11
36 1 0
36 2 23
36 3 0
36 4 17
36 5 5
36 6 0
36 7 11
37 1 0
37 2 60
37 3 0
37 4 42
37 5 11
37 6 0
37 7 26
38 1 0
38 2 121
38 3 0
38 4 88
38 5 36
38 6 0
38 7 64
39 1 0
39 2 25
39 3 0
39 4 20
39 5 7
39 6 0
39 7 14
40 1 0
40 2 42
40 3 0
40 4 35
40 5 14
40 6 0
40 7 24
41 1 0
41 2 25
41 3 0
41 4 20
41 5 6
41 6 0
41 7 13
42 1 0
42 2 567
42 3 0
42 4 427
42 5 156
42 6 0
42 7 294
43 1 0
43 2 32
43 3 0
43 4 27
43 5 9
43 6 0
43 7 18
44 1 0
44 2 35
44 3 0
44 4 24
44 5 8
44 6 0
44 7 19
45 1 0
45 2 39
45 3 0
45 4 34
45 5 10
45 6 0
45 7 23
46 1 0
46 2 180
46 3 0
46 4 160
46 5 43
46 6 0
46 7 113
47 1 0
47 2 62
47 3 0
47 4 47
47 5 13
47 6 0
47 7 32
48 1 0
48 2 29
48 3 0
48 4 26
48 5 8
48 6 0
48 7 19
49 1 0
49 2 31
49 3 0
49 4 26
49 5 7
49 6 0
49 7 17
50 1 0
50 2 27
50 3 0
50 4 19
50 5 6
50 6 0
50 7 12
51 1 0
51 2 17
51 3 0
51 4 15
51 5 4
51 6 0
51 7 9
52 1 0
52 2 280
52 3 0
52 4 192
52 5 75
52 6 0
52 7 127
53 1 0
53 2 398
53 3 0
53 4 298
53 5 109
53 6 0
53 7 237

# Precedence Relations
1 2
1 3
1 4
1 5
1 6
1 7
2 36
3 36
4 9
5 9
6 9
7 9
8 9
9 10
10 11
11 12
12 13
12 14
12 15
13 16
13 17
13 18
14 22
15 16
15 17
16 29
16 30
16 31
17 19
18 42
19 20
19 21
19 22
20 23
21 24
22 25
23 36
24 36
25 26
26 27
27 28
28 29
28 30
28 31
28 32
28 33
28 34
29 35
30 35
31 35
32 35
33 35
34 35
35 36
36 37
37 38
37 39
37 40
38 41
39 41
40 41
41 42
42 43
42 44
42 45
42 46
42 47
43 48
44 49
45 51
45 52
46 50
47 51
47 52
48 51
48 52
49 51
49 52
50 51
50 52
51 53
52 53

# Parameters
R_e = 0.0500
T = 10000.0
C_s = 4.0
C_w = 36.0
C_c = 5.0
