# Tasks
1 2 3 4 5 6 7 8 9 10 11 12 13 14 15 16 17 18 19 20

# Workstations
1 2 3 4 5 6 7 8 9 10 11 12 13 14 15 16 17 18 19 20

# Modes
1 2 3 4 5 6 7

# Processing Times
1 1 730
1 2 715
1 3 796
1 4 780
1 5 627
1 6 1040
1 7 1018
2 1 589
2 2 551
2 3 641
2 4 600
2 5 497
2 6 815
2 7 762
3 1 474
3 2 491
3 3 510
3 4 528
3 5 439
3 6 646
3 7 669
4 1 390
4 2 382
4 3 425
4 4 417
4 5 324
4 6 516
4 7 505
5 1 462
5 2 496
5 3 487
5 4 523
5 5 413
5 6 611
5 7 656
6 1 496
6 2 445
6 3 541
6 4 486
6 5 457
6 6 717
6 7 643
7 1 480
7 2 474
7 3 511
7 4 504
7 5 402
7 6 629
7 7 621
8 1 425
8 2 426
8 3 457
8 4 458
8 5 342
8 6 564
8 7 566
9 1 545
9 2 577
9 3 585
9 4 619
9 5 447
9 6 747
9 7 791
10 1 562
10 2 553
10 3 599
10 4 589
10 5 461
10 6 744
10 7 732
11 1 438
11 2 452
11 3 464
11 4 479
11 5 401
11 6 599
11 7 618
12 1 702
12 2 601
12 3 749
12 4 641
12 5 613
12 6 917
12 7 785
13 1 439
13 2 415
13 3 480
13 4 454
13 5 375
13 6 590
13 7 557
14 1 285
14 2 271
14 3 302
14 4 287
14 5 245
14 6 405
14 7 385
15 1 511
15 2 490
15 3 558
15 4 535
15 5 450
15 6 697
15 7 668
16 1 483
16 2 524
16 3 517
16 4 561
16 5 423
16 6 624
16 7 677
17 1 468
17 2 432
17 3 500
17 4 462
17 5 423
17 6 656
17 7 605
18 1 654
18 2 591
18 3 696
18 4 629
18 5 563
18 6 880
18 7 795
19 1 534
19 2 582
19 3 570
19 4 621
19 5 489
19 6 770
19 7 839
20 1 552
20 2 476
20 3 585
20 4 505
20 5 469
20 6 724
20 7 624

# Energy Consumption
1 1 0
1 2 158
1 3 0
1 4 169
1 5 101
1 6 0
1 7 146
2 1 0
2 2 148
2 3 0
2 4 131
2 5 77
2 6 0
2 7 107
3 1 0
3 2 109
3 3 0
3 4 104
3 5 64
3 6 0
3 7 84
4 1 0
4 2 114
4 3 0
4 4 81
4 5 47
4 6 0
4 7 65
5 1 0
5 2 125
5 3 0
5 4 106
5 5 66
5 6 0
5 7 88
6 1 0
6 2 108
6 3 0
6 4 91
6 5 72
6 6 0
6 7 89
7 1 0
7 2 137
7 3 0
7 4 101
7 5 62
7 6 0
7 7 93
8 1 0
8 2 110
8 3 0
8 4 94
8 5 54
8 6 0
8 7 72
9 1 0
9 2 156
9 3 0
9 4 133
9 5 70
9 6 0
9 7 97
10 1 0
10 2 136
10 3 0
10 4 130
10 5 71
10 6 0
10 7 94
11 1 0
11 2 115
11 3 0
11 4 89
11 5 57
11 6 0
11 7 86
12 1 0
12 2 136
12 3 0
12 4 141
12 5 95
12 6 0
12 7 101
13 1 0
13 2 111
13 3 0
13 4 86
13 5 58
13 6 0
13 7 78
14 1 0
14 2 74
14 3 0
14 4 56
14 5 40
14 6 0
14 7 51
15 1 0
15 2 135
15 3 0
15 4 116
15 5 69
15 6 0
15 7 87
16 1 0
16 2 149
16 3 0
16 4 107
16 5 68
16 6 0
16 7 96
17 1 0
17 2 106
17 3 0
17 4 95
17 5 66
17 6 0
17 7 90
18 1 0
18 2 158
18 3 0
18 4 127
18 5 87
18 6 0
18 7 98
19 1 0
19 2 131
19 3 0
19 4 122
19 5 72
19 6 0
19 7 102
20 1 0
20 2 118
20 3 0
20 4 106
20 5 68
20 6 0
20 7 85

# Precedence Relations
1 13
2 3
2 4
2 5
2 6
3 13
4 13
5 7
5 8
6 9
6 14
7 13
8 9
8 10
8 11
8 12
9 13
10 20
11 13
11 14
11 15
12 13
13 16
13 17
13 18
13 19
14 20

# Parameters
R_e = 0.0500
T = 1000.0
C_s = 4.0
C_w = 36.0
C_c = 5.0
