# Tasks
1 2 3 4 5 6 7 8 9 10 11 12 13 14 15 16 17 18 19 20

# Workstations
1 2 3 4 5 6 7 8 9 10 11 12 13 14 15 16 17 18 19 20

# Modes
1 2 3 4 5 6 7

# Processing Times
1 1 141
1 2 218
1 3 126
1 4 195
1 5 114
1 6 164
1 7 253
2 1 118
2 2 161
2 3 106
2 4 145
2 5 95
2 6 131
2 7 178
3 1 136
3 2 176
3 3 125
3 4 162
3 5 114
3 6 154
3 7 199
4 1 117
4 2 180
4 3 107
4 4 165
4 5 100
4 6 139
4 7 214
5 1 140
5 2 173
5 3 133
5 4 165
5 5 117
5 6 175
5 7 216
6 1 194
6 2 259
6 3 179
6 4 239
6 5 158
6 6 215
6 7 287
7 1 110
7 2 136
7 3 101
7 4 124
7 5 102
7 6 123
7 7 151
8 1 69
8 2 101
8 3 62
8 4 91
8 5 58
8 6 83
8 7 121
9 1 80
9 2 103
9 3 76
9 4 98
9 5 73
9 6 96
9 7 123
10 1 219
10 2 346
10 3 199
10 4 315
10 5 182
10 6 270
10 7 426
11 1 155
11 2 202
11 3 145
11 4 189
11 5 144
11 6 191
11 7 249
12 1 168
12 2 252
12 3 149
12 4 223
12 5 139
12 6 199
12 7 298
13 1 60
13 2 92
13 3 56
13 4 85
13 5 51
13 6 69
13 7 105
14 1 185
14 2 266
14 3 175
14 4 251
14 5 161
14 6 208
14 7 298
15 1 218
15 2 322
15 3 194
15 4 287
15 5 207
15 6 271
15 7 400
16 1 192
16 2 273
16 3 166
16 4 236
16 5 159
16 6 213
16 7 302
17 1 148
17 2 179
17 3 136
17 4 164
17 5 140
17 6 172
17 7 207
18 1 102
18 2 158
18 3 91
18 4 140
18 5 86
18 6 127
18 7 197
19 1 214
19 2 305
19 3 191
19 4 272
19 5 193
19 6 242
19 7 344
20 1 140
20 2 193
20 3 120
20 4 165
20 5 118
20 6 164
20 7 226

# Energy Consumption
1 1 0
1 2 51
1 3 0
1 4 43
1 5 18
1 6 0
1 7 35
2 1 0
2 2 40
2 3 0
2 4 30
2 5 15
2 6 0
2 7 26
3 1 0
3 2 50
3 3 0
3 4 30
3 5 17
3 6 0
3 7 28
4 1 0
4 2 51
4 3 0
4 4 35
4 5 16
4 6 0
4 7 30
5 1 0
5 2 44
5 3 0
5 4 32
5 5 17
5 6 0
5 7 32
6 1 0
6 2 63
6 3 0
6 4 49
6 5 25
6 6 0
6 7 43
7 1 0
7 2 35
7 3 0
7 4 25
7 5 17
7 6 0
7 7 22
8 1 0
8 2 24
8 3 0
8 4 19
8 5 9
8 6 0
8 7 18
9 1 0
9 2 29
9 3 0
9 4 22
9 5 11
9 6 0
9 7 18
10 1 0
10 2 90
10 3 0
10 4 69
10 5 28
10 6 0
10 7 64
11 1 0
11 2 59
11 3 0
11 4 38
11 5 23
11 6 0
11 7 32
12 1 0
12 2 64
12 3 0
12 4 48
12 5 21
12 6 0
12 7 44
13 1 0
13 2 25
13 3 0
13 4 19
13 5 8
13 6 0
13 7 15
14 1 0
14 2 61
14 3 0
14 4 54
14 5 24
14 6 0
14 7 39
15 1 0
15 2 77
15 3 0
15 4 60
15 5 32
15 6 0
15 7 58
16 1 0
16 2 61
16 3 0
16 4 52
16 5 25
16 6 0
16 7 38
17 1 0
17 2 52
17 3 0
17 4 30
17 5 22
17 6 0
17 7 29
18 1 0
18 2 46
18 3 0
18 4 27
18 5 14
18 6 0
18 7 29
19 1 0
19 2 72
19 3 0
19 4 50
19 5 28
19 6 0
19 7 45
20 1 0
20 2 46
20 3 0
20 4 34
20 5 18
20 6 0
20 7 34

# Precedence Relations
1 5
2 7
3 6
3 10
4 8
4 9
4 10
5 13
6 11
7 12
8 18
9 15
10 13
11 15
12 15
13 14
13 15
14 16
15 17
15 18
15 19
16 20
17 20
18 20
19 20

# Parameters
R_e = 0.0500
T = 1000.0
C_s = 4.0
C_w = 36.0
C_c = 5.0
