# Tasks
1 2 3 4 5 6 7 8 9 10 11 12 13 14 15 16 17 18 19 20 21 22 23 24 25 26 27 28 29 30 31 32 33 34 35 36 37 38 39 40 41 42 43 44 45 46 47 48 49 50 51 52 53

# Workstations
1 2 3 4 5 6 7 8 9 10 11 12 13 14 15 16 17 18 19 20 21 22 23 24 25 26 27 28 29 30 31 32 33 34 35 36 37 38 39 40 41 42 43 44 45 46 47 48 49 50 51 52 53

# Modes
1 2 3 4 5 6 7

# Processing Times
1 1 971
1 2 2293
1 3 916
1 4 2161
1 5 580
1 6 1226
1 7 2896
2 1 142
2 2 336
2 3 134
2 4 317
2 5 85
2 6 180
2 7 425
3 1 142
3 2 336
3 3 134
3 4 317
3 5 85
3 6 180
3 7 425
4 1 142
4 2 336
4 3 134
4 4 317
4 5 85
4 6 180
4 7 425
5 1 103
5 2 244
5 3 98
5 4 230
5 5 62
5 6 131
5 7 309
6 1 96
6 2 227
6 3 91
6 4 214
6 5 58
6 6 122
6 7 287
7 1 99
7 2 234
7 3 94
7 4 221
7 5 60
7 6 125
7 7 296
8 1 1207
8 2 2851
8 3 1138
8 4 2687
8 5 721
8 6 1524
8 7 3600
9 1 160
9 2 378
9 3 151
9 4 357
9 5 96
9 6 203
9 7 478
10 1 180
10 2 426
10 3 170
10 4 402
10 5 108
10 6 228
10 7 538
11 1 82
11 2 194
11 3 78
11 4 183
11 5 49
11 6 104
11 7 245
12 1 60
12 2 142
12 3 57
12 4 134
12 5 36
12 6 76
12 7 180
13 1 112
13 2 265
13 3 106
13 4 250
13 5 67
13 6 142
13 7 335
14 1 420
14 2 992
14 3 396
14 4 935
14 5 251
14 6 531
14 7 1253
15 1 1556
15 2 3675
15 3 1467
15 4 3464
15 5 930
15 6 1965
15 7 4641
16 1 236
16 2 558
16 3 223
16 4 526
16 5 141
16 6 298
16 7 705
17 1 259
17 2 612
17 3 245
17 4 577
17 5 155
17 6 328
17 7 773
18 1 125
18 2 296
18 3 118
18 4 279
18 5 75
18 6 158
18 7 374
19 1 601
19 2 1420
19 3 567
19 4 1339
19 5 359
19 6 759
19 7 1793
20 1 80
20 2 189
20 3 76
20 4 179
20 5 48
20 6 102
20 7 239
21 1 80
21 2 189
21 3 76
21 4 179
21 5 48
21 6 102
21 7 239
22 1 70
22 2 166
22 3 66
22 4 157
22 5 42
22 6 89
22 7 210
23 1 89
23 2 211
23 3 84
23 4 199
23 5 54
23 6 113
23 7 267
24 1 89
24 2 211
24 3 84
24 4 199
24 5 54
24 6 113
24 7 267
25 1 105
25 2 248
25 3 99
25 4 234
25 5 63
25 6 133
25 7 314
26 1 330
26 2 780
26 3 311
26 4 736
26 5 198
26 6 417
26 7 985
27 1 132
27 2 312
27 3 125
27 4 295
27 5 79
27 6 167
27 7 394
28 1 69
28 2 163
28 3 66
28 4 154
28 5 42
28 6 88
28 7 206
29 1 99
29 2 234
29 3 94
29 4 221
29 5 60
29 6 125
29 7 296
30 1 70
30 2 166
30 3 66
30 4 157
30 5 42
30 6 89
30 7 210
31 1 70
31 2 166
31 3 66
31 4 157
31 5 42
31 6 89
31 7 210
32 1 158
32 2 374
32 3 149
32 4 353
32 5 95
32 6 200
32 7 473
33 1 191
33 2 452
33 3 180
33 4 426
33 5 115
33 6 242
33 7 571
34 1 70
34 2 166
34 3 66
34 4 157
34 5 42
34 6 89
34 7 210
35 1 53
35 2 126
35 3 50
35 4 119
35 5 32
35 6 67
35 7 160
36 1 50
36 2 119
36 3 48
36 4 113
36 5 30
36 6 64
36 7 151
37 1 125
37 2 296
37 3 118
37 4 279
37 5 75
37 6 158
37 7 374
38 1 353
38 2 834
38 3 333
38 4 786
38 5 211
38 6 446
38 7 1054
39 1 70
39 2 166
39 3 66
39 4 157
39 5 42
39 6 89
39 7 210
40 1 128
40 2 303
40 3 121
40 4 286
40 5 77
40 6 162
40 7 383
41 1 65
41 2 154
41 3 62
41 4 146
41 5 39
41 6 83
41 7 195
42 1 1775
42 2 4192
42 3 1673
42 4 3951
42 5 1061
42 6 2242
42 7 5293
43 1 91
43 2 215
43 3 86
43 4 203
43 5 55
43 6 115
43 7 272
44 1 91
44 2 215
44 3 86
44 4 203
44 5 55
44 6 115
44 7 272
45 1 113
45 2 267
45 3 107
45 4 252
45 5 68
45 6 143
45 7 338
46 1 487
46 2 1151
46 3 459
46 4 1085
46 5 291
46 6 615
46 7 1454
47 1 138
47 2 326
47 3 131
47 4 308
47 5 83
47 6 175
47 7 412
48 1 80
48 2 189
48 3 76
48 4 179
48 5 48
48 6 102
48 7 239
49 1 80
49 2 189
49 3 76
49 4 179
49 5 48
49 6 102
49 7 239
50 1 65
50 2 154
50 3 62
50 4 146
50 5 39
50 6 83
50 7 195
51 1 40
51 2 95
51 3 38
51 4 90
51 5 24
51 6 51
51 7 120
52 1 742
52 2 1753
52 3 700
52 4 1653
52 5 444
52 6 937
52 7 2214
53 1 1085
53 2 2563
53 3 1023
53 4 2416
53 5 649
53 6 1370
53 7 3237

# Energy Consumption
1 1 0
1 2 652
1 3 0
1 4 417
1 5 92
1 6 0
1 7 353
2 1 0
2 2 79
2 3 0
2 4 61
2 5 13
2 6 0
2 7 62
3 1 0
3 2 85
3 3 0
3 4 64
3 5 12
3 6 0
3 7 59
4 1 0
4 2 83
4 3 0
4 4 65
4 5 13
4 6 0
4 7 54
5 1 0
5 2 59
5 3 0
5 4 49
5 5 9
5 6 0
5 7 40
6 1 0
6 2 56
6 3 0
6 4 47
6 5 9
6 6 0
6 7 38
7 1 0
7 2 60
7 3 0
7 4 46
7 5 10
7 6 0
7 7 42
8 1 0
8 2 745
8 3 0
8 4 569
8 5 103
8 6 0
8 7 524
9 1 0
9 2 84
9 3 0
9 4 69
9 5 15
9 6 0
9 7 58
10 1 0
10 2 110
10 3 0
10 4 85
10 5 17
10 6 0
10 7 66
11 1 0
11 2 47
11 3 0
11 4 35
11 5 7
11 6 0
11 7 31
12 1 0
12 2 36
12 3 0
12 4 26
12 5 6
12 6 0
12 7 22
13 1 0
13 2 78
13 3 0
13 4 48
13 5 11
13 6 0
13 7 47
14 1 0
14 2 286
14 3 0
14 4 178
14 5 40
14 6 0
14 7 180
15 1 0
15 2 848
15 3 0
15 4 659
15 5 143
15 6 0
15 7 595
16 1 0
16 2 134
16 3 0
16 4 114
16 5 21
16 6 0
16 7 86
17 1 0
17 2 161
17 3 0
17 4 112
17 5 23
17 6 0
17 7 94
18 1 0
18 2 76
18 3 0
18 4 53
18 5 12
18 6 0
18 7 53
19 1 0
19 2 373
19 3 0
19 4 242
19 5 58
19 6 0
19 7 252
20 1 0
20 2 49
20 3 0
20 4 34
20 5 7
20 6 0
20 7 35
21 1 0
21 2 49
21 3 0
21 4 39
21 5 8
21 6 0
21 7 34
22 1 0
22 2 49
22 3 0
22 4 32
22 5 6
22 6 0
22 7 27
23 1 0
23 2 59
23 3 0
23 4 44
23 5 8
23 6 0
23 7 35
24 1 0
24 2 50
24 3 0
24 4 38
24 5 8
24 6 0
24 7 40
25 1 0
25 2 69
25 3 0
25 4 44
25 5 10
25 6 0
25 7 45
26 1 0
26 2 205
26 3 0
26 4 137
26 5 30
26 6 0
26 7 142
27 1 0
27 2 74
27 3 0
27 4 55
27 5 13
27 6 0
27 7 55
28 1 0
28 2 40
28 3 0
28 4 31
28 5 7
28 6 0
28 7 31
29 1 0
29 2 66
29 3 0
29 4 44
29 5 9
29 6 0
29 7 37
30 1 0
30 2 38
30 3 0
30 4 30
30 5 6
30 6 0
30 7 28
31 1 0
31 2 49
31 3 0
31 4 32
31 5 7
31 6 0
31 7 30
32 1 0
32 2 97
32 3 0
32 4 68
32 5 15
32 6 0
32 7 62
33 1 0
33 2 119
33 3 0
33 4 91
33 5 18
33 6 0
33 7 76
34 1 0
34 2 46
34 3 0
34 4 34
34 5 7
34 6 0
34 7 30
35 1 0
35 2 38
35 3 0
35 4 22
35 5 6
35 6 0
35 7 22
36 1 0
36 2 35
36 3 0
36 4 21
36 5 5
36 6 0
36 7 19
37 1 0
37 2 71
37 3 0
37 4 54
37 5 11
37 6 0
37 7 56
38 1 0
38 2 247
38 3 0
38 4 171
38 5 32
38 6 0
38 7 151
39 1 0
39 2 50
39 3 0
39 4 33
39 5 7
39 6 0
39 7 28
40 1 0
40 2 76
40 3 0
40 4 59
40 5 12
40 6 0
40 7 56
41 1 0
41 2 44
41 3 0
41 4 31
41 5 6
41 6 0
41 7 27
42 1 0
42 2 1171
42 3 0
42 4 792
42 5 161
42 6 0
42 7 742
43 1 0
43 2 60
43 3 0
43 4 43
43 5 9
43 6 0
43 7 40
44 1 0
44 2 60
44 3 0
44 4 41
44 5 9
44 6 0
44 7 37
45 1 0
45 2 61
45 3 0
45 4 49
45 5 10
45 6 0
45 7 49
46 1 0
46 2 312
46 3 0
46 4 224
46 5 43
46 6 0
46 7 209
47 1 0
47 2 76
47 3 0
47 4 63
47 5 13
47 6 0
47 7 61
48 1 0
48 2 49
48 3 0
48 4 39
48 5 7
48 6 0
48 7 35
49 1 0
49 2 55
49 3 0
49 4 35
49 5 7
49 6 0
49 7 34
50 1 0
50 2 46
50 3 0
50 4 28
50 5 6
50 6 0
50 7 26
51 1 0
51 2 28
51 3 0
51 4 20
51 5 4
51 6 0
51 7 16
52 1 0
52 2 416
52 3 0
52 4 310
52 5 64
52 6 0
52 7 274
53 1 0
53 2 622
53 3 0
53 4 490
53 5 102
53 6 0
53 7 485

# Precedence Relations
1 2
1 3
1 4
1 5
1 6
1 7
2 36
3 36
4 9
5 9
6 9
7 9
8 9
9 10
10 11
11 12
12 13
12 14
12 15
13 16
13 17
13 18
14 22
15 16
15 17
16 29
16 30
16 31
17 19
18 42
19 20
19 21
19 22
20 23
21 24
22 25
23 36
24 36
25 26
26 27
27 28
28 29
28 30
28 31
28 32
28 33
28 34
29 35
30 35
31 35
32 35
33 35
34 35
35 36
36 37
37 38
37 39
37 40
38 41
39 41
40 41
41 42
42 43
42 44
42 45
42 46
42 47
43 48
44 49
45 51
45 52
46 50
47 51
47 52
48 51
48 52
49 51
49 52
50 51
50 52
51 53
52 53

# Parameters
R_e = 0.0500
T = 10000.0
C_s = 4.0
C_w = 36.0
C_c = 5.0
