# Tasks
1 2 3 4 5 6 7 8 9 10 11 12 13 14 15 16 17 18 19 20

# Workstations
1 2 3 4 5 6 7 8 9 10 11 12 13 14 15 16 17 18 19 20

# Modes
1 2 3 4 5 6 7

# Processing Times
1 1 730
1 2 1491
1 3 780
1 4 1593
1 5 324
1 6 893
1 7 1824
2 1 589
2 2 1203
2 3 630
2 4 1286
2 5 262
2 6 721
2 7 1472
3 1 474
3 2 968
3 3 507
3 4 1035
3 5 211
3 6 580
3 7 1184
4 1 390
4 2 797
4 3 417
4 4 852
4 5 174
4 6 477
4 7 975
5 1 462
5 2 944
5 3 494
5 4 1009
5 5 206
5 6 565
5 7 1155
6 1 496
6 2 1013
6 3 530
6 4 1083
6 5 221
6 6 607
6 7 1239
7 1 480
7 2 980
7 3 513
7 4 1047
7 5 214
7 6 587
7 7 1199
8 1 425
8 2 868
8 3 455
8 4 928
8 5 189
8 6 520
8 7 1062
9 1 545
9 2 1113
9 3 583
9 4 1190
9 5 242
9 6 667
9 7 1362
10 1 562
10 2 1148
10 3 601
10 4 1227
10 5 250
10 6 688
10 7 1404
11 1 438
11 2 895
11 3 468
11 4 957
11 5 195
11 6 536
11 7 1095
12 1 702
12 2 1434
12 3 750
12 4 1532
12 5 312
12 6 859
12 7 1754
13 1 439
13 2 897
13 3 469
13 4 959
13 5 195
13 6 537
13 7 1097
14 1 285
14 2 582
14 3 305
14 4 622
14 5 127
14 6 349
14 7 712
15 1 511
15 2 1044
15 3 546
15 4 1116
15 5 227
15 6 625
15 7 1277
16 1 483
16 2 986
16 3 516
16 4 1054
16 5 215
16 6 591
16 7 1206
17 1 468
17 2 956
17 3 500
17 4 1022
17 5 208
17 6 573
17 7 1170
18 1 654
18 2 1336
18 3 699
18 4 1428
18 5 291
18 6 800
18 7 1634
19 1 534
19 2 1091
19 3 571
19 4 1166
19 5 237
19 6 654
19 7 1335
20 1 552
20 2 1127
20 3 590
20 4 1204
20 5 245
20 6 676
20 7 1379

# Energy Consumption
1 1 0
1 2 370
1 3 0
1 4 348
1 5 48
1 6 0
1 7 264
2 1 0
2 2 301
2 3 0
2 4 277
2 5 41
2 6 0
2 7 203
3 1 0
3 2 219
3 3 0
3 4 200
3 5 32
3 6 0
3 7 145
4 1 0
4 2 226
4 3 0
4 4 184
4 5 27
4 6 0
4 7 127
5 1 0
5 2 242
5 3 0
5 4 212
5 5 32
5 6 0
5 7 154
6 1 0
6 2 231
6 3 0
6 4 203
6 5 33
6 6 0
6 7 171
7 1 0
7 2 284
7 3 0
7 4 210
7 5 31
7 6 0
7 7 168
8 1 0
8 2 227
8 3 0
8 4 182
8 5 27
8 6 0
8 7 150
9 1 0
9 2 305
9 3 0
9 4 256
9 5 34
9 6 0
9 7 203
10 1 0
10 2 296
10 3 0
10 4 250
10 5 36
10 6 0
10 7 185
11 1 0
11 2 205
11 3 0
11 4 173
11 5 30
11 6 0
11 7 165
12 1 0
12 2 342
12 3 0
12 4 288
12 5 50
12 6 0
12 7 241
13 1 0
13 2 232
13 3 0
13 4 193
13 5 28
13 6 0
13 7 142
14 1 0
14 2 173
14 3 0
14 4 124
14 5 19
14 6 0
14 7 104
15 1 0
15 2 306
15 3 0
15 4 233
15 5 36
15 6 0
15 7 158
16 1 0
16 2 238
16 3 0
16 4 223
16 5 31
16 6 0
16 7 150
17 1 0
17 2 265
17 3 0
17 4 205
17 5 31
17 6 0
17 7 163
18 1 0
18 2 329
18 3 0
18 4 279
18 5 46
18 6 0
18 7 233
19 1 0
19 2 278
19 3 0
19 4 238
19 5 37
19 6 0
19 7 184
20 1 0
20 2 316
20 3 0
20 4 234
20 5 38
20 6 0
20 7 195

# Precedence Relations
1 13
2 3
2 4
2 5
2 6
3 13
4 13
5 7
5 8
6 9
6 14
7 13
8 9
8 10
8 11
8 12
9 13
10 20
11 13
11 14
11 15
12 13
13 16
13 17
13 18
13 19
14 20

# Parameters
R_e = 0.0500
T = 1915.2
C_s = 4.0
C_w = 36.0
C_c = 5.0
