# Tasks
1 2 3 4 5 6 7 8 9 10 11 12 13 14 15 16 17 18 19 20

# Workstations
1 2 3 4 5 6 7 8 9 10 11 12 13 14 15 16 17 18 19 20

# Modes
1 2 3 4 5 6 7

# Processing Times
1 1 136
1 2 141
1 3 132
1 4 137
1 5 88
1 6 167
1 7 173
2 1 106
2 2 107
2 3 111
2 4 112
2 5 65
2 6 123
2 7 124
3 1 251
3 2 257
3 3 244
3 4 250
3 5 158
3 6 279
3 7 286
4 1 272
4 2 234
4 3 278
4 4 239
4 5 152
4 6 325
4 7 280
5 1 38
5 2 33
5 3 38
5 4 33
5 5 26
5 6 45
5 7 39
6 1 132
6 2 144
6 3 134
6 4 146
6 5 81
6 6 158
6 7 172
7 1 207
7 2 189
7 3 216
7 4 197
7 5 132
7 6 258
7 7 236
8 1 105
8 2 102
8 3 105
8 4 102
8 5 65
8 6 117
8 7 114
9 1 175
9 2 157
9 3 177
9 4 159
9 5 112
9 6 194
9 7 174
10 1 207
10 2 200
10 3 199
10 4 193
10 5 138
10 6 256
10 7 247
11 1 89
11 2 77
11 3 86
11 4 75
11 5 61
11 6 111
11 7 96
12 1 133
12 2 147
12 3 138
12 4 153
12 5 87
12 6 155
12 7 171
13 1 168
13 2 173
13 3 174
13 4 179
13 5 97
13 6 186
13 7 191
14 1 43
14 2 45
14 3 44
14 4 46
14 5 29
14 6 50
14 7 52
15 1 221
15 2 208
15 3 228
15 4 215
15 5 150
15 6 255
15 7 240
16 1 121
16 2 124
16 3 117
16 4 120
16 5 69
16 6 150
16 7 153
17 1 61
17 2 59
17 3 64
17 4 62
17 5 42
17 6 76
17 7 73
18 1 30
18 2 32
18 3 29
18 4 31
18 5 17
18 6 37
18 7 40
19 1 262
19 2 229
19 3 275
19 4 240
19 5 183
19 6 317
19 7 277
20 1 153
20 2 154
20 3 159
20 4 161
20 5 107
20 6 180
20 7 181

# Energy Consumption
1 1 0
1 2 38
1 3 0
1 4 27
1 5 14
1 6 0
1 7 22
2 1 0
2 2 26
2 3 0
2 4 25
2 5 10
2 6 0
2 7 16
3 1 0
3 2 67
3 3 0
3 4 53
3 5 24
3 6 0
3 7 43
4 1 0
4 2 69
4 3 0
4 4 46
4 5 23
4 6 0
4 7 39
5 1 0
5 2 8
5 3 0
5 4 7
5 5 4
5 6 0
5 7 5
6 1 0
6 2 35
6 3 0
6 4 30
6 5 13
6 6 0
6 7 22
7 1 0
7 2 42
7 3 0
7 4 37
7 5 20
7 6 0
7 7 30
8 1 0
8 2 31
8 3 0
8 4 22
8 5 11
8 6 0
8 7 17
9 1 0
9 2 43
9 3 0
9 4 35
9 5 18
9 6 0
9 7 24
10 1 0
10 2 56
10 3 0
10 4 40
10 5 21
10 6 0
10 7 32
11 1 0
11 2 21
11 3 0
11 4 15
11 5 9
11 6 0
11 7 14
12 1 0
12 2 39
12 3 0
12 4 32
12 5 14
12 6 0
12 7 23
13 1 0
13 2 50
13 3 0
13 4 38
13 5 15
13 6 0
13 7 26
14 1 0
14 2 14
14 3 0
14 4 10
14 5 5
14 6 0
14 7 8
15 1 0
15 2 62
15 3 0
15 4 41
15 5 23
15 6 0
15 7 35
16 1 0
16 2 32
16 3 0
16 4 26
16 5 11
16 6 0
16 7 22
17 1 0
17 2 16
17 3 0
17 4 13
17 5 7
17 6 0
17 7 10
18 1 0
18 2 9
18 3 0
18 4 7
18 5 3
18 6 0
18 7 6
19 1 0
19 2 52
19 3 0
19 4 48
19 5 28
19 6 0
19 7 39
20 1 0
20 2 43
20 3 0
20 4 33
20 5 17
20 6 0
20 7 23

# Precedence Relations
1 7
2 6
2 15
3 11
4 8
5 8
6 10
7 9
8 11
9 12
10 13
11 14
11 15
12 17
13 17
14 16
15 17
16 18
17 18
17 19
17 20

# Parameters
R_e = 0.0500
T = 1000.0
C_s = 4.0
C_w = 36.0
C_c = 5.0
