# Tasks
1 2 3 4 5 6 7 8 9 10 11 12 13 14 15 16 17 18 19 20 21 22 23 24 25 26 27 28 29 30 31 32 33 34 35 36 37 38 39 40 41 42 43 44 45 46 47 48 49 50 51 52 53 54 55 56 57 58 59 60 61 62 63 64 65 66 67 68 69 70 71 72 73 74 75 76 77 78 79 80 81 82 83 84 85 86 87 88 89 90 91 92 93 94 95 96 97 98 99 100 101 102 103 104 105 106 107 108 109 110 111

# Workstations
1 2 3 4 5 6 7 8 9 10 11 12 13 14 15 16 17 18 19 20 21 22 23 24 25 26 27 28 29 30 31 32 33 34 35 36 37 38 39 40 41 42 43 44 45 46 47 48 49 50 51 52 53 54 55 56 57 58 59 60 61 62 63 64 65 66 67 68 69 70 71 72 73 74 75 76 77 78 79 80 81 82 83 84 85 86 87 88 89 90 91 92 93 94 95 96 97 98 99 100 101 102 103 104 105 106 107 108 109 110 111

# Modes
1 2 3 4 5 6 7

# Processing Times
1 1 1960
1 2 3964
1 3 2063
1 4 4172
1 5 880
1 6 2276
1 7 4603
2 1 1715
2 2 3589
2 3 1830
2 4 3830
2 5 603
2 6 2013
2 7 4212
3 1 735
3 2 1375
3 3 804
3 4 1504
3 5 267
3 6 884
3 7 1654
4 1 1715
4 2 3823
4 3 1865
4 4 4158
4 5 660
4 6 2053
4 7 4575
5 1 490
5 2 1035
5 3 520
5 4 1098
5 5 174
5 6 601
5 7 1269
6 1 1225
6 2 2999
6 3 1323
6 4 3237
6 5 449
6 6 1379
6 7 3376
7 1 169
7 2 421
7 3 182
7 4 452
7 5 69
7 6 196
7 7 488
8 1 2252
8 2 5214
8 3 2386
8 4 5523
8 5 738
8 6 2811
8 7 6509
9 1 1225
9 2 2977
9 3 1315
9 4 3196
9 5 541
9 6 1475
9 7 3583
10 1 2319
10 2 5358
10 3 2526
10 4 5836
10 5 766
10 6 2762
10 7 6380
11 1 1715
11 2 3192
11 3 1847
11 4 3437
11 5 619
11 6 1926
11 7 3584
12 1 980
12 2 2245
12 3 1048
12 4 2400
12 5 366
12 6 1110
12 7 2543
13 1 735
13 2 1417
13 3 788
13 4 1518
13 5 246
13 6 892
13 7 1718
14 1 2281
14 2 4471
14 3 2451
14 4 4805
14 5 971
14 6 2625
14 7 5144
15 1 2750
15 2 6029
15 3 2901
15 4 6359
15 5 1151
15 6 3386
15 7 7422
16 1 77
16 2 157
16 3 83
16 4 169
16 5 30
16 6 89
16 7 182
17 1 89
17 2 176
17 3 94
17 4 186
17 5 30
17 6 105
17 7 207
18 1 51
18 2 113
18 3 56
18 4 123
18 5 20
18 6 63
18 7 139
19 1 364
19 2 827
19 3 397
19 4 902
19 5 125
19 6 440
19 7 1000
20 1 405
20 2 858
20 3 440
20 4 931
20 5 129
20 6 473
20 7 1001
21 1 3060
21 2 5778
21 3 3239
21 4 6115
21 5 1216
21 6 3441
21 7 6496
22 1 125
22 2 301
22 3 136
22 4 327
22 5 48
22 6 148
22 7 356
23 1 3429
23 2 8361
23 3 3655
23 4 8912
23 5 1529
23 6 4029
23 7 9823
24 1 43
24 2 98
24 3 46
24 4 105
24 5 15
24 6 49
24 7 111
25 1 3430
25 2 8083
25 3 3773
25 4 8890
25 5 1388
25 6 3942
25 7 9289
26 1 1960
26 2 3615
26 3 2144
26 4 3954
26 5 874
26 6 2200
26 7 4057
27 1 29
27 2 60
27 3 31
27 4 64
27 5 13
27 6 33
27 7 67
28 1 27
28 2 67
28 3 29
28 4 72
28 5 12
28 6 31
28 7 76
29 1 15
29 2 33
29 3 17
29 4 36
29 5 6
29 6 17
29 7 37
30 1 121
30 2 272
30 3 128
30 4 287
30 5 38
30 6 145
30 7 325
31 1 1715
31 2 3633
31 3 1852
31 4 3923
31 5 613
31 6 1903
31 7 4031
32 1 2127
32 2 4386
32 3 2300
32 4 4741
32 5 761
32 6 2648
32 7 5460
33 1 1470
33 2 3081
33 3 1551
33 4 3249
33 5 614
33 6 1801
33 7 3773
34 1 4037
34 2 7430
34 3 4385
34 4 8069
34 5 1599
34 6 4529
34 7 8335
35 1 68
35 2 159
35 3 73
35 4 170
35 5 28
35 6 77
35 7 180
36 1 62
36 2 137
36 3 67
36 4 147
36 5 28
36 6 69
36 7 152
37 1 42
37 2 87
37 3 45
37 4 93
37 5 19
37 6 51
37 7 104
38 1 364
38 2 858
38 3 393
38 4 927
38 5 120
38 6 443
38 7 1043
39 1 4998
39 2 10236
39 3 5495
39 4 11253
39 5 1517
39 6 6165
39 7 12625
40 1 1470
40 2 2923
40 3 1586
40 4 3154
40 5 609
40 6 1627
40 7 3234
41 1 2963
41 2 6029
41 3 3211
41 4 6533
41 5 938
41 6 3459
41 7 7038
42 1 5689
42 2 11348
42 3 6120
42 4 12206
42 5 2370
42 6 6513
42 7 12992
43 1 68
43 2 165
43 3 72
43 4 175
43 5 24
43 6 77
43 7 186
44 1 18
44 2 36
44 3 20
44 4 39
44 5 7
44 6 21
44 7 42
45 1 10
45 2 25
45 3 11
45 4 28
45 5 4
45 6 13
45 7 31
46 1 81
46 2 176
46 3 88
46 4 190
46 5 29
46 6 94
46 7 205
47 1 5200
47 2 10670
47 3 5491
47 4 11267
47 5 1950
47 6 5780
47 7 11860
48 1 39
48 2 82
48 3 42
48 4 87
48 5 12
48 6 49
48 7 103
49 1 67
49 2 151
49 3 72
49 4 161
49 5 30
49 6 76
49 7 171
50 1 27
50 2 49
50 3 29
50 4 52
50 5 11
50 6 31
50 7 56
51 1 15
51 2 34
51 3 17
51 4 37
51 5 6
51 6 18
51 7 41
52 1 121
52 2 284
52 3 133
52 4 310
52 5 41
52 6 146
52 7 342
53 1 58
53 2 134
53 3 63
53 4 145
53 5 24
53 6 65
53 7 149
54 1 1715
54 2 3723
54 3 1867
54 4 4051
54 5 722
54 6 1958
54 7 4250
55 1 125
55 2 265
55 3 138
55 4 291
55 5 43
55 6 154
55 7 326
56 1 4010
56 2 9730
56 3 4345
56 4 10543
56 5 1401
56 6 4683
56 7 11361
57 1 1470
57 2 3502
57 3 1563
57 4 3723
57 5 655
57 6 1760
57 7 4192
58 1 1470
58 2 3035
58 3 1567
58 4 3234
58 5 542
58 6 1816
58 7 3749
59 1 2303
59 2 4450
59 3 2452
59 4 4737
59 5 997
59 6 2824
59 7 5456
60 1 1960
60 2 4158
60 3 2074
60 4 4400
60 5 655
60 6 2348
60 7 4981
61 1 2205
61 2 4291
61 3 2426
61 4 4720
61 5 942
61 6 2640
61 7 5136
62 1 4018
62 2 9051
62 3 4245
62 4 9562
62 5 1779
62 6 4898
62 7 11034
63 1 2744
63 2 5432
63 3 2917
63 4 5773
63 5 1223
63 6 3294
63 7 6519
64 1 2999
64 2 6168
64 3 3205
64 4 6591
64 5 1016
64 6 3648
64 7 7503
65 1 735
65 2 1705
65 3 774
65 4 1796
65 5 233
65 6 822
65 7 1906
66 1 735
66 2 1460
66 3 777
66 4 1543
66 5 273
66 6 860
66 7 1708
67 1 735
67 2 1655
67 3 808
67 4 1818
67 5 239
67 6 850
67 7 1914
68 1 735
68 2 1384
68 3 781
68 4 1470
68 5 258
68 6 849
68 7 1598
69 1 545
69 2 1136
69 3 589
69 4 1228
69 5 190
69 6 669
69 7 1393
70 1 3386
70 2 8434
70 3 3680
70 4 9166
70 5 1261
70 6 4165
70 7 10374
71 1 3234
71 2 8031
71 3 3407
71 4 8460
71 5 994
71 6 4042
71 7 10036
72 1 2205
72 2 5203
72 3 2316
72 4 5464
72 5 853
72 6 2482
72 7 5856
73 1 2206
73 2 4778
73 3 2331
73 4 5049
73 5 704
73 6 2486
73 7 5384
74 1 490
74 2 1127
74 3 533
74 4 1225
74 5 217
74 6 567
74 7 1302
75 1 825
75 2 1913
75 3 896
75 4 2077
75 5 261
75 6 945
75 7 2190
76 1 3528
76 2 8410
76 3 3838
76 4 9147
76 5 1299
76 6 4345
76 7 10356
77 1 3568
77 2 8285
77 3 3814
77 4 8856
77 5 1287
77 6 3988
77 7 9260
78 1 1200
78 2 2769
78 3 1261
78 4 2909
78 5 462
78 6 1343
78 7 3098
79 1 618
79 2 1499
79 3 650
79 4 1576
79 5 191
79 6 733
79 7 1777
80 1 1470
80 2 2952
80 3 1584
80 4 3180
80 5 636
80 6 1626
80 7 3264
81 1 1715
81 2 4070
81 3 1831
81 4 4344
81 5 668
81 6 2075
81 7 4925
82 1 735
82 2 1716
82 3 801
82 4 1869
82 5 299
82 6 841
82 7 1962
83 1 1960
83 2 4757
83 3 2078
83 4 5044
83 5 748
83 6 2431
83 7 5900
84 1 2889
84 2 6438
84 3 3156
84 4 7033
84 5 896
84 6 3593
84 7 8007
85 1 618
85 2 1513
85 3 665
85 4 1627
85 5 262
85 6 683
85 7 1670
86 1 490
86 2 1118
86 3 520
86 4 1186
86 5 178
86 6 576
86 7 1315
87 1 735
87 2 1738
87 3 775
87 4 1832
87 5 320
87 6 903
87 7 2135
88 1 490
88 2 924
88 3 532
88 4 1002
88 5 193
88 6 541
88 7 1020
89 1 921
89 2 1877
89 3 989
89 4 2014
89 5 376
89 6 1095
89 7 2231
90 1 326
90 2 745
90 3 351
90 4 802
90 5 135
90 6 398
90 7 909
91 1 5390
91 2 13334
91 3 5698
91 4 14096
91 5 1770
91 6 5970
91 7 14769
92 1 243
92 2 476
92 3 259
92 4 507
92 5 75
92 6 277
92 7 542
93 1 371
93 2 749
93 3 394
93 4 794
93 5 161
93 6 440
93 7 888
94 1 58
94 2 127
94 3 63
94 4 136
94 5 25
94 6 67
94 7 147
95 1 5059
95 2 9611
95 3 5350
95 4 10163
95 5 1780
95 6 5698
95 7 10825
96 1 1225
96 2 3033
96 3 1331
96 4 3295
96 5 523
96 6 1409
96 7 3487
97 1 769
97 2 1910
97 3 829
97 4 2059
97 5 338
97 6 906
97 7 2250
98 1 768
98 2 1453
98 3 842
98 4 1592
98 5 338
98 6 957
98 7 1810
99 1 1670
99 2 4105
99 3 1757
99 4 4319
99 5 678
99 6 2087
99 7 5131
100 1 1670
100 2 3280
100 3 1770
100 4 3476
100 5 701
100 6 1919
100 7 3770
101 1 490
101 2 1034
101 3 539
101 4 1138
101 5 210
101 6 594
101 7 1253
102 1 202
102 2 466
102 3 216
102 4 499
102 5 85
102 6 231
102 7 531
103 1 203
103 2 460
103 3 215
103 4 486
103 5 91
103 6 228
103 7 516
104 1 202
104 2 380
104 3 220
104 4 413
104 5 76
104 6 234
104 7 440
105 1 2744
105 2 5267
105 3 2939
105 4 5641
105 5 1014
105 6 3407
105 7 6539
106 1 162
106 2 334
106 3 172
106 4 354
106 5 49
106 6 188
106 7 387
107 1 324
107 2 657
107 3 343
107 4 694
107 5 131
107 6 404
107 7 819
108 1 162
108 2 400
108 3 176
108 4 434
108 5 70
108 6 196
108 7 483
109 1 121
109 2 230
109 3 128
109 4 243
109 5 43
109 6 135
109 7 256
110 1 162
110 2 404
110 3 172
110 4 428
110 5 55
110 6 197
110 7 490
111 1 91
111 2 192
111 3 99
111 4 208
111 5 33
111 6 103
111 7 217

# Energy Consumption
1 1 0
1 2 982
1 3 0
1 4 911
1 5 130
1 6 0
1 7 666
2 1 0
2 2 897
2 3 0
2 4 825
2 5 94
2 6 0
2 7 580
3 1 0
3 2 311
3 3 0
3 4 290
3 5 41
3 6 0
3 7 203
4 1 0
4 2 1083
4 3 0
4 4 898
4 5 100
4 6 0
4 7 593
5 1 0
5 2 266
5 3 0
5 4 231
5 5 27
5 6 0
5 7 170
6 1 0
6 2 683
6 3 0
6 4 605
6 5 67
6 6 0
6 7 466
7 1 0
7 2 122
7 3 0
7 4 91
7 5 10
7 6 0
7 7 69
8 1 0
8 2 1361
8 3 0
8 4 1082
8 5 105
8 6 0
8 7 917
9 1 0
9 2 814
9 3 0
9 4 686
9 5 76
9 6 0
9 7 533
10 1 0
10 2 1380
10 3 0
10 4 1188
10 5 110
10 6 0
10 7 837
11 1 0
11 2 729
11 3 0
11 4 621
11 5 94
11 6 0
11 7 537
12 1 0
12 2 535
12 3 0
12 4 451
12 5 59
12 6 0
12 7 349
13 1 0
13 2 366
13 3 0
13 4 305
13 5 36
13 6 0
13 7 222
14 1 0
14 2 1327
14 3 0
14 4 957
14 5 140
14 6 0
14 7 746
15 1 0
15 2 1762
15 3 0
15 4 1327
15 5 181
15 6 0
15 7 917
16 1 0
16 2 38
16 3 0
16 4 36
16 5 5
16 6 0
16 7 23
17 1 0
17 2 49
17 3 0
17 4 38
17 5 5
17 6 0
17 7 29
18 1 0
18 2 28
18 3 0
18 4 24
18 5 4
18 6 0
18 7 20
19 1 0
19 2 211
19 3 0
19 4 184
19 5 20
19 6 0
19 7 138
20 1 0
20 2 241
20 3 0
20 4 181
20 5 20
20 6 0
20 7 142
21 1 0
21 2 1583
21 3 0
21 4 1331
21 5 175
21 6 0
21 7 846
22 1 0
22 2 81
22 3 0
22 4 59
22 5 7
22 6 0
22 7 52
23 1 0
23 2 2112
23 3 0
23 4 1641
23 5 236
23 6 0
23 7 1446
24 1 0
24 2 24
24 3 0
24 4 22
24 5 3
24 6 0
24 7 15
25 1 0
25 2 2201
25 3 0
25 4 1772
25 5 196
25 6 0
25 7 1222
26 1 0
26 2 892
26 3 0
26 4 727
26 5 127
26 6 0
26 7 544
27 1 0
27 2 18
27 3 0
27 4 13
27 5 2
27 6 0
27 7 9
28 1 0
28 2 20
28 3 0
28 4 16
28 5 2
28 6 0
28 7 10
29 1 0
29 2 10
29 3 0
29 4 8
29 5 1
29 6 0
29 7 6
30 1 0
30 2 75
30 3 0
30 4 62
30 5 6
30 6 0
30 7 47
31 1 0
31 2 844
31 3 0
31 4 751
31 5 95
31 6 0
31 7 545
32 1 0
32 2 995
32 3 0
32 4 953
32 5 116
32 6 0
32 7 660
33 1 0
33 2 761
33 3 0
33 4 660
33 5 95
33 6 0
33 7 483
34 1 0
34 2 1800
34 3 0
34 4 1647
34 5 239
34 6 0
34 7 1205
35 1 0
35 2 42
35 3 0
35 4 37
35 5 5
35 6 0
35 7 22
36 1 0
36 2 36
36 3 0
36 4 29
36 5 5
36 6 0
36 7 20
37 1 0
37 2 21
37 3 0
37 4 19
37 5 3
37 6 0
37 7 14
38 1 0
38 2 246
38 3 0
38 4 174
38 5 18
38 6 0
38 7 149
39 1 0
39 2 2656
39 3 0
39 4 2112
39 5 222
39 6 0
39 7 1726
40 1 0
40 2 817
40 3 0
40 4 673
40 5 87
40 6 0
40 7 409
41 1 0
41 2 1409
41 3 0
41 4 1239
41 5 138
41 6 0
41 7 959
42 1 0
42 2 3337
42 3 0
42 4 2421
42 5 356
42 6 0
42 7 1893
43 1 0
43 2 39
43 3 0
43 4 39
43 5 4
43 6 0
43 7 24
44 1 0
44 2 9
44 3 0
44 4 9
44 5 2
44 6 0
44 7 6
45 1 0
45 2 8
45 3 0
45 4 6
45 5 1
45 6 0
45 7 4
46 1 0
46 2 51
46 3 0
46 4 42
46 5 5
46 6 0
46 7 26
47 1 0
47 2 2535
47 3 0
47 4 2158
47 5 312
47 6 0
47 7 1682
48 1 0
48 2 23
48 3 0
48 4 18
48 5 2
48 6 0
48 7 15
49 1 0
49 2 43
49 3 0
49 4 31
49 5 5
49 6 0
49 7 22
50 1 0
50 2 12
50 3 0
50 4 12
50 5 2
50 6 0
50 7 7
51 1 0
51 2 9
51 3 0
51 4 7
51 5 1
51 6 0
51 7 7
52 1 0
52 2 75
52 3 0
52 4 59
52 5 7
52 6 0
52 7 44
53 1 0
53 2 34
53 3 0
53 4 29
53 5 4
53 6 0
53 7 20
54 1 0
54 2 1092
54 3 0
54 4 883
54 5 110
54 6 0
54 7 607
55 1 0
55 2 72
55 3 0
55 4 63
55 5 7
55 6 0
55 7 46
56 1 0
56 2 2671
56 3 0
56 4 2068
56 5 217
56 6 0
56 7 1379
57 1 0
57 2 843
57 3 0
57 4 721
57 5 100
57 6 0
57 7 597
58 1 0
58 2 752
58 3 0
58 4 650
58 5 83
58 6 0
58 7 525
59 1 0
59 2 1093
59 3 0
59 4 938
59 5 143
59 6 0
59 7 722
60 1 0
60 2 1206
60 3 0
60 4 855
60 5 103
60 6 0
60 7 673
61 1 0
61 2 1223
61 3 0
61 4 1028
61 5 140
61 6 0
61 7 651
62 1 0
62 2 2337
62 3 0
62 4 1723
62 5 272
62 6 0
62 7 1520
63 1 0
63 2 1248
63 3 0
63 4 1074
63 5 185
63 6 0
63 7 869
64 1 0
64 2 1743
64 3 0
64 4 1332
64 5 157
64 6 0
64 7 958
65 1 0
65 2 468
65 3 0
65 4 343
65 5 36
65 6 0
65 7 276
66 1 0
66 2 358
66 3 0
66 4 319
66 5 44
66 6 0
66 7 240
67 1 0
67 2 440
67 3 0
67 4 374
67 5 37
67 6 0
67 7 245
68 1 0
68 2 377
68 3 0
68 4 323
68 5 37
68 6 0
68 7 195
69 1 0
69 2 336
69 3 0
69 4 270
69 5 30
69 6 0
69 7 200
70 1 0
70 2 2420
70 3 0
70 4 1882
70 5 196
70 6 0
70 7 1414
71 1 0
71 2 2406
71 3 0
71 4 1806
71 5 151
71 6 0
71 7 1332
72 1 0
72 2 1274
72 3 0
72 4 1140
72 5 133
72 6 0
72 7 713
73 1 0
73 2 1122
73 3 0
73 4 1086
73 5 113
73 6 0
73 7 768
74 1 0
74 2 328
74 3 0
74 4 269
74 5 34
74 6 0
74 7 166
75 1 0
75 2 534
75 3 0
75 4 384
75 5 39
75 6 0
75 7 275
76 1 0
76 2 2336
76 3 0
76 4 1890
76 5 196
76 6 0
76 7 1450
77 1 0
77 2 1960
77 3 0
77 4 1834
77 5 201
77 6 0
77 7 1375
78 1 0
78 2 752
78 3 0
78 4 527
78 5 73
78 6 0
78 7 444
79 1 0
79 2 444
79 3 0
79 4 286
79 5 28
79 6 0
79 7 243
80 1 0
80 2 779
80 3 0
80 4 590
80 5 102
80 6 0
80 7 487
81 1 0
81 2 1099
81 3 0
81 4 917
81 5 102
81 6 0
81 7 633
82 1 0
82 2 493
82 3 0
82 4 353
82 5 48
82 6 0
82 7 265
83 1 0
83 2 1301
83 3 0
83 4 948
83 5 111
83 6 0
83 7 718
84 1 0
84 2 1466
84 3 0
84 4 1438
84 5 138
84 6 0
84 7 1014
85 1 0
85 2 426
85 3 0
85 4 337
85 5 41
85 6 0
85 7 205
86 1 0
86 2 331
86 3 0
86 4 218
86 5 28
86 6 0
86 7 191
87 1 0
87 2 448
87 3 0
87 4 385
87 5 51
87 6 0
87 7 317
88 1 0
88 2 263
88 3 0
88 4 205
88 5 29
88 6 0
88 7 145
89 1 0
89 2 538
89 3 0
89 4 389
89 5 54
89 6 0
89 7 282
90 1 0
90 2 167
90 3 0
90 4 156
90 5 21
90 6 0
90 7 115
91 1 0
91 2 3677
91 3 0
91 4 2901
91 5 283
91 6 0
91 7 1870
92 1 0
92 2 117
92 3 0
92 4 97
92 5 11
92 6 0
92 7 78
93 1 0
93 2 217
93 3 0
93 4 161
93 5 26
93 6 0
93 7 130
94 1 0
94 2 30
94 3 0
94 4 30
94 5 4
94 6 0
94 7 22
95 1 0
95 2 2538
95 3 0
95 4 1900
95 5 271
95 6 0
95 7 1508
96 1 0
96 2 812
96 3 0
96 4 654
96 5 76
96 6 0
96 7 443
97 1 0
97 2 477
97 3 0
97 4 376
97 5 54
97 6 0
97 7 318
98 1 0
98 2 401
98 3 0
98 4 340
98 5 52
98 6 0
98 7 246
99 1 0
99 2 1223
99 3 0
99 4 873
99 5 106
99 6 0
99 7 756
100 1 0
100 2 807
100 3 0
100 4 723
100 5 99
100 6 0
100 7 455
101 1 0
101 2 262
101 3 0
101 4 224
101 5 32
101 6 0
101 7 174
102 1 0
102 2 127
102 3 0
102 4 108
102 5 13
102 6 0
102 7 72
103 1 0
103 2 124
103 3 0
103 4 92
103 5 14
103 6 0
103 7 70
104 1 0
104 2 91
104 3 0
104 4 91
104 5 12
104 6 0
104 7 64
105 1 0
105 2 1326
105 3 0
105 4 1081
105 5 144
105 6 0
105 7 941
106 1 0
106 2 78
106 3 0
106 4 77
106 5 7
106 6 0
106 7 55
107 1 0
107 2 166
107 3 0
107 4 147
107 5 20
107 6 0
107 7 112
108 1 0
108 2 118
108 3 0
108 4 80
108 5 11
108 6 0
108 7 67
109 1 0
109 2 56
109 3 0
109 4 53
109 5 7
109 6 0
109 7 33
110 1 0
110 2 113
110 3 0
110 4 93
110 5 9
110 6 0
110 7 61
111 1 0
111 2 44
111 3 0
111 4 39
111 5 5
111 6 0
111 7 30

# Precedence Relations
1 2
2 3
3 4
4 5
4 6
4 7
4 8
4 9
4 10
5 39
6 39
7 83
8 71
9 32
10 11
10 12
11 13
11 14
11 15
11 16
11 17
11 18
11 19
11 20
11 21
12 13
12 14
12 15
12 16
12 17
12 18
12 19
12 20
12 21
13 71
14 22
14 23
14 24
14 25
15 26
16 27
17 28
18 29
19 30
20 91
21 111
22 31
22 83
23 32
23 33
24 69
24 70
25 34
26 82
27 35
28 36
29 37
30 38
31 39
32 41
33 111
34 42
35 43
36 44
36 91
37 45
37 91
38 46
38 91
39 40
40 111
41 69
41 70
42 47
43 48
43 49
44 50
45 51
46 52
47 54
47 55
47 56
47 57
47 58
47 59
47 60
48 53
49 91
50 111
51 111
52 111
53 111
54 69
54 70
55 61
55 62
55 63
56 63
56 64
57 65
57 91
58 66
58 91
59 67
59 91
60 68
60 91
61 69
61 70
62 71
63 111
64 72
65 111
66 111
67 111
68 111
69 77
69 78
70 73
71 91
72 74
73 75
74 76
75 77
75 78
75 79
76 80
76 81
76 82
77 83
78 84
79 85
80 86
80 91
81 87
81 91
82 111
83 91
84 88
84 89
84 91
85 111
86 111
87 90
88 105
89 105
90 111
91 92
91 93
91 94
92 95
93 95
94 95
95 96
95 97
95 98
95 99
95 100
95 104
96 101
97 102
98 103
99 111
100 111
101 105
102 106
102 107
103 107
103 108
104 111
105 111
106 109
107 111
108 110
109 111
110 111

# Parameters
R_e = 0.0500
T = 15507.45
C_s = 4.0
C_w = 36.0
C_c = 5.0
