# Tasks
1 2 3 4 5 6 7 8 9 10 11 12 13 14 15 16 17 18 19 20 21 22 23 24 25 26 27 28 29 30 31 32 33 34 35 36 37 38 39 40 41 42 43 44 45 46 47 48 49 50

# Workstations
1 2 3 4 5 6 7 8 9 10 11 12 13 14 15 16 17 18 19 20 21 22 23 24 25 26 27 28 29 30 31 32 33 34 35 36 37 38 39 40 41 42 43 44 45 46 47 48 49 50

# Modes
1 2 3 4 5 6 7

# Processing Times
1 1 68
1 2 105
1 3 65
1 4 100
1 5 63
1 6 76
1 7 117
2 1 348
2 2 474
2 3 327
2 4 445
2 5 295
2 6 433
2 7 590
3 1 107
3 2 138
3 3 101
3 4 130
3 5 98
3 6 119
3 7 154
4 1 110
4 2 169
4 3 102
4 4 156
4 5 104
4 6 128
4 7 196
5 1 49
5 2 61
5 3 46
5 4 57
5 5 43
5 6 56
5 7 69
6 1 124
6 2 166
6 3 111
6 4 149
6 5 102
6 6 137
6 7 183
7 1 197
7 2 244
7 3 185
7 4 229
7 5 177
7 6 238
7 7 294
8 1 289
8 2 422
8 3 268
8 4 392
8 5 246
8 6 345
8 7 503
9 1 76
9 2 97
9 3 66
9 4 84
9 5 66
9 6 87
9 7 111
10 1 163
10 2 258
10 3 147
10 4 232
10 5 132
10 6 189
10 7 299
11 1 193
11 2 251
11 3 178
11 4 231
11 5 166
11 6 233
11 7 302
12 1 34
12 2 51
12 3 31
12 4 47
12 5 28
12 6 38
12 7 57
13 1 208
13 2 317
13 3 198
13 4 301
13 5 172
13 6 235
13 7 358
14 1 148
14 2 213
14 3 129
14 4 185
14 5 132
14 6 180
14 7 258
15 1 197
15 2 291
15 3 171
15 4 253
15 5 187
15 6 233
15 7 344
16 1 129
16 2 184
16 3 121
16 4 172
16 5 104
16 6 144
16 7 205
17 1 187
17 2 226
17 3 175
17 4 211
17 5 152
17 6 208
17 7 251
18 1 105
18 2 163
18 3 100
18 4 155
18 5 95
18 6 127
18 7 197
19 1 114
19 2 163
19 3 105
19 4 150
19 5 102
19 6 133
19 7 190
20 1 24
20 2 33
20 3 21
20 4 29
20 5 23
20 6 30
20 7 41
21 1 200
21 2 241
21 3 179
21 4 216
21 5 186
21 6 225
21 7 271
22 1 132
22 2 159
22 3 121
22 4 145
22 5 117
22 6 164
22 7 197
23 1 184
23 2 238
23 3 165
23 4 214
23 5 154
23 6 208
23 7 269
24 1 307
24 2 413
24 3 281
24 4 378
24 5 252
24 6 384
24 7 517
25 1 266
25 2 344
25 3 244
25 4 315
25 5 251
25 6 331
25 7 427
26 1 96
26 2 118
26 3 87
26 4 107
26 5 78
26 6 120
26 7 148
27 1 262
27 2 398
27 3 244
27 4 371
27 5 225
27 6 303
27 7 460
28 1 122
28 2 156
28 3 108
28 4 138
28 5 116
28 6 145
28 7 185
29 1 65
29 2 96
29 3 62
29 4 91
29 5 54
29 6 75
29 7 110
30 1 271
30 2 347
30 3 241
30 4 308
30 5 236
30 6 327
30 7 418
31 1 202
31 2 312
31 3 172
31 4 266
31 5 164
31 6 250
31 7 386
32 1 26
32 2 33
32 3 23
32 4 29
32 5 24
32 6 31
32 7 39
33 1 57
33 2 76
33 3 54
33 4 72
33 5 49
33 6 64
33 7 85
34 1 220
34 2 303
34 3 205
34 4 282
34 5 177
34 6 264
34 7 363
35 1 119
35 2 190
35 3 107
35 4 170
35 5 102
35 6 141
35 7 225
36 1 198
36 2 252
36 3 171
36 4 218
36 5 164
36 6 224
36 7 284
37 1 253
37 2 401
37 3 240
37 4 380
37 5 229
37 6 305
37 7 484
38 1 209
38 2 274
38 3 199
38 4 261
38 5 199
38 6 261
38 7 342
39 1 110
39 2 162
39 3 98
39 4 145
39 5 104
39 6 122
39 7 179
40 1 33
40 2 43
40 3 31
40 4 41
40 5 27
40 6 37
40 7 48
41 1 93
41 2 127
41 3 87
41 4 118
41 5 86
41 6 107
41 7 145
42 1 66
42 2 92
42 3 61
42 4 84
42 5 59
42 6 75
42 7 104
43 1 93
43 2 136
43 3 88
43 4 129
43 5 80
43 6 108
43 7 158
44 1 58
44 2 85
44 3 52
44 4 76
44 5 54
44 6 71
44 7 104
45 1 223
45 2 357
45 3 209
45 4 334
45 5 212
45 6 246
45 7 394
46 1 40
46 2 60
46 3 36
46 4 53
46 5 35
46 6 49
46 7 73
47 1 298
47 2 432
47 3 279
47 4 405
47 5 240
47 6 338
47 7 489
48 1 239
48 2 327
48 3 224
48 4 306
48 5 214
48 6 293
48 7 400
49 1 170
49 2 271
49 3 153
49 4 244
49 5 155
49 6 191
49 7 304
50 1 27
50 2 39
50 3 25
50 4 36
50 5 24
50 6 31
50 7 44

# Energy Consumption
1 1 0
1 2 25
1 3 0
1 4 22
1 5 10
1 6 0
1 7 17
2 1 0
2 2 117
2 3 0
2 4 92
2 5 44
2 6 0
2 7 85
3 1 0
3 2 40
3 3 0
3 4 24
3 5 14
3 6 0
3 7 21
4 1 0
4 2 48
4 3 0
4 4 33
4 5 16
4 6 0
4 7 28
5 1 0
5 2 16
5 3 0
5 4 11
5 5 7
5 6 0
5 7 11
6 1 0
6 2 40
6 3 0
6 4 31
6 5 16
6 6 0
6 7 27
7 1 0
7 2 62
7 3 0
7 4 46
7 5 28
7 6 0
7 7 43
8 1 0
8 2 100
8 3 0
8 4 82
8 5 36
8 6 0
8 7 75
9 1 0
9 2 27
9 3 0
9 4 19
9 5 10
9 6 0
9 7 16
10 1 0
10 2 67
10 3 0
10 4 51
10 5 20
10 6 0
10 7 45
11 1 0
11 2 74
11 3 0
11 4 47
11 5 26
11 6 0
11 7 38
12 1 0
12 2 13
12 3 0
12 4 10
12 5 5
12 6 0
12 7 9
13 1 0
13 2 86
13 3 0
13 4 65
13 5 25
13 6 0
13 7 49
14 1 0
14 2 49
14 3 0
14 4 40
14 5 20
14 6 0
14 7 34
15 1 0
15 2 70
15 3 0
15 4 53
15 5 29
15 6 0
15 7 50
16 1 0
16 2 41
16 3 0
16 4 38
16 5 17
16 6 0
16 7 26
17 1 0
17 2 65
17 3 0
17 4 39
17 5 24
17 6 0
17 7 35
18 1 0
18 2 48
18 3 0
18 4 30
18 5 15
18 6 0
18 7 29
19 1 0
19 2 39
19 3 0
19 4 28
19 5 15
19 6 0
19 7 25
20 1 0
20 2 8
20 3 0
20 4 6
20 5 4
20 6 0
20 7 7
21 1 0
21 2 60
21 3 0
21 4 40
21 5 30
21 6 0
21 7 34
22 1 0
22 2 44
22 3 0
22 4 32
22 5 18
22 6 0
22 7 30
23 1 0
23 2 70
23 3 0
23 4 43
23 5 24
23 6 0
23 7 38
24 1 0
24 2 112
24 3 0
24 4 79
24 5 38
24 6 0
24 7 71
25 1 0
25 2 78
25 3 0
25 4 62
25 5 40
25 6 0
25 7 55
26 1 0
26 2 30
26 3 0
26 4 22
26 5 12
26 6 0
26 7 21
27 1 0
27 2 116
27 3 0
27 4 81
27 5 34
27 6 0
27 7 68
28 1 0
28 2 42
28 3 0
28 4 28
28 5 18
28 6 0
28 7 27
29 1 0
29 2 27
29 3 0
29 4 20
29 5 8
29 6 0
29 7 16
30 1 0
30 2 87
30 3 0
30 4 62
30 5 36
30 6 0
30 7 58
31 1 0
31 2 89
31 3 0
31 4 54
31 5 26
31 6 0
31 7 56
32 1 0
32 2 8
32 3 0
32 4 7
32 5 4
32 6 0
32 7 6
33 1 0
33 2 21
33 3 0
33 4 14
33 5 8
33 6 0
33 7 11
34 1 0
34 2 89
34 3 0
34 4 56
34 5 26
34 6 0
34 7 51
35 1 0
35 2 50
35 3 0
35 4 33
35 5 16
35 6 0
35 7 29
36 1 0
36 2 60
36 3 0
36 4 42
36 5 26
36 6 0
36 7 41
37 1 0
37 2 101
37 3 0
37 4 82
37 5 34
37 6 0
37 7 69
38 1 0
38 2 78
38 3 0
38 4 54
38 5 29
38 6 0
38 7 43
39 1 0
39 2 43
39 3 0
39 4 27
39 5 16
39 6 0
39 7 25
40 1 0
40 2 13
40 3 0
40 4 8
40 5 5
40 6 0
40 7 8
41 1 0
41 2 33
41 3 0
41 4 26
41 5 14
41 6 0
41 7 22
42 1 0
42 2 22
42 3 0
42 4 16
42 5 10
42 6 0
42 7 16
43 1 0
43 2 41
43 3 0
43 4 24
43 5 12
43 6 0
43 7 24
44 1 0
44 2 22
44 3 0
44 4 15
44 5 8
44 6 0
44 7 15
45 1 0
45 2 82
45 3 0
45 4 66
45 5 34
45 6 0
45 7 49
46 1 0
46 2 14
46 3 0
46 4 12
46 5 6
46 6 0
46 7 11
47 1 0
47 2 103
47 3 0
47 4 88
47 5 36
47 6 0
47 7 63
48 1 0
48 2 94
48 3 0
48 4 60
48 5 33
48 6 0
48 7 53
49 1 0
49 2 80
49 3 0
49 4 47
49 5 22
49 6 0
49 7 44
50 1 0
50 2 10
50 3 0
50 4 7
50 5 4
50 6 0
50 7 6

# Precedence Relations
1 9
2 8
2 12
3 7
3 11
4 6
5 10
5 16
6 32
7 32
8 13
9 14
10 23
11 15
12 16
12 17
12 18
12 19
13 21
14 20
15 22
15 23
15 26
18 24
18 25
20 32
21 27
22 28
24 31
25 29
26 30
27 32
28 34
29 33
29 35
30 36
30 37
32 38
32 39
32 40
32 41
33 43
34 42
35 44
37 45
38 48
41 49
42 46
43 47
45 48
45 50

# Parameters
R_e = 0.0500
T = 1000.0
C_s = 4.0
C_w = 36.0
C_c = 5.0
