# Tasks
1 2 3 4 5 6 7 8 9 10 11 12 13 14 15 16 17 18 19 20 21 22 23 24 25 26 27 28 29 30 31 32 33 34 35 36 37 38 39 40 41 42 43 44 45 46 47 48 49 50 51 52 53 54 55 56 57 58 59 60 61 62 63 64 65 66 67 68 69 70 71 72 73 74 75 76 77 78 79 80 81 82 83

# Workstations
1 2 3 4 5 6 7 8 9 10 11 12 13 14 15 16 17 18 19 20 21 22 23 24 25 26 27 28 29 30 31 32 33 34 35 36 37 38 39 40 41 42 43 44 45 46 47 48 49 50 51 52 53 54 55 56 57 58 59 60 61 62 63 64 65 66 67 68 69 70 71 72 73 74 75 76 77 78 79 80 81 82 83

# Modes
1 2 3 4 5 6 7

# Processing Times
1 1 1673
1 2 3416
1 3 1788
1 4 3650
1 5 743
1 6 2046
1 7 4178
2 1 985
2 2 2011
2 3 1053
2 4 2149
2 5 438
2 6 1205
2 7 2460
3 1 1836
3 2 3749
3 3 1962
3 4 4006
3 5 815
3 6 2246
3 7 4585
4 1 973
4 2 1987
4 3 1040
4 4 2123
4 5 432
4 6 1190
4 7 2430
5 1 1700
5 2 3471
5 3 1817
5 4 3709
5 5 755
5 6 2079
5 7 4245
6 1 2881
6 2 5882
6 3 3078
6 4 6284
6 5 1279
6 6 3524
6 7 7194
7 1 2231
7 2 4555
7 3 2384
7 4 4867
7 5 991
7 6 2729
7 7 5571
8 1 1040
8 2 2124
8 3 1112
8 4 2270
8 5 462
8 6 1272
8 7 2598
9 1 1793
9 2 3661
9 3 1916
9 4 3912
9 5 796
9 6 2193
9 7 4478
10 1 1250
10 2 2552
10 3 1336
10 4 2727
10 5 555
10 6 1529
10 7 3121
11 1 700
11 2 1429
11 3 748
11 4 1527
11 5 311
11 6 857
11 7 1748
12 1 464
12 2 948
12 3 496
12 4 1013
12 5 206
12 6 568
12 7 1160
13 1 500
13 2 1021
13 3 535
13 4 1091
13 5 222
13 6 612
13 7 1249
14 1 1133
14 2 2313
14 3 1211
14 4 2471
14 5 503
14 6 1386
14 7 2829
15 1 577
15 2 1178
15 3 617
15 4 1259
15 5 257
15 6 706
15 7 1441
16 1 483
16 2 986
16 3 516
16 4 1054
16 5 215
16 6 591
16 7 1206
17 1 880
17 2 1797
17 3 941
17 4 1920
17 5 391
17 6 1077
17 7 2198
18 1 667
18 2 1362
18 3 713
18 4 1456
18 5 297
18 6 816
18 7 1666
19 1 600
19 2 1225
19 3 641
19 4 1309
19 5 267
19 6 734
19 7 1499
20 1 233
20 2 476
20 3 249
20 4 509
20 5 104
20 6 285
20 7 583
21 1 408
21 2 833
21 3 436
21 4 890
21 5 182
21 6 499
21 7 1019
22 1 847
22 2 1730
22 3 905
22 4 1849
22 5 376
22 6 1036
22 7 2116
23 1 767
23 2 1566
23 3 820
23 4 1673
23 5 341
23 6 938
23 7 1916
24 1 850
24 2 1736
24 3 909
24 4 1855
24 5 378
24 6 1040
24 7 2123
25 1 780
25 2 1593
25 3 834
25 4 1702
25 5 347
25 6 954
25 7 1949
26 1 912
26 2 1862
26 3 975
26 4 1990
26 5 405
26 6 1116
26 7 2278
27 1 748
27 2 1527
27 3 800
27 4 1632
27 5 332
27 6 915
27 7 1868
28 1 1863
28 2 3804
28 3 1991
28 4 4064
28 5 827
28 6 2279
28 7 4652
29 1 714
29 2 1458
29 3 763
29 4 1558
29 5 317
29 6 874
29 7 1783
30 1 1004
30 2 2050
30 3 1073
30 4 2191
30 5 446
30 6 1228
30 7 2507
31 1 713
31 2 1456
31 3 762
31 4 1556
31 5 317
31 6 872
31 7 1781
32 1 642
32 2 1311
32 3 686
32 4 1401
32 5 285
32 6 786
32 7 1604
33 1 629
33 2 1285
33 3 672
33 4 1373
33 5 280
33 6 770
33 7 1572
34 1 1234
34 2 2520
34 3 1319
34 4 2693
34 5 548
34 6 1510
34 7 3082
35 1 1143
35 2 2334
35 3 1222
35 4 2494
35 5 508
35 6 1398
35 7 2855
36 1 1266
36 2 2585
36 3 1353
36 4 2762
36 5 562
36 6 1549
36 7 3162
37 1 792
37 2 1617
37 3 847
37 4 1728
37 5 352
37 6 969
37 7 1978
38 1 1251
38 2 2554
38 3 1337
38 4 2729
38 5 556
38 6 1530
38 7 3124
39 1 1310
39 2 2675
39 3 1400
39 4 2858
39 5 582
39 6 1602
39 7 3272
40 1 663
40 2 1354
40 3 709
40 4 1447
40 5 295
40 6 811
40 7 1656
41 1 494
41 2 1009
41 3 528
41 4 1078
41 5 220
41 6 605
41 7 1234
42 1 1288
42 2 2630
42 3 1376
42 4 2810
42 5 572
42 6 1576
42 7 3217
43 1 792
43 2 1617
43 3 847
43 4 1728
43 5 352
43 6 969
43 7 1978
44 1 578
44 2 1180
44 3 618
44 4 1261
44 5 257
44 6 707
44 7 1444
45 1 594
45 2 1213
45 3 635
45 4 1296
45 5 264
45 6 727
45 7 1484
46 1 578
46 2 1180
46 3 618
46 4 1261
46 5 257
46 6 707
46 7 1444
47 1 622
47 2 1270
47 3 665
47 4 1357
47 5 277
47 6 761
47 7 1554
48 1 578
48 2 1180
48 3 618
48 4 1261
48 5 257
48 6 707
48 7 1444
49 1 564
49 2 1152
49 3 603
49 4 1231
49 5 251
49 6 690
49 7 1409
50 1 578
50 2 1180
50 3 618
50 4 1261
50 5 257
50 6 707
50 7 1444
51 1 578
51 2 1180
51 3 618
51 4 1261
51 5 257
51 6 707
51 7 1444
52 1 578
52 2 1180
52 3 618
52 4 1261
52 5 257
52 6 707
52 7 1444
53 1 578
53 2 1180
53 3 618
53 4 1261
53 5 257
53 6 707
53 7 1444
54 1 578
54 2 1180
54 3 618
54 4 1261
54 5 257
54 6 707
54 7 1444
55 1 578
55 2 1180
55 3 618
55 4 1261
55 5 257
55 6 707
55 7 1444
56 1 578
56 2 1180
56 3 618
56 4 1261
56 5 257
56 6 707
56 7 1444
57 1 578
57 2 1180
57 3 618
57 4 1261
57 5 257
57 6 707
57 7 1444
58 1 578
58 2 1180
58 3 618
58 4 1261
58 5 257
58 6 707
58 7 1444
59 1 578
59 2 1180
59 3 618
59 4 1261
59 5 257
59 6 707
59 7 1444
60 1 578
60 2 1180
60 3 618
60 4 1261
60 5 257
60 6 707
60 7 1444
61 1 578
61 2 1180
61 3 618
61 4 1261
61 5 257
61 6 707
61 7 1444
62 1 578
62 2 1180
62 3 618
62 4 1261
62 5 257
62 6 707
62 7 1444
63 1 578
63 2 1180
63 3 618
63 4 1261
63 5 257
63 6 707
63 7 1444
64 1 578
64 2 1180
64 3 618
64 4 1261
64 5 257
64 6 707
64 7 1444
65 1 578
65 2 1180
65 3 618
65 4 1261
65 5 257
65 6 707
65 7 1444
66 1 578
66 2 1180
66 3 618
66 4 1261
66 5 257
66 6 707
66 7 1444
67 1 578
67 2 1180
67 3 618
67 4 1261
67 5 257
67 6 707
67 7 1444
68 1 578
68 2 1180
68 3 618
68 4 1261
68 5 257
68 6 707
68 7 1444
69 1 467
69 2 954
69 3 499
69 4 1020
69 5 208
69 6 572
69 7 1167
70 1 887
70 2 1811
70 3 948
70 4 1935
70 5 394
70 6 1085
70 7 2215
71 1 396
71 2 809
71 3 424
71 4 865
71 5 176
71 6 485
71 7 990
72 1 1296
72 2 2646
72 3 1385
72 4 2827
72 5 576
72 6 1585
72 7 3236
73 1 1100
73 2 2246
73 3 1176
73 4 2400
73 5 489
73 6 1346
73 7 2747
74 1 2543
74 2 5192
74 3 2717
74 4 5547
74 5 1129
74 6 3110
74 7 6350
75 1 764
75 2 1560
75 3 817
75 4 1667
75 5 340
75 6 935
75 7 1908
76 1 357
76 2 729
76 3 382
76 4 779
76 5 159
76 6 437
76 7 892
77 1 701
77 2 1432
77 3 749
77 4 1530
77 5 312
77 6 858
77 7 1752
78 1 1164
78 2 2377
78 3 1244
78 4 2540
78 5 517
78 6 1424
78 7 2907
79 1 286
79 2 584
79 3 306
79 4 624
79 5 127
79 6 350
79 7 715
80 1 2100
80 2 4287
80 3 2244
80 4 4580
80 5 932
80 6 2569
80 7 5243
81 1 450
81 2 919
81 3 481
81 4 982
81 5 200
81 6 551
81 7 1124
82 1 1300
82 2 2654
82 3 1389
82 4 2836
82 5 577
82 6 1590
82 7 3246
83 1 3691
83 2 7535
83 3 3944
83 4 8050
83 5 1639
83 6 4514
83 7 9215

# Energy Consumption
1 1 0
1 2 846
1 3 0
1 4 797
1 5 110
1 6 0
1 7 605
2 1 0
2 2 503
2 3 0
2 4 463
2 5 68
2 6 0
2 7 339
3 1 0
3 2 846
3 3 0
3 4 772
3 5 123
3 6 0
3 7 562
4 1 0
4 2 563
4 3 0
4 4 459
4 5 66
4 6 0
4 7 315
5 1 0
5 2 890
5 3 0
5 4 780
5 5 116
5 6 0
5 7 566
6 1 0
6 2 1339
6 3 0
6 4 1173
6 5 189
6 6 0
6 7 993
7 1 0
7 2 1318
7 3 0
7 4 975
7 5 140
7 6 0
7 7 778
8 1 0
8 2 555
8 3 0
8 4 445
8 5 66
8 6 0
8 7 366
9 1 0
9 2 1001
9 3 0
9 4 839
9 5 112
9 6 0
9 7 666
10 1 0
10 2 657
10 3 0
10 4 555
10 5 80
10 6 0
10 7 410
11 1 0
11 2 327
11 3 0
11 4 276
11 5 47
11 6 0
11 7 262
12 1 0
12 2 226
12 3 0
12 4 191
12 5 33
12 6 0
12 7 159
13 1 0
13 2 264
13 3 0
13 4 219
13 5 32
13 6 0
13 7 162
14 1 0
14 2 687
14 3 0
14 4 492
14 5 73
14 6 0
14 7 410
15 1 0
15 2 345
15 3 0
15 4 263
15 5 41
15 6 0
15 7 178
16 1 0
16 2 238
16 3 0
16 4 223
16 5 31
16 6 0
16 7 150
17 1 0
17 2 497
17 3 0
17 4 384
17 5 57
17 6 0
17 7 305
18 1 0
18 2 335
18 3 0
18 4 284
18 5 47
18 6 0
18 7 237
19 1 0
19 2 312
19 3 0
19 4 267
19 5 42
19 6 0
19 7 207
20 1 0
20 2 134
20 3 0
20 4 99
20 5 16
20 6 0
20 7 83
21 1 0
21 2 229
21 3 0
21 4 194
21 5 27
21 6 0
21 7 133
22 1 0
22 2 464
22 3 0
22 4 334
22 5 55
22 6 0
22 7 307
23 1 0
23 2 396
23 3 0
23 4 308
23 5 53
23 6 0
23 7 282
24 1 0
24 2 422
24 3 0
24 4 387
24 5 55
24 6 0
24 7 270
25 1 0
25 2 434
25 3 0
25 4 340
25 5 49
25 6 0
25 7 257
26 1 0
26 2 460
26 3 0
26 4 366
26 5 59
26 6 0
26 7 305
27 1 0
27 2 447
27 3 0
27 4 324
27 5 51
27 6 0
27 7 238
28 1 0
28 2 1110
28 3 0
28 4 873
28 5 130
28 6 0
28 7 612
29 1 0
29 2 403
29 3 0
29 4 326
29 5 50
29 6 0
29 7 243
30 1 0
30 2 564
30 3 0
30 4 469
30 5 71
30 6 0
30 7 360
31 1 0
31 2 339
31 3 0
31 4 298
31 5 50
31 6 0
31 7 241
32 1 0
32 2 298
32 3 0
32 4 282
32 5 44
32 6 0
32 7 194
33 1 0
33 2 318
33 3 0
33 4 279
33 5 43
33 6 0
33 7 202
34 1 0
34 2 611
34 3 0
34 4 550
34 5 82
34 6 0
34 7 446
35 1 0
35 2 605
35 3 0
35 4 543
35 5 77
35 6 0
35 7 346
36 1 0
36 2 661
36 3 0
36 4 528
36 5 89
36 6 0
36 7 416
37 1 0
37 2 375
37 3 0
37 4 353
37 5 52
37 6 0
37 7 264
38 1 0
38 2 732
38 3 0
38 4 510
38 5 80
38 6 0
38 7 445
39 1 0
39 2 694
39 3 0
39 4 537
39 5 86
39 6 0
39 7 448
40 1 0
40 2 379
40 3 0
40 4 309
40 5 43
40 6 0
40 7 210
41 1 0
41 2 236
41 3 0
41 4 205
41 5 33
41 6 0
41 7 169
42 1 0
42 2 774
42 3 0
42 4 558
42 5 86
42 6 0
42 7 469
43 1 0
43 2 381
43 3 0
43 4 376
43 5 54
43 6 0
43 7 248
44 1 0
44 2 273
44 3 0
44 4 264
44 5 39
44 6 0
44 7 201
45 1 0
45 2 345
45 3 0
45 4 246
45 5 40
45 6 0
45 7 188
46 1 0
46 2 341
46 3 0
46 4 277
46 5 41
46 6 0
46 7 177
47 1 0
47 2 302
47 3 0
47 4 260
47 5 45
47 6 0
47 7 221
48 1 0
48 2 319
48 3 0
48 4 254
48 5 38
48 6 0
48 7 198
49 1 0
49 2 325
49 3 0
49 4 234
49 5 40
49 6 0
49 7 176
50 1 0
50 2 286
50 3 0
50 4 269
50 5 41
50 6 0
50 7 174
51 1 0
51 2 280
51 3 0
51 4 233
51 5 40
51 6 0
51 7 215
52 1 0
52 2 312
52 3 0
52 4 239
52 5 38
52 6 0
52 7 185
53 1 0
53 2 292
53 3 0
53 4 250
53 5 38
53 6 0
53 7 187
54 1 0
54 2 346
54 3 0
54 4 275
54 5 39
54 6 0
54 7 207
55 1 0
55 2 317
55 3 0
55 4 272
55 5 42
55 6 0
55 7 201
56 1 0
56 2 324
56 3 0
56 4 248
56 5 40
56 6 0
56 7 176
57 1 0
57 2 284
57 3 0
57 4 245
57 5 40
57 6 0
57 7 206
58 1 0
58 2 293
58 3 0
58 4 254
58 5 40
58 6 0
58 7 203
59 1 0
59 2 290
59 3 0
59 4 250
59 5 37
59 6 0
59 7 191
60 1 0
60 2 343
60 3 0
60 4 245
60 5 41
60 6 0
60 7 195
61 1 0
61 2 337
61 3 0
61 4 275
61 5 39
61 6 0
61 7 183
62 1 0
62 2 305
62 3 0
62 4 228
62 5 40
62 6 0
62 7 199
63 1 0
63 2 271
63 3 0
63 4 235
63 5 39
63 6 0
63 7 193
64 1 0
64 2 334
64 3 0
64 4 255
64 5 40
64 6 0
64 7 185
65 1 0
65 2 324
65 3 0
65 4 241
65 5 40
65 6 0
65 7 209
66 1 0
66 2 289
66 3 0
66 4 261
66 5 41
66 6 0
66 7 203
67 1 0
67 2 314
67 3 0
67 4 260
67 5 40
67 6 0
67 7 185
68 1 0
68 2 322
68 3 0
68 4 277
68 5 37
68 6 0
68 7 176
69 1 0
69 2 282
69 3 0
69 4 224
69 5 33
69 6 0
69 7 168
70 1 0
70 2 520
70 3 0
70 4 398
70 5 62
70 6 0
70 7 302
71 1 0
71 2 243
71 3 0
71 4 185
71 5 27
71 6 0
71 7 132
72 1 0
72 2 648
72 3 0
72 4 590
72 5 90
72 6 0
72 7 394
73 1 0
73 2 528
73 3 0
73 4 516
73 5 79
73 6 0
73 7 392
74 1 0
74 2 1509
74 3 0
74 4 1215
74 5 176
74 6 0
74 7 808
75 1 0
75 2 435
75 3 0
75 4 308
75 5 51
75 6 0
75 7 240
76 1 0
76 2 203
76 3 0
76 4 161
76 5 24
76 6 0
76 7 125
77 1 0
77 2 339
77 3 0
77 4 317
77 5 49
77 6 0
77 7 261
78 1 0
78 2 646
78 3 0
78 4 460
78 5 81
78 6 0
78 7 417
79 1 0
79 2 173
79 3 0
79 4 114
79 5 19
79 6 0
79 7 98
80 1 0
80 2 1132
80 3 0
80 4 850
80 5 149
80 6 0
80 7 782
81 1 0
81 2 249
81 3 0
81 4 208
81 5 31
81 6 0
81 7 145
82 1 0
82 2 763
82 3 0
82 4 535
82 5 92
82 6 0
82 7 438
83 1 0
83 2 2061
83 3 0
83 4 1512
83 5 243
83 6 0
83 7 1121

# Precedence Relations
1 2
2 3
2 4
2 5
3 6
4 6
4 7
5 8
6 9
6 10
7 11
8 77
8 78
9 12
10 13
10 14
10 25
11 15
12 16
13 17
13 18
13 20
14 19
15 20
15 39
16 77
16 78
17 21
17 22
17 28
18 23
19 24
20 26
21 27
22 27
23 74
24 28
24 29
25 32
26 74
27 69
28 32
29 30
30 31
31 39
32 33
32 34
32 35
32 36
33 37
34 77
34 78
35 77
35 78
36 38
36 39
37 40
38 41
39 42
39 43
39 44
39 75
40 77
40 78
41 45
42 77
42 78
43 77
43 78
44 46
45 47
46 48
47 49
48 50
49 69
50 51
51 52
52 53
53 54
54 55
55 56
56 57
57 58
58 59
59 60
60 61
61 62
62 63
63 64
64 65
65 66
66 67
67 68
68 74
68 75
69 70
69 71
70 72
71 73
72 73
73 74
73 75
74 76
75 76
76 77
76 78
77 79
78 79
79 80
79 81
80 82
81 83
82 83

# Parameters
R_e = 0.0500
T = 9675.75
C_s = 4.0
C_w = 36.0
C_c = 5.0
