# Tasks
1 2 3 4 5 6 7 8 9 10 11 12 13 14 15 16 17 18 19 20

# Workstations
1 2 3 4 5 6 7 8 9 10 11 12 13 14 15 16 17 18 19 20

# Modes
1 2 3 4 5 6 7

# Processing Times
1 1 210
1 2 180
1 3 231
1 4 198
1 5 197
1 6 295
1 7 253
2 1 169
2 2 145
2 3 186
2 4 160
2 5 159
2 6 238
2 7 204
3 1 191
3 2 163
3 3 210
3 4 180
3 5 180
3 6 269
3 7 229
4 1 141
4 2 121
4 3 155
4 4 133
4 5 133
4 6 199
4 7 170
5 1 66
5 2 57
5 3 73
5 4 63
5 5 62
5 6 93
5 7 81
6 1 117
6 2 100
6 3 129
6 4 110
6 5 110
6 6 165
6 7 141
7 1 232
7 2 198
7 3 255
7 4 218
7 5 218
7 6 326
7 7 279
8 1 39
8 2 34
8 3 43
8 4 38
8 5 37
8 6 55
8 7 48
9 1 164
9 2 140
9 3 181
9 4 154
9 5 154
9 6 231
9 7 197
10 1 167
10 2 143
10 3 184
10 4 158
10 5 157
10 6 235
10 7 201
11 1 120
11 2 103
11 3 132
11 4 114
11 5 113
11 6 169
11 7 145
12 1 33
12 2 29
12 3 37
12 4 32
12 5 31
12 6 47
12 7 41
13 1 35
13 2 30
13 3 39
13 4 33
13 5 33
13 6 50
13 7 43
14 1 255
14 2 218
14 3 281
14 4 240
14 5 240
14 6 359
14 7 307
15 1 134
15 2 115
15 3 148
15 4 127
15 5 126
15 6 189
15 7 162
16 1 275
16 2 235
16 3 303
16 4 259
16 5 258
16 6 387
16 7 331
17 1 22
17 2 19
17 3 25
17 4 21
17 5 21
17 6 31
17 7 27
18 1 110
18 2 94
18 3 121
18 4 104
18 5 104
18 6 155
18 7 133
19 1 218
19 2 186
19 3 240
19 4 205
19 5 205
19 6 307
19 7 262
20 1 94
20 2 81
20 3 104
20 4 90
20 5 89
20 6 133
20 7 114

# Energy Consumption
1 1 0
1 2 40
1 3 0
1 4 43
1 5 32
1 6 0
1 7 37
2 1 0
2 2 39
2 3 0
2 4 35
2 5 25
2 6 0
2 7 29
3 1 0
3 2 37
3 3 0
3 4 36
3 5 27
3 6 0
3 7 29
4 1 0
4 2 36
4 3 0
4 4 26
4 5 20
4 6 0
4 7 22
5 1 0
5 2 15
5 3 0
5 4 13
5 5 10
5 6 0
5 7 11
6 1 0
6 2 25
6 3 0
6 4 21
6 5 18
6 6 0
6 7 20
7 1 0
7 2 57
7 3 0
7 4 44
7 5 34
7 6 0
7 7 42
8 1 0
8 2 9
8 3 0
8 4 8
8 5 6
8 6 0
8 7 7
9 1 0
9 2 38
9 3 0
9 4 34
9 5 24
9 6 0
9 7 25
10 1 0
10 2 36
10 3 0
10 4 35
10 5 25
10 6 0
10 7 26
11 1 0
11 2 27
11 3 0
11 4 21
11 5 16
11 6 0
11 7 21
12 1 0
12 2 7
12 3 0
12 4 8
12 5 5
12 6 0
12 7 6
13 1 0
13 2 8
13 3 0
13 4 7
13 5 6
13 6 0
13 7 6
14 1 0
14 2 59
14 3 0
14 4 47
14 5 39
14 6 0
14 7 41
15 1 0
15 2 32
15 3 0
15 4 28
15 5 20
15 6 0
15 7 22
16 1 0
16 2 67
16 3 0
16 4 50
16 5 41
16 6 0
16 7 47
17 1 0
17 2 5
17 3 0
17 4 5
17 5 4
17 6 0
17 7 4
18 1 0
18 2 26
18 3 0
18 4 21
18 5 16
18 6 0
18 7 17
19 1 0
19 2 42
19 3 0
19 4 41
19 5 31
19 6 0
19 7 32
20 1 0
20 2 21
20 3 0
20 4 19
20 5 13
20 6 0
20 7 16

# Precedence Relations
1 9
2 3
2 4
2 5
3 9
4 7
4 8
5 6
6 9
7 9
8 10
8 11
8 12
9 13
9 14
9 15
9 16
9 17
13 20
14 18
15 19
16 18
16 19
17 19

# Parameters
R_e = 0.0500
T = 1000.0
C_s = 4.0
C_w = 36.0
C_c = 5.0
