# Tasks
1 2 3 4 5 6 7 8 9 10 11 12 13 14 15 16 17 18 19 20

# Workstations
1 2 3 4 5 6 7 8 9 10 11 12 13 14 15 16 17 18 19 20

# Modes
1 2 3 4 5 6 7

# Processing Times
1 1 142
1 2 134
1 3 129
1 4 122
1 5 51
1 6 153
1 7 145
2 1 34
2 2 32
2 3 31
2 4 30
2 5 13
2 6 37
2 7 35
3 1 140
3 2 132
3 3 128
3 4 120
3 5 50
3 6 151
3 7 142
4 1 214
4 2 202
4 3 195
4 4 184
4 5 77
4 6 230
4 7 218
5 1 121
5 2 114
5 3 110
5 4 104
5 5 44
5 6 131
5 7 123
6 1 279
6 2 263
6 3 254
6 4 239
6 5 100
6 6 300
6 7 283
7 1 50
7 2 47
7 3 46
7 4 43
7 5 18
7 6 54
7 7 51
8 1 282
8 2 265
8 3 256
8 4 241
8 5 101
8 6 304
8 7 285
9 1 129
9 2 122
9 3 118
9 4 111
9 5 46
9 6 139
9 7 132
10 1 175
10 2 165
10 3 159
10 4 150
10 5 63
10 6 189
10 7 178
11 1 97
11 2 92
11 3 89
11 4 84
11 5 35
11 6 105
11 7 99
12 1 132
12 2 125
12 3 120
12 4 114
12 5 47
12 6 142
12 7 135
13 1 107
13 2 101
13 3 98
13 4 92
13 5 39
13 6 115
13 7 109
14 1 132
14 2 125
14 3 120
14 4 114
14 5 47
14 6 142
14 7 135
15 1 69
15 2 65
15 3 63
15 4 59
15 5 25
15 6 75
15 7 70
16 1 169
16 2 159
16 3 154
16 4 145
16 5 61
16 6 182
16 7 171
17 1 73
17 2 69
17 3 67
17 4 63
17 5 26
17 6 79
17 7 75
18 1 231
18 2 218
18 3 210
18 4 198
18 5 83
18 6 249
18 7 235
19 1 120
19 2 113
19 3 109
19 4 103
19 5 43
19 6 129
19 7 122
20 1 186
20 2 175
20 3 169
20 4 159
20 5 67
20 6 200
20 7 189

# Energy Consumption
1 1 0
1 2 34
1 3 0
1 4 24
1 5 8
1 6 0
1 7 21
2 1 0
2 2 8
2 3 0
2 4 7
2 5 2
2 6 0
2 7 5
3 1 0
3 2 32
3 3 0
3 4 22
3 5 8
3 6 0
3 7 21
4 1 0
4 2 59
4 3 0
4 4 34
4 5 12
4 6 0
4 7 32
5 1 0
5 2 35
5 3 0
5 4 22
5 5 7
5 6 0
5 7 17
6 1 0
6 2 77
6 3 0
6 4 45
6 5 15
6 6 0
6 7 39
7 1 0
7 2 11
7 3 0
7 4 10
7 5 3
7 6 0
7 7 8
8 1 0
8 2 78
8 3 0
8 4 50
8 5 15
8 6 0
8 7 39
9 1 0
9 2 31
9 3 0
9 4 24
9 5 8
9 6 0
9 7 20
10 1 0
10 2 42
10 3 0
10 4 32
10 5 10
10 6 0
10 7 24
11 1 0
11 2 22
11 3 0
11 4 18
11 5 6
11 6 0
11 7 15
12 1 0
12 2 31
12 3 0
12 4 24
12 5 8
12 6 0
12 7 20
13 1 0
13 2 25
13 3 0
13 4 18
13 5 7
13 6 0
13 7 15
14 1 0
14 2 31
14 3 0
14 4 22
14 5 8
14 6 0
14 7 17
15 1 0
15 2 20
15 3 0
15 4 13
15 5 4
15 6 0
15 7 9
16 1 0
16 2 36
16 3 0
16 4 28
16 5 9
16 6 0
16 7 23
17 1 0
17 2 20
17 3 0
17 4 13
17 5 4
17 6 0
17 7 12
18 1 0
18 2 50
18 3 0
18 4 42
18 5 13
18 6 0
18 7 33
19 1 0
19 2 25
19 3 0
19 4 23
19 5 7
19 6 0
19 7 18
20 1 0
20 2 46
20 3 0
20 4 31
20 5 10
20 6 0
20 7 28

# Precedence Relations
1 6
2 7
4 8
5 9
6 10
7 11
8 12
10 13
11 13
12 14
12 15
13 16
13 17
13 18
14 20
15 19

# Parameters
R_e = 0.0500
T = 1000.0
C_s = 4.0
C_w = 36.0
C_c = 5.0
