# Tasks
1 2 3 4 5 6 7 8

# Workstations
1 2 3 4 5 6 7 8

# Modes
1 2 3 4 5 6 7

# Processing Times
1 1 11
1 2 17
1 3 10
1 4 15
1 5 10
1 6 13
1 7 20
2 1 17
2 2 24
2 3 16
2 4 23
2 5 17
2 6 19
2 7 27
3 1 9
3 2 12
3 3 9
3 4 11
3 5 8
3 6 11
3 7 15
4 1 5
4 2 8
4 3 5
4 4 8
4 5 5
4 6 6
4 7 10
5 1 8
5 2 10
5 3 7
5 4 9
5 5 8
5 6 10
5 7 13
6 1 12
6 2 16
6 3 11
6 4 14
6 5 11
6 6 14
6 7 19
7 1 10
7 2 13
7 3 9
7 4 12
7 5 10
7 6 13
7 7 16
8 1 3
8 2 5
8 3 3
8 4 5
8 5 3
8 6 4
8 7 6

# Energy Consumption
1 1 0
1 2 4
1 3 0
1 4 4
1 5 2
1 6 0
1 7 3
2 1 0
2 2 6
2 3 0
2 4 5
2 5 3
2 6 0
2 7 4
3 1 0
3 2 4
3 3 0
3 4 3
3 5 2
3 6 0
3 7 3
4 1 0
4 2 3
4 3 0
4 4 2
4 5 1
4 6 0
4 7 2
5 1 0
5 2 3
5 3 0
5 4 2
5 5 2
5 6 0
5 7 2
6 1 0
6 2 4
6 3 0
6 4 3
6 5 2
6 6 0
6 7 3
7 1 0
7 2 4
7 3 0
7 4 3
7 5 2
7 6 0
7 7 3
8 1 0
8 2 2
8 3 0
8 4 2
8 5 1
8 6 0
8 7 1

# Precedence Relations
1 2
2 3
2 4
3 5
3 6
4 6
5 7
6 8

# Parameters
R_e = 0.0500
T = 20.0
C_s = 4.0
C_w = 36.0
C_c = 5.0
