# Tasks
1 2 3 4 5 6 7 8 9 10 11 12 13 14 15 16 17 18 19 20

# Workstations
1 2 3 4 5 6 7 8 9 10 11 12 13 14 15 16 17 18 19 20

# Modes
1 2 3 4 5 6 7

# Processing Times
1 1 22
1 2 34
1 3 20
1 4 31
1 5 18
1 6 26
1 7 40
2 1 128
2 2 175
2 3 115
2 4 158
2 5 103
2 6 142
2 7 194
3 1 104
3 2 135
3 3 96
3 4 124
3 5 87
3 6 118
3 7 152
4 1 54
4 2 83
4 3 50
4 4 76
4 5 47
4 6 65
4 7 99
5 1 133
5 2 164
5 3 127
5 4 156
5 5 111
5 6 166
5 7 205
6 1 78
6 2 104
6 3 72
6 4 96
6 5 64
6 6 87
6 7 115
7 1 89
7 2 110
7 3 82
7 4 101
7 5 82
7 6 99
7 7 123
8 1 252
8 2 368
8 3 225
8 4 329
8 5 209
8 6 302
8 7 441
9 1 274
9 2 350
9 3 260
9 4 332
9 5 248
9 6 328
9 7 418
10 1 134
10 2 212
10 3 122
10 4 193
10 5 112
10 6 165
10 7 261
11 1 212
11 2 276
11 3 198
11 4 258
11 5 197
11 6 261
11 7 340
12 1 95
12 2 142
12 3 84
12 4 126
12 5 79
12 6 113
12 7 168
13 1 288
13 2 439
13 3 266
13 4 406
13 5 243
13 6 327
13 7 498
14 1 225
14 2 323
14 3 212
14 4 305
14 5 195
14 6 252
14 7 362
15 1 146
15 2 216
15 3 130
15 4 193
15 5 139
15 6 182
15 7 269
16 1 82
16 2 117
16 3 71
16 4 101
16 5 68
16 6 91
16 7 130
17 1 110
17 2 133
17 3 101
17 4 122
17 5 104
17 6 128
17 7 154
18 1 198
18 2 306
18 3 175
18 4 271
18 5 167
18 6 247
18 7 381
19 1 125
19 2 178
19 3 112
19 4 159
19 5 113
19 6 141
19 7 201
20 1 26
20 2 36
20 3 23
20 4 31
20 5 22
20 6 31
20 7 43

# Energy Consumption
1 1 0
1 2 8
1 3 0
1 4 7
1 5 3
1 6 0
1 7 6
2 1 0
2 2 43
2 3 0
2 4 33
2 5 16
2 6 0
2 7 28
3 1 0
3 2 39
3 3 0
3 4 23
3 5 13
3 6 0
3 7 21
4 1 0
4 2 24
4 3 0
4 4 16
4 5 8
4 6 0
4 7 14
5 1 0
5 2 42
5 3 0
5 4 30
5 5 17
5 6 0
5 7 31
6 1 0
6 2 25
6 3 0
6 4 20
6 5 11
6 6 0
6 7 17
7 1 0
7 2 28
7 3 0
7 4 21
7 5 13
7 6 0
7 7 18
8 1 0
8 2 87
8 3 0
8 4 69
8 5 31
8 6 0
8 7 66
9 1 0
9 2 96
9 3 0
9 4 72
9 5 36
9 6 0
9 7 60
10 1 0
10 2 55
10 3 0
10 4 42
10 5 17
10 6 0
10 7 39
11 1 0
11 2 81
11 3 0
11 4 52
11 5 31
11 6 0
11 7 43
12 1 0
12 2 36
12 3 0
12 4 27
12 5 12
12 6 0
12 7 25
13 1 0
13 2 119
13 3 0
13 4 87
13 5 35
13 6 0
13 7 67
14 1 0
14 2 73
14 3 0
14 4 66
14 5 29
14 6 0
14 7 47
15 1 0
15 2 52
15 3 0
15 4 41
15 5 21
15 6 0
15 7 39
16 1 0
16 2 26
16 3 0
16 4 23
16 5 11
16 6 0
16 7 17
17 1 0
17 2 39
17 3 0
17 4 23
17 5 16
17 6 0
17 7 22
18 1 0
18 2 89
18 3 0
18 4 52
18 5 26
18 6 0
18 7 56
19 1 0
19 2 42
19 3 0
19 4 29
19 5 17
19 6 0
19 7 26
20 1 0
20 2 9
20 3 0
20 4 7
20 5 4
20 6 0
20 7 7

# Precedence Relations
1 2
1 3
1 4
2 5
2 6
3 5
3 6
4 7
5 7
5 8
6 7
6 8
6 9
7 10
7 11
8 10
9 11
10 12
10 13
11 12
11 14
12 15
12 16
13 14
13 15
14 17
14 18
15 18
17 19
17 20

# Parameters
R_e = 0.0500
T = 1000.0
C_s = 4.0
C_w = 36.0
C_c = 5.0
