# Tasks
1 2 3 4 5 6 7 8 9 10 11 12 13 14 15 16 17 18 19 20

# Workstations
1 2 3 4 5 6 7 8 9 10 11 12 13 14 15 16 17 18 19 20

# Modes
1 2 3 4 5 6 7

# Processing Times
1 1 142
1 2 290
1 3 152
1 4 310
1 5 64
1 6 174
1 7 355
2 1 34
2 2 70
2 3 37
2 4 75
2 5 16
2 6 42
2 7 86
3 1 140
3 2 286
3 3 150
3 4 306
3 5 63
3 6 172
3 7 350
4 1 214
4 2 437
4 3 229
4 4 467
4 5 95
4 6 262
4 7 535
5 1 121
5 2 248
5 3 130
5 4 265
5 5 54
5 6 148
5 7 304
6 1 279
6 2 570
6 3 299
6 4 609
6 5 124
6 6 342
6 7 698
7 1 50
7 2 103
7 3 54
7 4 111
7 5 23
7 6 62
7 7 126
8 1 282
8 2 576
8 3 302
8 4 616
8 5 126
8 6 345
8 7 705
9 1 129
9 2 264
9 3 138
9 4 283
9 5 58
9 6 158
9 7 323
10 1 175
10 2 358
10 3 187
10 4 383
10 5 78
10 6 215
10 7 438
11 1 97
11 2 199
11 3 104
11 4 213
11 5 44
11 6 119
11 7 244
12 1 132
12 2 270
12 3 142
12 4 289
12 5 59
12 6 162
12 7 331
13 1 107
13 2 219
13 3 115
13 4 234
13 5 48
13 6 131
13 7 268
14 1 132
14 2 270
14 3 142
14 4 289
14 5 59
14 6 162
14 7 331
15 1 69
15 2 141
15 3 74
15 4 151
15 5 31
15 6 85
15 7 173
16 1 169
16 2 345
16 3 181
16 4 369
16 5 76
16 6 207
16 7 422
17 1 73
17 2 150
17 3 78
17 4 161
17 5 33
17 6 90
17 7 184
18 1 231
18 2 472
18 3 247
18 4 505
18 5 103
18 6 283
18 7 578
19 1 120
19 2 245
19 3 129
19 4 262
19 5 54
19 6 147
19 7 300
20 1 186
20 2 380
20 3 199
20 4 406
20 5 83
20 6 228
20 7 465

# Energy Consumption
1 1 0
1 2 72
1 3 0
1 4 68
1 5 10
1 6 0
1 7 52
2 1 0
2 2 18
2 3 0
2 4 17
2 5 3
2 6 0
2 7 12
3 1 0
3 2 65
3 3 0
3 4 59
3 5 10
3 6 0
3 7 43
4 1 0
4 2 124
4 3 0
4 4 101
4 5 15
4 6 0
4 7 70
5 1 0
5 2 64
5 3 0
5 4 56
5 5 9
5 6 0
5 7 41
6 1 0
6 2 130
6 3 0
6 4 114
6 5 19
6 6 0
6 7 97
7 1 0
7 2 30
7 3 0
7 4 23
7 5 4
7 6 0
7 7 18
8 1 0
8 2 151
8 3 0
8 4 121
8 5 18
8 6 0
8 7 100
9 1 0
9 2 73
9 3 0
9 4 61
9 5 9
9 6 0
9 7 48
10 1 0
10 2 93
10 3 0
10 4 78
10 5 12
10 6 0
10 7 58
11 1 0
11 2 46
11 3 0
11 4 39
11 5 7
11 6 0
11 7 37
12 1 0
12 2 65
12 3 0
12 4 55
12 5 10
12 6 0
12 7 46
13 1 0
13 2 57
13 3 0
13 4 47
13 5 7
13 6 0
13 7 35
14 1 0
14 2 81
14 3 0
14 4 58
14 5 9
14 6 0
14 7 48
15 1 0
15 2 42
15 3 0
15 4 32
15 5 5
15 6 0
15 7 22
16 1 0
16 2 84
16 3 0
16 4 79
16 5 11
16 6 0
16 7 53
17 1 0
17 2 42
17 3 0
17 4 33
17 5 5
17 6 0
17 7 26
18 1 0
18 2 116
18 3 0
18 4 99
18 5 17
18 6 0
18 7 83
19 1 0
19 2 63
19 3 0
19 4 54
19 5 9
19 6 0
19 7 42
20 1 0
20 2 107
20 3 0
20 4 79
20 5 13
20 6 0
20 7 66

# Precedence Relations
1 6
2 7
4 8
5 9
6 10
7 11
8 12
10 13
11 13
12 14
12 15
13 16
13 17
13 18
14 20
15 19

# Parameters
R_e = 0.0500
T = 1000.0
C_s = 4.0
C_w = 36.0
C_c = 5.0
