# Tasks
1 2 3 4 5 6 7 8 9 10 11 12 13 14 15 16 17 18 19 20

# Workstations
1 2 3 4 5 6 7 8 9 10 11 12 13 14 15 16 17 18 19 20

# Modes
1 2 3 4 5 6 7

# Processing Times
1 1 46
1 2 70
1 3 47
1 4 71
1 5 21
1 6 62
1 7 94
2 1 135
2 2 176
2 3 139
2 4 181
2 5 53
2 6 170
2 7 222
3 1 114
3 2 174
3 3 114
3 4 173
3 5 41
3 6 156
3 7 238
4 1 140
4 2 196
4 3 139
4 4 194
4 5 61
4 6 197
4 7 276
5 1 58
5 2 85
5 3 58
5 4 85
5 5 21
5 6 84
5 7 122
6 1 244
6 2 305
6 3 234
6 4 293
6 5 77
6 6 325
6 7 406
7 1 158
7 2 196
7 3 156
7 4 193
7 5 51
7 6 218
7 7 271
8 1 27
8 2 36
8 3 28
8 4 37
8 5 12
8 6 38
8 7 51
9 1 142
9 2 222
9 3 137
9 4 215
9 5 62
9 6 200
9 7 312
10 1 190
10 2 253
10 3 191
10 4 254
10 5 72
10 6 265
10 7 353
11 1 31
11 2 46
11 3 32
11 4 47
11 5 13
11 6 42
11 7 62
12 1 120
12 2 174
12 3 125
12 4 181
12 5 40
12 6 169
12 7 245
13 1 186
13 2 275
13 3 191
13 4 281
13 5 63
13 6 240
13 7 355
14 1 67
14 2 106
14 3 68
14 4 107
14 5 28
14 6 94
14 7 148
15 1 300
15 2 451
15 3 313
15 4 470
15 5 93
15 6 421
15 7 633
16 1 147
16 2 223
16 3 148
16 4 224
16 5 51
16 6 198
16 7 300
17 1 276
17 2 434
17 3 279
17 4 438
17 5 104
17 6 386
17 7 607
18 1 146
18 2 200
18 3 149
18 4 204
18 5 59
18 6 197
18 7 269
19 1 52
19 2 79
19 3 52
19 4 78
19 5 18
19 6 70
19 7 107
20 1 93
20 2 132
20 3 92
20 4 131
20 5 35
20 6 130
20 7 185

# Energy Consumption
1 1 0
1 2 16
1 3 0
1 4 15
1 5 4
1 6 0
1 7 14
2 1 0
2 2 40
2 3 0
2 4 37
2 5 8
2 6 0
2 7 29
3 1 0
3 2 51
3 3 0
3 4 33
3 5 7
3 6 0
3 7 29
4 1 0
4 2 46
4 3 0
4 4 42
4 5 9
4 6 0
4 7 38
5 1 0
5 2 23
5 3 0
5 4 17
5 5 4
5 6 0
5 7 17
6 1 0
6 2 84
6 3 0
6 4 62
6 5 12
6 6 0
6 7 54
7 1 0
7 2 54
7 3 0
7 4 42
7 5 8
7 6 0
7 7 36
8 1 0
8 2 10
8 3 0
8 4 8
8 5 2
8 6 0
8 7 7
9 1 0
9 2 55
9 3 0
9 4 40
9 5 9
9 6 0
9 7 40
10 1 0
10 2 64
10 3 0
10 4 49
10 5 11
10 6 0
10 7 50
11 1 0
11 2 14
11 3 0
11 4 9
11 5 2
11 6 0
11 7 9
12 1 0
12 2 44
12 3 0
12 4 38
12 5 6
12 6 0
12 7 30
13 1 0
13 2 70
13 3 0
13 4 59
13 5 11
13 6 0
13 7 49
14 1 0
14 2 26
14 3 0
14 4 21
14 5 5
14 6 0
14 7 22
15 1 0
15 2 123
15 3 0
15 4 91
15 5 14
15 6 0
15 7 91
16 1 0
16 2 51
16 3 0
16 4 43
16 5 8
16 6 0
16 7 37
17 1 0
17 2 129
17 3 0
17 4 84
17 5 15
17 6 0
17 7 89
18 1 0
18 2 48
18 3 0
18 4 45
18 5 10
18 6 0
18 7 34
19 1 0
19 2 23
19 3 0
19 4 16
19 5 3
19 6 0
19 7 16
20 1 0
20 2 40
20 3 0
20 4 27
20 5 6
20 6 0
20 7 23

# Precedence Relations
1 5
2 6
3 7
5 11
6 8
6 9
6 10
6 12
8 15
9 13
10 14
11 16
12 17
13 18
14 19
15 20

# Parameters
R_e = 0.0500
T = 1000.0
C_s = 4.0
C_w = 36.0
C_c = 5.0
