# Tasks
1 2 3 4 5 6 7 8 9 10 11 12 13 14 15 16 17 18 19 20

# Workstations
1 2 3 4 5 6 7 8 9 10 11 12 13 14 15 16 17 18 19 20

# Modes
1 2 3 4 5 6 7

# Processing Times
1 1 165
1 2 163
1 3 170
1 4 168
1 5 99
1 6 183
1 7 181
2 1 79
2 2 78
2 3 82
2 4 81
2 5 47
2 6 88
2 7 87
3 1 84
3 2 83
3 3 87
3 4 86
3 5 50
3 6 94
3 7 92
4 1 234
4 2 231
4 3 241
4 4 238
4 5 139
4 6 260
4 7 257
5 1 79
5 2 78
5 3 82
5 4 81
5 5 47
5 6 88
5 7 87
6 1 241
6 2 237
6 3 249
6 4 244
6 5 144
6 6 268
6 7 263
7 1 74
7 2 73
7 3 77
7 4 76
7 5 44
7 6 83
7 7 81
8 1 96
8 2 95
8 3 99
8 4 98
8 5 58
8 6 107
8 7 106
9 1 44
9 2 44
9 3 46
9 4 46
9 5 27
9 6 49
9 7 49
10 1 225
10 2 222
10 3 232
10 4 229
10 5 134
10 6 250
10 7 247
11 1 77
11 2 76
11 3 80
11 4 79
11 5 46
11 6 86
11 7 85
12 1 124
12 2 122
12 3 128
12 4 126
12 5 74
12 6 138
12 7 136
13 1 119
13 2 118
13 3 123
13 4 122
13 5 71
13 6 132
13 7 131
14 1 160
14 2 158
14 3 165
14 4 163
14 5 96
14 6 178
14 7 176
15 1 41
15 2 41
15 3 43
15 4 43
15 5 25
15 6 46
15 7 46
16 1 204
16 2 201
16 3 210
16 4 207
16 5 122
16 6 227
16 7 223
17 1 319
17 2 314
17 3 329
17 4 324
17 5 190
17 6 354
17 7 349
18 1 248
18 2 244
18 3 256
18 4 252
18 5 148
18 6 275
18 7 271
19 1 127
19 2 125
19 3 131
19 4 129
19 5 76
19 6 141
19 7 139
20 1 84
20 2 83
20 3 87
20 4 86
20 5 50
20 6 94
20 7 92

# Energy Consumption
1 1 0
1 2 43
1 3 0
1 4 33
1 5 16
1 6 0
1 7 23
2 1 0
2 2 19
2 3 0
2 4 18
2 5 7
2 6 0
2 7 11
3 1 0
3 2 22
3 3 0
3 4 18
3 5 8
3 6 0
3 7 14
4 1 0
4 2 68
4 3 0
4 4 46
4 5 21
4 6 0
4 7 36
5 1 0
5 2 19
5 3 0
5 4 16
5 5 8
5 6 0
5 7 12
6 1 0
6 2 58
6 3 0
6 4 49
6 5 23
6 6 0
6 7 33
7 1 0
7 2 17
7 3 0
7 4 15
7 5 7
7 6 0
7 7 11
8 1 0
8 2 29
8 3 0
8 4 21
8 5 10
8 6 0
8 7 16
9 1 0
9 2 12
9 3 0
9 4 11
9 5 5
9 6 0
9 7 7
10 1 0
10 2 62
10 3 0
10 4 47
10 5 21
10 6 0
10 7 32
11 1 0
11 2 20
11 3 0
11 4 15
11 5 7
11 6 0
11 7 12
12 1 0
12 2 33
12 3 0
12 4 26
12 5 12
12 6 0
12 7 18
13 1 0
13 2 34
13 3 0
13 4 26
13 5 11
13 6 0
13 7 18
14 1 0
14 2 47
14 3 0
14 4 33
14 5 15
14 6 0
14 7 27
15 1 0
15 2 13
15 3 0
15 4 9
15 5 4
15 6 0
15 7 7
16 1 0
16 2 51
16 3 0
16 4 45
16 5 19
16 6 0
16 7 32
17 1 0
17 2 82
17 3 0
17 4 67
17 5 28
17 6 0
17 7 45
18 1 0
18 2 66
18 3 0
18 4 49
18 5 24
18 6 0
18 7 39
19 1 0
19 2 29
19 3 0
19 4 26
19 5 12
19 6 0
19 7 20
20 1 0
20 2 23
20 3 0
20 4 18
20 5 8
20 6 0
20 7 12

# Precedence Relations
1 11
2 7
3 6
3 7
4 5
4 6
5 11
7 8
7 9
7 10
8 11
9 11
10 12
10 13
11 14
11 15
11 16
11 17
15 19
15 20
16 18
17 19

# Parameters
R_e = 0.0500
T = 1000.0
C_s = 4.0
C_w = 36.0
C_c = 5.0
