# Tasks
1 2 3 4 5 6 7 8 9 10 11 12 13 14 15 16 17 18 19 20

# Workstations
1 2 3 4 5 6 7 8 9 10 11 12 13 14 15 16 17 18 19 20

# Modes
1 2 3 4 5 6 7

# Processing Times
1 1 464
1 2 948
1 3 496
1 4 1013
1 5 206
1 6 568
1 7 1160
2 1 154
2 2 315
2 3 165
2 4 337
2 5 69
2 6 189
2 7 386
3 1 506
3 2 1033
3 3 541
3 4 1104
3 5 225
3 6 619
3 7 1264
4 1 476
4 2 972
4 3 509
4 4 1039
4 5 212
4 6 583
4 7 1189
5 1 77
5 2 158
5 3 83
5 4 169
5 5 35
5 6 95
5 7 194
6 1 155
6 2 317
6 3 166
6 4 339
6 5 69
6 6 190
6 7 388
7 1 340
7 2 695
7 3 364
7 4 743
7 5 151
7 6 416
7 7 850
8 1 467
8 2 954
8 3 499
8 4 1020
8 5 208
8 6 572
8 7 1167
9 1 94
9 2 192
9 3 101
9 4 206
9 5 42
9 6 115
9 7 235
10 1 65
10 2 133
10 3 70
10 4 143
10 5 29
10 6 80
10 7 163
11 1 192
11 2 392
11 3 206
11 4 419
11 5 86
11 6 235
11 7 480
12 1 127
12 2 260
12 3 136
12 4 278
12 5 57
12 6 156
12 7 318
13 1 204
13 2 417
13 3 218
13 4 446
13 5 91
13 6 250
13 7 510
14 1 108
14 2 221
14 3 116
14 4 237
14 5 48
14 6 133
14 7 271
15 1 481
15 2 982
15 3 514
15 4 1050
15 5 214
15 6 589
15 7 1201
16 1 213
16 2 435
16 3 228
16 4 465
16 5 95
16 6 261
16 7 532
17 1 116
17 2 237
17 3 124
17 4 254
17 5 52
17 6 142
17 7 290
18 1 74
18 2 152
18 3 80
18 4 163
18 5 33
18 6 91
18 7 186
19 1 220
19 2 450
19 3 236
19 4 481
19 5 98
19 6 270
19 7 551
20 1 117
20 2 239
20 3 125
20 4 256
20 5 52
20 6 144
20 7 293

# Energy Consumption
1 1 0
1 2 235
1 3 0
1 4 222
1 5 31
1 6 0
1 7 168
2 1 0
2 2 79
2 3 0
2 4 73
2 5 11
2 6 0
2 7 54
3 1 0
3 2 233
3 3 0
3 4 213
3 5 34
3 6 0
3 7 155
4 1 0
4 2 276
4 3 0
4 4 225
4 5 33
4 6 0
4 7 154
5 1 0
5 2 41
5 3 0
5 4 36
5 5 6
5 6 0
5 7 26
6 1 0
6 2 73
6 3 0
6 4 64
6 5 11
6 6 0
6 7 54
7 1 0
7 2 202
7 3 0
7 4 149
7 5 22
7 6 0
7 7 119
8 1 0
8 2 249
8 3 0
8 4 200
8 5 30
8 6 0
8 7 165
9 1 0
9 2 53
9 3 0
9 4 45
9 5 6
9 6 0
9 7 35
10 1 0
10 2 35
10 3 0
10 4 30
10 5 5
10 6 0
10 7 22
11 1 0
11 2 90
11 3 0
11 4 76
11 5 13
11 6 0
11 7 72
12 1 0
12 2 62
12 3 0
12 4 53
12 5 10
12 6 0
12 7 44
13 1 0
13 2 108
13 3 0
13 4 90
13 5 13
13 6 0
13 7 66
14 1 0
14 2 66
14 3 0
14 4 48
14 5 7
14 6 0
14 7 40
15 1 0
15 2 287
15 3 0
15 4 220
15 5 34
15 6 0
15 7 149
16 1 0
16 2 105
16 3 0
16 4 99
16 5 14
16 6 0
16 7 66
17 1 0
17 2 66
17 3 0
17 4 51
17 5 8
17 6 0
17 7 41
18 1 0
18 2 38
18 3 0
18 4 32
18 5 6
18 6 0
18 7 27
19 1 0
19 2 115
19 3 0
19 4 98
19 5 16
19 6 0
19 7 76
20 1 0
20 2 67
20 3 0
20 4 50
20 5 8
20 6 0
20 7 42

# Precedence Relations
1 9
2 9
3 9
4 9
5 11
5 12
8 10
9 13
9 14
9 15
9 16
14 17
15 18
17 20
18 19

# Parameters
R_e = 0.0500
T = 1327.2
C_s = 4.0
C_w = 36.0
C_c = 5.0
