# Tasks
1 2 3 4 5 6 7 8 9 10 11 12 13 14 15 16 17 18 19 20 21 22 23 24 25 26 27 28 29 30 31 32 33 34 35 36 37 38 39 40 41 42 43 44 45 46 47 48 49 50 51 52 53 54 55 56 57 58 59 60 61 62 63 64 65 66 67 68 69 70 71 72 73 74 75 76 77 78 79 80 81 82 83 84 85 86 87 88 89 90 91 92 93 94 95 96 97 98 99 100

# Workstations
1 2 3 4 5 6 7 8 9 10 11 12 13 14 15 16 17 18 19 20 21 22 23 24 25 26 27 28 29 30 31 32 33 34 35 36 37 38 39 40 41 42 43 44 45 46 47 48 49 50 51 52 53 54 55 56 57 58 59 60 61 62 63 64 65 66 67 68 69 70 71 72 73 74 75 76 77 78 79 80 81 82 83 84 85 86 87 88 89 90 91 92 93 94 95 96 97 98 99 100

# Modes
1 2 3 4 5 6 7

# Processing Times
1 1 113
1 2 175
1 3 105
1 4 162
1 5 107
1 6 126
1 7 194
2 1 98
2 2 134
2 3 90
2 4 123
2 5 92
2 6 114
2 7 155
3 1 238
3 2 307
3 3 205
3 4 264
3 5 222
3 6 289
3 7 372
4 1 175
4 2 269
4 3 159
4 4 245
4 5 159
4 6 209
4 7 321
5 1 99
5 2 123
5 3 92
5 4 114
5 5 91
5 6 119
5 7 147
6 1 188
6 2 251
6 3 175
6 4 234
6 5 163
6 6 210
6 7 280
7 1 207
7 2 256
7 3 183
7 4 226
7 5 193
7 6 239
7 7 295
8 1 125
8 2 183
8 3 117
8 4 171
8 5 115
8 6 145
8 7 212
9 1 126
9 2 161
9 3 108
9 4 138
9 5 103
9 6 156
9 7 199
10 1 106
10 2 168
10 3 98
10 4 155
10 5 93
10 6 127
10 7 201
11 1 43
11 2 56
11 3 39
11 4 50
11 5 39
11 6 54
11 7 70
12 1 175
12 2 262
12 3 149
12 4 224
12 5 155
12 6 210
12 7 313
13 1 53
13 2 81
13 3 47
13 4 72
13 5 51
13 6 65
13 7 98
14 1 29
14 2 42
14 3 25
14 4 36
14 5 24
14 6 35
14 7 50
15 1 181
15 2 268
15 3 170
15 4 252
15 5 150
15 6 226
15 7 335
16 1 164
16 2 234
16 3 153
16 4 219
16 5 152
16 6 182
16 7 259
17 1 230
17 2 278
17 3 196
17 4 237
17 5 213
17 6 268
17 7 324
18 1 134
18 2 208
18 3 126
18 4 195
18 5 128
18 6 158
18 7 244
19 1 186
19 2 265
19 3 173
19 4 246
19 5 168
19 6 225
19 7 320
20 1 150
20 2 207
20 3 142
20 4 196
20 5 122
20 6 171
20 7 236
21 1 86
21 2 104
21 3 75
21 4 91
21 5 75
21 6 103
21 7 124
22 1 182
22 2 220
22 3 162
22 4 195
22 5 162
22 6 220
22 7 266
23 1 184
23 2 238
23 3 162
23 4 209
23 5 160
23 6 214
23 7 276
24 1 131
24 2 176
24 3 116
24 4 155
24 5 118
24 6 163
24 7 219
25 1 197
25 2 255
25 3 184
25 4 238
25 5 177
25 6 246
25 7 319
26 1 115
26 2 142
26 3 108
26 4 133
26 5 102
26 6 135
26 7 166
27 1 198
27 2 301
27 3 187
27 4 283
27 5 183
27 6 246
27 7 373
28 1 125
28 2 159
28 3 119
28 4 151
28 5 107
28 6 155
28 7 197
29 1 31
29 2 46
29 3 27
29 4 40
29 5 30
29 6 37
29 7 54
30 1 80
30 2 103
30 3 70
30 4 90
30 5 69
30 6 98
30 7 126
31 1 79
31 2 122
31 3 72
31 4 111
31 5 64
31 6 98
31 7 152
32 1 240
32 2 303
32 3 214
32 4 271
32 5 196
32 6 281
32 7 355
33 1 80
33 2 106
33 3 71
33 4 94
33 5 75
33 6 99
33 7 131
34 1 235
34 2 323
34 3 219
34 4 300
34 5 216
34 6 269
34 7 370
35 1 43
35 2 69
35 3 41
35 4 66
35 5 38
35 6 51
35 7 81
36 1 348
36 2 443
36 3 297
36 4 377
36 5 285
36 6 422
36 7 537
37 1 113
37 2 179
37 3 99
37 4 157
37 5 107
37 6 141
37 7 222
38 1 64
38 2 84
38 3 57
38 4 74
38 5 61
38 6 78
38 7 102
39 1 94
39 2 139
39 3 87
39 4 128
39 5 81
39 6 113
39 7 167
40 1 126
40 2 164
40 3 110
40 4 143
40 5 117
40 6 143
40 7 186
41 1 218
41 2 298
41 3 187
41 4 256
41 5 200
41 6 245
41 7 335
42 1 98
42 2 137
42 3 93
42 4 130
42 5 88
42 6 121
42 7 169
43 1 34
43 2 50
43 3 32
43 4 47
43 5 32
43 6 39
43 7 57
44 1 117
44 2 170
44 3 106
44 4 154
44 5 100
44 6 132
44 7 192
45 1 172
45 2 275
45 3 158
45 4 252
45 5 160
45 6 209
45 7 333
46 1 144
46 2 214
46 3 133
46 4 198
46 5 121
46 6 159
46 7 236
47 1 198
47 2 287
47 3 176
47 4 254
47 5 184
47 6 221
47 7 320
48 1 29
48 2 40
48 3 27
48 4 37
48 5 27
48 6 36
48 7 49
49 1 76
49 2 121
49 3 67
49 4 106
49 5 67
49 6 95
49 7 152
50 1 68
50 2 98
50 3 64
50 4 92
50 5 60
50 6 85
50 7 122
51 1 41
51 2 63
51 3 38
51 4 58
51 5 34
51 6 48
51 7 74
52 1 224
52 2 298
52 3 209
52 4 278
52 5 212
52 6 263
52 7 350
53 1 119
53 2 178
53 3 103
53 4 155
53 5 97
53 6 149
53 7 223
54 1 263
54 2 412
54 3 246
54 4 385
54 5 225
54 6 296
54 7 464
55 1 90
55 2 123
55 3 85
55 4 115
55 5 75
55 6 104
55 7 142
56 1 26
56 2 33
56 3 24
56 4 31
56 5 21
56 6 33
56 7 42
57 1 202
57 2 295
57 3 191
57 4 278
57 5 183
57 6 224
57 7 327
58 1 90
58 2 121
58 3 84
58 4 113
58 5 81
58 6 111
58 7 149
59 1 59
59 2 81
59 3 56
59 4 77
59 5 50
59 6 70
59 7 96
60 1 257
60 2 312
60 3 239
60 4 290
60 5 221
60 6 288
60 7 350
61 1 229
61 2 312
61 3 215
61 4 292
61 5 207
61 6 284
61 7 387
62 1 21
62 2 26
62 3 19
62 4 24
62 5 17
62 6 26
62 7 33
63 1 162
63 2 206
63 3 142
63 4 181
63 5 135
63 6 180
63 7 229
64 1 79
64 2 114
64 3 70
64 4 100
64 5 72
64 6 90
64 7 130
65 1 257
65 2 409
65 3 233
65 4 371
65 5 227
65 6 322
65 7 511
66 1 195
66 2 237
66 3 167
66 4 203
66 5 159
66 6 228
66 7 277
67 1 316
67 2 387
67 3 272
67 4 333
67 5 256
67 6 387
67 7 474
68 1 67
68 2 98
68 3 63
68 4 92
68 5 61
68 6 81
68 7 118
69 1 104
69 2 151
69 3 94
69 4 136
69 5 90
69 6 129
69 7 187
70 1 157
70 2 243
70 3 144
70 4 223
70 5 147
70 6 192
70 7 297
71 1 69
71 2 107
71 3 62
71 4 96
71 5 57
71 6 84
71 7 131
72 1 190
72 2 269
72 3 175
72 4 247
72 5 179
72 6 211
72 7 298
73 1 75
73 2 97
73 3 67
73 4 87
73 5 62
73 6 87
73 7 113
74 1 281
74 2 353
74 3 257
74 4 323
74 5 267
74 6 340
74 7 427
75 1 60
75 2 95
75 3 53
75 4 84
75 5 57
75 6 69
75 7 109
76 1 67
76 2 82
76 3 60
76 4 74
76 5 64
76 6 77
76 7 94
77 1 265
77 2 358
77 3 248
77 4 335
77 5 227
77 6 317
77 7 428
78 1 195
78 2 310
78 3 168
78 4 267
78 5 173
78 6 232
78 7 369
79 1 231
79 2 294
79 3 197
79 4 251
79 5 196
79 6 283
79 7 360
80 1 152
80 2 210
80 3 142
80 4 196
80 5 138
80 6 181
80 7 250
81 1 417
81 2 511
81 3 377
81 4 462
81 5 390
81 6 481
81 7 590
82 1 104
82 2 159
82 3 92
82 4 140
82 5 92
82 6 124
82 7 189
83 1 118
83 2 160
83 3 108
83 4 147
83 5 96
83 6 143
83 7 194
84 1 154
84 2 187
84 3 144
84 4 174
84 5 138
84 6 181
84 7 220
85 1 202
85 2 269
85 3 177
85 4 236
85 5 178
85 6 227
85 7 303
86 1 164
86 2 209
86 3 141
86 4 180
86 5 136
86 6 195
86 7 248
87 1 153
87 2 226
87 3 145
87 4 214
87 5 139
87 6 175
87 7 258
88 1 194
88 2 310
88 3 175
88 4 279
88 5 184
88 6 242
88 7 386
89 1 196
89 2 312
89 3 175
89 4 278
89 5 158
89 6 230
89 7 366
90 1 144
90 2 177
90 3 133
90 4 163
90 5 117
90 6 172
90 7 211
91 1 47
91 2 72
91 3 41
91 4 62
91 5 40
91 6 55
91 7 85
92 1 217
92 2 311
92 3 192
92 4 275
92 5 180
92 6 270
92 7 386
93 1 41
93 2 55
93 3 36
93 4 48
93 5 36
93 6 48
93 7 64
94 1 200
94 2 305
94 3 189
94 4 288
94 5 183
94 6 246
94 7 375
95 1 144
95 2 230
95 3 123
95 4 196
95 5 116
95 6 174
95 7 278
96 1 114
96 2 158
96 3 101
96 4 139
96 5 104
96 6 135
96 7 186
97 1 165
97 2 200
97 3 155
97 4 188
97 5 138
97 6 196
97 7 237
98 1 29
98 2 43
98 3 27
98 4 40
98 5 27
98 6 36
98 7 53
99 1 36
99 2 54
99 3 33
99 4 49
99 5 30
99 6 42
99 7 63
100 1 77
100 2 107
100 3 66
100 4 92
100 5 64
100 6 92
100 7 128

# Energy Consumption
1 1 0
1 2 41
1 3 0
1 4 35
1 5 17
1 6 0
1 7 27
2 1 0
2 2 33
2 3 0
2 4 26
2 5 14
2 6 0
2 7 23
3 1 0
3 2 87
3 3 0
3 4 49
3 5 32
3 6 0
3 7 51
4 1 0
4 2 76
4 3 0
4 4 52
4 5 25
4 6 0
4 7 45
5 1 0
5 2 32
5 3 0
5 4 22
5 5 14
5 6 0
5 7 22
6 1 0
6 2 61
6 3 0
6 4 48
6 5 26
6 6 0
6 7 42
7 1 0
7 2 65
7 3 0
7 4 46
7 5 31
7 6 0
7 7 43
8 1 0
8 2 44
8 3 0
8 4 36
8 5 17
8 6 0
8 7 32
9 1 0
9 2 45
9 3 0
9 4 30
9 5 15
9 6 0
9 7 29
10 1 0
10 2 44
10 3 0
10 4 34
10 5 14
10 6 0
10 7 30
11 1 0
11 2 17
11 3 0
11 4 10
11 5 7
11 6 0
11 7 9
12 1 0
12 2 66
12 3 0
12 4 48
12 5 23
12 6 0
12 7 46
13 1 0
13 2 22
13 3 0
13 4 16
13 5 8
13 6 0
13 7 14
14 1 0
14 2 10
14 3 0
14 4 8
14 5 4
14 6 0
14 7 7
15 1 0
15 2 64
15 3 0
15 4 53
15 5 23
15 6 0
15 7 49
16 1 0
16 2 52
16 3 0
16 4 49
16 5 24
16 6 0
16 7 32
17 1 0
17 2 80
17 3 0
17 4 44
17 5 33
17 6 0
17 7 45
18 1 0
18 2 61
18 3 0
18 4 37
18 5 20
18 6 0
18 7 36
19 1 0
19 2 63
19 3 0
19 4 45
19 5 24
19 6 0
19 7 41
20 1 0
20 2 50
20 3 0
20 4 40
20 5 19
20 6 0
20 7 35
21 1 0
21 2 26
21 3 0
21 4 17
21 5 12
21 6 0
21 7 16
22 1 0
22 2 61
22 3 0
22 4 43
22 5 25
22 6 0
22 7 40
23 1 0
23 2 70
23 3 0
23 4 42
23 5 25
23 6 0
23 7 39
24 1 0
24 2 48
24 3 0
24 4 33
24 5 18
24 6 0
24 7 30
25 1 0
25 2 58
25 3 0
25 4 47
25 5 29
25 6 0
25 7 42
26 1 0
26 2 36
26 3 0
26 4 28
26 5 15
26 6 0
26 7 23
27 1 0
27 2 87
27 3 0
27 4 62
27 5 28
27 6 0
27 7 56
28 1 0
28 2 43
28 3 0
28 4 31
28 5 17
28 6 0
28 7 29
29 1 0
29 2 13
29 3 0
29 4 9
29 5 5
29 6 0
29 7 8
30 1 0
30 2 26
30 3 0
30 4 18
30 5 11
30 6 0
30 7 18
31 1 0
31 2 35
31 3 0
31 4 23
31 5 11
31 6 0
31 7 22
32 1 0
32 2 73
32 3 0
32 4 58
32 5 28
32 6 0
32 7 50
33 1 0
33 2 29
33 3 0
33 4 19
33 5 12
33 6 0
33 7 17
34 1 0
34 2 95
34 3 0
34 4 60
34 5 31
34 6 0
34 7 52
35 1 0
35 2 19
35 3 0
35 4 13
35 5 6
35 6 0
35 7 11
36 1 0
36 2 105
36 3 0
36 4 72
36 5 46
36 6 0
36 7 77
37 1 0
37 2 45
37 3 0
37 4 34
37 5 16
37 6 0
37 7 32
38 1 0
38 2 24
38 3 0
38 4 16
38 5 9
38 6 0
38 7 13
39 1 0
39 2 37
39 3 0
39 4 24
39 5 12
39 6 0
39 7 23
40 1 0
40 2 47
40 3 0
40 4 28
40 5 19
40 6 0
40 7 28
41 1 0
41 2 77
41 3 0
41 4 56
41 5 31
41 6 0
41 7 51
42 1 0
42 2 32
42 3 0
42 4 25
42 5 15
42 6 0
42 7 26
43 1 0
43 2 15
43 3 0
43 4 9
43 5 5
43 6 0
43 7 9
44 1 0
44 2 44
44 3 0
44 4 30
44 5 15
44 6 0
44 7 27
45 1 0
45 2 63
45 3 0
45 4 50
45 5 26
45 6 0
45 7 41
46 1 0
46 2 50
46 3 0
46 4 42
46 5 19
46 6 0
46 7 35
47 1 0
47 2 69
47 3 0
47 4 56
47 5 28
47 6 0
47 7 42
48 1 0
48 2 12
48 3 0
48 4 8
48 5 5
48 6 0
48 7 7
49 1 0
49 2 36
49 3 0
49 4 21
49 5 10
49 6 0
49 7 22
50 1 0
50 2 25
50 3 0
50 4 18
50 5 10
50 6 0
50 7 16
51 1 0
51 2 19
51 3 0
51 4 13
51 5 6
51 6 0
51 7 10
52 1 0
52 2 85
52 3 0
52 4 57
52 5 34
52 6 0
52 7 44
53 1 0
53 2 42
53 3 0
53 4 29
53 5 14
53 6 0
53 7 30
54 1 0
54 2 121
54 3 0
54 4 81
54 5 36
54 6 0
54 7 57
55 1 0
55 2 31
55 3 0
55 4 24
55 5 11
55 6 0
55 7 20
56 1 0
56 2 10
56 3 0
56 4 6
56 5 4
56 6 0
56 7 7
57 1 0
57 2 66
57 3 0
57 4 61
57 5 28
57 6 0
57 7 48
58 1 0
58 2 31
58 3 0
58 4 23
58 5 13
58 6 0
58 7 19
59 1 0
59 2 21
59 3 0
59 4 16
59 5 8
59 6 0
59 7 13
60 1 0
60 2 80
60 3 0
60 4 55
60 5 35
60 6 0
60 7 47
61 1 0
61 2 93
61 3 0
61 4 53
61 5 33
61 6 0
61 7 50
62 1 0
62 2 7
62 3 0
62 4 6
62 5 3
62 6 0
62 7 5
63 1 0
63 2 49
63 3 0
63 4 39
63 5 21
63 6 0
63 7 29
64 1 0
64 2 33
64 3 0
64 4 22
64 5 12
64 6 0
64 7 18
65 1 0
65 2 119
65 3 0
65 4 75
65 5 36
65 6 0
65 7 65
66 1 0
66 2 63
66 3 0
66 4 42
66 5 23
66 6 0
66 7 40
67 1 0
67 2 98
67 3 0
67 4 74
67 5 41
67 6 0
67 7 61
68 1 0
68 2 24
68 3 0
68 4 18
68 5 10
68 6 0
68 7 17
69 1 0
69 2 41
69 3 0
69 4 29
69 5 15
69 6 0
69 7 23
70 1 0
70 2 60
70 3 0
70 4 49
70 5 22
70 6 0
70 7 38
71 1 0
71 2 26
71 3 0
71 4 20
71 5 9
71 6 0
71 7 16
72 1 0
72 2 81
72 3 0
72 4 53
72 5 27
72 6 0
72 7 38
73 1 0
73 2 25
73 3 0
73 4 18
73 5 10
73 6 0
73 7 16
74 1 0
74 2 79
74 3 0
74 4 65
74 5 42
74 6 0
74 7 55
75 1 0
75 2 25
75 3 0
75 4 19
75 5 9
75 6 0
75 7 15
76 1 0
76 2 24
76 3 0
76 4 15
76 5 11
76 6 0
76 7 14
77 1 0
77 2 106
77 3 0
77 4 68
77 5 36
77 6 0
77 7 54
78 1 0
78 2 84
78 3 0
78 4 56
78 5 26
78 6 0
78 7 53
79 1 0
79 2 86
79 3 0
79 4 50
79 5 28
79 6 0
79 7 50
80 1 0
80 2 53
80 3 0
80 4 41
80 5 21
80 6 0
80 7 32
81 1 0
81 2 152
81 3 0
81 4 85
81 5 58
81 6 0
81 7 80
82 1 0
82 2 46
82 3 0
82 4 26
82 5 14
82 6 0
82 7 26
83 1 0
83 2 36
83 3 0
83 4 30
83 5 14
83 6 0
83 7 29
84 1 0
84 2 54
84 3 0
84 4 32
84 5 22
84 6 0
84 7 27
85 1 0
85 2 79
85 3 0
85 4 50
85 5 28
85 6 0
85 7 41
86 1 0
86 2 49
86 3 0
86 4 36
86 5 21
86 6 0
86 7 35
87 1 0
87 2 56
87 3 0
87 4 40
87 5 21
87 6 0
87 7 33
88 1 0
88 2 86
88 3 0
88 4 58
88 5 30
88 6 0
88 7 54
89 1 0
89 2 69
89 3 0
89 4 53
89 5 24
89 6 0
89 7 52
90 1 0
90 2 48
90 3 0
90 4 35
90 5 19
90 6 0
90 7 27
91 1 0
91 2 17
91 3 0
91 4 14
91 5 7
91 6 0
91 7 12
92 1 0
92 2 83
92 3 0
92 4 61
92 5 28
92 6 0
92 7 57
93 1 0
93 2 16
93 3 0
93 4 11
93 5 6
93 6 0
93 7 8
94 1 0
94 2 71
94 3 0
94 4 58
94 5 27
94 6 0
94 7 46
95 1 0
95 2 69
95 3 0
95 4 38
95 5 18
95 6 0
95 7 41
96 1 0
96 2 43
96 3 0
96 4 26
96 5 15
96 6 0
96 7 23
97 1 0
97 2 53
97 3 0
97 4 39
97 5 20
97 6 0
97 7 32
98 1 0
98 2 10
98 3 0
98 4 9
98 5 4
98 6 0
98 7 8
99 1 0
99 2 14
99 3 0
99 4 9
99 5 5
99 6 0
99 7 9
100 1 0
100 2 30
100 3 0
100 4 19
100 5 11
100 6 0
100 7 19

# Precedence Relations
1 41
2 41
3 34
4 10
4 14
5 15
6 16
6 17
6 18
7 13
8 11
8 12
9 19
10 41
11 34
12 34
13 34
14 29
15 22
15 27
16 23
16 26
16 28
16 31
17 24
18 20
18 21
18 25
18 30
20 41
21 41
22 41
23 34
24 34
25 34
26 34
27 35
28 36
29 37
30 32
30 33
30 38
31 39
31 40
32 41
33 41
34 42
34 43
34 44
34 45
35 47
36 46
37 48
41 49
41 50
41 51
41 52
44 56
46 53
48 54
48 55
48 57
49 58
49 59
49 60
50 62
53 61
57 63
58 64
59 65
60 66
61 67
62 68
62 69
62 70
64 73
65 75
66 71
67 72
69 78
70 74
70 76
70 77
70 79
71 82
72 81
74 80
74 84
74 85
79 83
80 87
81 86
82 90
83 88
83 89
83 91
83 92
84 93
86 94
87 96
88 95
90 98
90 100
91 97
92 99

# Parameters
R_e = 0.0500
T = 1000.0
C_s = 4.0
C_w = 36.0
C_c = 5.0
