# Tasks
1 2 3 4 5 6 7 8 9 10 11 12 13 14 15 16 17 18 19 20 21 22 23 24 25 26 27 28 29 30 31 32 33 34 35 36 37 38 39 40 41 42 43 44 45 46 47 48 49 50 51 52 53

# Workstations
1 2 3 4 5 6 7 8 9 10 11 12 13 14 15 16 17 18 19 20 21 22 23 24 25 26 27 28 29 30 31 32 33 34 35 36 37 38 39 40 41 42 43 44 45 46 47 48 49 50 51 52 53

# Modes
1 2 3 4 5 6 7

# Processing Times
1 1 971
1 2 1232
1 3 881
1 4 1118
1 5 906
1 6 1154
1 7 1464
2 1 142
2 2 181
2 3 129
2 4 165
2 5 133
2 6 169
2 7 216
3 1 142
3 2 181
3 3 129
3 4 165
3 5 133
3 6 169
3 7 216
4 1 142
4 2 181
4 3 129
4 4 165
4 5 133
4 6 169
4 7 216
5 1 103
5 2 131
5 3 94
5 4 119
5 5 97
5 6 123
5 7 156
6 1 96
6 2 122
6 3 88
6 4 111
6 5 90
6 6 115
6 7 145
7 1 99
7 2 126
7 3 90
7 4 115
7 5 93
7 6 118
7 7 150
8 1 1207
8 2 1531
8 3 1096
8 4 1390
8 5 1127
8 6 1434
8 7 1819
9 1 160
9 2 203
9 3 146
9 4 185
9 5 150
9 6 191
9 7 242
10 1 180
10 2 229
10 3 164
10 4 208
10 5 168
10 6 214
10 7 273
11 1 82
11 2 105
11 3 75
11 4 96
11 5 77
11 6 98
11 7 125
12 1 60
12 2 77
12 3 55
12 4 70
12 5 56
12 6 72
12 7 92
13 1 112
13 2 143
13 3 102
13 4 130
13 5 105
13 6 134
13 7 170
14 1 420
14 2 533
14 3 382
14 4 484
14 5 392
14 6 499
14 7 634
15 1 1556
15 2 1974
15 3 1412
15 4 1792
15 5 1452
15 6 1849
15 7 2346
16 1 236
16 2 300
16 3 215
16 4 273
16 5 221
16 6 281
16 7 357
17 1 259
17 2 329
17 3 235
17 4 299
17 5 242
17 6 308
17 7 391
18 1 125
18 2 159
18 3 114
18 4 145
18 5 117
18 6 149
18 7 189
19 1 601
19 2 763
19 3 546
19 4 693
19 5 561
19 6 714
19 7 907
20 1 80
20 2 102
20 3 73
20 4 93
20 5 75
20 6 96
20 7 122
21 1 80
21 2 102
21 3 73
21 4 93
21 5 75
21 6 96
21 7 122
22 1 70
22 2 89
22 3 64
22 4 81
22 5 66
22 6 84
22 7 106
23 1 89
23 2 113
23 3 81
23 4 103
23 5 84
23 6 106
23 7 135
24 1 89
24 2 113
24 3 81
24 4 103
24 5 84
24 6 106
24 7 135
25 1 105
25 2 134
25 3 96
25 4 122
25 5 98
25 6 125
25 7 160
26 1 330
26 2 419
26 3 300
26 4 381
26 5 308
26 6 393
26 7 498
27 1 132
27 2 168
27 3 120
27 4 153
27 5 124
27 6 157
27 7 200
28 1 69
28 2 88
28 3 63
28 4 80
28 5 65
28 6 82
28 7 105
29 1 99
29 2 126
29 3 90
29 4 115
29 5 93
29 6 118
29 7 150
30 1 70
30 2 89
30 3 64
30 4 81
30 5 66
30 6 84
30 7 106
31 1 70
31 2 89
31 3 64
31 4 81
31 5 66
31 6 84
31 7 106
32 1 158
32 2 201
32 3 144
32 4 183
32 5 148
32 6 188
32 7 239
33 1 191
33 2 243
33 3 174
33 4 221
33 5 179
33 6 227
33 7 289
34 1 70
34 2 89
34 3 64
34 4 81
34 5 66
34 6 84
34 7 106
35 1 53
35 2 68
35 3 49
35 4 62
35 5 50
35 6 63
35 7 81
36 1 50
36 2 64
36 3 46
36 4 59
36 5 47
36 6 60
36 7 77
37 1 125
37 2 159
37 3 114
37 4 145
37 5 117
37 6 149
37 7 189
38 1 353
38 2 448
38 3 321
38 4 407
38 5 330
38 6 420
38 7 533
39 1 70
39 2 89
39 3 64
39 4 81
39 5 66
39 6 84
39 7 106
40 1 128
40 2 163
40 3 117
40 4 148
40 5 120
40 6 153
40 7 194
41 1 65
41 2 83
41 3 59
41 4 76
41 5 61
41 6 78
41 7 99
42 1 1775
42 2 2252
42 3 1611
42 4 2044
42 5 1657
42 6 2109
42 7 2676
43 1 91
43 2 116
43 3 83
43 4 106
43 5 85
43 6 109
43 7 138
44 1 91
44 2 116
44 3 83
44 4 106
44 5 85
44 6 109
44 7 138
45 1 113
45 2 144
45 3 103
45 4 131
45 5 106
45 6 135
45 7 172
46 1 487
46 2 618
46 3 442
46 4 561
46 5 455
46 6 579
46 7 735
47 1 138
47 2 176
47 3 126
47 4 160
47 5 129
47 6 164
47 7 210
48 1 80
48 2 102
48 3 73
48 4 93
48 5 75
48 6 96
48 7 122
49 1 80
49 2 102
49 3 73
49 4 93
49 5 75
49 6 96
49 7 122
50 1 65
50 2 83
50 3 59
50 4 76
50 5 61
50 6 78
50 7 99
51 1 40
51 2 51
51 3 37
51 4 47
51 5 38
51 6 48
51 7 61
52 1 742
52 2 942
52 3 674
52 4 855
52 5 693
52 6 882
52 7 1120
53 1 1085
53 2 1377
53 3 985
53 4 1250
53 5 1013
53 6 1289
53 7 1636

# Energy Consumption
1 1 0
1 2 288
1 3 0
1 4 241
1 5 138
1 6 0
1 7 202
2 1 0
2 2 45
2 3 0
2 4 35
2 5 20
2 6 0
2 7 31
3 1 0
3 2 52
3 3 0
3 4 31
3 5 19
3 6 0
3 7 30
4 1 0
4 2 51
4 3 0
4 4 35
4 5 21
4 6 0
4 7 30
5 1 0
5 2 34
5 3 0
5 4 23
5 5 15
5 6 0
5 7 23
6 1 0
6 2 30
6 3 0
6 4 23
6 5 15
6 6 0
6 7 22
7 1 0
7 2 32
7 3 0
7 4 24
7 5 15
7 6 0
7 7 22
8 1 0
8 2 360
8 3 0
8 4 289
8 5 163
8 6 0
8 7 271
9 1 0
9 2 56
9 3 0
9 4 40
9 5 22
9 6 0
9 7 35
10 1 0
10 2 60
10 3 0
10 4 46
10 5 25
10 6 0
10 7 41
11 1 0
11 2 31
11 3 0
11 4 20
11 5 12
11 6 0
11 7 16
12 1 0
12 2 20
12 3 0
12 4 15
12 5 9
12 6 0
12 7 14
13 1 0
13 2 39
13 3 0
13 4 28
13 5 15
13 6 0
13 7 23
14 1 0
14 2 121
14 3 0
14 4 104
14 5 57
14 6 0
14 7 82
15 1 0
15 2 469
15 3 0
15 4 374
15 5 220
15 6 0
15 7 337
16 1 0
16 2 67
16 3 0
16 4 61
16 5 35
16 6 0
16 7 44
17 1 0
17 2 95
17 3 0
17 4 55
17 5 37
17 6 0
17 7 54
18 1 0
18 2 47
18 3 0
18 4 28
18 5 18
18 6 0
18 7 28
19 1 0
19 2 179
19 3 0
19 4 126
19 5 80
19 6 0
19 7 117
20 1 0
20 2 25
20 3 0
20 4 19
20 5 12
20 6 0
20 7 19
21 1 0
21 2 26
21 3 0
21 4 18
21 5 12
21 6 0
21 7 15
22 1 0
22 2 25
22 3 0
22 4 18
22 5 10
22 6 0
22 7 16
23 1 0
23 2 34
23 3 0
23 4 21
23 5 13
23 6 0
23 7 19
24 1 0
24 2 31
24 3 0
24 4 22
24 5 13
24 6 0
24 7 19
25 1 0
25 2 31
25 3 0
25 4 24
25 5 16
25 6 0
25 7 21
26 1 0
26 2 106
26 3 0
26 4 78
26 5 45
26 6 0
26 7 69
27 1 0
27 2 49
27 3 0
27 4 34
27 5 19
27 6 0
27 7 30
28 1 0
28 2 24
28 3 0
28 4 17
28 5 10
28 6 0
28 7 16
29 1 0
29 2 35
29 3 0
29 4 26
29 5 14
29 6 0
29 7 22
30 1 0
30 2 23
30 3 0
30 4 17
30 5 10
30 6 0
30 7 15
31 1 0
31 2 26
31 3 0
31 4 17
31 5 11
31 6 0
31 7 16
32 1 0
32 2 48
32 3 0
32 4 39
32 5 22
32 6 0
32 7 34
33 1 0
33 2 65
33 3 0
33 4 43
33 5 28
33 6 0
33 7 37
34 1 0
34 2 27
34 3 0
34 4 17
34 5 10
34 6 0
34 7 15
35 1 0
35 2 18
35 3 0
35 4 12
35 5 8
35 6 0
35 7 11
36 1 0
36 2 16
36 3 0
36 4 12
36 5 8
36 6 0
36 7 12
37 1 0
37 2 40
37 3 0
37 4 32
37 5 17
37 6 0
37 7 27
38 1 0
38 2 128
38 3 0
38 4 84
38 5 48
38 6 0
38 7 67
39 1 0
39 2 24
39 3 0
39 4 16
39 5 10
39 6 0
39 7 15
40 1 0
40 2 46
40 3 0
40 4 29
40 5 19
40 6 0
40 7 29
41 1 0
41 2 22
41 3 0
41 4 17
41 5 10
41 6 0
41 7 15
42 1 0
42 2 519
42 3 0
42 4 380
42 5 265
42 6 0
42 7 400
43 1 0
43 2 35
43 3 0
43 4 20
43 5 13
43 6 0
43 7 21
44 1 0
44 2 30
44 3 0
44 4 21
44 5 12
44 6 0
44 7 20
45 1 0
45 2 33
45 3 0
45 4 26
45 5 17
45 6 0
45 7 22
46 1 0
46 2 145
46 3 0
46 4 118
46 5 70
46 6 0
46 7 109
47 1 0
47 2 42
47 3 0
47 4 35
47 5 20
47 6 0
47 7 28
48 1 0
48 2 30
48 3 0
48 4 19
48 5 12
48 6 0
48 7 16
49 1 0
49 2 31
49 3 0
49 4 18
49 5 11
49 6 0
49 7 18
50 1 0
50 2 21
50 3 0
50 4 15
50 5 10
50 6 0
50 7 13
51 1 0
51 2 16
51 3 0
51 4 11
51 5 6
51 6 0
51 7 8
52 1 0
52 2 269
52 3 0
52 4 174
52 5 111
52 6 0
52 7 141
53 1 0
53 2 320
53 3 0
53 4 229
53 5 145
53 6 0
53 7 217

# Precedence Relations
1 2
1 3
1 4
1 5
1 6
1 7
2 36
3 36
4 9
5 9
6 9
7 9
8 9
9 10
10 11
11 12
12 13
12 14
12 15
13 16
13 17
13 18
14 22
15 16
15 17
16 29
16 30
16 31
17 19
18 42
19 20
19 21
19 22
20 23
21 24
22 25
23 36
24 36
25 26
26 27
27 28
28 29
28 30
28 31
28 32
28 33
28 34
29 35
30 35
31 35
32 35
33 35
34 35
35 36
36 37
37 38
37 39
37 40
38 41
39 41
40 41
41 42
42 43
42 44
42 45
42 46
42 47
43 48
44 49
45 51
45 52
46 50
47 51
47 52
48 51
48 52
49 51
49 52
50 51
50 52
51 53
52 53

# Parameters
R_e = 0.0500
T = 10000.0
C_s = 4.0
C_w = 36.0
C_c = 5.0
