# Tasks
1 2 3 4 5 6 7 8 9 10 11 12 13 14 15 16 17 18 19 20

# Workstations
1 2 3 4 5 6 7 8 9 10 11 12 13 14 15 16 17 18 19 20

# Modes
1 2 3 4 5 6 7

# Processing Times
1 1 85
1 2 172
1 3 91
1 4 184
1 5 28
1 6 97
1 7 195
2 1 262
2 2 549
2 3 279
2 4 585
2 5 113
2 6 314
2 7 658
3 1 34
3 2 64
3 3 38
3 4 71
3 5 15
3 6 39
3 7 73
4 1 93
4 2 208
4 3 99
4 4 221
4 5 38
4 6 108
4 7 241
5 1 40
5 2 85
5 3 44
5 4 94
5 5 17
5 6 49
5 7 103
6 1 149
6 2 365
6 3 161
6 4 393
6 5 47
6 6 170
6 7 417
7 1 56
7 2 140
7 3 60
7 4 150
7 5 20
7 6 68
7 7 168
8 1 103
8 2 239
8 3 111
8 4 257
8 5 46
8 6 116
8 7 268
9 1 53
9 2 129
9 3 58
9 4 140
9 5 20
9 6 62
9 7 150
10 1 41
10 2 95
10 3 44
10 4 100
10 5 17
10 6 52
10 7 119
11 1 118
11 2 220
11 3 128
11 4 238
11 5 44
11 6 148
11 7 275
12 1 121
12 2 278
12 3 132
12 4 303
12 5 44
12 6 148
12 7 340
13 1 124
13 2 239
13 3 135
13 4 260
13 5 46
13 6 147
13 7 282
14 1 44
14 2 87
14 3 48
14 4 94
14 5 14
14 6 54
14 7 105
15 1 199
15 2 437
15 3 214
15 4 469
15 5 83
15 6 241
15 7 530
16 1 95
16 2 194
16 3 104
16 4 213
16 5 37
16 6 117
16 7 238
17 1 27
17 2 54
17 3 30
17 4 59
17 5 10
17 6 33
17 7 66
18 1 151
18 2 334
18 3 162
18 4 358
18 5 64
18 6 183
18 7 404
19 1 43
19 2 98
19 3 46
19 4 104
19 5 16
19 6 54
19 7 121
20 1 95
20 2 202
20 3 102
20 4 217
20 5 33
20 6 109
20 7 232

# Energy Consumption
1 1 0
1 2 43
1 3 0
1 4 41
1 5 5
1 6 0
1 7 29
2 1 0
2 2 138
2 3 0
2 4 126
2 5 18
2 6 0
2 7 91
3 1 0
3 2 15
3 3 0
3 4 14
3 5 3
3 6 0
3 7 9
4 1 0
4 2 59
4 3 0
4 4 48
4 5 6
4 6 0
4 7 32
5 1 0
5 2 22
5 3 0
5 4 20
5 5 3
5 6 0
5 7 14
6 1 0
6 2 84
6 3 0
6 4 74
6 5 7
6 6 0
6 7 58
7 1 0
7 2 41
7 3 0
7 4 31
7 5 3
7 6 0
7 7 24
8 1 0
8 2 63
8 3 0
8 4 51
8 5 7
8 6 0
8 7 38
9 1 0
9 2 36
9 3 0
9 4 31
9 5 3
9 6 0
9 7 23
10 1 0
10 2 25
10 3 0
10 4 21
10 5 3
10 6 0
10 7 16
11 1 0
11 2 51
11 3 0
11 4 43
11 5 7
11 6 0
11 7 42
12 1 0
12 2 67
12 3 0
12 4 57
12 5 8
12 6 0
12 7 47
13 1 0
13 2 62
13 3 0
13 4 53
13 5 7
13 6 0
13 7 37
14 1 0
14 2 26
14 3 0
14 4 19
14 5 3
14 6 0
14 7 16
15 1 0
15 2 128
15 3 0
15 4 98
15 5 14
15 6 0
15 7 66
16 1 0
16 2 47
16 3 0
16 4 46
16 5 6
16 6 0
16 7 30
17 1 0
17 2 15
17 3 0
17 4 12
17 5 2
17 6 0
17 7 10
18 1 0
18 2 83
18 3 0
18 4 70
18 5 10
18 6 0
18 7 58
19 1 0
19 2 25
19 3 0
19 4 22
19 5 3
19 6 0
19 7 17
20 1 0
20 2 57
20 3 0
20 4 43
20 5 6
20 6 0
20 7 33

# Precedence Relations
1 11
2 11
3 4
3 5
4 11
5 6
5 7
5 8
5 9
5 10
6 11
7 11
8 20
9 12
10 12
11 13
11 14
11 15
11 16
12 19
14 18
14 20
15 17
16 19
16 20

# Parameters
R_e = 0.0500
T = 1000.0
C_s = 4.0
C_w = 36.0
C_c = 5.0
