# Tasks
1 2 3 4 5 6 7 8 9 10 11 12 13 14 15 16 17 18 19 20 21 22 23 24 25 26 27 28

# Workstations
1 2 3 4 5 6 7 8 9 10 11 12 13 14 15 16 17 18 19 20 21 22 23 24 25 26 27 28

# Modes
1 2 3 4 5 6 7

# Processing Times
1 1 70
1 2 69
1 3 75
1 4 74
1 5 58
1 6 88
1 7 87
2 1 59
2 2 56
2 3 63
2 4 60
2 5 49
2 6 86
2 7 81
3 1 33
3 2 35
3 3 36
3 4 38
3 5 31
3 6 46
3 7 49
4 1 6
4 2 6
4 3 7
4 4 7
4 5 6
4 6 8
4 7 8
5 1 1
5 2 2
5 3 2
5 4 3
5 5 1
5 6 2
5 7 3
6 1 27
6 2 25
6 3 30
6 4 28
6 5 24
6 6 36
6 7 34
7 1 17
7 2 17
7 3 19
7 4 19
7 5 15
7 6 25
7 7 25
8 1 62
8 2 63
8 3 67
8 4 68
8 5 55
8 6 89
8 7 90
9 1 31
9 2 33
9 3 34
9 4 36
9 5 28
9 6 40
9 7 43
10 1 53
10 2 53
10 3 59
10 4 59
10 5 46
10 6 68
10 7 68
11 1 21
11 2 22
11 3 23
11 4 24
11 5 20
11 6 28
11 7 30
12 1 19
12 2 17
12 3 21
12 4 19
12 5 17
12 6 26
12 7 23
13 1 108
13 2 103
13 3 117
13 4 112
13 5 100
13 6 147
13 7 140
14 1 52
14 2 50
14 3 56
14 4 54
14 5 48
14 6 66
14 7 64
15 1 5
15 2 5
15 3 6
15 4 6
15 5 5
15 6 7
15 7 7
16 1 8
16 2 9
16 3 9
16 4 10
16 5 8
16 6 12
16 7 13
17 1 97
17 2 90
17 3 105
17 4 97
17 5 79
17 6 126
17 7 117
18 1 8
18 2 8
18 3 9
18 4 9
18 5 8
18 6 12
18 7 12
19 1 47
19 2 52
19 3 51
19 4 57
19 5 40
19 6 68
19 7 76
20 1 67
20 2 58
20 3 72
20 4 62
20 5 59
20 6 85
20 7 74
21 1 17
21 2 17
21 3 19
21 4 19
21 5 15
21 6 25
21 7 25
22 1 8
22 2 8
22 3 9
22 4 9
22 5 7
22 6 11
22 7 11
23 1 3
23 2 4
23 3 4
23 4 5
23 5 3
23 6 5
23 7 6
24 1 21
24 2 19
24 3 23
24 4 21
24 5 18
24 6 29
24 7 27
25 1 107
25 2 108
25 3 117
25 4 119
25 5 99
25 6 138
25 7 140
26 1 3
26 2 4
26 3 4
26 4 5
26 5 3
26 6 5
26 7 6
27 1 2
27 2 2
27 3 3
27 4 3
27 5 2
27 6 3
27 7 3
28 1 72
28 2 62
28 3 76
28 4 66
28 5 62
28 6 102
28 7 88

# Energy Consumption
1 1 0
1 2 16
1 3 0
1 4 17
1 5 10
1 6 0
1 7 13
2 1 0
2 2 15
2 3 0
2 4 14
2 5 8
2 6 0
2 7 12
3 1 0
3 2 8
3 3 0
3 4 8
3 5 5
3 6 0
3 7 7
4 1 0
4 2 2
4 3 0
4 4 2
4 5 1
4 6 0
4 7 2
5 1 0
5 2 1
5 3 0
5 4 1
5 5 1
5 6 0
5 7 1
6 1 0
6 2 7
6 3 0
6 4 6
6 5 4
6 6 0
6 7 5
7 1 0
7 2 5
7 3 0
7 4 4
7 5 3
7 6 0
7 7 4
8 1 0
8 2 17
8 3 0
8 4 14
8 5 9
8 6 0
8 7 12
9 1 0
9 2 9
9 3 0
9 4 8
9 5 5
9 6 0
9 7 6
10 1 0
10 2 14
10 3 0
10 4 13
10 5 8
10 6 0
10 7 9
11 1 0
11 2 6
11 3 0
11 4 5
11 5 3
11 6 0
11 7 5
12 1 0
12 2 4
12 3 0
12 4 5
12 5 3
12 6 0
12 7 3
13 1 0
13 2 28
13 3 0
13 4 21
13 5 16
13 6 0
13 7 20
14 1 0
14 2 14
14 3 0
14 4 11
14 5 8
14 6 0
14 7 9
15 1 0
15 2 2
15 3 0
15 4 2
15 5 1
15 6 0
15 7 1
16 1 0
16 2 3
16 3 0
16 4 2
16 5 2
16 6 0
16 7 2
17 1 0
17 2 23
17 3 0
17 4 20
17 5 13
17 6 0
17 7 18
18 1 0
18 2 3
18 3 0
18 4 2
18 5 2
18 6 0
18 7 2
19 1 0
19 2 12
19 3 0
19 4 12
19 5 6
19 6 0
19 7 10
20 1 0
20 2 15
20 3 0
20 4 13
20 5 9
20 6 0
20 7 11
21 1 0
21 2 5
21 3 0
21 4 4
21 5 3
21 6 0
21 7 4
22 1 0
22 2 3
22 3 0
22 4 2
22 5 2
22 6 0
22 7 2
23 1 0
23 2 2
23 3 0
23 4 2
23 5 1
23 6 0
23 7 1
24 1 0
24 2 5
24 3 0
24 4 4
24 5 3
24 6 0
24 7 4
25 1 0
25 2 29
25 3 0
25 4 25
25 5 14
25 6 0
25 7 18
26 1 0
26 2 2
26 3 0
26 4 2
26 5 1
26 6 0
26 7 1
27 1 0
27 2 1
27 3 0
27 4 1
27 5 1
27 6 0
27 7 1
28 1 0
28 2 16
28 3 0
28 4 14
28 5 10
28 6 0
28 7 12

# Precedence Relations
1 3
1 4
1 5
1 8
1 19
1 21
1 22
1 23
1 24
1 26
2 6
2 17
3 28
4 28
5 28
6 7
7 18
8 9
9 10
10 11
10 12
11 15
12 13
13 14
13 16
14 28
15 28
16 28
17 28
18 28
19 20
20 28
21 28
22 28
23 28
24 25
25 28
26 27
27 28

# Parameters
R_e = 0.0500
T = 236.0
C_s = 4.0
C_w = 36.0
C_c = 5.0
