# Tasks
1 2 3 4 5 6 7 8 9 10 11 12 13 14 15 16 17 18 19 20 21 22 23 24 25 26 27 28 29 30 31 32 33 34 35 36 37 38 39 40 41 42 43 44 45 46 47 48 49 50 51 52 53 54 55 56 57 58 59 60 61 62 63 64 65 66 67 68 69 70 71 72 73 74 75 76 77 78 79 80 81 82 83 84 85 86 87 88 89 90 91 92 93 94 95 96 97 98 99 100

# Workstations
1 2 3 4 5 6 7 8 9 10 11 12 13 14 15 16 17 18 19 20 21 22 23 24 25 26 27 28 29 30 31 32 33 34 35 36 37 38 39 40 41 42 43 44 45 46 47 48 49 50 51 52 53 54 55 56 57 58 59 60 61 62 63 64 65 66 67 68 69 70 71 72 73 74 75 76 77 78 79 80 81 82 83 84 85 86 87 88 89 90 91 92 93 94 95 96 97 98 99 100

# Modes
1 2 3 4 5 6 7

# Processing Times
1 1 113
1 2 220
1 3 118
1 4 230
1 5 93
1 6 116
1 7 226
2 1 98
2 2 194
2 3 101
2 4 199
2 5 90
2 6 107
2 7 211
3 1 238
3 2 487
3 3 243
3 4 497
3 5 200
3 6 245
3 7 501
4 1 175
4 2 391
4 3 171
4 4 381
4 5 147
4 6 187
4 7 417
5 1 99
5 2 184
5 3 97
5 4 180
5 5 84
5 6 108
5 7 200
6 1 188
6 2 414
6 3 184
6 4 405
6 5 163
6 6 193
6 7 423
7 1 207
7 2 432
7 3 211
7 4 439
7 5 169
7 6 224
7 7 466
8 1 125
8 2 267
8 3 126
8 4 269
8 5 101
8 6 133
8 7 283
9 1 126
9 2 259
9 3 123
9 4 252
9 5 105
9 6 127
9 7 261
10 1 106
10 2 230
10 3 106
10 4 229
10 5 95
10 6 117
10 7 253
11 1 43
11 2 98
11 3 44
11 4 100
11 5 40
11 6 45
11 7 101
12 1 175
12 2 386
12 3 168
12 4 370
12 5 151
12 6 182
12 7 401
13 1 53
13 2 124
13 3 53
13 4 124
13 5 50
13 6 54
13 7 125
14 1 29
14 2 54
14 3 29
14 4 54
14 5 28
14 6 30
14 7 56
15 1 181
15 2 426
15 3 181
15 4 424
15 5 165
15 6 187
15 7 439
16 1 164
16 2 407
16 3 165
16 4 409
16 5 141
16 6 175
16 7 434
17 1 230
17 2 420
17 3 242
17 4 441
17 5 213
17 6 242
17 7 441
18 1 134
18 2 326
18 3 129
18 4 312
18 5 114
18 6 138
18 7 335
19 1 186
19 2 376
19 3 188
19 4 380
19 5 161
19 6 192
19 7 387
20 1 150
20 2 328
20 3 152
20 4 331
20 5 135
20 6 164
20 7 358
21 1 86
21 2 209
21 3 91
21 4 220
21 5 74
21 6 87
21 7 210
22 1 182
22 2 450
22 3 178
22 4 439
22 5 161
22 6 191
22 7 472
23 1 184
23 2 455
23 3 185
23 4 457
23 5 169
23 6 200
23 7 494
24 1 131
24 2 274
24 3 131
24 4 273
24 5 113
24 6 143
24 7 299
25 1 197
25 2 395
25 3 190
25 4 380
25 5 176
25 6 206
25 7 413
26 1 115
26 2 261
26 3 115
26 4 260
26 5 106
26 6 127
26 7 287
27 1 198
27 2 481
27 3 208
27 4 505
27 5 167
27 6 204
27 7 495
28 1 125
28 2 244
28 3 128
28 4 249
28 5 107
28 6 129
28 7 251
29 1 31
29 2 57
29 3 31
29 4 57
29 5 27
29 6 32
29 7 59
30 1 80
30 2 151
30 3 84
30 4 159
30 5 74
30 6 85
30 7 159
31 1 79
31 2 173
31 3 81
31 4 177
31 5 75
31 6 87
31 7 189
32 1 240
32 2 525
32 3 232
32 4 507
32 5 220
32 6 264
32 7 576
33 1 80
33 2 182
33 3 83
33 4 188
33 5 73
33 6 82
33 7 187
34 1 235
34 2 501
34 3 233
34 4 497
34 5 216
34 6 252
34 7 536
35 1 43
35 2 105
35 3 42
35 4 102
35 5 36
35 6 45
35 7 110
36 1 348
36 2 832
36 3 341
36 4 814
36 5 317
36 6 370
36 7 884
37 1 113
37 2 224
37 3 110
37 4 218
37 5 100
37 6 115
37 7 227
38 1 64
38 2 146
38 3 64
38 4 145
38 5 53
38 6 68
38 7 155
39 1 94
39 2 212
39 3 99
39 4 222
39 5 90
39 6 96
39 7 217
40 1 126
40 2 311
40 3 129
40 4 319
40 5 110
40 6 134
40 7 329
41 1 218
41 2 451
41 3 218
41 4 451
41 5 184
41 6 227
41 7 469
42 1 98
42 2 236
42 3 94
42 4 226
42 5 87
42 6 105
42 7 253
43 1 34
43 2 66
43 3 36
43 4 69
43 5 31
43 6 36
43 7 69
44 1 117
44 2 267
44 3 121
44 4 275
44 5 102
44 6 120
44 7 273
45 1 172
45 2 389
45 3 176
45 4 398
45 5 147
45 6 174
45 7 393
46 1 144
46 2 278
46 3 149
46 4 287
46 5 120
46 6 154
46 7 296
47 1 198
47 2 386
47 3 200
47 4 390
47 5 188
47 6 217
47 7 423
48 1 29
48 2 66
48 3 30
48 4 68
48 5 24
48 6 30
48 7 68
49 1 76
49 2 156
49 3 80
49 4 163
49 5 64
49 6 79
49 7 161
50 1 68
50 2 164
50 3 67
50 4 160
50 5 58
50 6 74
50 7 178
51 1 41
51 2 92
51 3 41
51 4 90
51 5 36
51 6 44
51 7 99
52 1 224
52 2 462
52 3 229
52 4 473
52 5 204
52 6 226
52 7 466
53 1 119
53 2 273
53 3 117
53 4 269
53 5 112
53 6 130
53 7 297
54 1 263
54 2 483
54 3 267
54 4 490
54 5 226
54 6 289
54 7 530
55 1 90
55 2 220
55 3 93
55 4 227
55 5 82
55 6 92
55 7 224
56 1 26
56 2 63
56 3 27
56 4 65
56 5 23
56 6 27
56 7 66
57 1 202
57 2 455
57 3 206
57 4 464
57 5 190
57 6 205
57 7 462
58 1 90
58 2 196
58 3 91
58 4 197
58 5 82
58 6 95
58 7 206
59 1 59
59 2 131
59 3 61
59 4 136
59 5 52
59 6 64
59 7 142
60 1 257
60 2 507
60 3 255
60 4 503
60 5 211
60 6 269
60 7 529
61 1 229
61 2 499
61 3 218
61 4 475
61 5 200
61 6 245
61 7 533
62 1 21
62 2 44
62 3 21
62 4 44
62 5 19
62 6 23
62 7 47
63 1 162
63 2 382
63 3 169
63 4 399
63 5 140
63 6 178
63 7 419
64 1 79
64 2 148
64 3 82
64 4 154
64 5 74
64 6 80
64 7 149
65 1 257
65 2 629
65 3 249
65 4 609
65 5 235
65 6 277
65 7 677
66 1 195
66 2 405
66 3 197
66 4 409
66 5 171
66 6 213
66 7 441
67 1 316
67 2 609
67 3 301
67 4 580
67 5 272
67 6 338
67 7 651
68 1 67
68 2 140
68 3 67
68 4 139
68 5 62
68 6 68
68 7 141
69 1 104
69 2 229
69 3 99
69 4 218
69 5 96
69 6 110
69 7 242
70 1 157
70 2 327
70 3 160
70 4 333
70 5 128
70 6 169
70 7 352
71 1 69
71 2 152
71 3 67
71 4 148
71 5 65
71 6 72
71 7 158
72 1 190
72 2 344
72 3 192
72 4 347
72 5 161
72 6 206
72 7 373
73 1 75
73 2 183
73 3 77
73 4 187
73 5 69
73 6 82
73 7 200
74 1 281
74 2 621
74 3 270
74 4 597
74 5 267
74 6 299
74 7 659
75 1 60
75 2 124
75 3 61
75 4 125
75 5 53
75 6 63
75 7 129
76 1 67
76 2 134
76 3 68
76 4 135
76 5 60
76 6 69
76 7 137
77 1 265
77 2 597
77 3 262
77 4 590
77 5 230
77 6 288
77 7 649
78 1 195
78 2 363
78 3 187
78 4 347
78 5 173
78 6 200
78 7 372
79 1 231
79 2 449
79 3 230
79 4 446
79 5 185
79 6 235
79 7 456
80 1 152
80 2 366
80 3 152
80 4 364
80 5 139
80 6 157
80 7 378
81 1 417
81 2 776
81 3 424
81 4 789
81 5 366
81 6 457
81 7 851
82 1 104
82 2 197
82 3 103
82 4 194
82 5 94
82 6 109
82 7 207
83 1 118
83 2 273
83 3 119
83 4 275
83 5 102
83 6 124
83 7 287
84 1 154
84 2 282
84 3 155
84 4 283
84 5 132
84 6 162
84 7 295
85 1 202
85 2 376
85 3 209
85 4 388
85 5 171
85 6 216
85 7 402
86 1 164
86 2 404
86 3 157
86 4 386
86 5 156
86 6 180
86 7 443
87 1 153
87 2 374
87 3 160
87 4 391
87 5 140
87 6 166
87 7 405
88 1 194
88 2 468
88 3 193
88 4 464
88 5 156
88 6 212
88 7 511
89 1 196
89 2 381
89 3 189
89 4 367
89 5 175
89 6 201
89 7 391
90 1 144
90 2 321
90 3 151
90 4 335
90 5 121
90 6 155
90 7 346
91 1 47
91 2 100
91 3 46
91 4 98
91 5 40
91 6 51
91 7 108
92 1 217
92 2 436
92 3 225
92 4 452
92 5 205
92 6 238
92 7 477
93 1 41
93 2 102
93 3 42
93 4 104
93 5 35
93 6 44
93 7 109
94 1 200
94 2 411
94 3 207
94 4 425
94 5 184
94 6 216
94 7 443
95 1 144
95 2 293
95 3 148
95 4 300
95 5 120
95 6 147
95 7 298
96 1 114
96 2 232
96 3 115
96 4 233
96 5 100
96 6 115
96 7 233
97 1 165
97 2 314
97 3 172
97 4 327
97 5 134
97 6 175
97 7 332
98 1 29
98 2 72
98 3 28
98 4 70
98 5 24
98 6 31
98 7 77
99 1 36
99 2 79
99 3 35
99 4 76
99 5 33
99 6 38
99 7 82
100 1 77
100 2 139
100 3 81
100 4 145
100 5 69
100 6 81
100 7 145

# Energy Consumption
1 1 0
1 2 56
1 3 0
1 4 48
1 5 14
1 6 0
1 7 34
2 1 0
2 2 49
2 3 0
2 4 43
2 5 15
2 6 0
2 7 30
3 1 0
3 2 126
3 3 0
3 4 104
3 5 32
3 6 0
3 7 63
4 1 0
4 2 105
4 3 0
4 4 77
4 5 23
4 6 0
4 7 52
5 1 0
5 2 45
5 3 0
5 4 33
5 5 14
5 6 0
5 7 25
6 1 0
6 2 112
6 3 0
6 4 77
6 5 25
6 6 0
6 7 55
7 1 0
7 2 107
7 3 0
7 4 81
7 5 26
7 6 0
7 7 70
8 1 0
8 2 79
8 3 0
8 4 56
8 5 16
8 6 0
8 7 41
9 1 0
9 2 74
9 3 0
9 4 48
9 5 16
9 6 0
9 7 35
10 1 0
10 2 67
10 3 0
10 4 49
10 5 15
10 6 0
10 7 36
11 1 0
11 2 22
11 3 0
11 4 21
11 5 7
11 6 0
11 7 13
12 1 0
12 2 91
12 3 0
12 4 82
12 5 25
12 6 0
12 7 55
13 1 0
13 2 36
13 3 0
13 4 23
13 5 8
13 6 0
13 7 19
14 1 0
14 2 14
14 3 0
14 4 10
14 5 5
14 6 0
14 7 7
15 1 0
15 2 110
15 3 0
15 4 83
15 5 26
15 6 0
15 7 56
16 1 0
16 2 104
16 3 0
16 4 80
16 5 21
16 6 0
16 7 56
17 1 0
17 2 111
17 3 0
17 4 84
17 5 35
17 6 0
17 7 54
18 1 0
18 2 95
18 3 0
18 4 63
18 5 18
18 6 0
18 7 48
19 1 0
19 2 110
19 3 0
19 4 69
19 5 24
19 6 0
19 7 58
20 1 0
20 2 79
20 3 0
20 4 66
20 5 20
20 6 0
20 7 54
21 1 0
21 2 57
21 3 0
21 4 44
21 5 12
21 6 0
21 7 31
22 1 0
22 2 105
22 3 0
22 4 92
22 5 23
22 6 0
22 7 70
23 1 0
23 2 135
23 3 0
23 4 92
23 5 26
23 6 0
23 7 71
24 1 0
24 2 78
24 3 0
24 4 57
24 5 16
24 6 0
24 7 41
25 1 0
25 2 115
25 3 0
25 4 76
25 5 28
25 6 0
25 7 52
26 1 0
26 2 61
26 3 0
26 4 52
26 5 16
26 6 0
26 7 36
27 1 0
27 2 133
27 3 0
27 4 108
27 5 27
27 6 0
27 7 70
28 1 0
28 2 71
28 3 0
28 4 52
28 5 17
28 6 0
28 7 33
29 1 0
29 2 15
29 3 0
29 4 11
29 5 5
29 6 0
29 7 8
30 1 0
30 2 35
30 3 0
30 4 31
30 5 12
30 6 0
30 7 21
31 1 0
31 2 40
31 3 0
31 4 33
31 5 12
31 6 0
31 7 24
32 1 0
32 2 157
32 3 0
32 4 93
32 5 33
32 6 0
32 7 70
33 1 0
33 2 47
33 3 0
33 4 39
33 5 11
33 6 0
33 7 27
34 1 0
34 2 114
34 3 0
34 4 97
34 5 32
34 6 0
34 7 69
35 1 0
35 2 25
35 3 0
35 4 19
35 5 6
35 6 0
35 7 14
36 1 0
36 2 186
36 3 0
36 4 163
36 5 51
36 6 0
36 7 129
37 1 0
37 2 51
37 3 0
37 4 46
37 5 15
37 6 0
37 7 29
38 1 0
38 2 35
38 3 0
38 4 29
38 5 9
38 6 0
38 7 21
39 1 0
39 2 55
39 3 0
39 4 46
39 5 15
39 6 0
39 7 30
40 1 0
40 2 73
40 3 0
40 4 60
40 5 16
40 6 0
40 7 46
41 1 0
41 2 103
41 3 0
41 4 98
41 5 30
41 6 0
41 7 57
42 1 0
42 2 55
42 3 0
42 4 48
42 5 14
42 6 0
42 7 34
43 1 0
43 2 16
43 3 0
43 4 13
43 5 5
43 6 0
43 7 10
44 1 0
44 2 60
44 3 0
44 4 50
44 5 16
44 6 0
44 7 37
45 1 0
45 2 108
45 3 0
45 4 75
45 5 21
45 6 0
45 7 53
46 1 0
46 2 73
46 3 0
46 4 60
46 5 18
46 6 0
46 7 45
47 1 0
47 2 113
47 3 0
47 4 72
47 5 28
47 6 0
47 7 59
48 1 0
48 2 18
48 3 0
48 4 13
48 5 4
48 6 0
48 7 10
49 1 0
49 2 38
49 3 0
49 4 33
49 5 10
49 6 0
49 7 20
50 1 0
50 2 48
50 3 0
50 4 32
50 5 9
50 6 0
50 7 24
51 1 0
51 2 27
51 3 0
51 4 17
51 5 6
51 6 0
51 7 13
52 1 0
52 2 139
52 3 0
52 4 98
52 5 31
52 6 0
52 7 69
53 1 0
53 2 61
53 3 0
53 4 49
53 5 18
53 6 0
53 7 39
54 1 0
54 2 145
54 3 0
54 4 108
54 5 36
54 6 0
54 7 80
55 1 0
55 2 49
55 3 0
55 4 50
55 5 13
55 6 0
55 7 30
56 1 0
56 2 19
56 3 0
56 4 14
56 5 4
56 6 0
56 7 9
57 1 0
57 2 115
57 3 0
57 4 86
57 5 29
57 6 0
57 7 68
58 1 0
58 2 57
58 3 0
58 4 38
58 5 13
58 6 0
58 7 30
59 1 0
59 2 38
59 3 0
59 4 30
59 5 9
59 6 0
59 7 18
60 1 0
60 2 116
60 3 0
60 4 107
60 5 31
60 6 0
60 7 67
61 1 0
61 2 124
61 3 0
61 4 104
61 5 32
61 6 0
61 7 65
62 1 0
62 2 11
62 3 0
62 4 9
62 5 3
62 6 0
62 7 7
63 1 0
63 2 115
63 3 0
63 4 77
63 5 22
63 6 0
63 7 57
64 1 0
64 2 39
64 3 0
64 4 32
64 5 11
64 6 0
64 7 19
65 1 0
65 2 147
65 3 0
65 4 124
65 5 37
65 6 0
65 7 94
66 1 0
66 2 96
66 3 0
66 4 79
66 5 25
66 6 0
66 7 55
67 1 0
67 2 178
67 3 0
67 4 107
67 5 42
67 6 0
67 7 87
68 1 0
68 2 42
68 3 0
68 4 26
68 5 10
68 6 0
68 7 18
69 1 0
69 2 61
69 3 0
69 4 43
69 5 15
69 6 0
69 7 30
70 1 0
70 2 87
70 3 0
70 4 63
70 5 20
70 6 0
70 7 43
71 1 0
71 2 36
71 3 0
71 4 33
71 5 10
71 6 0
71 7 23
72 1 0
72 2 95
72 3 0
72 4 65
72 5 26
72 6 0
72 7 47
73 1 0
73 2 41
73 3 0
73 4 34
73 5 10
73 6 0
73 7 26
74 1 0
74 2 153
74 3 0
74 4 123
74 5 39
74 6 0
74 7 91
75 1 0
75 2 30
75 3 0
75 4 25
75 5 9
75 6 0
75 7 20
76 1 0
76 2 32
76 3 0
76 4 26
76 5 10
76 6 0
76 7 17
77 1 0
77 2 141
77 3 0
77 4 115
77 5 36
77 6 0
77 7 82
78 1 0
78 2 92
78 3 0
78 4 67
78 5 28
78 6 0
78 7 53
79 1 0
79 2 105
79 3 0
79 4 84
79 5 27
79 6 0
79 7 67
80 1 0
80 2 89
80 3 0
80 4 80
80 5 20
80 6 0
80 7 50
81 1 0
81 2 209
81 3 0
81 4 156
81 5 56
81 6 0
81 7 120
82 1 0
82 2 53
82 3 0
82 4 36
82 5 14
82 6 0
82 7 29
83 1 0
83 2 63
83 3 0
83 4 56
83 5 17
83 6 0
83 7 41
84 1 0
84 2 76
84 3 0
84 4 57
84 5 20
84 6 0
84 7 37
85 1 0
85 2 94
85 3 0
85 4 82
85 5 25
85 6 0
85 7 52
86 1 0
86 2 98
86 3 0
86 4 79
86 5 23
86 6 0
86 7 62
87 1 0
87 2 105
87 3 0
87 4 77
87 5 20
87 6 0
87 7 55
88 1 0
88 2 123
88 3 0
88 4 93
88 5 22
88 6 0
88 7 63
89 1 0
89 2 107
89 3 0
89 4 69
89 5 26
89 6 0
89 7 48
90 1 0
90 2 81
90 3 0
90 4 68
90 5 20
90 6 0
90 7 46
91 1 0
91 2 29
91 3 0
91 4 21
91 5 7
91 6 0
91 7 15
92 1 0
92 2 97
92 3 0
92 4 93
92 5 33
92 6 0
92 7 71
93 1 0
93 2 26
93 3 0
93 4 21
93 5 6
93 6 0
93 7 14
94 1 0
94 2 113
94 3 0
94 4 77
94 5 27
94 6 0
94 7 64
95 1 0
95 2 88
95 3 0
95 4 62
95 5 19
95 6 0
95 7 42
96 1 0
96 2 56
96 3 0
96 4 46
96 5 16
96 6 0
96 7 34
97 1 0
97 2 86
97 3 0
97 4 67
97 5 22
97 6 0
97 7 41
98 1 0
98 2 22
98 3 0
98 4 15
98 5 4
98 6 0
98 7 12
99 1 0
99 2 24
99 3 0
99 4 14
99 5 6
99 6 0
99 7 13
100 1 0
100 2 37
100 3 0
100 4 31
100 5 11
100 6 0
100 7 21

# Precedence Relations
1 41
2 41
3 34
4 10
4 14
5 15
6 16
6 17
6 18
7 13
8 11
8 12
9 19
10 41
11 34
12 34
13 34
14 29
15 22
15 27
16 23
16 26
16 28
16 31
17 24
18 20
18 21
18 25
18 30
20 41
21 41
22 41
23 34
24 34
25 34
26 34
27 35
28 36
29 37
30 32
30 33
30 38
31 39
31 40
32 41
33 41
34 42
34 43
34 44
34 45
35 47
36 46
37 48
41 49
41 50
41 51
41 52
44 56
46 53
48 54
48 55
48 57
49 58
49 59
49 60
50 62
53 61
57 63
58 64
59 65
60 66
61 67
62 68
62 69
62 70
64 73
65 75
66 71
67 72
69 78
70 74
70 76
70 77
70 79
71 82
72 81
74 80
74 84
74 85
79 83
80 87
81 86
82 90
83 88
83 89
83 91
83 92
84 93
86 94
87 96
88 95
90 98
90 100
91 97
92 99

# Parameters
R_e = 0.0500
T = 1000.0
C_s = 4.0
C_w = 36.0
C_c = 5.0
