# Tasks
1 2 3 4 5 6 7 8 9 10 11 12 13 14 15 16 17 18 19 20 21 22 23 24 25 26 27 28 29 30

# Workstations
1 2 3 4 5 6 7 8 9 10 11 12 13 14 15 16 17 18 19 20 21 22 23 24 25 26 27 28 29 30

# Modes
1 2 3 4 5 6 7

# Processing Times
1 1 8
1 2 13
1 3 8
1 4 13
1 5 4
1 6 11
1 7 18
2 1 7
2 2 10
2 3 7
2 4 10
2 5 3
2 6 10
2 7 15
3 1 19
3 2 29
3 3 20
3 4 30
3 5 7
3 6 25
3 7 38
4 1 10
4 2 14
4 3 11
4 4 15
4 5 5
4 6 13
4 7 18
5 1 2
5 2 3
5 3 3
5 4 4
5 5 1
5 6 3
5 7 5
6 1 6
6 2 8
6 3 6
6 4 8
6 5 3
6 6 9
6 7 11
7 1 14
7 2 18
7 3 15
7 4 19
7 5 6
7 6 18
7 7 23
8 1 10
8 2 14
8 3 11
8 4 15
8 5 5
8 6 13
8 7 18
9 1 1
9 2 2
9 3 2
9 4 3
9 5 1
9 6 2
9 7 3
10 1 4
10 2 6
10 3 5
10 4 7
10 5 2
10 6 6
10 7 9
11 1 14
11 2 21
11 3 14
11 4 21
11 5 6
11 6 20
11 7 30
12 1 15
12 2 22
12 3 16
12 4 23
12 5 7
12 6 21
12 7 31
13 1 5
13 2 8
13 3 5
13 4 8
13 5 2
13 6 8
13 7 12
14 1 12
14 2 19
14 3 13
14 4 20
14 5 5
14 6 16
14 7 24
15 1 9
15 2 14
15 3 10
15 4 15
15 5 4
15 6 12
15 7 19
16 1 10
16 2 16
16 3 10
16 4 16
16 5 4
16 6 13
16 7 21
17 1 2
17 2 4
17 3 3
17 4 5
17 5 1
17 6 3
17 7 6
18 1 10
18 2 14
18 3 10
18 4 14
18 5 4
18 6 14
18 7 19
19 1 18
19 2 28
19 3 18
19 4 28
19 5 6
19 6 24
19 7 37
20 1 16
20 2 23
20 3 17
20 4 24
20 5 7
20 6 22
20 7 32
21 1 21
21 2 33
21 3 21
21 4 32
21 5 9
21 6 29
21 7 45
22 1 14
22 2 21
22 3 15
22 4 22
22 5 7
22 6 19
22 7 28
23 1 16
23 2 22
23 3 16
23 4 22
23 5 7
23 6 23
23 7 32
24 1 7
24 2 11
24 3 8
24 4 12
24 5 3
24 6 9
24 7 14
25 1 17
25 2 23
25 3 17
25 4 22
25 5 8
25 6 25
25 7 33
26 1 9
26 2 12
26 3 10
26 4 13
26 5 4
26 6 12
26 7 16
27 1 25
27 2 32
27 3 26
27 4 33
27 5 10
27 6 34
27 7 44
28 1 7
28 2 11
28 3 8
28 4 12
28 5 3
28 6 10
28 7 16
29 1 14
29 2 22
29 3 14
29 4 22
29 5 5
29 6 20
29 7 31
30 1 2
30 2 3
30 3 3
30 4 4
30 5 1
30 6 3
30 7 5

# Energy Consumption
1 1 0
1 2 3
1 3 0
1 4 3
1 5 1
1 6 0
1 7 3
2 1 0
2 2 3
2 3 0
2 4 3
2 5 1
2 6 0
2 7 2
3 1 0
3 2 9
3 3 0
3 4 6
3 5 2
3 6 0
3 7 5
4 1 0
4 2 4
4 3 0
4 4 4
4 5 1
4 6 0
4 7 3
5 1 0
5 2 1
5 3 0
5 4 1
5 5 1
5 6 0
5 7 1
6 1 0
6 2 3
6 3 0
6 4 2
6 5 1
6 6 0
6 7 2
7 1 0
7 2 5
7 3 0
7 4 5
7 5 1
7 6 0
7 7 4
8 1 0
8 2 4
8 3 0
8 4 4
8 5 1
8 6 0
8 7 3
9 1 0
9 2 1
9 3 0
9 4 1
9 5 1
9 6 0
9 7 1
10 1 0
10 2 2
10 3 0
10 4 2
10 5 1
10 6 0
10 7 2
11 1 0
11 2 7
11 3 0
11 4 4
11 5 1
11 6 0
11 7 5
12 1 0
12 2 6
12 3 0
12 4 5
12 5 2
12 6 0
12 7 4
13 1 0
13 2 3
13 3 0
13 4 2
13 5 1
13 6 0
13 7 2
14 1 0
14 2 5
14 3 0
14 4 4
14 5 1
14 6 0
14 7 4
15 1 0
15 2 4
15 3 0
15 4 3
15 5 1
15 6 0
15 7 3
16 1 0
16 2 4
16 3 0
16 4 4
16 5 1
16 6 0
16 7 3
17 1 0
17 2 2
17 3 0
17 4 1
17 5 1
17 6 0
17 7 1
18 1 0
18 2 4
18 3 0
18 4 4
18 5 1
18 6 0
18 7 3
19 1 0
19 2 8
19 3 0
19 4 6
19 5 1
19 6 0
19 7 6
20 1 0
20 2 7
20 3 0
20 4 5
20 5 2
20 6 0
20 7 4
21 1 0
21 2 9
21 3 0
21 4 7
21 5 2
21 6 0
21 7 6
22 1 0
22 2 5
22 3 0
22 4 5
22 5 1
22 6 0
22 7 5
23 1 0
23 2 6
23 3 0
23 4 5
23 5 1
23 6 0
23 7 5
24 1 0
24 2 3
24 3 0
24 4 3
24 5 1
24 6 0
24 7 2
25 1 0
25 2 6
25 3 0
25 4 5
25 5 2
25 6 0
25 7 5
26 1 0
26 2 3
26 3 0
26 4 3
26 5 1
26 6 0
26 7 2
27 1 0
27 2 10
27 3 0
27 4 7
27 5 2
27 6 0
27 7 7
28 1 0
28 2 3
28 3 0
28 4 3
28 5 1
28 6 0
28 7 2
29 1 0
29 2 7
29 3 0
29 4 5
29 5 1
29 6 0
29 7 5
30 1 0
30 2 1
30 3 0
30 4 1
30 5 1
30 6 0
30 7 1

# Precedence Relations
1 4
1 5
2 11
2 12
3 16
3 17
4 7
5 6
6 7
7 8
8 9
9 26
10 24
12 13
13 14
14 15
14 20
15 22
16 20
17 18
18 19
20 21
20 24
21 22
22 23
23 27
24 25
25 26
26 27
27 28
27 29
29 30

# Parameters
R_e = 0.0500
T = 200.0
C_s = 4.0
C_w = 36.0
C_c = 5.0
