# Tasks
1 2 3 4 5 6 7 8 9 10 11 12 13 14 15 16 17 18 19 20 21 22 23 24 25 26 27 28 29 30

# Workstations
1 2 3 4 5 6 7 8 9 10 11 12 13 14 15 16 17 18 19 20 21 22 23 24 25 26 27 28 29 30

# Modes
1 2 3 4 5 6 7

# Processing Times
1 1 8
1 2 20
1 3 8
1 4 19
1 5 5
1 6 11
1 7 27
2 1 7
2 2 17
2 3 7
2 4 16
2 5 5
2 6 10
2 7 25
3 1 19
3 2 45
3 3 17
3 4 40
3 5 12
3 6 26
3 7 61
4 1 10
4 2 23
4 3 10
4 4 22
4 5 7
4 6 14
4 7 30
5 1 2
5 2 4
5 3 2
5 4 4
5 5 2
5 6 3
5 7 6
6 1 6
6 2 14
6 3 6
6 4 14
6 5 4
6 6 8
6 7 19
7 1 14
7 2 32
7 3 13
7 4 28
7 5 9
7 6 19
7 7 42
8 1 10
8 2 20
8 3 9
8 4 18
8 5 7
8 6 13
8 7 26
9 1 1
9 2 2
9 3 1
9 4 2
9 5 1
9 6 2
9 7 3
10 1 4
10 2 8
10 3 4
10 4 8
10 5 3
10 6 6
10 7 11
11 1 14
11 2 30
11 3 14
11 4 28
11 5 8
11 6 18
11 7 39
12 1 15
12 2 28
12 3 15
12 4 27
12 5 9
12 6 20
12 7 36
13 1 5
13 2 11
13 3 5
13 4 10
13 5 4
13 6 8
13 7 16
14 1 12
14 2 25
14 3 11
14 4 23
14 5 9
14 6 17
14 7 36
15 1 9
15 2 23
15 3 8
15 4 21
15 5 6
15 6 13
15 7 34
16 1 10
16 2 20
16 3 9
16 4 18
16 5 7
16 6 13
16 7 26
17 1 2
17 2 4
17 3 2
17 4 4
17 5 2
17 6 3
17 7 6
18 1 10
18 2 25
18 3 9
18 4 23
18 5 7
18 6 14
18 7 34
19 1 18
19 2 33
19 3 17
19 4 31
19 5 13
19 6 27
19 7 48
20 1 16
20 2 36
20 3 15
20 4 33
20 5 11
20 6 23
20 7 51
21 1 21
21 2 48
21 3 19
21 4 42
21 5 15
21 6 27
21 7 61
22 1 14
22 2 34
22 3 14
22 4 33
22 5 10
22 6 20
22 7 48
23 1 16
23 2 35
23 3 15
23 4 31
23 5 10
23 6 23
23 7 50
24 1 7
24 2 18
24 3 7
24 4 16
24 5 4
24 6 11
24 7 26
25 1 17
25 2 31
25 3 15
25 4 28
25 5 11
25 6 24
25 7 44
26 1 9
26 2 20
26 3 9
26 4 19
26 5 7
26 6 13
26 7 28
27 1 25
27 2 57
27 3 24
27 4 54
27 5 15
27 6 36
27 7 81
28 1 7
28 2 16
28 3 7
28 4 15
28 5 5
28 6 10
28 7 22
29 1 14
29 2 31
29 3 13
29 4 27
29 5 10
29 6 18
29 7 40
30 1 2
30 2 5
30 3 2
30 4 5
30 5 2
30 6 3
30 7 8

# Energy Consumption
1 1 0
1 2 6
1 3 0
1 4 4
1 5 1
1 6 0
1 7 4
2 1 0
2 2 4
2 3 0
2 4 4
2 5 1
2 6 0
2 7 4
3 1 0
3 2 12
3 3 0
3 4 9
3 5 2
3 6 0
3 7 9
4 1 0
4 2 6
4 3 0
4 4 5
4 5 2
4 6 0
4 7 4
5 1 0
5 2 1
5 3 0
5 4 1
5 5 1
5 6 0
5 7 1
6 1 0
6 2 4
6 3 0
6 4 4
6 5 1
6 6 0
6 7 3
7 1 0
7 2 9
7 3 0
7 4 6
7 5 2
7 6 0
7 7 6
8 1 0
8 2 6
8 3 0
8 4 4
8 5 1
8 6 0
8 7 4
9 1 0
9 2 1
9 3 0
9 4 1
9 5 1
9 6 0
9 7 1
10 1 0
10 2 3
10 3 0
10 4 2
10 5 1
10 6 0
10 7 2
11 1 0
11 2 8
11 3 0
11 4 6
11 5 2
11 6 0
11 7 5
12 1 0
12 2 7
12 3 0
12 4 6
12 5 2
12 6 0
12 7 5
13 1 0
13 2 4
13 3 0
13 4 2
13 5 1
13 6 0
13 7 3
14 1 0
14 2 8
14 3 0
14 4 5
14 5 2
14 6 0
14 7 6
15 1 0
15 2 6
15 3 0
15 4 4
15 5 1
15 6 0
15 7 5
16 1 0
16 2 5
16 3 0
16 4 4
16 5 2
16 6 0
16 7 4
17 1 0
17 2 2
17 3 0
17 4 1
17 5 1
17 6 0
17 7 1
18 1 0
18 2 7
18 3 0
18 4 5
18 5 2
18 6 0
18 7 5
19 1 0
19 2 9
19 3 0
19 4 6
19 5 3
19 6 0
19 7 7
20 1 0
20 2 10
20 3 0
20 4 7
20 5 2
20 6 0
20 7 8
21 1 0
21 2 13
21 3 0
21 4 10
21 5 3
21 6 0
21 7 9
22 1 0
22 2 10
22 3 0
22 4 7
22 5 2
22 6 0
22 7 7
23 1 0
23 2 10
23 3 0
23 4 7
23 5 2
23 6 0
23 7 7
24 1 0
24 2 5
24 3 0
24 4 4
24 5 1
24 6 0
24 7 4
25 1 0
25 2 9
25 3 0
25 4 6
25 5 2
25 6 0
25 7 7
26 1 0
26 2 6
26 3 0
26 4 4
26 5 2
26 6 0
26 7 5
27 1 0
27 2 14
27 3 0
27 4 10
27 5 3
27 6 0
27 7 12
28 1 0
28 2 4
28 3 0
28 4 3
28 5 1
28 6 0
28 7 4
29 1 0
29 2 9
29 3 0
29 4 6
29 5 2
29 6 0
29 7 5
30 1 0
30 2 2
30 3 0
30 4 1
30 5 1
30 6 0
30 7 2

# Precedence Relations
1 4
1 5
2 11
2 12
3 16
3 17
4 7
5 6
6 7
7 8
8 9
9 26
10 24
12 13
13 14
14 15
14 20
15 22
16 20
17 18
18 19
20 21
20 24
21 22
22 23
23 27
24 25
25 26
26 27
27 28
27 29
29 30

# Parameters
R_e = 0.0500
T = 200.0
C_s = 4.0
C_w = 36.0
C_c = 5.0
