# Tasks
1 2 3 4 5 6 7 8 9 10 11 12 13 14 15 16 17 18 19 20

# Workstations
1 2 3 4 5 6 7 8 9 10 11 12 13 14 15 16 17 18 19 20

# Modes
1 2 3 4 5 6 7

# Processing Times
1 1 210
1 2 273
1 3 229
1 4 297
1 5 136
1 6 227
1 7 295
2 1 169
2 2 220
2 3 184
2 4 239
2 5 110
2 6 183
2 7 237
3 1 191
3 2 248
3 3 208
3 4 270
3 5 124
3 6 206
3 7 268
4 1 141
4 2 183
4 3 154
4 4 199
4 5 92
4 6 152
4 7 198
5 1 66
5 2 86
5 3 72
5 4 94
5 5 43
5 6 72
5 7 93
6 1 117
6 2 152
6 3 128
6 4 166
6 5 76
6 6 127
6 7 164
7 1 232
7 2 301
7 3 252
7 4 327
7 5 151
7 6 250
7 7 325
8 1 39
8 2 51
8 3 43
8 4 56
8 5 26
8 6 43
8 7 55
9 1 164
9 2 213
9 3 179
9 4 232
9 5 107
9 6 177
9 7 230
10 1 167
10 2 217
10 3 182
10 4 236
10 5 109
10 6 180
10 7 234
11 1 120
11 2 156
11 3 131
11 4 170
11 5 78
11 6 130
11 7 169
12 1 33
12 2 43
12 3 36
12 4 47
12 5 22
12 6 36
12 7 47
13 1 35
13 2 46
13 3 39
13 4 50
13 5 23
13 6 38
13 7 50
14 1 255
14 2 331
14 3 277
14 4 360
14 5 166
14 6 275
14 7 357
15 1 134
15 2 174
15 3 146
15 4 189
15 5 87
15 6 145
15 7 188
16 1 275
16 2 357
16 3 299
16 4 388
16 5 179
16 6 297
16 7 385
17 1 22
17 2 29
17 3 24
17 4 32
17 5 15
17 6 24
17 7 32
18 1 110
18 2 143
18 3 120
18 4 156
18 5 72
18 6 119
18 7 155
19 1 218
19 2 283
19 3 237
19 4 308
19 5 142
19 6 235
19 7 305
20 1 94
20 2 122
20 3 103
20 4 133
20 5 61
20 6 102
20 7 132

# Energy Consumption
1 1 0
1 2 66
1 3 0
1 4 62
1 5 22
1 6 0
1 7 43
2 1 0
2 2 56
2 3 0
2 4 48
2 5 17
2 6 0
2 7 34
3 1 0
3 2 70
3 3 0
3 4 53
3 5 20
3 6 0
3 7 37
4 1 0
4 2 46
4 3 0
4 4 44
4 5 13
4 6 0
4 7 29
5 1 0
5 2 21
5 3 0
5 4 20
5 5 7
5 6 0
5 7 13
6 1 0
6 2 34
6 3 0
6 4 36
6 5 12
6 6 0
6 7 23
7 1 0
7 2 68
7 3 0
7 4 71
7 5 22
7 6 0
7 7 46
8 1 0
8 2 13
8 3 0
8 4 12
8 5 4
8 6 0
8 7 8
9 1 0
9 2 57
9 3 0
9 4 50
9 5 17
9 6 0
9 7 35
10 1 0
10 2 62
10 3 0
10 4 49
10 5 17
10 6 0
10 7 33
11 1 0
11 2 35
11 3 0
11 4 32
11 5 12
11 6 0
11 7 25
12 1 0
12 2 11
12 3 0
12 4 11
12 5 4
12 6 0
12 7 7
13 1 0
13 2 12
13 3 0
13 4 10
13 5 4
13 6 0
13 7 7
14 1 0
14 2 98
14 3 0
14 4 73
14 5 26
14 6 0
14 7 48
15 1 0
15 2 45
15 3 0
15 4 35
15 5 14
15 6 0
15 7 23
16 1 0
16 2 101
16 3 0
16 4 83
16 5 28
16 6 0
16 7 50
17 1 0
17 2 8
17 3 0
17 4 7
17 5 3
17 6 0
17 7 5
18 1 0
18 2 35
18 3 0
18 4 32
18 5 12
18 6 0
18 7 20
19 1 0
19 2 78
19 3 0
19 4 63
19 5 23
19 6 0
19 7 46
20 1 0
20 2 32
20 3 0
20 4 30
20 5 10
20 6 0
20 7 17

# Precedence Relations
1 9
2 3
2 4
2 5
3 9
4 7
4 8
5 6
6 9
7 9
8 10
8 11
8 12
9 13
9 14
9 15
9 16
9 17
13 20
14 18
15 19
16 18
16 19
17 19

# Parameters
R_e = 0.0500
T = 1000.0
C_s = 4.0
C_w = 36.0
C_c = 5.0
