# Tasks
1 2 3 4 5 6 7 8 9 10 11 12 13 14 15 16 17 18 19 20 21 22 23 24 25 26 27 28 29 30 31 32 33 34 35 36 37 38 39 40 41 42 43 44 45 46 47 48 49 50

# Workstations
1 2 3 4 5 6 7 8 9 10 11 12 13 14 15 16 17 18 19 20 21 22 23 24 25 26 27 28 29 30 31 32 33 34 35 36 37 38 39 40 41 42 43 44 45 46 47 48 49 50

# Modes
1 2 3 4 5 6 7

# Processing Times
1 1 68
1 2 133
1 3 66
1 4 129
1 5 61
1 6 72
1 7 140
2 1 348
2 2 688
2 3 358
2 4 707
2 5 298
2 6 374
2 7 739
3 1 107
3 2 219
3 3 105
3 4 214
3 5 97
3 6 118
3 7 240
4 1 110
4 2 246
4 3 108
4 4 241
4 5 89
4 6 115
4 7 256
5 1 49
5 2 91
5 3 48
5 4 89
5 5 46
5 6 53
5 7 98
6 1 124
6 2 273
6 3 124
6 4 272
6 5 116
6 6 129
6 7 283
7 1 197
7 2 411
7 3 189
7 4 395
7 5 177
7 6 215
7 7 449
8 1 289
8 2 618
8 3 276
8 4 589
8 5 255
8 6 310
8 7 663
9 1 76
9 2 157
9 3 74
9 4 153
9 5 68
9 6 80
9 7 165
10 1 163
10 2 354
10 3 165
10 4 358
10 5 137
10 6 166
10 7 359
11 1 193
11 2 439
11 3 200
11 4 454
11 5 171
11 6 203
11 7 461
12 1 34
12 2 75
12 3 34
12 4 75
12 5 30
12 6 37
12 7 80
13 1 208
13 2 483
13 3 216
13 4 500
13 5 192
13 6 217
13 7 504
14 1 148
14 2 271
14 3 155
14 4 284
14 5 121
14 6 161
14 7 295
15 1 197
15 2 464
15 3 202
15 4 475
15 5 185
15 6 212
15 7 499
16 1 129
16 2 320
16 3 128
16 4 316
16 5 111
16 6 136
16 7 336
17 1 187
17 2 341
17 3 194
17 4 353
17 5 155
17 6 195
17 7 355
18 1 105
18 2 256
18 3 103
18 4 252
18 5 91
18 6 114
18 7 276
19 1 114
19 2 231
19 3 114
19 4 229
19 5 101
19 6 124
19 7 250
20 1 24
20 2 53
20 3 25
20 4 54
20 5 21
20 6 25
20 7 54
21 1 200
21 2 484
21 3 197
21 4 476
21 5 178
21 6 218
21 7 526
22 1 132
22 2 327
22 3 133
22 4 329
22 5 106
22 6 137
22 7 338
23 1 184
23 2 455
23 3 190
23 4 468
23 5 173
23 6 198
23 7 488
24 1 307
24 2 642
24 3 305
24 4 637
24 5 273
24 6 338
24 7 707
25 1 266
25 2 533
25 3 269
25 4 538
25 5 228
25 6 281
25 7 563
26 1 96
26 2 218
26 3 99
26 4 224
26 5 81
26 6 102
26 7 231
27 1 262
27 2 637
27 3 257
27 4 624
27 5 235
27 6 274
27 7 666
28 1 122
28 2 238
28 3 121
28 4 235
28 5 100
28 6 129
28 7 252
29 1 65
29 2 119
29 3 64
29 4 117
29 5 54
29 6 66
29 7 120
30 1 271
30 2 509
30 3 280
30 4 525
30 5 253
30 6 291
30 7 547
31 1 202
31 2 440
31 3 211
31 4 460
31 5 165
31 6 213
31 7 463
32 1 26
32 2 57
32 3 27
32 4 59
32 5 22
32 6 28
32 7 61
33 1 57
33 2 130
33 3 59
33 4 133
33 5 52
33 6 60
33 7 136
34 1 220
34 2 469
34 3 227
34 4 483
34 5 178
34 6 228
34 7 486
35 1 119
35 2 290
35 3 116
35 4 282
35 5 97
35 6 123
35 7 299
36 1 198
36 2 474
36 3 203
36 4 485
36 5 187
36 6 218
36 7 522
37 1 253
37 2 501
37 3 255
37 4 504
37 5 238
37 6 272
37 7 539
38 1 209
38 2 477
38 3 201
38 4 458
38 5 195
38 6 210
38 7 479
39 1 110
39 2 248
39 3 116
39 4 261
39 5 92
39 6 117
39 7 264
40 1 33
40 2 82
40 3 33
40 4 82
40 5 30
40 6 34
40 7 84
41 1 93
41 2 193
41 3 91
41 4 189
41 5 81
41 6 95
41 7 197
42 1 66
42 2 159
42 3 67
42 4 161
42 5 56
42 6 73
42 7 175
43 1 93
43 2 179
43 3 95
43 4 183
43 5 88
43 6 96
43 7 185
44 1 58
44 2 133
44 3 58
44 4 133
44 5 50
44 6 63
44 7 144
45 1 223
45 2 504
45 3 220
45 4 496
45 5 190
45 6 228
45 7 515
46 1 40
46 2 78
46 3 39
46 4 76
46 5 34
46 6 43
46 7 83
47 1 298
47 2 580
47 3 313
47 4 609
47 5 245
47 6 300
47 7 584
48 1 239
48 2 544
48 3 232
48 4 526
48 5 226
48 6 242
48 7 550
49 1 170
49 2 349
49 3 166
49 4 340
49 5 150
49 6 182
49 7 374
50 1 27
50 2 65
50 3 27
50 4 64
50 5 22
50 6 29
50 7 70

# Energy Consumption
1 1 0
1 2 34
1 3 0
1 4 27
1 5 10
1 6 0
1 7 21
2 1 0
2 2 173
2 3 0
2 4 152
2 5 48
2 6 0
2 7 105
3 1 0
3 2 57
3 3 0
3 4 45
3 5 16
3 6 0
3 7 31
4 1 0
4 2 66
4 3 0
4 4 49
4 5 14
4 6 0
4 7 32
5 1 0
5 2 23
5 3 0
5 4 17
5 5 8
5 6 0
5 7 12
6 1 0
6 2 74
6 3 0
6 4 52
6 5 18
6 6 0
6 7 37
7 1 0
7 2 102
7 3 0
7 4 73
7 5 27
7 6 0
7 7 68
8 1 0
8 2 181
8 3 0
8 4 122
8 5 39
8 6 0
8 7 95
9 1 0
9 2 45
9 3 0
9 4 29
9 5 10
9 6 0
9 7 22
10 1 0
10 2 102
10 3 0
10 4 77
10 5 22
10 6 0
10 7 51
11 1 0
11 2 97
11 3 0
11 4 96
11 5 28
11 6 0
11 7 56
12 1 0
12 2 18
12 3 0
12 4 17
12 5 5
12 6 0
12 7 11
13 1 0
13 2 139
13 3 0
13 4 93
13 5 30
13 6 0
13 7 75
14 1 0
14 2 70
14 3 0
14 4 53
14 5 19
14 6 0
14 7 36
15 1 0
15 2 120
15 3 0
15 4 93
15 5 29
15 6 0
15 7 64
16 1 0
16 2 82
16 3 0
16 4 62
16 5 17
16 6 0
16 7 43
17 1 0
17 2 90
17 3 0
17 4 68
17 5 25
17 6 0
17 7 43
18 1 0
18 2 75
18 3 0
18 4 51
18 5 14
18 6 0
18 7 40
19 1 0
19 2 68
19 3 0
19 4 42
19 5 15
19 6 0
19 7 38
20 1 0
20 2 13
20 3 0
20 4 11
20 5 3
20 6 0
20 7 9
21 1 0
21 2 131
21 3 0
21 4 95
21 5 28
21 6 0
21 7 77
22 1 0
22 2 76
22 3 0
22 4 69
22 5 15
22 6 0
22 7 50
23 1 0
23 2 135
23 3 0
23 4 94
23 5 26
23 6 0
23 7 70
24 1 0
24 2 182
24 3 0
24 4 132
24 5 39
24 6 0
24 7 97
25 1 0
25 2 155
25 3 0
25 4 108
25 5 36
25 6 0
25 7 70
26 1 0
26 2 51
26 3 0
26 4 45
26 5 13
26 6 0
26 7 29
27 1 0
27 2 175
27 3 0
27 4 133
27 5 37
27 6 0
27 7 94
28 1 0
28 2 69
28 3 0
28 4 49
28 5 16
28 6 0
28 7 33
29 1 0
29 2 32
29 3 0
29 4 23
29 5 9
29 6 0
29 7 16
30 1 0
30 2 115
30 3 0
30 4 100
30 5 39
30 6 0
30 7 71
31 1 0
31 2 101
31 3 0
31 4 86
31 5 25
31 6 0
31 7 58
32 1 0
32 2 18
32 3 0
32 4 11
32 5 4
32 6 0
32 7 8
33 1 0
33 2 34
33 3 0
33 4 28
33 5 8
33 6 0
33 7 20
34 1 0
34 2 106
34 3 0
34 4 94
34 5 26
34 6 0
34 7 62
35 1 0
35 2 67
35 3 0
35 4 53
35 5 14
35 6 0
35 7 37
36 1 0
36 2 106
36 3 0
36 4 97
36 5 30
36 6 0
36 7 76
37 1 0
37 2 115
37 3 0
37 4 105
37 5 34
37 6 0
37 7 68
38 1 0
38 2 115
38 3 0
38 4 90
38 5 31
38 6 0
38 7 65
39 1 0
39 2 64
39 3 0
39 4 54
39 5 15
39 6 0
39 7 36
40 1 0
40 2 20
40 3 0
40 4 16
40 5 5
40 6 0
40 7 12
41 1 0
41 2 45
41 3 0
41 4 41
41 5 13
41 6 0
41 7 24
42 1 0
42 2 37
42 3 0
42 4 34
42 5 9
42 6 0
42 7 24
43 1 0
43 2 42
43 3 0
43 4 34
43 5 14
43 6 0
43 7 26
44 1 0
44 2 30
44 3 0
44 4 24
44 5 8
44 6 0
44 7 20
45 1 0
45 2 140
45 3 0
45 4 94
45 5 27
45 6 0
45 7 69
46 1 0
46 2 21
46 3 0
46 4 16
46 5 6
46 6 0
46 7 13
47 1 0
47 2 169
47 3 0
47 4 113
47 5 36
47 6 0
47 7 81
48 1 0
48 2 144
48 3 0
48 4 98
48 5 35
48 6 0
48 7 78
49 1 0
49 2 84
49 3 0
49 4 69
49 5 23
49 6 0
49 7 47
50 1 0
50 2 19
50 3 0
50 4 13
50 5 4
50 6 0
50 7 10

# Precedence Relations
1 9
2 8
2 12
3 7
3 11
4 6
5 10
5 16
6 32
7 32
8 13
9 14
10 23
11 15
12 16
12 17
12 18
12 19
13 21
14 20
15 22
15 23
15 26
18 24
18 25
20 32
21 27
22 28
24 31
25 29
26 30
27 32
28 34
29 33
29 35
30 36
30 37
32 38
32 39
32 40
32 41
33 43
34 42
35 44
37 45
38 48
41 49
42 46
43 47
45 48
45 50

# Parameters
R_e = 0.0500
T = 1000.0
C_s = 4.0
C_w = 36.0
C_c = 5.0
