# Tasks
1 2 3 4 5 6 7 8 9 10 11 12 13 14 15 16 17 18 19 20 21 22 23 24 25 26 27 28 29 30 31 32 33 34 35 36 37 38 39 40 41 42 43 44 45 46 47 48 49 50

# Workstations
1 2 3 4 5 6 7 8 9 10 11 12 13 14 15 16 17 18 19 20 21 22 23 24 25 26 27 28 29 30 31 32 33 34 35 36 37 38 39 40 41 42 43 44 45 46 47 48 49 50

# Modes
1 2 3 4 5 6 7

# Processing Times
1 1 44
1 2 68
1 3 42
1 4 65
1 5 41
1 6 49
1 7 76
2 1 83
2 2 113
2 3 78
2 4 106
2 5 71
2 6 104
2 7 141
3 1 495
3 2 639
3 3 464
3 4 599
3 5 451
3 6 551
3 7 711
4 1 256
4 2 393
4 3 236
4 4 363
4 5 240
4 6 296
4 7 454
5 1 109
5 2 135
5 3 102
5 4 126
5 5 94
5 6 123
5 7 152
6 1 224
6 2 299
6 3 201
6 4 268
6 5 183
6 6 247
6 7 330
7 1 297
7 2 367
7 3 279
7 4 344
7 5 267
7 6 358
7 7 443
8 1 30
8 2 44
8 3 28
8 4 41
8 5 26
8 6 36
8 7 53
9 1 105
9 2 134
9 3 91
9 4 116
9 5 91
9 6 120
9 7 153
10 1 432
10 2 682
10 3 389
10 4 613
10 5 348
10 6 500
10 7 790
11 1 264
11 2 343
11 3 243
11 4 316
11 5 227
11 6 318
11 7 413
12 1 104
12 2 156
12 3 95
12 4 142
12 5 84
12 6 115
12 7 173
13 1 240
13 2 366
13 3 228
13 4 348
13 5 199
13 6 271
13 7 414
14 1 128
14 2 184
14 3 111
14 4 160
14 5 114
14 6 156
14 7 223
15 1 92
15 2 136
15 3 80
15 4 119
15 5 88
15 6 109
15 7 161
16 1 69
16 2 99
16 3 65
16 4 93
16 5 56
16 6 77
16 7 111
17 1 110
17 2 133
17 3 103
17 4 124
17 5 90
17 6 122
17 7 148
18 1 335
18 2 518
18 3 318
18 4 492
18 5 301
18 6 405
18 7 625
19 1 109
19 2 156
19 3 101
19 4 144
19 5 98
19 6 127
19 7 182
20 1 26
20 2 36
20 3 23
20 4 31
20 5 25
20 6 33
20 7 45
21 1 158
21 2 191
21 3 142
21 4 171
21 5 147
21 6 178
21 7 215
22 1 66
22 2 80
22 3 61
22 4 73
22 5 59
22 6 82
22 7 100
23 1 480
23 2 620
23 3 430
23 4 556
23 5 401
23 6 541
23 7 699
24 1 53
24 2 72
24 3 49
24 4 66
24 5 44
24 6 67
24 7 90
25 1 578
25 2 747
25 3 529
25 4 684
25 5 545
25 6 718
25 7 928
26 1 292
26 2 359
26 3 264
26 4 325
26 5 236
26 6 364
26 7 448
27 1 188
27 2 286
27 3 175
27 4 267
27 5 162
27 6 218
27 7 331
28 1 94
28 2 120
28 3 84
28 4 107
28 5 89
28 6 112
28 7 143
29 1 150
29 2 222
29 3 142
29 4 210
29 5 125
29 6 172
29 7 255
30 1 179
30 2 230
30 3 159
30 4 204
30 5 156
30 6 216
30 7 277
31 1 442
31 2 683
31 3 376
31 4 581
31 5 358
31 6 546
31 7 844
32 1 193
32 2 244
32 3 166
32 4 210
32 5 178
32 6 228
32 7 289
33 1 49
33 2 65
33 3 46
33 4 62
33 5 42
33 6 55
33 7 73
34 1 143
34 2 197
34 3 133
34 4 183
34 5 115
34 6 172
34 7 236
35 1 89
35 2 142
35 3 80
35 4 127
35 5 76
35 6 106
35 7 168
36 1 259
36 2 330
36 3 224
36 4 285
36 5 214
36 6 292
36 7 372
37 1 185
37 2 293
37 3 176
37 4 278
37 5 167
37 6 223
37 7 353
38 1 280
38 2 367
38 3 266
38 4 349
38 5 266
38 6 350
38 7 458
39 1 424
39 2 624
39 3 378
39 4 556
39 5 401
39 6 468
39 7 689
40 1 33
40 2 43
40 3 31
40 4 41
40 5 27
40 6 37
40 7 48
41 1 172
41 2 235
41 3 160
41 4 218
41 5 158
41 6 197
41 7 269
42 1 171
42 2 239
42 3 156
42 4 218
42 5 152
42 6 193
42 7 270
43 1 169
43 2 247
43 3 160
43 4 234
43 5 145
43 6 197
43 7 287
44 1 327
44 2 474
44 3 290
44 4 420
44 5 302
44 6 397
44 7 575
45 1 482
45 2 770
45 3 451
45 4 720
45 5 458
45 6 532
45 7 850
46 1 287
46 2 425
46 3 252
46 4 373
46 5 250
46 6 347
46 7 514
47 1 83
47 2 121
47 3 78
47 4 114
47 5 67
47 6 94
47 7 137
48 1 425
48 2 582
48 3 397
48 4 544
48 5 380
48 6 520
48 7 712
49 1 152
49 2 242
49 3 137
49 4 218
49 5 139
49 6 171
49 7 272
50 1 374
50 2 536
50 3 337
50 4 483
50 5 326
50 6 420
50 7 602

# Energy Consumption
1 1 0
1 2 16
1 3 0
1 4 15
1 5 7
1 6 0
1 7 11
2 1 0
2 2 28
2 3 0
2 4 22
2 5 11
2 6 0
2 7 21
3 1 0
3 2 181
3 3 0
3 4 109
3 5 64
3 6 0
3 7 97
4 1 0
4 2 111
4 3 0
4 4 77
4 5 37
4 6 0
4 7 63
5 1 0
5 2 35
5 3 0
5 4 24
5 5 14
5 6 0
5 7 23
6 1 0
6 2 72
6 3 0
6 4 55
6 5 29
6 6 0
6 7 49
7 1 0
7 2 93
7 3 0
7 4 70
7 5 42
7 6 0
7 7 65
8 1 0
8 2 11
8 3 0
8 4 9
8 5 4
8 6 0
8 7 8
9 1 0
9 2 37
9 3 0
9 4 26
9 5 14
9 6 0
9 7 22
10 1 0
10 2 177
10 3 0
10 4 133
10 5 52
10 6 0
10 7 118
11 1 0
11 2 100
11 3 0
11 4 63
11 5 36
11 6 0
11 7 52
12 1 0
12 2 40
12 3 0
12 4 31
12 5 13
12 6 0
12 7 26
13 1 0
13 2 99
13 3 0
13 4 75
13 5 29
13 6 0
13 7 56
14 1 0
14 2 42
14 3 0
14 4 35
14 5 17
14 6 0
14 7 29
15 1 0
15 2 33
15 3 0
15 4 25
15 5 14
15 6 0
15 7 24
16 1 0
16 2 22
16 3 0
16 4 21
16 5 9
16 6 0
16 7 14
17 1 0
17 2 39
17 3 0
17 4 23
17 5 14
17 6 0
17 7 21
18 1 0
18 2 151
18 3 0
18 4 93
18 5 46
18 6 0
18 7 91
19 1 0
19 2 37
19 3 0
19 4 27
19 5 14
19 6 0
19 7 24
20 1 0
20 2 9
20 3 0
20 4 7
20 5 4
20 6 0
20 7 7
21 1 0
21 2 48
21 3 0
21 4 32
21 5 24
21 6 0
21 7 27
22 1 0
22 2 22
22 3 0
22 4 16
22 5 9
22 6 0
22 7 15
23 1 0
23 2 182
23 3 0
23 4 110
23 5 63
23 6 0
23 7 98
24 1 0
24 2 20
24 3 0
24 4 14
24 5 7
24 6 0
24 7 13
25 1 0
25 2 170
25 3 0
25 4 134
25 5 87
25 6 0
25 7 120
26 1 0
26 2 91
26 3 0
26 4 66
26 5 35
26 6 0
26 7 62
27 1 0
27 2 83
27 3 0
27 4 58
27 5 25
27 6 0
27 7 49
28 1 0
28 2 32
28 3 0
28 4 22
28 5 14
28 6 0
28 7 21
29 1 0
29 2 61
29 3 0
29 4 47
29 5 18
29 6 0
29 7 37
30 1 0
30 2 58
30 3 0
30 4 41
30 5 24
30 6 0
30 7 39
31 1 0
31 2 195
31 3 0
31 4 118
31 5 57
31 6 0
31 7 122
32 1 0
32 2 59
32 3 0
32 4 45
32 5 26
32 6 0
32 7 41
33 1 0
33 2 18
33 3 0
33 4 13
33 5 7
33 6 0
33 7 10
34 1 0
34 2 58
34 3 0
34 4 37
34 5 17
34 6 0
34 7 33
35 1 0
35 2 38
35 3 0
35 4 25
35 5 12
35 6 0
35 7 21
36 1 0
36 2 78
36 3 0
36 4 54
36 5 34
36 6 0
36 7 54
37 1 0
37 2 74
37 3 0
37 4 60
37 5 25
37 6 0
37 7 51
38 1 0
38 2 105
38 3 0
38 4 72
38 5 39
38 6 0
38 7 57
39 1 0
39 2 163
39 3 0
39 4 104
39 5 59
39 6 0
39 7 95
40 1 0
40 2 13
40 3 0
40 4 8
40 5 5
40 6 0
40 7 8
41 1 0
41 2 61
41 3 0
41 4 48
41 5 24
41 6 0
41 7 41
42 1 0
42 2 56
42 3 0
42 4 41
42 5 25
42 6 0
42 7 41
43 1 0
43 2 73
43 3 0
43 4 44
43 5 22
43 6 0
43 7 43
44 1 0
44 2 122
44 3 0
44 4 81
44 5 43
44 6 0
44 7 81
45 1 0
45 2 176
45 3 0
45 4 142
45 5 73
45 6 0
45 7 104
46 1 0
46 2 100
46 3 0
46 4 79
46 5 39
46 6 0
46 7 76
47 1 0
47 2 29
47 3 0
47 4 25
47 5 10
47 6 0
47 7 18
48 1 0
48 2 167
48 3 0
48 4 107
48 5 57
48 6 0
48 7 93
49 1 0
49 2 72
49 3 0
49 4 42
49 5 20
49 6 0
49 7 39
50 1 0
50 2 132
50 3 0
50 4 93
50 5 50
50 6 0
50 7 78

# Precedence Relations
1 16
2 12
3 7
3 8
3 10
4 11
5 6
5 9
6 20
7 20
9 13
9 18
9 19
11 14
11 16
11 17
12 15
13 20
14 20
15 21
15 22
15 24
18 23
18 25
20 26
20 27
20 28
20 29
20 30
20 49
21 32
22 33
23 31
24 34
26 36
27 39
31 35
32 37
33 38
35 42
36 41
37 40
38 43
38 44
40 45
41 46
42 49
42 50
43 47
44 48

# Parameters
R_e = 0.0500
T = 1000.0
C_s = 4.0
C_w = 36.0
C_c = 5.0
