# Tasks
1 2 3 4 5 6 7 8 9 10 11 12 13 14 15 16 17 18 19 20 21 22 23 24 25 26 27 28 29 30

# Workstations
1 2 3 4 5 6 7 8 9 10 11 12 13 14 15 16 17 18 19 20 21 22 23 24 25 26 27 28 29 30

# Modes
1 2 3 4 5 6 7

# Processing Times
1 1 8
1 2 19
1 3 8
1 4 18
1 5 5
1 6 11
1 7 24
2 1 7
2 2 17
2 3 7
2 4 17
2 5 5
2 6 9
2 7 22
3 1 19
3 2 45
3 3 18
3 4 43
3 5 12
3 6 24
3 7 57
4 1 10
4 2 24
4 3 10
4 4 23
4 5 6
4 6 13
4 7 31
5 1 2
5 2 5
5 3 2
5 4 5
5 5 2
5 6 3
5 7 7
6 1 6
6 2 15
6 3 6
6 4 15
6 5 4
6 6 8
6 7 19
7 1 14
7 2 34
7 3 14
7 4 33
7 5 9
7 6 18
7 7 43
8 1 10
8 2 24
8 3 10
8 4 23
8 5 6
8 6 13
8 7 31
9 1 1
9 2 3
9 3 1
9 4 3
9 5 1
9 6 2
9 7 4
10 1 4
10 2 10
10 3 4
10 4 10
10 5 3
10 6 6
10 7 13
11 1 14
11 2 34
11 3 14
11 4 33
11 5 9
11 6 18
11 7 43
12 1 15
12 2 36
12 3 15
12 4 34
12 5 9
12 6 19
12 7 46
13 1 5
13 2 12
13 3 5
13 4 12
13 5 3
13 6 7
13 7 16
14 1 12
14 2 29
14 3 12
14 4 28
14 5 8
14 6 16
14 7 37
15 1 9
15 2 22
15 3 9
15 4 21
15 5 6
15 6 12
15 7 28
16 1 10
16 2 24
16 3 10
16 4 23
16 5 6
16 6 13
16 7 31
17 1 2
17 2 5
17 3 2
17 4 5
17 5 2
17 6 3
17 7 7
18 1 10
18 2 24
18 3 10
18 4 23
18 5 6
18 6 13
18 7 31
19 1 18
19 2 43
19 3 17
19 4 41
19 5 11
19 6 23
19 7 55
20 1 16
20 2 38
20 3 16
20 4 36
20 5 10
20 6 21
20 7 48
21 1 21
21 2 50
21 3 20
21 4 48
21 5 13
21 6 27
21 7 64
22 1 14
22 2 34
22 3 14
22 4 33
22 5 9
22 6 18
22 7 43
23 1 16
23 2 38
23 3 16
23 4 36
23 5 10
23 6 21
23 7 48
24 1 7
24 2 17
24 3 7
24 4 17
24 5 5
24 6 9
24 7 22
25 1 17
25 2 41
25 3 17
25 4 39
25 5 11
25 6 22
25 7 52
26 1 9
26 2 22
26 3 9
26 4 21
26 5 6
26 6 12
26 7 28
27 1 25
27 2 60
27 3 24
27 4 57
27 5 15
27 6 32
27 7 76
28 1 7
28 2 17
28 3 7
28 4 17
28 5 5
28 6 9
28 7 22
29 1 14
29 2 34
29 3 14
29 4 33
29 5 9
29 6 18
29 7 43
30 1 2
30 2 5
30 3 2
30 4 5
30 5 2
30 6 3
30 7 7

# Energy Consumption
1 1 0
1 2 6
1 3 0
1 4 4
1 5 1
1 6 0
1 7 3
2 1 0
2 2 4
2 3 0
2 4 4
2 5 1
2 6 0
2 7 4
3 1 0
3 2 12
3 3 0
3 4 9
3 5 2
3 6 0
3 7 8
4 1 0
4 2 6
4 3 0
4 4 5
4 5 1
4 6 0
4 7 4
5 1 0
5 2 2
5 3 0
5 4 2
5 5 1
5 6 0
5 7 1
6 1 0
6 2 4
6 3 0
6 4 4
6 5 1
6 6 0
6 7 3
7 1 0
7 2 9
7 3 0
7 4 7
7 5 2
7 6 0
7 7 6
8 1 0
8 2 7
8 3 0
8 4 5
8 5 1
8 6 0
8 7 5
9 1 0
9 2 1
9 3 0
9 4 1
9 5 1
9 6 0
9 7 1
10 1 0
10 2 3
10 3 0
10 4 3
10 5 1
10 6 0
10 7 2
11 1 0
11 2 9
11 3 0
11 4 7
11 5 2
11 6 0
11 7 6
12 1 0
12 2 9
12 3 0
12 4 7
12 5 2
12 6 0
12 7 6
13 1 0
13 2 4
13 3 0
13 4 3
13 5 1
13 6 0
13 7 3
14 1 0
14 2 9
14 3 0
14 4 6
14 5 2
14 6 0
14 7 6
15 1 0
15 2 6
15 3 0
15 4 4
15 5 1
15 6 0
15 7 4
16 1 0
16 2 6
16 3 0
16 4 5
16 5 1
16 6 0
16 7 4
17 1 0
17 2 2
17 3 0
17 4 1
17 5 1
17 6 0
17 7 1
18 1 0
18 2 7
18 3 0
18 4 5
18 5 1
18 6 0
18 7 5
19 1 0
19 2 12
19 3 0
19 4 8
19 5 2
19 6 0
19 7 8
20 1 0
20 2 10
20 3 0
20 4 7
20 5 2
20 6 0
20 7 7
21 1 0
21 2 13
21 3 0
21 4 11
21 5 2
21 6 0
21 7 9
22 1 0
22 2 10
22 3 0
22 4 7
22 5 2
22 6 0
22 7 6
23 1 0
23 2 11
23 3 0
23 4 8
23 5 2
23 6 0
23 7 7
24 1 0
24 2 5
24 3 0
24 4 4
24 5 1
24 6 0
24 7 4
25 1 0
25 2 12
25 3 0
25 4 8
25 5 2
25 6 0
25 7 8
26 1 0
26 2 6
26 3 0
26 4 4
26 5 1
26 6 0
26 7 5
27 1 0
27 2 15
27 3 0
27 4 11
27 5 3
27 6 0
27 7 11
28 1 0
28 2 5
28 3 0
28 4 4
28 5 1
28 6 0
28 7 4
29 1 0
29 2 10
29 3 0
29 4 7
29 5 2
29 6 0
29 7 6
30 1 0
30 2 2
30 3 0
30 4 1
30 5 1
30 6 0
30 7 1

# Precedence Relations
1 4
1 5
2 11
2 12
3 16
3 17
4 7
5 6
6 7
7 8
8 9
9 26
10 24
12 13
13 14
14 15
14 20
15 22
16 20
17 18
18 19
20 21
20 24
21 22
22 23
23 27
24 25
25 26
26 27
27 28
27 29
29 30

# Parameters
R_e = 0.0500
T = 200.0
C_s = 4.0
C_w = 36.0
C_c = 5.0
