# Tasks
1 2 3 4 5 6 7 8 9 10 11 12 13 14 15 16 17 18 19 20 21 22 23 24 25 26 27 28 29

# Workstations
1 2 3 4 5 6 7 8 9 10 11 12 13 14 15 16 17 18 19 20 21 22 23 24 25 26 27 28 29

# Modes
1 2 3 4 5 6 7

# Processing Times
1 1 7
1 2 11
1 3 7
1 4 11
1 5 3
1 6 10
1 7 15
2 1 19
2 2 25
2 3 19
2 4 25
2 5 8
2 6 26
2 7 34
3 1 15
3 2 23
3 3 15
3 4 23
3 5 5
3 6 21
3 7 32
4 1 5
4 2 7
4 3 5
4 4 7
4 5 2
4 6 7
4 7 10
5 1 12
5 2 18
5 3 13
5 4 19
5 5 5
5 6 17
5 7 26
6 1 10
6 2 13
6 3 11
6 4 14
6 5 4
6 6 13
6 7 17
7 1 8
7 2 10
7 3 9
7 4 11
7 5 3
7 6 11
7 7 13
8 1 16
8 2 22
8 3 16
8 4 22
8 5 6
8 6 23
8 7 31
9 1 2
9 2 4
9 3 3
9 4 5
9 5 1
9 6 3
9 7 6
10 1 6
10 2 8
10 3 7
10 4 9
10 5 3
10 6 8
10 7 11
11 1 21
11 2 31
11 3 22
11 4 32
11 5 8
11 6 27
11 7 40
12 1 10
12 2 15
12 3 11
12 4 16
12 5 4
12 6 13
12 7 19
13 1 9
13 2 14
13 3 9
13 4 14
13 5 4
13 6 13
13 7 21
14 1 4
14 2 7
14 3 5
14 4 8
14 5 2
14 6 6
14 7 10
15 1 14
15 2 22
15 3 14
15 4 22
15 5 6
15 6 20
15 7 31
16 1 7
16 2 11
16 3 8
16 4 12
16 5 3
16 6 11
16 7 16
17 1 14
17 2 22
17 3 15
17 4 23
17 5 5
17 6 18
17 7 28
18 1 17
18 2 24
18 3 17
18 4 24
18 5 6
18 6 22
18 7 31
19 1 10
19 2 16
19 3 11
19 4 17
19 5 4
19 6 13
19 7 21
20 1 16
20 2 23
20 3 16
20 4 23
20 5 6
20 6 23
20 7 34
21 1 1
21 2 2
21 3 1
21 4 2
21 5 1
21 6 2
21 7 3
22 1 9
22 2 13
22 3 10
22 4 14
22 5 4
22 6 12
22 7 18
23 1 25
23 2 34
23 3 24
23 4 33
23 5 11
23 6 35
23 7 47
24 1 14
24 2 22
24 3 15
24 4 23
24 5 6
24 6 20
24 7 30
25 1 14
25 2 19
25 3 14
25 4 19
25 5 6
25 6 19
25 7 26
26 1 2
26 2 3
26 3 3
26 4 4
26 5 1
26 6 3
26 7 5
27 1 10
27 2 13
27 3 10
27 4 13
27 5 4
27 6 13
27 7 17
28 1 7
28 2 11
28 3 8
28 4 12
28 5 3
28 6 11
28 7 16
29 1 20
29 2 31
29 3 21
29 4 32
29 5 9
29 6 27
29 7 41

# Energy Consumption
1 1 0
1 2 3
1 3 0
1 4 3
1 5 1
1 6 0
1 7 3
2 1 0
2 2 6
2 3 0
2 4 6
2 5 2
2 6 0
2 7 5
3 1 0
3 2 7
3 3 0
3 4 5
3 5 1
3 6 0
3 7 4
4 1 0
4 2 2
4 3 0
4 4 2
4 5 1
4 6 0
4 7 2
5 1 0
5 2 5
5 3 0
5 4 4
5 5 1
5 6 0
5 7 4
6 1 0
6 2 4
6 3 0
6 4 3
6 5 1
6 6 0
6 7 3
7 1 0
7 2 3
7 3 0
7 4 3
7 5 1
7 6 0
7 7 2
8 1 0
8 2 7
8 3 0
8 4 5
8 5 1
8 6 0
8 7 4
9 1 0
9 2 1
9 3 0
9 4 1
9 5 1
9 6 0
9 7 1
10 1 0
10 2 3
10 3 0
10 4 2
10 5 1
10 6 0
10 7 2
11 1 0
11 2 9
11 3 0
11 4 6
11 5 2
11 6 0
11 7 6
12 1 0
12 2 4
12 3 0
12 4 4
12 5 1
12 6 0
12 7 3
13 1 0
13 2 4
13 3 0
13 4 3
13 5 1
13 6 0
13 7 3
14 1 0
14 2 2
14 3 0
14 4 2
14 5 1
14 6 0
14 7 2
15 1 0
15 2 6
15 3 0
15 4 5
15 5 1
15 6 0
15 7 5
16 1 0
16 2 3
16 3 0
16 4 3
16 5 1
16 6 0
16 7 2
17 1 0
17 2 7
17 3 0
17 4 5
17 5 1
17 6 0
17 7 5
18 1 0
18 2 6
18 3 0
18 4 6
18 5 1
18 6 0
18 7 4
19 1 0
19 2 5
19 3 0
19 4 4
19 5 1
19 6 0
19 7 4
20 1 0
20 2 7
20 3 0
20 4 5
20 5 1
20 6 0
20 7 5
21 1 0
21 2 1
21 3 0
21 4 1
21 5 1
21 6 0
21 7 1
22 1 0
22 2 3
22 3 0
22 4 3
22 5 1
22 6 0
22 7 3
23 1 0
23 2 9
23 3 0
23 4 7
23 5 2
23 6 0
23 7 6
24 1 0
24 2 6
24 3 0
24 4 5
24 5 1
24 6 0
24 7 4
25 1 0
25 2 5
25 3 0
25 4 4
25 5 1
25 6 0
25 7 4
26 1 0
26 2 1
26 3 0
26 4 1
26 5 1
26 6 0
26 7 1
27 1 0
27 2 4
27 3 0
27 4 3
27 5 1
27 6 0
27 7 3
28 1 0
28 2 3
28 3 0
28 4 3
28 5 1
28 6 0
28 7 2
29 1 0
29 2 9
29 3 0
29 4 7
29 5 2
29 6 0
29 7 6

# Precedence Relations
1 3
1 25
2 6
2 26
3 4
4 5
5 8
5 13
6 8
7 9
7 12
7 25
8 11
8 16
9 10
10 14
10 15
11 17
12 15
13 17
14 16
15 19
16 18
17 20
18 22
19 21
20 23
21 22
22 23
23 24
23 28
24 29
25 29
26 27
27 29
28 29

# Parameters
R_e = 0.0500
T = 60.0
C_s = 4.0
C_w = 36.0
C_c = 5.0
