# Tasks
1 2 3 4 5 6 7 8 9 10 11 12 13 14 15 16 17 18 19 20 21 22 23 24 25 26 27 28 29 30 31 32 33 34 35

# Workstations
1 2 3 4 5 6 7 8 9 10 11 12 13 14 15 16 17 18 19 20 21 22 23 24 25 26 27 28 29 30 31 32 33 34 35

# Modes
1 2 3 4 5 6 7

# Processing Times
1 1 29
1 2 59
1 3 32
1 4 65
1 5 12
1 6 34
1 7 69
2 1 3
2 2 7
2 3 4
2 4 8
2 5 2
2 6 4
2 7 9
3 1 5
3 2 10
3 3 6
3 4 11
3 5 3
3 6 7
3 7 13
4 1 22
4 2 50
4 3 24
4 4 55
4 5 8
4 6 25
4 7 57
5 1 6
5 2 13
5 3 7
5 4 15
5 5 3
5 6 8
5 7 17
6 1 14
6 2 35
6 3 16
6 4 39
6 5 5
6 6 17
6 7 41
7 1 2
7 2 5
7 3 3
7 4 6
7 5 1
7 6 3
7 7 7
8 1 5
8 2 12
8 3 6
8 4 14
8 5 3
8 6 6
8 7 14
9 1 22
9 2 54
9 3 25
9 4 60
9 5 8
9 6 26
9 7 63
10 1 30
10 2 70
10 3 32
10 4 75
10 5 14
10 6 36
10 7 83
11 1 23
11 2 43
11 3 26
11 4 47
11 5 9
11 6 27
11 7 50
12 1 30
12 2 69
12 3 33
12 4 76
12 5 11
12 6 35
12 7 81
13 1 23
13 2 45
13 3 26
13 4 50
13 5 9
13 6 28
13 7 55
14 1 2
14 2 4
14 3 3
14 4 5
14 5 1
14 6 3
14 7 5
15 1 19
15 2 42
15 3 21
15 4 47
15 5 6
15 6 24
15 7 53
16 1 29
16 2 59
16 3 32
16 4 64
16 5 12
16 6 33
16 7 67
17 1 2
17 2 4
17 3 3
17 4 5
17 5 1
17 6 3
17 7 5
18 1 2
18 2 5
18 3 3
18 4 6
18 5 1
18 6 3
18 7 6
19 1 19
19 2 44
19 3 21
19 4 47
19 5 8
19 6 22
19 7 50
20 1 29
20 2 62
20 3 32
20 4 68
20 5 11
20 6 36
20 7 76
21 1 6
21 2 12
21 3 7
21 4 14
21 5 3
21 6 8
21 7 15
22 1 10
22 2 25
22 3 11
22 4 27
22 5 5
22 6 12
22 7 30
23 1 16
23 2 40
23 3 18
23 4 43
23 5 6
23 6 19
23 7 46
24 1 23
24 2 53
24 3 25
24 4 58
24 5 8
24 6 28
24 7 64
25 1 5
25 2 12
25 3 6
25 4 13
25 5 2
25 6 6
25 7 14
26 1 5
26 2 10
26 3 6
26 4 11
26 5 2
26 6 6
26 7 12
27 1 5
27 2 11
27 3 6
27 4 13
27 5 2
27 6 6
27 7 14
28 1 40
28 2 99
28 3 43
28 4 105
28 5 14
28 6 48
28 7 117
29 1 2
29 2 5
29 3 3
29 4 6
29 5 1
29 6 3
29 7 7
30 1 5
30 2 12
30 3 6
30 4 13
30 5 3
30 6 6
30 7 14
31 1 5
31 2 11
31 3 6
31 4 12
31 5 2
31 6 7
31 7 14
32 1 1
32 2 3
32 3 2
32 4 4
32 5 1
32 6 2
32 7 4
33 1 40
33 2 84
33 3 44
33 4 91
33 5 13
33 6 50
33 7 105
34 1 2
34 2 4
34 3 3
34 4 5
34 5 1
34 6 3
34 7 5
35 1 2
35 2 5
35 3 3
35 4 6
35 5 1
35 6 3
35 7 6

# Energy Consumption
1 1 0
1 2 15
1 3 0
1 4 15
1 5 2
1 6 0
1 7 10
2 1 0
2 2 2
2 3 0
2 4 2
2 5 1
2 6 0
2 7 2
3 1 0
3 2 3
3 3 0
3 4 3
3 5 1
3 6 0
3 7 2
4 1 0
4 2 15
4 3 0
4 4 12
4 5 2
4 6 0
4 7 8
5 1 0
5 2 4
5 3 0
5 4 4
5 5 1
5 6 0
5 7 3
6 1 0
6 2 8
6 3 0
6 4 8
6 5 1
6 6 0
6 7 6
7 1 0
7 2 2
7 3 0
7 4 2
7 5 1
7 6 0
7 7 1
8 1 0
8 2 4
8 3 0
8 4 3
8 5 1
8 6 0
8 7 2
9 1 0
9 2 15
9 3 0
9 4 13
9 5 2
9 6 0
9 7 10
10 1 0
10 2 19
10 3 0
10 4 16
10 5 3
10 6 0
10 7 11
11 1 0
11 2 10
11 3 0
11 4 9
11 5 2
11 6 0
11 7 8
12 1 0
12 2 17
12 3 0
12 4 15
12 5 2
12 6 0
12 7 12
13 1 0
13 2 12
13 3 0
13 4 11
13 5 2
13 6 0
13 7 8
14 1 0
14 2 2
14 3 0
14 4 1
14 5 1
14 6 0
14 7 1
15 1 0
15 2 13
15 3 0
15 4 10
15 5 1
15 6 0
15 7 7
16 1 0
16 2 15
16 3 0
16 4 14
16 5 2
16 6 0
16 7 9
17 1 0
17 2 2
17 3 0
17 4 1
17 5 1
17 6 0
17 7 1
18 1 0
18 2 2
18 3 0
18 4 2
18 5 1
18 6 0
18 7 1
19 1 0
19 2 12
19 3 0
19 4 10
19 5 2
19 6 0
19 7 7
20 1 0
20 2 18
20 3 0
20 4 14
20 5 2
20 6 0
20 7 11
21 1 0
21 2 4
21 3 0
21 4 4
21 5 1
21 6 0
21 7 2
22 1 0
22 2 7
22 3 0
22 4 5
22 5 1
22 6 0
22 7 5
23 1 0
23 2 11
23 3 0
23 4 8
23 5 1
23 6 0
23 7 7
24 1 0
24 2 13
24 3 0
24 4 13
24 5 2
24 6 0
24 7 9
25 1 0
25 2 4
25 3 0
25 4 3
25 5 1
25 6 0
25 7 2
26 1 0
26 2 3
26 3 0
26 4 3
26 5 1
26 6 0
26 7 2
27 1 0
27 2 4
27 3 0
27 4 3
27 5 1
27 6 0
27 7 2
28 1 0
28 2 29
28 3 0
28 4 23
28 5 3
28 6 0
28 7 16
29 1 0
29 2 2
29 3 0
29 4 2
29 5 1
29 6 0
29 7 1
30 1 0
30 2 4
30 3 0
30 4 3
30 5 1
30 6 0
30 7 3
31 1 0
31 2 3
31 3 0
31 4 3
31 5 1
31 6 0
31 7 2
32 1 0
32 2 1
32 3 0
32 4 1
32 5 1
32 6 0
32 7 1
33 1 0
33 2 21
33 3 0
33 4 19
33 5 2
33 6 0
33 7 14
34 1 0
34 2 1
34 3 0
34 4 2
34 5 1
34 6 0
34 7 1
35 1 0
35 2 2
35 3 0
35 4 2
35 5 1
35 6 0
35 7 1

# Precedence Relations
1 2
1 5
1 7
1 10
1 12
2 3
3 4
4 11
5 6
6 7
6 8
7 14
7 18
8 9
9 13
10 14
11 28
11 33
12 18
13 28
13 33
14 15
15 16
16 21
17 20
18 19
19 20
20 21
21 22
21 25
21 30
21 32
22 23
23 24
24 27
25 26
26 27
27 28
27 33
27 34
28 29
30 31
31 32
32 33
33 35

# Parameters
R_e = 0.0500
T = 122.85000000000001
C_s = 4.0
C_w = 36.0
C_c = 5.0
