# Tasks
1 2 3 4 5 6 7 8 9 10 11 12 13 14 15 16 17 18 19 20 21 22 23 24 25 26 27 28 29 30 31 32 33 34 35 36 37 38 39 40 41 42 43 44 45 46 47 48 49 50

# Workstations
1 2 3 4 5 6 7 8 9 10 11 12 13 14 15 16 17 18 19 20 21 22 23 24 25 26 27 28 29 30 31 32 33 34 35 36 37 38 39 40 41 42 43 44 45 46 47 48 49 50

# Modes
1 2 3 4 5 6 7

# Processing Times
1 1 192
1 2 478
1 3 167
1 4 414
1 5 132
1 6 273
1 7 678
2 1 342
2 2 825
2 3 295
2 4 711
2 5 238
2 6 444
2 7 1069
3 1 36
3 2 84
3 3 34
3 4 79
3 5 23
3 6 51
3 7 119
4 1 323
4 2 721
4 3 300
4 4 669
4 5 179
4 6 417
4 7 929
5 1 120
5 2 238
5 3 114
5 4 225
5 5 75
5 6 161
5 7 318
6 1 473
6 2 1036
6 3 411
6 4 899
6 5 327
6 6 611
6 7 1337
7 1 494
7 2 1105
7 3 422
7 4 943
7 5 291
7 6 653
7 7 1459
8 1 120
8 2 230
8 3 109
8 4 208
8 5 73
8 6 161
8 7 307
9 1 214
9 2 397
9 3 203
9 4 377
9 5 141
9 6 269
9 7 498
10 1 199
10 2 398
10 3 186
10 4 371
10 5 126
10 6 283
10 7 566
11 1 96
11 2 203
11 3 83
11 4 174
11 5 67
11 6 129
11 7 272
12 1 600
12 2 1109
12 3 552
12 4 1020
12 5 413
12 6 861
12 7 1591
13 1 277
13 2 559
13 3 260
13 4 525
13 5 164
13 6 399
13 7 805
14 1 170
14 2 353
14 3 161
14 4 333
14 5 118
14 6 220
14 7 456
15 1 222
15 2 553
15 3 205
15 4 509
15 5 143
15 6 310
15 7 772
16 1 84
16 2 160
16 3 77
16 4 146
16 5 57
16 6 111
16 7 211
17 1 222
17 2 401
17 3 208
17 4 375
17 5 129
17 6 315
17 7 569
18 1 169
18 2 417
18 3 153
18 4 376
18 5 103
18 6 212
18 7 522
19 1 102
19 2 185
19 3 88
19 4 160
19 5 59
19 6 133
19 7 241
20 1 116
20 2 259
20 3 108
20 4 241
20 5 76
20 6 151
20 7 336
21 1 29
21 2 66
21 3 26
21 4 58
21 5 20
21 6 41
21 7 92
22 1 208
22 2 496
22 3 192
22 4 457
22 5 145
22 6 270
22 7 644
23 1 403
23 2 881
23 3 377
23 4 823
23 5 242
23 6 581
23 7 1269
24 1 446
24 2 1111
24 3 395
24 4 984
24 5 290
24 6 628
24 7 1564
25 1 604
25 2 1088
25 3 530
25 4 954
25 5 364
25 6 856
25 7 1542
26 1 518
26 2 1136
26 3 447
26 4 980
26 5 287
26 6 731
26 7 1603
27 1 32
27 2 73
27 3 30
27 4 68
27 5 23
27 6 44
27 7 99
28 1 276
28 2 600
28 3 254
28 4 552
28 5 166
28 6 383
28 7 831
29 1 47
29 2 103
29 3 43
29 4 93
29 5 31
29 6 67
29 7 146
30 1 539
30 2 1164
30 3 485
30 4 1047
30 5 345
30 6 773
30 7 1668
31 1 71
31 2 143
31 3 64
31 4 129
31 5 42
31 6 97
31 7 194
32 1 191
32 2 395
32 3 180
32 4 372
32 5 132
32 6 244
32 7 505
33 1 178
33 2 378
33 3 165
33 4 350
33 5 107
33 6 233
33 7 495
34 1 58
34 2 142
34 3 51
34 4 123
34 5 33
34 6 81
34 7 197
35 1 210
35 2 470
35 3 182
35 4 407
35 5 126
35 6 274
35 7 613
36 1 137
36 2 286
36 3 126
36 4 263
36 5 93
36 6 172
36 7 359
37 1 542
37 2 1155
37 3 476
37 4 1014
37 5 374
37 6 768
37 7 1637
38 1 135
38 2 334
38 3 120
38 4 297
38 5 90
38 6 172
38 7 425
39 1 123
39 2 281
39 3 114
39 4 260
39 5 70
39 6 168
39 7 384
40 1 126
40 2 281
40 3 110
40 4 244
40 5 88
40 6 174
40 7 388
41 1 228
41 2 425
41 3 195
41 4 363
41 5 135
41 6 290
41 7 541
42 1 238
42 2 434
42 3 203
42 4 370
42 5 161
42 6 302
42 7 550
43 1 268
43 2 587
43 3 233
43 4 509
43 5 168
43 6 388
43 7 849
44 1 412
44 2 988
44 3 377
44 4 904
44 5 243
44 6 589
44 7 1412
45 1 146
45 2 319
45 3 137
45 4 298
45 5 98
45 6 198
45 7 431
46 1 294
46 2 650
46 3 258
46 4 570
46 5 176
46 6 413
46 7 913
47 1 92
47 2 199
47 3 80
47 4 172
47 5 54
47 6 118
47 7 255
48 1 48
48 2 120
48 3 41
48 4 103
48 5 28
48 6 69
48 7 172
49 1 114
49 2 282
49 3 104
49 4 256
49 5 70
49 6 163
49 7 403
50 1 526
50 2 1147
50 3 466
50 4 1015
50 5 300
50 6 706
50 7 1539

# Energy Consumption
1 1 0
1 2 136
1 3 0
1 4 80
1 5 21
1 6 0
1 7 83
2 1 0
2 2 193
2 3 0
2 4 135
2 5 35
2 6 0
2 7 155
3 1 0
3 2 22
3 3 0
3 4 16
3 5 4
3 6 0
3 7 17
4 1 0
4 2 178
4 3 0
4 4 137
4 5 27
4 6 0
4 7 118
5 1 0
5 2 58
5 3 0
5 4 48
5 5 11
5 6 0
5 7 41
6 1 0
6 2 252
6 3 0
6 4 198
6 5 49
6 6 0
6 7 174
7 1 0
7 2 279
7 3 0
7 4 194
7 5 45
7 6 0
7 7 203
8 1 0
8 2 61
8 3 0
8 4 45
8 5 11
8 6 0
8 7 45
9 1 0
9 2 89
9 3 0
9 4 73
9 5 22
9 6 0
9 7 61
10 1 0
10 2 103
10 3 0
10 4 78
10 5 19
10 6 0
10 7 70
11 1 0
11 2 49
11 3 0
11 4 33
11 5 10
11 6 0
11 7 34
12 1 0
12 2 277
12 3 0
12 4 197
12 5 61
12 6 0
12 7 192
13 1 0
13 2 164
13 3 0
13 4 99
13 5 25
13 6 0
13 7 113
14 1 0
14 2 102
14 3 0
14 4 64
14 5 19
14 6 0
14 7 66
15 1 0
15 2 128
15 3 0
15 4 97
15 5 22
15 6 0
15 7 99
16 1 0
16 2 39
16 3 0
16 4 32
16 5 9
16 6 0
16 7 26
17 1 0
17 2 106
17 3 0
17 4 73
17 5 19
17 6 0
17 7 69
18 1 0
18 2 107
18 3 0
18 4 71
18 5 16
18 6 0
18 7 74
19 1 0
19 2 49
19 3 0
19 4 29
19 5 10
19 6 0
19 7 34
20 1 0
20 2 67
20 3 0
20 4 45
20 5 11
20 6 0
20 7 48
21 1 0
21 2 18
21 3 0
21 4 13
21 5 3
21 6 0
21 7 13
22 1 0
22 2 145
22 3 0
22 4 91
22 5 21
22 6 0
22 7 83
23 1 0
23 2 244
23 3 0
23 4 180
23 5 35
23 6 0
23 7 162
24 1 0
24 2 263
24 3 0
24 4 187
24 5 42
24 6 0
24 7 230
25 1 0
25 2 302
25 3 0
25 4 177
25 5 54
25 6 0
25 7 221
26 1 0
26 2 299
26 3 0
26 4 182
26 5 43
26 6 0
26 7 232
27 1 0
27 2 18
27 3 0
27 4 13
27 5 4
27 6 0
27 7 14
28 1 0
28 2 146
28 3 0
28 4 110
28 5 25
28 6 0
28 7 124
29 1 0
29 2 29
29 3 0
29 4 19
29 5 5
29 6 0
29 7 19
30 1 0
30 2 263
30 3 0
30 4 199
30 5 49
30 6 0
30 7 216
31 1 0
31 2 42
31 3 0
31 4 26
31 5 7
31 6 0
31 7 28
32 1 0
32 2 102
32 3 0
32 4 71
32 5 21
32 6 0
32 7 67
33 1 0
33 2 100
33 3 0
33 4 75
33 5 16
33 6 0
33 7 66
34 1 0
34 2 39
34 3 0
34 4 27
34 5 5
34 6 0
34 7 28
35 1 0
35 2 139
35 3 0
35 4 75
35 5 20
35 6 0
35 7 81
36 1 0
36 2 84
36 3 0
36 4 48
36 5 14
36 6 0
36 7 45
37 1 0
37 2 275
37 3 0
37 4 194
37 5 55
37 6 0
37 7 243
38 1 0
38 2 99
38 3 0
38 4 65
38 5 14
38 6 0
38 7 61
39 1 0
39 2 85
39 3 0
39 4 54
39 5 12
39 6 0
39 7 51
40 1 0
40 2 71
40 3 0
40 4 51
40 5 14
40 6 0
40 7 57
41 1 0
41 2 120
41 3 0
41 4 78
41 5 21
41 6 0
41 7 74
42 1 0
42 2 122
42 3 0
42 4 75
42 5 25
42 6 0
42 7 78
43 1 0
43 2 164
43 3 0
43 4 107
43 5 27
43 6 0
43 7 124
44 1 0
44 2 274
44 3 0
44 4 181
44 5 38
44 6 0
44 7 190
45 1 0
45 2 73
45 3 0
45 4 57
45 5 15
45 6 0
45 7 63
46 1 0
46 2 176
46 3 0
46 4 118
46 5 26
46 6 0
46 7 131
47 1 0
47 2 47
47 3 0
47 4 35
47 5 9
47 6 0
47 7 38
48 1 0
48 2 31
48 3 0
48 4 23
48 5 5
48 6 0
48 7 26
49 1 0
49 2 82
49 3 0
49 4 49
49 5 11
49 6 0
49 7 57
50 1 0
50 2 343
50 3 0
50 4 191
50 5 45
50 6 0
50 7 201

# Precedence Relations
1 8
2 7
2 9
2 11
2 12
5 10
7 36
8 14
9 15
10 16
11 17
11 20
12 13
12 18
12 19
12 21
13 36
14 25
15 22
16 24
17 23
18 26
19 27
22 36
23 29
24 30
25 28
25 31
26 28
26 34
26 35
27 32
27 33
28 36
29 38
30 38
31 37
32 39
33 40
36 41
36 42
36 43
36 44
36 45
36 47
37 46
41 48
46 49
46 50

# Parameters
R_e = 0.0500
T = 1000.0
C_s = 4.0
C_w = 36.0
C_c = 5.0
