# Tasks
1 2 3 4 5 6 7 8 9 10 11 12 13 14 15 16 17 18 19 20 21 22 23 24 25 26 27 28 29 30 31 32

# Workstations
1 2 3 4 5 6 7 8 9 10 11 12 13 14 15 16 17 18 19 20 21 22 23 24 25 26 27 28 29 30 31 32

# Modes
1 2 3 4 5 6 7

# Processing Times
1 1 458
1 2 892
1 3 478
1 4 930
1 5 413
1 6 465
1 7 905
2 1 276
2 2 545
2 3 274
2 4 540
2 5 241
2 6 303
2 7 597
3 1 520
3 2 1064
3 3 504
3 4 1031
3 5 487
3 6 548
3 7 1120
4 1 1400
4 2 3124
4 3 1387
4 4 3095
4 5 1298
4 6 1400
4 7 3124
5 1 352
5 2 654
5 3 355
5 4 659
5 5 296
5 6 357
5 7 663
6 1 196
6 2 431
6 3 195
6 4 427
6 5 178
6 6 212
6 7 465
7 1 214
7 2 446
7 3 216
7 4 450
7 5 192
7 6 220
7 7 458
8 1 456
8 2 974
8 3 434
8 4 927
8 5 430
8 6 469
8 7 1001
9 1 646
9 2 1328
9 3 673
9 4 1382
9 5 554
9 6 663
9 7 1362
10 1 512
10 2 1111
10 3 517
10 4 1121
10 5 477
10 6 535
10 7 1160
11 1 408
11 2 927
11 3 403
11 4 915
11 5 337
11 6 412
11 7 936
12 1 262
12 2 577
12 3 257
12 4 564
12 5 237
12 6 263
12 7 579
13 1 544
13 2 1263
13 3 552
13 4 1282
13 5 489
13 6 556
13 7 1290
14 1 202
14 2 370
14 3 194
14 4 355
14 5 168
14 6 214
14 7 392
15 1 458
15 2 1078
15 3 445
15 4 1046
15 5 381
15 6 496
15 7 1167
16 1 694
16 2 1721
16 3 720
16 4 1785
16 5 626
16 6 722
16 7 1789
17 1 616
17 2 1123
17 3 591
17 4 1077
17 5 526
17 6 668
17 7 1218
18 1 678
18 2 1649
18 3 654
18 4 1589
18 5 630
18 6 744
18 7 1810
19 1 328
19 2 663
19 3 336
19 4 678
19 5 294
19 6 353
19 7 712
20 1 324
20 2 709
20 3 310
20 4 677
20 5 278
20 6 336
20 7 735
21 1 100
21 2 242
21 3 96
21 4 232
21 5 91
21 6 109
21 7 263
22 1 352
22 2 870
22 3 368
22 4 909
22 5 285
22 6 363
22 7 897
23 1 544
23 2 1344
23 3 567
23 4 1401
23 5 510
23 6 567
23 7 1400
24 1 500
24 2 1045
24 3 519
24 4 1085
24 5 466
24 6 532
24 7 1111
25 1 382
25 2 765
25 3 371
25 4 743
25 5 343
25 6 395
25 7 791
26 1 858
26 2 1942
26 3 868
26 4 1963
26 5 756
26 6 906
26 7 2049
27 1 388
27 2 943
27 3 387
27 4 939
27 5 345
27 6 419
27 7 1017
28 1 352
28 2 686
28 3 345
28 4 673
28 5 295
28 6 367
28 7 715
29 1 428
29 2 779
29 3 448
29 4 814
29 5 378
29 6 454
29 7 825
30 1 238
30 2 447
30 3 235
30 4 441
30 5 206
30 6 257
30 7 481
31 1 258
31 2 562
31 3 254
31 4 553
31 5 238
31 6 266
31 7 579
32 1 196
32 2 429
32 3 193
32 4 422
32 5 160
32 6 203
32 7 444

# Energy Consumption
1 1 0
1 2 227
1 3 0
1 4 191
1 5 62
1 6 0
1 7 134
2 1 0
2 2 137
2 3 0
2 4 116
2 5 39
2 6 0
2 7 85
3 1 0
3 2 274
3 3 0
3 4 215
3 5 77
3 6 0
3 7 141
4 1 0
4 2 838
4 3 0
4 4 625
4 5 199
4 6 0
4 7 386
5 1 0
5 2 159
5 3 0
5 4 119
5 5 48
5 6 0
5 7 81
6 1 0
6 2 117
6 3 0
6 4 81
6 5 27
6 6 0
6 7 60
7 1 0
7 2 111
7 3 0
7 4 83
7 5 30
7 6 0
7 7 69
8 1 0
8 2 285
8 3 0
8 4 192
8 5 66
8 6 0
8 7 143
9 1 0
9 2 378
9 3 0
9 4 259
9 5 80
9 6 0
9 7 182
10 1 0
10 2 320
10 3 0
10 4 239
10 5 74
10 6 0
10 7 164
11 1 0
11 2 205
11 3 0
11 4 192
11 5 54
11 6 0
11 7 113
12 1 0
12 2 135
12 3 0
12 4 125
12 5 38
12 6 0
12 7 80
13 1 0
13 2 361
13 3 0
13 4 236
13 5 76
13 6 0
13 7 191
14 1 0
14 2 95
14 3 0
14 4 66
14 5 27
14 6 0
14 7 48
15 1 0
15 2 279
15 3 0
15 4 204
15 5 59
15 6 0
15 7 148
16 1 0
16 2 439
16 3 0
16 4 347
16 5 91
16 6 0
16 7 228
17 1 0
17 2 297
17 3 0
17 4 206
17 5 84
17 6 0
17 7 147
18 1 0
18 2 480
18 3 0
18 4 321
18 5 95
18 6 0
18 7 257
19 1 0
19 2 194
19 3 0
19 4 123
19 5 44
19 6 0
19 7 107
20 1 0
20 2 170
20 3 0
20 4 135
20 5 40
20 6 0
20 7 110
21 1 0
21 2 66
21 3 0
21 4 47
21 5 15
21 6 0
21 7 39
22 1 0
22 2 202
22 3 0
22 4 189
22 5 40
22 6 0
22 7 133
23 1 0
23 2 397
23 3 0
23 4 282
23 5 77
23 6 0
23 7 201
24 1 0
24 2 297
24 3 0
24 4 224
24 5 66
24 6 0
24 7 152
25 1 0
25 2 222
25 3 0
25 4 149
25 5 54
25 6 0
25 7 98
26 1 0
26 2 448
26 3 0
26 4 391
26 5 113
26 6 0
26 7 254
27 1 0
27 2 259
27 3 0
27 4 199
27 5 55
27 6 0
27 7 143
28 1 0
28 2 199
28 3 0
28 4 140
28 5 45
28 6 0
28 7 94
29 1 0
29 2 205
29 3 0
29 4 154
29 5 59
29 6 0
29 7 106
30 1 0
30 2 101
30 3 0
30 4 84
30 5 32
30 6 0
30 7 62
31 1 0
31 2 128
31 3 0
31 4 103
31 5 36
31 6 0
31 7 73
32 1 0
32 2 129
32 3 0
32 4 78
32 5 24
32 6 0
32 7 54

# Precedence Relations
1 5
2 6
3 9
4 15
5 6
6 7
6 8
6 9
7 21
8 21
9 10
9 11
10 16
11 12
12 13
13 14
13 15
14 16
14 17
15 17
16 18
17 19
18 21
19 20
20 21
21 22
21 23
21 24
22 25
23 32
24 32
25 26
26 27
27 28
28 29
29 30
30 31
31 32

# Parameters
R_e = 0.0500
T = 1894.0
C_s = 4.0
C_w = 36.0
C_c = 5.0
