# Tasks
1 2 3 4 5 6 7 8 9 10 11 12 13 14 15 16 17 18 19 20 21 22 23 24 25 26 27 28 29 30

# Workstations
1 2 3 4 5 6 7 8 9 10 11 12 13 14 15 16 17 18 19 20 21 22 23 24 25 26 27 28 29 30

# Modes
1 2 3 4 5 6 7

# Processing Times
1 1 8
1 2 17
1 3 9
1 4 19
1 5 4
1 6 10
1 7 21
2 1 7
2 2 15
2 3 8
2 4 17
2 5 4
2 6 9
2 7 19
3 1 19
3 2 39
3 3 21
3 4 42
3 5 9
3 6 24
3 7 48
4 1 10
4 2 21
4 3 11
4 4 23
4 5 5
4 6 13
4 7 26
5 1 2
5 2 5
5 3 3
5 4 6
5 5 1
5 6 3
5 7 7
6 1 6
6 2 13
6 3 7
6 4 14
6 5 3
6 6 8
6 7 16
7 1 14
7 2 29
7 3 15
7 4 31
7 5 7
7 6 18
7 7 36
8 1 10
8 2 21
8 3 11
8 4 23
8 5 5
8 6 13
8 7 26
9 1 1
9 2 3
9 3 2
9 4 4
9 5 1
9 6 2
9 7 4
10 1 4
10 2 9
10 3 5
10 4 10
10 5 2
10 6 5
10 7 12
11 1 14
11 2 29
11 3 15
11 4 31
11 5 7
11 6 18
11 7 36
12 1 15
12 2 31
12 3 17
12 4 34
12 5 7
12 6 19
12 7 38
13 1 5
13 2 11
13 3 6
13 4 12
13 5 3
13 6 7
13 7 14
14 1 12
14 2 25
14 3 13
14 4 27
14 5 6
14 6 15
14 7 31
15 1 9
15 2 19
15 3 10
15 4 21
15 5 4
15 6 12
15 7 24
16 1 10
16 2 21
16 3 11
16 4 23
16 5 5
16 6 13
16 7 26
17 1 2
17 2 5
17 3 3
17 4 6
17 5 1
17 6 3
17 7 7
18 1 10
18 2 21
18 3 11
18 4 23
18 5 5
18 6 13
18 7 26
19 1 18
19 2 37
19 3 20
19 4 40
19 5 8
19 6 23
19 7 46
20 1 16
20 2 33
20 3 18
20 4 36
20 5 8
20 6 20
20 7 41
21 1 21
21 2 43
21 3 23
21 4 46
21 5 10
21 6 26
21 7 53
22 1 14
22 2 29
22 3 15
22 4 31
22 5 7
22 6 18
22 7 36
23 1 16
23 2 33
23 3 18
23 4 36
23 5 8
23 6 20
23 7 41
24 1 7
24 2 15
24 3 8
24 4 17
24 5 4
24 6 9
24 7 19
25 1 17
25 2 35
25 3 19
25 4 38
25 5 8
25 6 21
25 7 43
26 1 9
26 2 19
26 3 10
26 4 21
26 5 4
26 6 12
26 7 24
27 1 25
27 2 52
27 3 27
27 4 56
27 5 12
27 6 31
27 7 64
28 1 7
28 2 15
28 3 8
28 4 17
28 5 4
28 6 9
28 7 19
29 1 14
29 2 29
29 3 15
29 4 31
29 5 7
29 6 18
29 7 36
30 1 2
30 2 5
30 3 3
30 4 6
30 5 1
30 6 3
30 7 7

# Energy Consumption
1 1 0
1 2 5
1 3 0
1 4 5
1 5 1
1 6 0
1 7 4
2 1 0
2 2 4
2 3 0
2 4 4
2 5 1
2 6 0
2 7 3
3 1 0
3 2 9
3 3 0
3 4 9
3 5 2
3 6 0
3 7 6
4 1 0
4 2 6
4 3 0
4 4 5
4 5 1
4 6 0
4 7 4
5 1 0
5 2 2
5 3 0
5 4 2
5 5 1
5 6 0
5 7 1
6 1 0
6 2 3
6 3 0
6 4 3
6 5 1
6 6 0
6 7 3
7 1 0
7 2 9
7 3 0
7 4 7
7 5 1
7 6 0
7 7 6
8 1 0
8 2 6
8 3 0
8 4 5
8 5 1
8 6 0
8 7 4
9 1 0
9 2 1
9 3 0
9 4 1
9 5 1
9 6 0
9 7 1
10 1 0
10 2 3
10 3 0
10 4 3
10 5 1
10 6 0
10 7 2
11 1 0
11 2 7
11 3 0
11 4 6
11 5 2
11 6 0
11 7 6
12 1 0
12 2 8
12 3 0
12 4 7
12 5 2
12 6 0
12 7 6
13 1 0
13 2 3
13 3 0
13 4 3
13 5 1
13 6 0
13 7 2
14 1 0
14 2 8
14 3 0
14 4 6
14 5 1
14 6 0
14 7 5
15 1 0
15 2 6
15 3 0
15 4 5
15 5 1
15 6 0
15 7 3
16 1 0
16 2 6
16 3 0
16 4 5
16 5 1
16 6 0
16 7 4
17 1 0
17 2 2
17 3 0
17 4 2
17 5 1
17 6 0
17 7 1
18 1 0
18 2 6
18 3 0
18 4 5
18 5 1
18 6 0
18 7 4
19 1 0
19 2 10
19 3 0
19 4 9
19 5 2
19 6 0
19 7 7
20 1 0
20 2 10
20 3 0
20 4 7
20 5 2
20 6 0
20 7 6
21 1 0
21 2 12
21 3 0
21 4 11
21 5 2
21 6 0
21 7 7
22 1 0
22 2 8
22 3 0
22 4 6
22 5 2
22 6 0
22 7 6
23 1 0
23 2 9
23 3 0
23 4 7
23 5 2
23 6 0
23 7 7
24 1 0
24 2 4
24 3 0
24 4 4
24 5 1
24 6 0
24 7 3
25 1 0
25 2 10
25 3 0
25 4 8
25 5 2
25 6 0
25 7 6
26 1 0
26 2 5
26 3 0
26 4 4
26 5 1
26 6 0
26 7 4
27 1 0
27 2 16
27 3 0
27 4 12
27 5 2
27 6 0
27 7 9
28 1 0
28 2 5
28 3 0
28 4 4
28 5 1
28 6 0
28 7 3
29 1 0
29 2 9
29 3 0
29 4 7
29 5 2
29 6 0
29 7 5
30 1 0
30 2 2
30 3 0
30 4 2
30 5 1
30 6 0
30 7 2

# Precedence Relations
1 4
1 5
2 11
2 12
3 16
3 17
4 7
5 6
6 7
7 8
8 9
9 26
10 24
12 13
13 14
14 15
14 20
15 22
16 20
17 18
18 19
20 21
20 24
21 22
22 23
23 27
24 25
25 26
26 27
27 28
27 29
29 30

# Parameters
R_e = 0.0500
T = 200.0
C_s = 4.0
C_w = 36.0
C_c = 5.0
