# Tasks
1 2 3 4 5 6 7 8 9 10 11 12 13 14 15 16 17 18 19 20 21 22 23 24 25 26 27 28 29 30 31 32 33 34 35 36 37 38 39 40 41 42 43 44 45 46 47 48 49 50 51 52 53

# Workstations
1 2 3 4 5 6 7 8 9 10 11 12 13 14 15 16 17 18 19 20 21 22 23 24 25 26 27 28 29 30 31 32 33 34 35 36 37 38 39 40 41 42 43 44 45 46 47 48 49 50 51 52 53

# Modes
1 2 3 4 5 6 7

# Processing Times
1 1 971
1 2 1964
1 3 1036
1 4 2095
1 5 369
1 6 1200
1 7 2428
2 1 142
2 2 298
2 3 156
2 4 328
2 5 53
2 6 168
2 7 352
3 1 142
3 2 266
3 3 151
3 4 282
3 5 62
3 6 169
3 7 317
4 1 142
4 2 317
4 3 157
4 4 349
4 5 61
4 6 162
4 7 361
5 1 103
5 2 218
5 3 111
5 4 234
5 5 37
5 6 125
5 7 263
6 1 96
6 2 235
6 3 106
6 4 259
6 5 32
6 6 118
6 7 287
7 1 99
7 2 247
7 3 106
7 4 264
7 5 37
7 6 114
7 7 283
8 1 1207
8 2 2795
8 3 1293
8 4 2993
8 5 400
8 6 1388
8 7 3213
9 1 160
9 2 389
9 3 173
9 4 420
9 5 64
9 6 200
9 7 485
10 1 180
10 2 416
10 3 193
10 4 445
10 5 61
10 6 211
10 7 487
11 1 82
11 2 153
11 3 88
11 4 165
11 5 30
11 6 102
11 7 189
12 1 60
12 2 138
12 3 66
12 4 150
12 5 25
12 6 69
12 7 157
13 1 112
13 2 216
13 3 119
13 4 229
13 5 39
13 6 138
13 7 266
14 1 420
14 2 824
14 3 461
14 4 904
14 5 167
14 6 522
14 7 1024
15 1 1556
15 2 3411
15 3 1650
15 4 3617
15 5 495
15 6 1938
15 7 4249
16 1 236
16 2 480
16 3 253
16 4 514
16 5 86
16 6 269
16 7 547
17 1 259
17 2 510
17 3 279
17 4 548
17 5 117
17 6 290
17 7 570
18 1 125
18 2 276
18 3 133
18 4 293
18 5 56
18 6 147
18 7 324
19 1 601
19 2 1366
19 3 657
19 4 1492
19 5 253
19 6 676
19 7 1536
20 1 80
20 2 170
20 3 88
20 4 186
20 5 31
20 6 93
20 7 196
21 1 80
21 2 152
21 3 87
21 4 164
21 5 33
21 6 92
21 7 175
22 1 70
22 2 169
22 3 75
22 4 180
22 5 29
22 6 83
22 7 199
23 1 89
23 2 217
23 3 97
23 4 235
23 5 38
23 6 99
23 7 241
24 1 89
24 2 203
24 3 95
24 4 216
24 5 37
24 6 106
24 7 241
25 1 105
25 2 248
25 3 111
25 4 262
25 5 43
25 6 118
25 7 278
26 1 330
26 2 609
26 3 358
26 4 660
26 5 144
26 6 411
26 7 757
27 1 132
27 2 272
27 3 143
27 4 293
27 5 46
27 6 148
27 7 304
28 1 69
28 2 171
28 3 76
28 4 188
28 5 30
28 6 81
28 7 200
29 1 99
29 2 212
29 3 106
29 4 226
29 5 42
29 6 115
29 7 247
30 1 70
30 2 158
30 3 76
30 4 172
30 5 31
30 6 83
30 7 188
31 1 70
31 2 149
31 3 77
31 4 164
31 5 28
31 6 78
31 7 166
32 1 158
32 2 326
32 3 174
32 4 359
32 5 70
32 6 195
32 7 402
33 1 191
33 2 401
33 3 209
33 4 437
33 5 78
33 6 228
33 7 477
34 1 70
34 2 129
34 3 75
34 4 138
34 5 30
34 6 85
34 7 156
35 1 53
35 2 124
35 3 56
35 4 131
35 5 17
35 6 63
35 7 147
36 1 50
36 2 110
36 3 54
36 4 118
36 5 18
36 6 56
36 7 123
37 1 125
37 2 258
37 3 134
37 4 276
37 5 51
37 6 153
37 7 316
38 1 353
38 2 832
38 3 385
38 4 907
38 5 157
38 6 411
38 7 967
39 1 70
39 2 144
39 3 76
39 4 156
39 5 24
39 6 87
39 7 178
40 1 128
40 2 255
40 3 139
40 4 277
40 5 45
40 6 153
40 7 305
41 1 65
41 2 133
41 3 72
41 4 147
41 5 25
41 6 79
41 7 161
42 1 1775
42 2 3541
42 3 1941
42 4 3871
42 5 571
42 6 2154
42 7 4298
43 1 91
43 2 221
43 3 97
43 4 235
43 5 41
43 6 103
43 7 250
44 1 91
44 2 180
44 3 96
44 4 190
44 5 41
44 6 101
44 7 200
45 1 113
45 2 275
45 3 123
45 4 300
45 5 37
45 6 140
45 7 340
46 1 487
46 2 1054
46 3 515
46 4 1113
46 5 215
46 6 592
46 7 1280
47 1 138
47 2 284
47 3 151
47 4 310
47 5 47
47 6 159
47 7 328
48 1 80
48 2 168
48 3 86
48 4 180
48 5 30
48 6 99
48 7 207
49 1 80
49 2 180
49 3 86
49 4 193
49 5 33
49 6 100
49 7 223
50 1 65
50 2 118
50 3 71
50 4 128
50 5 26
50 6 81
50 7 147
51 1 40
51 2 89
51 3 43
51 4 95
51 5 13
51 6 49
51 7 108
52 1 742
52 2 1741
52 3 798
52 4 1872
52 5 242
52 6 905
52 7 2124
53 1 1085
53 2 2504
53 3 1142
53 4 2635
53 5 386
53 6 1333
53 7 3075

# Energy Consumption
1 1 0
1 2 487
1 3 0
1 4 458
1 5 55
1 6 0
1 7 352
2 1 0
2 2 75
2 3 0
2 4 71
2 5 9
2 6 0
2 7 49
3 1 0
3 2 60
3 3 0
3 4 55
3 5 10
3 6 0
3 7 39
4 1 0
4 2 90
4 3 0
4 4 76
4 5 10
4 6 0
4 7 47
5 1 0
5 2 56
5 3 0
5 4 50
5 5 6
5 6 0
5 7 36
6 1 0
6 2 54
6 3 0
6 4 49
6 5 5
6 6 0
6 7 40
7 1 0
7 2 72
7 3 0
7 4 53
7 5 6
7 6 0
7 7 40
8 1 0
8 2 730
8 3 0
8 4 587
8 5 57
8 6 0
8 7 453
9 1 0
9 2 107
9 3 0
9 4 91
9 5 9
9 6 0
9 7 73
10 1 0
10 2 108
10 3 0
10 4 91
10 5 9
10 6 0
10 7 64
11 1 0
11 2 35
11 3 0
11 4 30
11 5 5
11 6 0
11 7 29
12 1 0
12 2 33
12 3 0
12 4 29
12 5 4
12 6 0
12 7 22
13 1 0
13 2 56
13 3 0
13 4 46
13 5 6
13 6 0
13 7 35
14 1 0
14 2 245
14 3 0
14 4 180
14 5 25
14 6 0
14 7 149
15 1 0
15 2 997
15 3 0
15 4 755
15 5 78
15 6 0
15 7 525
16 1 0
16 2 116
16 3 0
16 4 109
16 5 13
16 6 0
16 7 68
17 1 0
17 2 142
17 3 0
17 4 110
17 5 17
17 6 0
17 7 79
18 1 0
18 2 68
18 3 0
18 4 58
18 5 9
18 6 0
18 7 47
19 1 0
19 2 348
19 3 0
19 4 304
19 5 40
19 6 0
19 7 212
20 1 0
20 2 48
20 3 0
20 4 37
20 5 5
20 6 0
20 7 28
21 1 0
21 2 42
21 3 0
21 4 36
21 5 5
21 6 0
21 7 23
22 1 0
22 2 46
22 3 0
22 4 33
22 5 5
22 6 0
22 7 29
23 1 0
23 2 55
23 3 0
23 4 44
23 5 6
23 6 0
23 7 36
24 1 0
24 2 50
24 3 0
24 4 45
24 5 6
24 6 0
24 7 31
25 1 0
25 2 68
25 3 0
25 4 53
25 5 7
25 6 0
25 7 37
26 1 0
26 2 151
26 3 0
26 4 122
26 5 21
26 6 0
26 7 102
27 1 0
27 2 80
27 3 0
27 4 59
27 5 8
27 6 0
27 7 39
28 1 0
28 2 50
28 3 0
28 4 41
28 5 5
28 6 0
28 7 27
29 1 0
29 2 59
29 3 0
29 4 48
29 5 7
29 6 0
29 7 34
30 1 0
30 2 44
30 3 0
30 4 37
30 5 5
30 6 0
30 7 27
31 1 0
31 2 35
31 3 0
31 4 32
31 5 5
31 6 0
31 7 23
32 1 0
32 2 74
32 3 0
32 4 73
32 5 11
32 6 0
32 7 49
33 1 0
33 2 99
33 3 0
33 4 89
33 5 12
33 6 0
33 7 62
34 1 0
34 2 32
34 3 0
34 4 29
34 5 5
34 6 0
34 7 23
35 1 0
35 2 33
35 3 0
35 4 29
35 5 3
35 6 0
35 7 18
36 1 0
36 2 29
36 3 0
36 4 23
36 5 3
36 6 0
36 7 17
37 1 0
37 2 60
37 3 0
37 4 57
37 5 8
37 6 0
37 7 43
38 1 0
38 2 239
38 3 0
38 4 170
38 5 23
38 6 0
38 7 138
39 1 0
39 2 38
39 3 0
39 4 30
39 5 4
39 6 0
39 7 25
40 1 0
40 2 72
40 3 0
40 4 60
40 5 7
40 6 0
40 7 39
41 1 0
41 2 32
41 3 0
41 4 28
41 5 4
41 6 0
41 7 22
42 1 0
42 2 1042
42 3 0
42 4 768
42 5 86
42 6 0
42 7 627
43 1 0
43 2 53
43 3 0
43 4 52
43 5 7
43 6 0
43 7 32
44 1 0
44 2 42
44 3 0
44 4 40
44 5 7
44 6 0
44 7 28
45 1 0
45 2 79
45 3 0
45 4 57
45 5 6
45 6 0
45 7 44
46 1 0
46 2 304
46 3 0
46 4 245
46 5 34
46 6 0
46 7 157
47 1 0
47 2 68
47 3 0
47 4 60
47 5 8
47 6 0
47 7 47
48 1 0
48 2 46
48 3 0
48 4 37
48 5 5
48 6 0
48 7 29
49 1 0
49 2 51
49 3 0
49 4 37
49 5 6
49 6 0
49 7 28
50 1 0
50 2 29
50 3 0
50 4 28
50 5 5
50 6 0
50 7 18
51 1 0
51 2 22
51 3 0
51 4 18
51 5 2
51 6 0
51 7 17
52 1 0
52 2 460
52 3 0
52 4 355
52 5 36
52 6 0
52 7 273
53 1 0
53 2 619
53 3 0
53 4 522
53 5 57
53 6 0
53 7 398

# Precedence Relations
1 2
1 3
1 4
1 5
1 6
1 7
2 36
3 36
4 9
5 9
6 9
7 9
8 9
9 10
10 11
11 12
12 13
12 14
12 15
13 16
13 17
13 18
14 22
15 16
15 17
16 29
16 30
16 31
17 19
18 42
19 20
19 21
19 22
20 23
21 24
22 25
23 36
24 36
25 26
26 27
27 28
28 29
28 30
28 31
28 32
28 33
28 34
29 35
30 35
31 35
32 35
33 35
34 35
35 36
36 37
37 38
37 39
37 40
38 41
39 41
40 41
41 42
42 43
42 44
42 45
42 46
42 47
43 48
44 49
45 51
45 52
46 50
47 51
47 52
48 51
48 52
49 51
49 52
50 51
50 52
51 53
52 53

# Parameters
R_e = 0.0500
T = 2806.0
C_s = 4.0
C_w = 36.0
C_c = 5.0
