# Tasks
1 2 3 4 5 6 7 8 9 10 11 12 13 14 15 16 17 18 19 20 21 22 23 24 25 26 27 28 29 30

# Workstations
1 2 3 4 5 6 7 8 9 10 11 12 13 14 15 16 17 18 19 20 21 22 23 24 25 26 27 28 29 30

# Modes
1 2 3 4 5 6 7

# Processing Times
1 1 8
1 2 8
1 3 9
1 4 9
1 5 8
1 6 12
1 7 12
2 1 7
2 2 7
2 3 8
2 4 8
2 5 7
2 6 10
2 7 10
3 1 19
3 2 20
3 3 21
3 4 22
3 5 17
3 6 25
3 7 26
4 1 10
4 2 10
4 3 11
4 4 11
4 5 9
4 6 13
4 7 13
5 1 2
5 2 3
5 3 3
5 4 4
5 5 2
5 6 3
5 7 4
6 1 6
6 2 6
6 3 7
6 4 7
6 5 6
6 6 8
6 7 8
7 1 14
7 2 14
7 3 15
7 4 15
7 5 13
7 6 20
7 7 20
8 1 10
8 2 11
8 3 11
8 4 12
8 5 9
8 6 13
8 7 14
9 1 1
9 2 2
9 3 2
9 4 3
9 5 1
9 6 2
9 7 3
10 1 4
10 2 4
10 3 5
10 4 5
10 5 4
10 6 6
10 7 6
11 1 14
11 2 15
11 3 16
11 4 17
11 5 13
11 6 19
11 7 20
12 1 15
12 2 13
12 3 16
12 4 14
12 5 14
12 6 21
12 7 18
13 1 5
13 2 5
13 3 6
13 4 6
13 5 5
13 6 8
13 7 8
14 1 12
14 2 12
14 3 14
14 4 14
14 5 12
14 6 16
14 7 16
15 1 9
15 2 9
15 3 10
15 4 10
15 5 8
15 6 14
15 7 14
16 1 10
16 2 11
16 3 11
16 4 12
16 5 10
16 6 13
16 7 14
17 1 2
17 2 2
17 3 3
17 4 3
17 5 2
17 6 3
17 7 3
18 1 10
18 2 10
18 3 11
18 4 11
18 5 9
18 6 14
18 7 14
19 1 18
19 2 20
19 3 20
19 4 22
19 5 16
19 6 24
19 7 26
20 1 16
20 2 14
20 3 18
20 4 15
20 5 14
20 6 23
20 7 20
21 1 21
21 2 20
21 3 23
21 4 22
21 5 18
21 6 29
21 7 28
22 1 14
22 2 13
22 3 15
22 4 14
22 5 12
22 6 20
22 7 19
23 1 16
23 2 17
23 3 17
23 4 18
23 5 15
23 6 21
23 7 23
24 1 7
24 2 7
24 3 8
24 4 8
24 5 6
24 6 10
24 7 10
25 1 17
25 2 18
25 3 18
25 4 19
25 5 16
25 6 22
25 7 23
26 1 9
26 2 10
26 3 10
26 4 11
26 5 8
26 6 13
26 7 15
27 1 25
27 2 23
27 3 28
27 4 25
27 5 22
27 6 33
27 7 30
28 1 7
28 2 6
28 3 8
28 4 7
28 5 6
28 6 10
28 7 9
29 1 14
29 2 13
29 3 16
29 4 14
29 5 12
29 6 20
29 7 19
30 1 2
30 2 2
30 3 3
30 4 3
30 5 2
30 6 3
30 7 3

# Energy Consumption
1 1 0
1 2 2
1 3 0
1 4 2
1 5 2
1 6 0
1 7 2
2 1 0
2 2 2
2 3 0
2 4 2
2 5 2
2 6 0
2 7 2
3 1 0
3 2 5
3 3 0
3 4 5
3 5 3
3 6 0
3 7 4
4 1 0
4 2 3
4 3 0
4 4 3
4 5 2
4 6 0
4 7 2
5 1 0
5 2 1
5 3 0
5 4 1
5 5 1
5 6 0
5 7 1
6 1 0
6 2 2
6 3 0
6 4 2
6 5 1
6 6 0
6 7 2
7 1 0
7 2 5
7 3 0
7 4 3
7 5 2
7 6 0
7 7 3
8 1 0
8 2 3
8 3 0
8 4 3
8 5 2
8 6 0
8 7 2
9 1 0
9 2 1
9 3 0
9 4 1
9 5 1
9 6 0
9 7 1
10 1 0
10 2 1
10 3 0
10 4 2
10 5 1
10 6 0
10 7 1
11 1 0
11 2 4
11 3 0
11 4 4
11 5 2
11 6 0
11 7 3
12 1 0
12 2 3
12 3 0
12 4 4
12 5 3
12 6 0
12 7 3
13 1 0
13 2 2
13 3 0
13 4 2
13 5 1
13 6 0
13 7 2
14 1 0
14 2 4
14 3 0
14 4 3
14 5 2
14 6 0
14 7 3
15 1 0
15 2 3
15 3 0
15 4 3
15 5 2
15 6 0
15 7 2
16 1 0
16 2 4
16 3 0
16 4 3
16 5 2
16 6 0
16 7 2
17 1 0
17 2 1
17 3 0
17 4 1
17 5 1
17 6 0
17 7 1
18 1 0
18 2 3
18 3 0
18 4 3
18 5 2
18 6 0
18 7 2
19 1 0
19 2 5
19 3 0
19 4 5
19 5 3
19 6 0
19 7 4
20 1 0
20 2 4
20 3 0
20 4 4
20 5 3
20 6 0
20 7 3
21 1 0
21 2 6
21 3 0
21 4 5
21 5 3
21 6 0
21 7 5
22 1 0
22 2 4
22 3 0
22 4 3
22 5 2
22 6 0
22 7 3
23 1 0
23 2 5
23 3 0
23 4 4
23 5 3
23 6 0
23 7 4
24 1 0
24 2 2
24 3 0
24 4 2
24 5 1
24 6 0
24 7 2
25 1 0
25 2 5
25 3 0
25 4 4
25 5 3
25 6 0
25 7 3
26 1 0
26 2 3
26 3 0
26 4 3
26 5 2
26 6 0
26 7 2
27 1 0
27 2 6
27 3 0
27 4 5
27 5 4
27 6 0
27 7 5
28 1 0
28 2 2
28 3 0
28 4 2
28 5 1
28 6 0
28 7 2
29 1 0
29 2 4
29 3 0
29 4 3
29 5 2
29 6 0
29 7 3
30 1 0
30 2 1
30 3 0
30 4 1
30 5 1
30 6 0
30 7 1

# Precedence Relations
1 4
1 5
2 11
2 12
3 16
3 17
4 7
5 6
6 7
7 8
8 9
9 26
10 24
12 13
13 14
14 15
14 20
15 22
16 20
17 18
18 19
20 21
20 24
21 22
22 23
23 27
24 25
25 26
26 27
27 28
27 29
29 30

# Parameters
R_e = 0.0500
T = 200.0
C_s = 4.0
C_w = 36.0
C_c = 5.0
