# Tasks
1 2 3 4 5 6 7 8 9 10 11 12 13 14 15 16 17 18 19 20 21 22 23 24 25 26 27 28

# Workstations
1 2 3 4 5 6 7 8 9 10 11 12 13 14 15 16 17 18 19 20 21 22 23 24 25 26 27 28

# Modes
1 2 3 4 5 6 7

# Processing Times
1 1 70
1 2 107
1 3 71
1 4 108
1 5 31
1 6 89
1 7 135
2 1 59
2 2 77
2 3 61
2 4 79
2 5 23
2 6 82
2 7 107
3 1 33
3 2 51
3 3 33
3 4 51
3 5 14
3 6 47
3 7 72
4 1 6
4 2 9
4 3 6
4 4 9
4 5 2
4 6 9
4 7 13
5 1 1
5 2 2
5 3 1
5 4 2
5 5 1
5 6 2
5 7 3
6 1 27
6 2 34
6 3 26
6 4 33
6 5 11
6 6 38
6 7 47
7 1 17
7 2 22
7 3 18
7 4 23
7 5 6
7 6 23
7 7 30
8 1 62
8 2 83
8 3 64
8 4 86
8 5 22
8 6 87
8 7 117
9 1 31
9 2 49
9 3 33
9 4 52
9 5 12
9 6 40
9 7 63
10 1 53
10 2 71
10 3 53
10 4 71
10 5 22
10 6 67
10 7 89
11 1 21
11 2 31
11 3 22
11 4 32
11 5 8
11 6 30
11 7 43
12 1 19
12 2 28
12 3 20
12 4 29
12 5 8
12 6 26
12 7 38
13 1 108
13 2 160
13 3 111
13 4 165
13 5 43
13 6 137
13 7 203
14 1 52
14 2 83
14 3 54
14 4 85
14 5 22
14 6 67
14 7 107
15 1 5
15 2 8
15 3 5
15 4 8
15 5 2
15 6 7
15 7 11
16 1 8
16 2 13
16 3 9
16 4 14
16 5 3
16 6 12
16 7 19
17 1 97
17 2 153
17 3 95
17 4 149
17 5 36
17 6 137
17 7 215
18 1 8
18 2 11
18 3 9
18 4 12
18 5 3
18 6 12
18 7 16
19 1 47
19 2 72
19 3 49
19 4 74
19 5 17
19 6 68
19 7 104
20 1 67
20 2 95
20 3 67
20 4 95
20 5 26
20 6 84
20 7 119
21 1 17
21 2 27
21 3 18
21 4 28
21 5 6
21 6 22
21 7 35
22 1 8
22 2 12
22 3 8
22 4 12
22 5 4
22 6 11
22 7 16
23 1 3
23 2 5
23 3 3
23 4 5
23 5 2
23 6 5
23 7 8
24 1 21
24 2 33
24 3 22
24 4 34
24 5 10
24 6 28
24 7 44
25 1 107
25 2 142
25 3 103
25 4 136
25 5 44
25 6 141
25 7 187
26 1 3
26 2 4
26 3 4
26 4 5
26 5 2
26 6 5
26 7 6
27 1 2
27 2 3
27 3 2
27 4 3
27 5 1
27 6 3
27 7 5
28 1 72
28 2 112
28 3 73
28 4 114
28 5 28
28 6 96
28 7 149

# Energy Consumption
1 1 0
1 2 25
1 3 0
1 4 22
1 5 5
1 6 0
1 7 19
2 1 0
2 2 18
2 3 0
2 4 17
2 5 4
2 6 0
2 7 14
3 1 0
3 2 15
3 3 0
3 4 10
3 5 3
3 6 0
3 7 9
4 1 0
4 2 3
4 3 0
4 4 2
4 5 1
4 6 0
4 7 2
5 1 0
5 2 1
5 3 0
5 4 1
5 5 1
5 6 0
5 7 1
6 1 0
6 2 10
6 3 0
6 4 7
6 5 2
6 6 0
6 7 7
7 1 0
7 2 6
7 3 0
7 4 5
7 5 1
7 6 0
7 7 4
8 1 0
8 2 23
8 3 0
8 4 19
8 5 4
8 6 0
8 7 15
9 1 0
9 2 12
9 3 0
9 4 10
9 5 2
9 6 0
9 7 9
10 1 0
10 2 18
10 3 0
10 4 14
10 5 4
10 6 0
10 7 13
11 1 0
11 2 9
11 3 0
11 4 6
11 5 2
11 6 0
11 7 6
12 1 0
12 2 8
12 3 0
12 4 7
12 5 2
12 6 0
12 7 5
13 1 0
13 2 41
13 3 0
13 4 35
13 5 7
13 6 0
13 7 28
14 1 0
14 2 20
14 3 0
14 4 17
14 5 4
14 6 0
14 7 16
15 1 0
15 2 3
15 3 0
15 4 2
15 5 1
15 6 0
15 7 2
16 1 0
16 2 3
16 3 0
16 4 3
16 5 1
16 6 0
16 7 3
17 1 0
17 2 46
17 3 0
17 4 29
17 5 6
17 6 0
17 7 32
18 1 0
18 2 3
18 3 0
18 4 3
18 5 1
18 6 0
18 7 3
19 1 0
19 2 21
19 3 0
19 4 15
19 5 3
19 6 0
19 7 15
20 1 0
20 2 29
20 3 0
20 4 20
20 5 5
20 6 0
20 7 15
21 1 0
21 2 7
21 3 0
21 4 6
21 5 1
21 6 0
21 7 5
22 1 0
22 2 3
22 3 0
22 4 3
22 5 1
22 6 0
22 7 3
23 1 0
23 2 2
23 3 0
23 4 1
23 5 1
23 6 0
23 7 2
24 1 0
24 2 8
24 3 0
24 4 7
24 5 2
24 6 0
24 7 6
25 1 0
25 2 36
25 3 0
25 4 26
25 5 7
25 6 0
25 7 26
26 1 0
26 2 1
26 3 0
26 4 2
26 5 1
26 6 0
26 7 1
27 1 0
27 2 1
27 3 0
27 4 1
27 5 1
27 6 0
27 7 1
28 1 0
28 2 31
28 3 0
28 4 21
28 5 5
28 6 0
28 7 18

# Precedence Relations
1 3
1 4
1 5
1 8
1 19
1 21
1 22
1 23
1 24
1 26
2 6
2 17
3 28
4 28
5 28
6 7
7 18
8 9
9 10
10 11
10 12
11 15
12 13
13 14
13 16
14 28
15 28
16 28
17 28
18 28
19 20
20 28
21 28
22 28
23 28
24 25
25 28
26 27
27 28

# Parameters
R_e = 0.0500
T = 236.0
C_s = 4.0
C_w = 36.0
C_c = 5.0
