# Tasks
1 2 3 4 5 6 7

# Workstations
1 2 3 4 5 6 7

# Modes
1 2 3 4 5 6 7

# Processing Times
1 1 1
1 2 3
1 3 1
1 4 3
1 5 1
1 6 2
1 7 4
2 1 5
2 2 12
2 3 5
2 4 11
2 5 5
2 6 6
2 7 13
3 1 4
3 2 10
3 3 4
3 4 9
3 5 4
3 6 5
3 7 11
4 1 3
4 2 8
4 3 3
4 4 7
4 5 3
4 6 4
4 7 9
5 1 5
5 2 12
5 3 5
5 4 11
5 5 5
5 6 6
5 7 13
6 1 6
6 2 15
6 3 6
6 4 13
6 5 6
6 6 7
6 7 16
7 1 5
7 2 12
7 3 5
7 4 11
7 5 5
7 6 6
7 7 13

# Energy Consumption
1 1 0
1 2 1
1 3 0
1 4 1
1 5 1
1 6 0
1 7 1
2 1 0
2 2 3
2 3 0
2 4 3
2 5 1
2 6 0
2 7 2
3 1 0
3 2 3
3 3 0
3 4 2
3 5 1
3 6 0
3 7 2
4 1 0
4 2 3
4 3 0
4 4 2
4 5 1
4 6 0
4 7 2
5 1 0
5 2 4
5 3 0
5 4 3
5 5 1
5 6 0
5 7 2
6 1 0
6 2 4
6 3 0
6 4 3
6 5 1
6 6 0
6 7 3
7 1 0
7 2 3
7 3 0
7 4 3
7 5 1
7 6 0
7 7 2

# Precedence Relations
1 2
1 4
2 3
2 5
4 7
5 6

# Parameters
R_e = 0.0500
T = 60.0
C_s = 4.0
C_w = 36.0
C_c = 5.0
