# Tasks
1 2 3 4 5 6 7 8 9 10 11 12 13 14 15 16 17 18 19 20

# Workstations
1 2 3 4 5 6 7 8 9 10 11 12 13 14 15 16 17 18 19 20

# Modes
1 2 3 4 5 6 7

# Processing Times
1 1 142
1 2 181
1 3 129
1 4 165
1 5 133
1 6 169
1 7 216
2 1 34
2 2 44
2 3 31
2 4 40
2 5 32
2 6 41
2 7 53
3 1 140
3 2 178
3 3 128
3 4 162
3 5 131
3 6 167
3 7 212
4 1 214
4 2 272
4 3 195
4 4 247
4 5 200
4 6 255
4 7 324
5 1 121
5 2 154
5 3 110
5 4 140
5 5 113
5 6 144
5 7 183
6 1 279
6 2 354
6 3 254
6 4 322
6 5 261
6 6 332
6 7 421
7 1 50
7 2 64
7 3 46
7 4 59
7 5 47
7 6 60
7 7 77
8 1 282
8 2 358
8 3 256
8 4 325
8 5 264
8 6 336
8 7 426
9 1 129
9 2 164
9 3 118
9 4 149
9 5 121
9 6 154
9 7 195
10 1 175
10 2 222
10 3 159
10 4 202
10 5 164
10 6 208
10 7 264
11 1 97
11 2 124
11 3 89
11 4 113
11 5 91
11 6 116
11 7 148
12 1 132
12 2 168
12 3 120
12 4 153
12 5 124
12 6 157
12 7 200
13 1 107
13 2 136
13 3 98
13 4 124
13 5 100
13 6 128
13 7 162
14 1 132
14 2 168
14 3 120
14 4 153
14 5 124
14 6 157
14 7 200
15 1 69
15 2 88
15 3 63
15 4 80
15 5 65
15 6 82
15 7 105
16 1 169
16 2 215
16 3 154
16 4 196
16 5 158
16 6 201
16 7 256
17 1 73
17 2 93
17 3 67
17 4 85
17 5 69
17 6 87
17 7 111
18 1 231
18 2 293
18 3 210
18 4 266
18 5 216
18 6 275
18 7 349
19 1 120
19 2 153
19 3 109
19 4 139
19 5 112
19 6 143
19 7 182
20 1 186
20 2 236
20 3 169
20 4 215
20 5 174
20 6 221
20 7 281

# Energy Consumption
1 1 0
1 2 43
1 3 0
1 4 36
1 5 21
1 6 0
1 7 30
2 1 0
2 2 11
2 3 0
2 4 9
2 5 5
2 6 0
2 7 8
3 1 0
3 2 51
3 3 0
3 4 30
3 5 19
3 6 0
3 7 29
4 1 0
4 2 77
4 3 0
4 4 52
4 5 31
4 6 0
4 7 45
5 1 0
5 2 39
5 3 0
5 4 27
5 5 17
5 6 0
5 7 27
6 1 0
6 2 85
6 3 0
6 4 66
6 5 41
6 6 0
6 7 62
7 1 0
7 2 17
7 3 0
7 4 12
7 5 8
7 6 0
7 7 12
8 1 0
8 2 85
8 3 0
8 4 68
8 5 38
8 6 0
8 7 64
9 1 0
9 2 45
9 3 0
9 4 33
9 5 18
9 6 0
9 7 28
10 1 0
10 2 58
10 3 0
10 4 44
10 5 25
10 6 0
10 7 40
11 1 0
11 2 37
11 3 0
11 4 23
11 5 15
11 6 0
11 7 19
12 1 0
12 2 43
12 3 0
12 4 33
12 5 19
12 6 0
12 7 29
13 1 0
13 2 37
13 3 0
13 4 27
13 5 15
13 6 0
13 7 22
14 1 0
14 2 38
14 3 0
14 4 33
14 5 18
14 6 0
14 7 26
15 1 0
15 2 21
15 3 0
15 4 17
15 5 10
15 6 0
15 7 16
16 1 0
16 2 48
16 3 0
16 4 44
16 5 25
16 6 0
16 7 32
17 1 0
17 2 27
17 3 0
17 4 16
17 5 11
17 6 0
17 7 16
18 1 0
18 2 85
18 3 0
18 4 51
18 5 33
18 6 0
18 7 51
19 1 0
19 2 36
19 3 0
19 4 26
19 5 16
19 6 0
19 7 24
20 1 0
20 2 56
20 3 0
20 4 44
20 5 27
20 6 0
20 7 42

# Precedence Relations
1 6
2 7
4 8
5 9
6 10
7 11
8 12
10 13
11 13
12 14
12 15
13 16
13 17
13 18
14 20
15 19

# Parameters
R_e = 0.0500
T = 1000.0
C_s = 4.0
C_w = 36.0
C_c = 5.0
