# Tasks
1 2 3 4 5 6 7 8 9 10 11 12 13 14 15 16 17 18 19 20

# Workstations
1 2 3 4 5 6 7 8 9 10 11 12 13 14 15 16 17 18 19 20

# Modes
1 2 3 4 5 6 7

# Processing Times
1 1 27
1 2 64
1 3 26
1 4 61
1 5 17
1 6 35
1 7 81
2 1 123
2 2 291
2 3 116
2 4 275
2 5 74
2 6 156
2 7 368
3 1 188
3 2 444
3 3 178
3 4 419
3 5 113
3 6 238
3 7 561
4 1 152
4 2 359
4 3 144
4 4 339
4 5 91
4 6 192
4 7 454
5 1 210
5 2 496
5 3 198
5 4 468
5 5 126
5 6 266
5 7 627
6 1 206
6 2 487
6 3 195
6 4 459
6 5 124
6 6 261
6 7 615
7 1 234
7 2 553
7 3 221
7 4 522
7 5 140
7 6 296
7 7 699
8 1 178
8 2 421
8 3 168
8 4 397
8 5 107
8 6 225
8 7 532
9 1 82
9 2 194
9 3 78
9 4 183
9 5 49
9 6 104
9 7 245
10 1 126
10 2 298
10 3 119
10 4 281
10 5 76
10 6 160
10 7 377
11 1 93
11 2 220
11 3 88
11 4 208
11 5 56
11 6 118
11 7 278
12 1 135
12 2 319
12 3 128
12 4 301
12 5 81
12 6 171
12 7 403
13 1 159
13 2 376
13 3 150
13 4 355
13 5 95
13 6 201
13 7 475
14 1 177
14 2 418
14 3 167
14 4 394
14 5 106
14 6 224
14 7 528
15 1 196
15 2 463
15 3 185
15 4 437
15 5 118
15 6 248
15 7 585
16 1 165
16 2 390
16 3 156
16 4 368
16 5 99
16 6 209
16 7 493
17 1 104
17 2 246
17 3 99
17 4 232
17 5 63
17 6 132
17 7 311
18 1 157
18 2 371
18 3 148
18 4 350
18 5 94
18 6 199
18 7 469
19 1 87
19 2 206
19 3 82
19 4 195
19 5 52
19 6 110
19 7 261
20 1 140
20 2 331
20 3 132
20 4 312
20 5 84
20 6 177
20 7 418

# Energy Consumption
1 1 0
1 2 19
1 3 0
1 4 12
1 5 3
1 6 0
1 7 10
2 1 0
2 2 68
2 3 0
2 4 53
2 5 11
2 6 0
2 7 54
3 1 0
3 2 112
3 3 0
3 4 85
3 5 16
3 6 0
3 7 77
4 1 0
4 2 89
4 3 0
4 4 70
4 5 14
4 6 0
4 7 58
5 1 0
5 2 120
5 3 0
5 4 98
5 5 19
5 6 0
5 7 80
6 1 0
6 2 119
6 3 0
6 4 101
6 5 19
6 6 0
6 7 80
7 1 0
7 2 140
7 3 0
7 4 108
7 5 22
7 6 0
7 7 97
8 1 0
8 2 111
8 3 0
8 4 85
8 5 16
8 6 0
8 7 78
9 1 0
9 2 44
9 3 0
9 4 36
9 5 8
9 6 0
9 7 30
10 1 0
10 2 77
10 3 0
10 4 59
10 5 12
10 6 0
10 7 46
11 1 0
11 2 53
11 3 0
11 4 40
11 5 8
11 6 0
11 7 35
12 1 0
12 2 80
12 3 0
12 4 59
12 5 12
12 6 0
12 7 49
13 1 0
13 2 111
13 3 0
13 4 67
13 5 15
13 6 0
13 7 67
14 1 0
14 2 121
14 3 0
14 4 75
14 5 17
14 6 0
14 7 76
15 1 0
15 2 107
15 3 0
15 4 84
15 5 19
15 6 0
15 7 75
16 1 0
16 2 93
16 3 0
16 4 80
16 5 15
16 6 0
16 7 60
17 1 0
17 2 65
17 3 0
17 4 45
17 5 10
17 6 0
17 7 38
18 1 0
18 2 95
18 3 0
18 4 66
18 5 15
18 6 0
18 7 67
19 1 0
19 2 54
19 3 0
19 4 36
19 5 9
19 6 0
19 7 37
20 1 0
20 2 86
20 3 0
20 4 59
20 5 12
20 6 0
20 7 60

# Precedence Relations
1 9
2 9
3 9
4 7
5 6
5 8
6 9
7 9
8 10
8 11
9 12
9 13
9 14
9 15
10 17
12 17
13 16
16 19
16 20
17 18

# Parameters
R_e = 0.0500
T = 1000.0
C_s = 4.0
C_w = 36.0
C_c = 5.0
