# Tasks
1 2 3 4 5 6 7 8 9 10 11 12 13 14 15 16 17 18 19 20

# Workstations
1 2 3 4 5 6 7 8 9 10 11 12 13 14 15 16 17 18 19 20

# Modes
1 2 3 4 5 6 7

# Processing Times
1 1 85
1 2 106
1 3 83
1 4 103
1 5 32
1 6 118
1 7 147
2 1 262
2 2 325
2 3 255
2 4 316
2 5 98
2 6 363
2 7 451
3 1 34
3 2 43
3 3 33
3 4 42
3 5 13
3 6 48
3 7 60
4 1 93
4 2 116
4 3 91
4 4 113
4 5 35
4 6 129
4 7 161
5 1 40
5 2 50
5 3 39
5 4 49
5 5 15
5 6 56
5 7 70
6 1 149
6 2 185
6 3 145
6 4 180
6 5 56
6 6 207
6 7 257
7 1 56
7 2 70
7 3 55
7 4 68
7 5 21
7 6 78
7 7 97
8 1 103
8 2 128
8 3 100
8 4 125
8 5 39
8 6 143
8 7 178
9 1 53
9 2 66
9 3 52
9 4 64
9 5 20
9 6 74
9 7 92
10 1 41
10 2 51
10 3 40
10 4 50
10 5 16
10 6 57
10 7 71
11 1 118
11 2 147
11 3 115
11 4 143
11 5 44
11 6 164
11 7 204
12 1 121
12 2 150
12 3 118
12 4 146
12 5 45
12 6 168
12 7 208
13 1 124
13 2 154
13 3 121
13 4 150
13 5 47
13 6 172
13 7 214
14 1 44
14 2 55
14 3 43
14 4 54
14 5 17
14 6 61
14 7 77
15 1 199
15 2 247
15 3 193
15 4 240
15 5 74
15 6 276
15 7 343
16 1 95
16 2 118
16 3 93
16 4 115
16 5 36
16 6 132
16 7 164
17 1 27
17 2 34
17 3 27
17 4 33
17 5 11
17 6 38
17 7 48
18 1 151
18 2 188
18 3 147
18 4 183
18 5 57
18 6 210
18 7 261
19 1 43
19 2 54
19 3 42
19 4 53
19 5 16
19 6 60
19 7 75
20 1 95
20 2 118
20 3 93
20 4 115
20 5 36
20 6 132
20 7 164

# Energy Consumption
1 1 0
1 2 25
1 3 0
1 4 21
1 5 5
1 6 0
1 7 21
2 1 0
2 2 73
2 3 0
2 4 65
2 5 15
2 6 0
2 7 59
3 1 0
3 2 13
3 3 0
3 4 8
3 5 3
3 6 0
3 7 8
4 1 0
4 2 28
4 3 0
4 4 25
4 5 6
4 6 0
4 7 23
5 1 0
5 2 14
5 3 0
5 4 10
5 5 3
5 6 0
5 7 10
6 1 0
6 2 51
6 3 0
6 4 38
6 5 9
6 6 0
6 7 35
7 1 0
7 2 19
7 3 0
7 4 15
7 5 4
7 6 0
7 7 13
8 1 0
8 2 36
8 3 0
8 4 28
8 5 6
8 6 0
8 7 23
9 1 0
9 2 17
9 3 0
9 4 12
9 5 3
9 6 0
9 7 12
10 1 0
10 2 13
10 3 0
10 4 10
10 5 3
10 6 0
10 7 10
11 1 0
11 2 43
11 3 0
11 4 27
11 5 7
11 6 0
11 7 29
12 1 0
12 2 38
12 3 0
12 4 31
12 5 7
12 6 0
12 7 26
13 1 0
13 2 39
13 3 0
13 4 32
13 5 8
13 6 0
13 7 30
14 1 0
14 2 14
14 3 0
14 4 11
14 5 3
14 6 0
14 7 12
15 1 0
15 2 67
15 3 0
15 4 47
15 5 11
15 6 0
15 7 50
16 1 0
16 2 27
16 3 0
16 4 23
16 5 6
16 6 0
16 7 20
17 1 0
17 2 11
17 3 0
17 4 7
17 5 2
17 6 0
17 7 7
18 1 0
18 2 45
18 3 0
18 4 41
18 5 9
18 6 0
18 7 33
19 1 0
19 2 16
19 3 0
19 4 11
19 5 3
19 6 0
19 7 11
20 1 0
20 2 36
20 3 0
20 4 24
20 5 6
20 6 0
20 7 20

# Precedence Relations
1 11
2 11
3 4
3 5
4 11
5 6
5 7
5 8
5 9
5 10
6 11
7 11
8 20
9 12
10 12
11 13
11 14
11 15
11 16
12 19
14 18
14 20
15 17
16 19
16 20

# Parameters
R_e = 0.0500
T = 1000.0
C_s = 4.0
C_w = 36.0
C_c = 5.0
