# Tasks
1 2 3 4 5 6 7 8 9 10 11 12 13 14 15 16 17 18 19 20

# Workstations
1 2 3 4 5 6 7 8 9 10 11 12 13 14 15 16 17 18 19 20

# Modes
1 2 3 4 5 6 7

# Processing Times
1 1 85
1 2 88
1 3 83
1 4 86
1 5 55
1 6 105
1 7 108
2 1 262
2 2 264
2 3 273
2 4 275
2 5 160
2 6 303
2 7 305
3 1 34
3 2 35
3 3 34
3 4 35
3 5 22
3 6 38
3 7 39
4 1 93
4 2 80
4 3 95
4 4 82
4 5 52
4 6 112
4 7 96
5 1 40
5 2 35
5 3 40
5 4 35
5 5 27
5 6 47
5 7 41
6 1 149
6 2 162
6 3 151
6 4 164
6 5 91
6 6 178
6 7 194
7 1 56
7 2 51
7 3 59
7 4 54
7 5 36
7 6 70
7 7 64
8 1 103
8 2 100
8 3 103
8 4 100
8 5 64
8 6 115
8 7 112
9 1 53
9 2 48
9 3 54
9 4 49
9 5 34
9 6 59
9 7 54
10 1 41
10 2 40
10 3 40
10 4 39
10 5 28
10 6 51
10 7 50
11 1 118
11 2 103
11 3 114
11 4 100
11 5 80
11 6 147
11 7 128
12 1 121
12 2 133
12 3 126
12 4 138
12 5 80
12 6 141
12 7 155
13 1 124
13 2 128
13 3 129
13 4 133
13 5 72
13 6 137
13 7 142
14 1 44
14 2 46
14 3 45
14 4 47
14 5 30
14 6 51
14 7 53
15 1 199
15 2 188
15 3 206
15 4 194
15 5 135
15 6 230
15 7 217
16 1 95
16 2 97
16 3 92
16 4 94
16 5 55
16 6 118
16 7 120
17 1 27
17 2 27
17 3 29
17 4 29
17 5 19
17 6 34
17 7 34
18 1 151
18 2 161
18 3 145
18 4 154
18 5 85
18 6 186
18 7 198
19 1 43
19 2 38
19 3 46
19 4 40
19 5 30
19 6 52
19 7 46
20 1 95
20 2 96
20 3 99
20 4 100
20 5 66
20 6 112
20 7 113

# Energy Consumption
1 1 0
1 2 24
1 3 0
1 4 17
1 5 9
1 6 0
1 7 14
2 1 0
2 2 64
2 3 0
2 4 60
2 5 24
2 6 0
2 7 38
3 1 0
3 2 10
3 3 0
3 4 8
3 5 4
3 6 0
3 7 6
4 1 0
4 2 24
4 3 0
4 4 16
4 5 8
4 6 0
4 7 14
5 1 0
5 2 9
5 3 0
5 4 7
5 5 5
5 6 0
5 7 6
6 1 0
6 2 40
6 3 0
6 4 33
6 5 15
6 6 0
6 7 25
7 1 0
7 2 12
7 3 0
7 4 11
7 5 6
7 6 0
7 7 9
8 1 0
8 2 30
8 3 0
8 4 21
8 5 11
8 6 0
8 7 17
9 1 0
9 2 13
9 3 0
9 4 11
9 5 6
9 6 0
9 7 8
10 1 0
10 2 12
10 3 0
10 4 8
10 5 5
10 6 0
10 7 7
11 1 0
11 2 27
11 3 0
11 4 19
11 5 12
11 6 0
11 7 18
12 1 0
12 2 35
12 3 0
12 4 29
12 5 13
12 6 0
12 7 21
13 1 0
13 2 37
13 3 0
13 4 29
13 5 11
13 6 0
13 7 19
14 1 0
14 2 14
14 3 0
14 4 10
14 5 5
14 6 0
14 7 8
15 1 0
15 2 56
15 3 0
15 4 37
15 5 20
15 6 0
15 7 32
16 1 0
16 2 25
16 3 0
16 4 20
16 5 9
16 6 0
16 7 17
17 1 0
17 2 8
17 3 0
17 4 6
17 5 3
17 6 0
17 7 5
18 1 0
18 2 44
18 3 0
18 4 30
18 5 14
18 6 0
18 7 29
19 1 0
19 2 9
19 3 0
19 4 8
19 5 5
19 6 0
19 7 7
20 1 0
20 2 27
20 3 0
20 4 21
20 5 11
20 6 0
20 7 15

# Precedence Relations
1 11
2 11
3 4
3 5
4 11
5 6
5 7
5 8
5 9
5 10
6 11
7 11
8 20
9 12
10 12
11 13
11 14
11 15
11 16
12 19
14 18
14 20
15 17
16 19
16 20

# Parameters
R_e = 0.0500
T = 1000.0
C_s = 4.0
C_w = 36.0
C_c = 5.0
