# Tasks
1 2 3 4 5 6 7 8 9 10 11 12 13 14 15 16 17 18 19 20

# Workstations
1 2 3 4 5 6 7 8 9 10 11 12 13 14 15 16 17 18 19 20

# Modes
1 2 3 4 5 6 7

# Processing Times
1 1 464
1 2 1096
1 3 438
1 4 1033
1 5 278
1 6 586
1 7 1384
2 1 154
2 2 364
2 3 146
2 4 344
2 5 92
2 6 195
2 7 460
3 1 506
3 2 1195
3 3 477
3 4 1127
3 5 303
3 6 639
3 7 1509
4 1 476
4 2 1125
4 3 449
4 4 1061
4 5 285
4 6 601
4 7 1421
5 1 77
5 2 182
5 3 73
5 4 172
5 5 46
5 6 98
5 7 230
6 1 155
6 2 367
6 3 147
6 4 346
6 5 93
6 6 196
6 7 464
7 1 340
7 2 803
7 3 321
7 4 757
7 5 204
7 6 430
7 7 1014
8 1 467
8 2 1103
8 3 441
8 4 1040
8 5 279
8 6 590
8 7 1393
9 1 94
9 2 222
9 3 89
9 4 210
9 5 57
9 6 119
9 7 281
10 1 65
10 2 154
10 3 62
10 4 146
10 5 39
10 6 83
10 7 195
11 1 192
11 2 454
11 3 181
11 4 428
11 5 115
11 6 243
11 7 574
12 1 127
12 2 300
12 3 120
12 4 283
12 5 76
12 6 161
12 7 379
13 1 204
13 2 482
13 3 193
13 4 455
13 5 122
13 6 258
13 7 609
14 1 108
14 2 256
14 3 102
14 4 242
14 5 65
14 6 137
14 7 324
15 1 481
15 2 1136
15 3 454
15 4 1071
15 5 288
15 6 608
15 7 1435
16 1 213
16 2 503
16 3 201
16 4 475
16 5 128
16 6 269
16 7 636
17 1 116
17 2 274
17 3 110
17 4 259
17 5 70
17 6 147
17 7 346
18 1 74
18 2 175
18 3 70
18 4 165
18 5 45
18 6 94
18 7 221
19 1 220
19 2 520
19 3 208
19 4 491
19 5 132
19 6 278
19 7 657
20 1 117
20 2 277
20 3 111
20 4 262
20 5 70
20 6 148
20 7 350

# Energy Consumption
1 1 0
1 2 312
1 3 0
1 4 199
1 5 45
1 6 0
1 7 169
2 1 0
2 2 85
2 3 0
2 4 66
2 5 14
2 6 0
2 7 67
3 1 0
3 2 300
3 3 0
3 4 227
3 5 43
3 6 0
3 7 207
4 1 0
4 2 277
4 3 0
4 4 217
4 5 43
4 6 0
4 7 181
5 1 0
5 2 44
5 3 0
5 4 36
5 5 7
5 6 0
5 7 30
6 1 0
6 2 90
6 3 0
6 4 76
6 5 14
6 6 0
6 7 61
7 1 0
7 2 203
7 3 0
7 4 156
7 5 32
7 6 0
7 7 141
8 1 0
8 2 289
8 3 0
8 4 221
8 5 40
8 6 0
8 7 203
9 1 0
9 2 50
9 3 0
9 4 41
9 5 9
9 6 0
9 7 34
10 1 0
10 2 40
10 3 0
10 4 31
10 5 6
10 6 0
10 7 24
11 1 0
11 2 109
11 3 0
11 4 81
11 5 17
11 6 0
11 7 72
12 1 0
12 2 75
12 3 0
12 4 55
12 5 12
12 6 0
12 7 46
13 1 0
13 2 142
13 3 0
13 4 86
13 5 19
13 6 0
13 7 86
14 1 0
14 2 74
14 3 0
14 4 46
14 5 11
14 6 0
14 7 47
15 1 0
15 2 262
15 3 0
15 4 204
15 5 45
15 6 0
15 7 184
16 1 0
16 2 120
16 3 0
16 4 103
16 5 19
16 6 0
16 7 77
17 1 0
17 2 72
17 3 0
17 4 50
17 5 11
17 6 0
17 7 42
18 1 0
18 2 45
18 3 0
18 4 31
18 5 7
18 6 0
18 7 32
19 1 0
19 2 137
19 3 0
19 4 89
19 5 22
19 6 0
19 7 93
20 1 0
20 2 72
20 3 0
20 4 49
20 5 10
20 6 0
20 7 50

# Precedence Relations
1 9
2 9
3 9
4 9
5 11
5 12
8 10
9 13
9 14
9 15
9 16
14 17
15 18
17 20
18 19

# Parameters
R_e = 0.0500
T = 1584.45
C_s = 4.0
C_w = 36.0
C_c = 5.0
