# Tasks
1 2 3 4 5 6 7 8 9 10 11 12 13 14 15 16 17 18 19 20 21 22 23 24 25 26 27 28 29

# Workstations
1 2 3 4 5 6 7 8 9 10 11 12 13 14 15 16 17 18 19 20 21 22 23 24 25 26 27 28 29

# Modes
1 2 3 4 5 6 7

# Processing Times
1 1 7
1 2 7
1 3 8
1 4 8
1 5 6
1 6 10
1 7 10
2 1 19
2 2 18
2 3 21
2 4 20
2 5 18
2 6 26
2 7 25
3 1 15
3 2 16
3 3 17
3 4 18
3 5 14
3 6 20
3 7 22
4 1 5
4 2 5
4 3 6
4 4 6
4 5 5
4 6 8
4 7 8
5 1 12
5 2 13
5 3 13
5 4 15
5 5 11
5 6 18
5 7 19
6 1 10
6 2 9
6 3 11
6 4 10
6 5 9
6 6 13
6 7 12
7 1 8
7 2 8
7 3 9
7 4 9
7 5 8
7 6 11
7 7 11
8 1 16
8 2 17
8 3 18
8 4 19
8 5 15
8 6 22
8 7 23
9 1 2
9 2 3
9 3 3
9 4 4
9 5 2
9 6 3
9 7 4
10 1 6
10 2 6
10 3 7
10 4 7
10 5 6
10 6 9
10 7 9
11 1 21
11 2 22
11 3 23
11 4 24
11 5 18
11 6 27
11 7 28
12 1 10
12 2 9
12 3 11
12 4 10
12 5 10
12 6 14
12 7 13
13 1 9
13 2 9
13 3 10
13 4 10
13 5 9
13 6 13
13 7 13
14 1 4
14 2 4
14 3 5
14 4 5
14 5 4
14 6 6
14 7 6
15 1 14
15 2 14
15 3 16
15 4 16
15 5 13
15 6 20
15 7 20
16 1 7
16 2 8
16 3 8
16 4 9
16 5 6
16 6 11
16 7 12
17 1 14
17 2 13
17 3 16
17 4 15
17 5 13
17 6 18
17 7 17
18 1 17
18 2 16
18 3 19
18 4 17
18 5 15
18 6 25
18 7 24
19 1 10
19 2 11
19 3 11
19 4 12
19 5 9
19 6 13
19 7 14
20 1 16
20 2 14
20 3 18
20 4 16
20 5 14
20 6 23
20 7 20
21 1 1
21 2 1
21 3 2
21 4 2
21 5 1
21 6 2
21 7 2
22 1 9
22 2 9
22 3 10
22 4 10
22 5 8
22 6 12
22 7 12
23 1 25
23 2 27
23 3 28
23 4 30
23 5 22
23 6 35
23 7 38
24 1 14
24 2 13
24 3 15
24 4 14
24 5 13
24 6 20
24 7 18
25 1 14
25 2 15
25 3 15
25 4 16
25 5 12
25 6 20
25 7 22
26 1 2
26 2 3
26 3 3
26 4 4
26 5 2
26 6 3
26 7 4
27 1 10
27 2 10
27 3 11
27 4 11
27 5 9
27 6 14
27 7 14
28 1 7
28 2 6
28 3 8
28 4 7
28 5 6
28 6 9
28 7 8
29 1 20
29 2 18
29 3 22
29 4 20
29 5 17
29 6 29
29 7 26

# Energy Consumption
1 1 0
1 2 2
1 3 0
1 4 2
1 5 1
1 6 0
1 7 2
2 1 0
2 2 5
2 3 0
2 4 5
2 5 3
2 6 0
2 7 4
3 1 0
3 2 4
3 3 0
3 4 4
3 5 3
3 6 0
3 7 3
4 1 0
4 2 2
4 3 0
4 4 2
4 5 1
4 6 0
4 7 2
5 1 0
5 2 4
5 3 0
5 4 4
5 5 2
5 6 0
5 7 3
6 1 0
6 2 3
6 3 0
6 4 2
6 5 2
6 6 0
6 7 2
7 1 0
7 2 3
7 3 0
7 4 2
7 5 2
7 6 0
7 7 2
8 1 0
8 2 5
8 3 0
8 4 4
8 5 3
8 6 0
8 7 3
9 1 0
9 2 1
9 3 0
9 4 1
9 5 1
9 6 0
9 7 1
10 1 0
10 2 2
10 3 0
10 4 2
10 5 1
10 6 0
10 7 2
11 1 0
11 2 6
11 3 0
11 4 5
11 5 3
11 6 0
11 7 4
12 1 0
12 2 3
12 3 0
12 4 3
12 5 2
12 6 0
12 7 2
13 1 0
13 2 3
13 3 0
13 4 2
13 5 2
13 6 0
13 7 2
14 1 0
14 2 2
14 3 0
14 4 1
14 5 1
14 6 0
14 7 1
15 1 0
15 2 4
15 3 0
15 4 4
15 5 2
15 6 0
15 7 3
16 1 0
16 2 3
16 3 0
16 4 2
16 5 1
16 6 0
16 7 2
17 1 0
17 2 4
17 3 0
17 4 4
17 5 3
17 6 0
17 7 3
18 1 0
18 2 5
18 3 0
18 4 4
18 5 3
18 6 0
18 7 3
19 1 0
19 2 3
19 3 0
19 4 3
19 5 2
19 6 0
19 7 2
20 1 0
20 2 4
20 3 0
20 4 4
20 5 3
20 6 0
20 7 3
21 1 0
21 2 1
21 3 0
21 4 1
21 5 1
21 6 0
21 7 1
22 1 0
22 2 3
22 3 0
22 4 3
22 5 2
22 6 0
22 7 2
23 1 0
23 2 8
23 3 0
23 4 7
23 5 4
23 6 0
23 7 6
24 1 0
24 2 4
24 3 0
24 4 3
24 5 3
24 6 0
24 7 3
25 1 0
25 2 4
25 3 0
25 4 4
25 5 2
25 6 0
25 7 3
26 1 0
26 2 1
26 3 0
26 4 1
26 5 1
26 6 0
26 7 1
27 1 0
27 2 3
27 3 0
27 4 3
27 5 2
27 6 0
27 7 2
28 1 0
28 2 2
28 3 0
28 4 2
28 5 1
28 6 0
28 7 2
29 1 0
29 2 5
29 3 0
29 4 4
29 5 3
29 6 0
29 7 4

# Precedence Relations
1 3
1 25
2 6
2 26
3 4
4 5
5 8
5 13
6 8
7 9
7 12
7 25
8 11
8 16
9 10
10 14
10 15
11 17
12 15
13 17
14 16
15 19
16 18
17 20
18 22
19 21
20 23
21 22
22 23
23 24
23 28
24 29
25 29
26 27
27 29
28 29

# Parameters
R_e = 0.0500
T = 60.0
C_s = 4.0
C_w = 36.0
C_c = 5.0
