# Tasks
1 2 3 4 5 6 7 8 9 10 11 12 13 14 15 16 17 18 19 20

# Workstations
1 2 3 4 5 6 7 8 9 10 11 12 13 14 15 16 17 18 19 20

# Modes
1 2 3 4 5 6 7

# Processing Times
1 1 85
1 2 80
1 3 78
1 4 73
1 5 31
1 6 92
1 7 86
2 1 262
2 2 247
2 3 238
2 4 225
2 5 94
2 6 282
2 7 266
3 1 34
3 2 32
3 3 31
3 4 30
3 5 13
3 6 37
3 7 35
4 1 93
4 2 88
4 3 85
4 4 80
4 5 34
4 6 100
4 7 95
5 1 40
5 2 38
5 3 37
5 4 35
5 5 15
5 6 43
5 7 41
6 1 149
6 2 140
6 3 136
6 4 128
6 5 54
6 6 161
6 7 151
7 1 56
7 2 53
7 3 51
7 4 49
7 5 20
7 6 61
7 7 57
8 1 103
8 2 97
8 3 94
8 4 89
8 5 37
8 6 111
8 7 105
9 1 53
9 2 50
9 3 49
9 4 46
9 5 19
9 6 57
9 7 54
10 1 41
10 2 39
10 3 38
10 4 36
10 5 15
10 6 45
10 7 42
11 1 118
11 2 111
11 3 108
11 4 101
11 5 42
11 6 127
11 7 120
12 1 121
12 2 114
12 3 110
12 4 104
12 5 44
12 6 131
12 7 123
13 1 124
13 2 117
13 3 113
13 4 107
13 5 45
13 6 134
13 7 126
14 1 44
14 2 42
14 3 40
14 4 39
14 5 16
14 6 48
14 7 46
15 1 199
15 2 187
15 3 181
15 4 170
15 5 71
15 6 214
15 7 201
16 1 95
16 2 90
16 3 87
16 4 82
16 5 34
16 6 103
16 7 97
17 1 27
17 2 26
17 3 25
17 4 24
17 5 10
17 6 30
17 7 28
18 1 151
18 2 142
18 3 138
18 4 129
18 5 54
18 6 163
18 7 153
19 1 43
19 2 41
19 3 40
19 4 38
19 5 16
19 6 47
19 7 45
20 1 95
20 2 90
20 3 87
20 4 82
20 5 34
20 6 103
20 7 97

# Energy Consumption
1 1 0
1 2 20
1 3 0
1 4 15
1 5 5
1 6 0
1 7 13
2 1 0
2 2 58
2 3 0
2 4 46
2 5 15
2 6 0
2 7 37
3 1 0
3 2 8
3 3 0
3 4 6
3 5 2
3 6 0
3 7 6
4 1 0
4 2 26
4 3 0
4 4 15
4 5 6
4 6 0
4 7 14
5 1 0
5 2 12
5 3 0
5 4 8
5 5 3
5 6 0
5 7 6
6 1 0
6 2 41
6 3 0
6 4 24
6 5 8
6 6 0
6 7 21
7 1 0
7 2 13
7 3 0
7 4 11
7 5 3
7 6 0
7 7 9
8 1 0
8 2 29
8 3 0
8 4 19
8 5 6
8 6 0
8 7 15
9 1 0
9 2 13
9 3 0
9 4 10
9 5 3
9 6 0
9 7 8
10 1 0
10 2 10
10 3 0
10 4 8
10 5 3
10 6 0
10 7 6
11 1 0
11 2 27
11 3 0
11 4 22
11 5 7
11 6 0
11 7 17
12 1 0
12 2 29
12 3 0
12 4 22
12 5 7
12 6 0
12 7 18
13 1 0
13 2 29
13 3 0
13 4 21
13 5 8
13 6 0
13 7 17
14 1 0
14 2 11
14 3 0
14 4 8
14 5 3
14 6 0
14 7 6
15 1 0
15 2 56
15 3 0
15 4 38
15 5 12
15 6 0
15 7 26
16 1 0
16 2 21
16 3 0
16 4 16
16 5 5
16 6 0
16 7 13
17 1 0
17 2 8
17 3 0
17 4 5
17 5 2
17 6 0
17 7 5
18 1 0
18 2 33
18 3 0
18 4 28
18 5 8
18 6 0
18 7 21
19 1 0
19 2 10
19 3 0
19 4 9
19 5 3
19 6 0
19 7 7
20 1 0
20 2 24
20 3 0
20 4 16
20 5 5
20 6 0
20 7 15

# Precedence Relations
1 11
2 11
3 4
3 5
4 11
5 6
5 7
5 8
5 9
5 10
6 11
7 11
8 20
9 12
10 12
11 13
11 14
11 15
11 16
12 19
14 18
14 20
15 17
16 19
16 20

# Parameters
R_e = 0.0500
T = 1000.0
C_s = 4.0
C_w = 36.0
C_c = 5.0
