# Tasks
1 2 3 4 5 6 7 8 9 10 11 12 13 14 15 16 17 18 19 20 21 22 23 24 25 26 27 28 29 30 31 32 33 34 35 36 37 38 39 40 41 42 43 44 45 46 47 48 49 50 51 52 53 54 55 56 57 58 59 60 61 62 63 64 65 66 67 68 69 70 71 72 73 74 75 76 77 78 79 80 81 82 83 84 85 86 87 88 89 90 91 92 93 94 95 96 97 98 99 100 101 102 103 104 105 106 107 108 109 110 111

# Workstations
1 2 3 4 5 6 7 8 9 10 11 12 13 14 15 16 17 18 19 20 21 22 23 24 25 26 27 28 29 30 31 32 33 34 35 36 37 38 39 40 41 42 43 44 45 46 47 48 49 50 51 52 53 54 55 56 57 58 59 60 61 62 63 64 65 66 67 68 69 70 71 72 73 74 75 76 77 78 79 80 81 82 83 84 85 86 87 88 89 90 91 92 93 94 95 96 97 98 99 100 101 102 103 104 105 106 107 108 109 110 111

# Modes
1 2 3 4 5 6 7

# Processing Times
1 1 1960
1 2 1842
1 3 1779
1 4 1672
1 5 698
1 6 2107
1 7 1980
2 1 1715
2 2 1612
2 3 1557
2 4 1464
2 5 611
2 6 1844
2 7 1733
3 1 735
3 2 691
3 3 668
3 4 628
3 5 262
3 6 790
3 7 743
4 1 1715
4 2 1612
4 3 1557
4 4 1464
4 5 611
4 6 1844
4 7 1733
5 1 490
5 2 461
5 3 445
5 4 419
5 5 175
5 6 527
5 7 496
6 1 1225
6 2 1151
6 3 1112
6 4 1045
6 5 436
6 6 1317
6 7 1237
7 1 169
7 2 159
7 3 154
7 4 145
7 5 61
7 6 182
7 7 171
8 1 2252
8 2 2116
8 3 2044
8 4 1921
8 5 802
8 6 2421
8 7 2275
9 1 1225
9 2 1151
9 3 1112
9 4 1045
9 5 436
9 6 1317
9 7 1237
10 1 2319
10 2 2179
10 3 2105
10 4 1978
10 5 826
10 6 2493
10 7 2342
11 1 1715
11 2 1612
11 3 1557
11 4 1464
11 5 611
11 6 1844
11 7 1733
12 1 980
12 2 921
12 3 890
12 4 836
12 5 349
12 6 1054
12 7 990
13 1 735
13 2 691
13 3 668
13 4 628
13 5 262
13 6 790
13 7 743
14 1 2281
14 2 2143
14 3 2071
14 4 1945
14 5 812
14 6 2452
14 7 2304
15 1 2750
15 2 2584
15 3 2496
15 4 2346
15 5 979
15 6 2956
15 7 2778
16 1 77
16 2 73
16 3 70
16 4 67
16 5 28
16 6 83
16 7 79
17 1 89
17 2 84
17 3 81
17 4 77
17 5 32
17 6 96
17 7 91
18 1 51
18 2 48
18 3 47
18 4 44
18 5 19
18 6 55
18 7 52
19 1 364
19 2 342
19 3 331
19 4 311
19 5 130
19 6 392
19 7 368
20 1 405
20 2 381
20 3 368
20 4 346
20 5 145
20 6 436
20 7 410
21 1 3060
21 2 2875
21 3 2778
21 4 2610
21 5 1089
21 6 3289
21 7 3090
22 1 125
22 2 118
22 3 114
22 4 108
22 5 45
22 6 135
22 7 127
23 1 3429
23 2 3222
23 3 3113
23 4 2925
23 5 1221
23 6 3686
23 7 3463
24 1 43
24 2 41
24 3 40
24 4 38
24 5 16
24 6 47
24 7 45
25 1 3430
25 2 3223
25 3 3114
25 4 2926
25 5 1221
25 6 3687
25 7 3464
26 1 1960
26 2 1842
26 3 1779
26 4 1672
26 5 698
26 6 2107
26 7 1980
27 1 29
27 2 28
27 3 27
27 4 26
27 5 11
27 6 32
27 7 31
28 1 27
28 2 26
28 3 25
28 4 24
28 5 10
28 6 30
28 7 28
29 1 15
29 2 15
29 3 14
29 4 14
29 5 6
29 6 17
29 7 17
30 1 121
30 2 114
30 3 110
30 4 104
30 5 44
30 6 131
30 7 123
31 1 1715
31 2 1612
31 3 1557
31 4 1464
31 5 611
31 6 1844
31 7 1733
32 1 2127
32 2 1999
32 3 1931
32 4 1815
32 5 757
32 6 2286
32 7 2149
33 1 1470
33 2 1381
33 3 1335
33 4 1254
33 5 524
33 6 1580
33 7 1485
34 1 4037
34 2 3793
34 3 3664
34 4 3443
34 5 1437
34 6 4339
34 7 4077
35 1 68
35 2 64
35 3 62
35 4 59
35 5 25
35 6 74
35 7 69
36 1 62
36 2 59
36 3 57
36 4 54
36 5 23
36 6 67
36 7 64
37 1 42
37 2 40
37 3 39
37 4 37
37 5 15
37 6 46
37 7 43
38 1 364
38 2 342
38 3 331
38 4 311
38 5 130
38 6 392
38 7 368
39 1 4998
39 2 4696
39 3 4537
39 4 4263
39 5 1779
39 6 5372
39 7 5047
40 1 1470
40 2 1381
40 3 1335
40 4 1254
40 5 524
40 6 1580
40 7 1485
41 1 2963
41 2 2784
41 3 2690
41 4 2527
41 5 1055
41 6 3185
41 7 2992
42 1 5689
42 2 5345
42 3 5164
42 4 4852
42 5 2025
42 6 6114
42 7 5745
43 1 68
43 2 64
43 3 62
43 4 59
43 5 25
43 6 74
43 7 69
44 1 18
44 2 17
44 3 17
44 4 16
44 5 7
44 6 20
44 7 19
45 1 10
45 2 10
45 3 10
45 4 10
45 5 4
45 6 11
45 7 11
46 1 81
46 2 77
46 3 74
46 4 70
46 5 29
46 6 88
46 7 83
47 1 5200
47 2 4885
47 3 4720
47 4 4434
47 5 1851
47 6 5589
47 7 5250
48 1 39
48 2 37
48 3 36
48 4 34
48 5 14
48 6 42
48 7 40
49 1 67
49 2 63
49 3 61
49 4 58
49 5 24
49 6 73
49 7 68
50 1 27
50 2 26
50 3 25
50 4 24
50 5 10
50 6 30
50 7 28
51 1 15
51 2 15
51 3 14
51 4 14
51 5 6
51 6 17
51 7 17
52 1 121
52 2 114
52 3 110
52 4 104
52 5 44
52 6 131
52 7 123
53 1 58
53 2 55
53 3 53
53 4 50
53 5 21
53 6 63
53 7 60
54 1 1715
54 2 1612
54 3 1557
54 4 1464
54 5 611
54 6 1844
54 7 1733
55 1 125
55 2 118
55 3 114
55 4 108
55 5 45
55 6 135
55 7 127
56 1 4010
56 2 3767
56 3 3640
56 4 3419
56 5 1427
56 6 4310
56 7 4049
57 1 1470
57 2 1381
57 3 1335
57 4 1254
57 5 524
57 6 1580
57 7 1485
58 1 1470
58 2 1381
58 3 1335
58 4 1254
58 5 524
58 6 1580
58 7 1485
59 1 2303
59 2 2164
59 3 2091
59 4 1965
59 5 820
59 6 2476
59 7 2326
60 1 1960
60 2 1842
60 3 1779
60 4 1672
60 5 698
60 6 2107
60 7 1980
61 1 2205
61 2 2072
61 3 2002
61 4 1881
61 5 785
61 6 2370
61 7 2227
62 1 4018
62 2 3775
62 3 3647
62 4 3427
62 5 1430
62 6 4319
62 7 4057
63 1 2744
63 2 2578
63 3 2491
63 4 2340
63 5 977
63 6 2949
63 7 2771
64 1 2999
64 2 2818
64 3 2722
64 4 2558
64 5 1068
64 6 3224
64 7 3029
65 1 735
65 2 691
65 3 668
65 4 628
65 5 262
65 6 790
65 7 743
66 1 735
66 2 691
66 3 668
66 4 628
66 5 262
66 6 790
66 7 743
67 1 735
67 2 691
67 3 668
67 4 628
67 5 262
67 6 790
67 7 743
68 1 735
68 2 691
68 3 668
68 4 628
68 5 262
68 6 790
68 7 743
69 1 545
69 2 512
69 3 495
69 4 465
69 5 194
69 6 586
69 7 551
70 1 3386
70 2 3181
70 3 3074
70 4 2888
70 5 1205
70 6 3639
70 7 3419
71 1 3234
71 2 3039
71 3 2936
71 4 2759
71 5 1151
71 6 3476
71 7 3267
72 1 2205
72 2 2072
72 3 2002
72 4 1881
72 5 785
72 6 2370
72 7 2227
73 1 2206
73 2 2073
73 3 2003
73 4 1882
73 5 785
73 6 2371
73 7 2228
74 1 490
74 2 461
74 3 445
74 4 419
74 5 175
74 6 527
74 7 496
75 1 825
75 2 776
75 3 749
75 4 705
75 5 294
75 6 887
75 7 834
76 1 3528
76 2 3315
76 3 3203
76 4 3009
76 5 1256
76 6 3792
76 7 3563
77 1 3568
77 2 3352
77 3 3239
77 4 3043
77 5 1270
77 6 3835
77 7 3603
78 1 1200
78 2 1128
78 3 1090
78 4 1024
78 5 427
78 6 1290
78 7 1213
79 1 618
79 2 581
79 3 561
79 4 528
79 5 220
79 6 665
79 7 625
80 1 1470
80 2 1381
80 3 1335
80 4 1254
80 5 524
80 6 1580
80 7 1485
81 1 1715
81 2 1612
81 3 1557
81 4 1464
81 5 611
81 6 1844
81 7 1733
82 1 735
82 2 691
82 3 668
82 4 628
82 5 262
82 6 790
82 7 743
83 1 1960
83 2 1842
83 3 1779
83 4 1672
83 5 698
83 6 2107
83 7 1980
84 1 2889
84 2 2714
84 3 2623
84 4 2464
84 5 1028
84 6 3105
84 7 2917
85 1 618
85 2 581
85 3 561
85 4 528
85 5 220
85 6 665
85 7 625
86 1 490
86 2 461
86 3 445
86 4 419
86 5 175
86 6 527
86 7 496
87 1 735
87 2 691
87 3 668
87 4 628
87 5 262
87 6 790
87 7 743
88 1 490
88 2 461
88 3 445
88 4 419
88 5 175
88 6 527
88 7 496
89 1 921
89 2 866
89 3 836
89 4 786
89 5 328
89 6 990
89 7 931
90 1 326
90 2 307
90 3 296
90 4 279
90 5 116
90 6 351
90 7 330
91 1 5390
91 2 5064
91 3 4892
91 4 4597
91 5 1918
91 6 5793
91 7 5443
92 1 243
92 2 229
92 3 221
92 4 208
92 5 87
92 6 262
92 7 247
93 1 371
93 2 349
93 3 337
93 4 317
93 5 133
93 6 399
93 7 376
94 1 58
94 2 55
94 3 53
94 4 50
94 5 21
94 6 63
94 7 60
95 1 5059
95 2 4753
95 3 4592
95 4 4314
95 5 1800
95 6 5437
95 7 5109
96 1 1225
96 2 1151
96 3 1112
96 4 1045
96 5 436
96 6 1317
96 7 1237
97 1 769
97 2 723
97 3 698
97 4 657
97 5 274
97 6 827
97 7 778
98 1 768
98 2 722
98 3 698
98 4 656
98 5 274
98 6 826
98 7 776
99 1 1670
99 2 1569
99 3 1516
99 4 1425
99 5 595
99 6 1795
99 7 1687
100 1 1670
100 2 1569
100 3 1516
100 4 1425
100 5 595
100 6 1795
100 7 1687
101 1 490
101 2 461
101 3 445
101 4 419
101 5 175
101 6 527
101 7 496
102 1 202
102 2 190
102 3 184
102 4 173
102 5 72
102 6 218
102 7 205
103 1 203
103 2 191
103 3 185
103 4 174
103 5 73
103 6 219
103 7 206
104 1 202
104 2 190
104 3 184
104 4 173
104 5 72
104 6 218
104 7 205
105 1 2744
105 2 2578
105 3 2491
105 4 2340
105 5 977
105 6 2949
105 7 2771
106 1 162
106 2 153
106 3 148
106 4 139
106 5 58
106 6 175
106 7 165
107 1 324
107 2 305
107 3 295
107 4 277
107 5 116
107 6 349
107 7 328
108 1 162
108 2 153
108 3 148
108 4 139
108 5 58
108 6 175
108 7 165
109 1 121
109 2 114
109 3 110
109 4 104
109 5 44
109 6 131
109 7 123
110 1 162
110 2 153
110 3 148
110 4 139
110 5 58
110 6 175
110 7 165
111 1 91
111 2 86
111 3 83
111 4 79
111 5 33
111 6 98
111 7 93

# Energy Consumption
1 1 0
1 2 458
1 3 0
1 4 326
1 5 106
1 6 0
1 7 282
2 1 0
2 2 379
2 3 0
2 4 298
2 5 93
2 6 0
2 7 240
3 1 0
3 2 167
3 3 0
3 4 114
3 5 38
3 6 0
3 7 109
4 1 0
4 2 471
4 3 0
4 4 268
4 5 91
4 6 0
4 7 253
5 1 0
5 2 138
5 3 0
5 4 85
5 5 26
5 6 0
5 7 69
6 1 0
6 2 333
6 3 0
6 4 196
6 5 63
6 6 0
6 7 168
7 1 0
7 2 37
7 3 0
7 4 31
7 5 10
7 6 0
7 7 25
8 1 0
8 2 620
8 3 0
8 4 398
8 5 117
8 6 0
8 7 308
9 1 0
9 2 284
9 3 0
9 4 217
9 5 68
9 6 0
9 7 181
10 1 0
10 2 550
10 3 0
10 4 418
10 5 120
10 6 0
10 7 312
11 1 0
11 2 382
11 3 0
11 4 312
11 5 96
11 6 0
11 7 246
12 1 0
12 2 227
12 3 0
12 4 176
12 5 55
12 6 0
12 7 143
13 1 0
13 2 168
13 3 0
13 4 122
13 5 42
13 6 0
13 7 96
14 1 0
14 2 519
14 3 0
14 4 361
14 5 125
14 6 0
14 7 280
15 1 0
15 2 766
15 3 0
15 4 512
15 5 156
15 6 0
15 7 350
16 1 0
16 2 17
16 3 0
16 4 13
16 5 4
16 6 0
16 7 11
17 1 0
17 2 24
17 3 0
17 4 16
17 5 5
17 6 0
17 7 14
18 1 0
18 2 11
18 3 0
18 4 10
18 5 3
18 6 0
18 7 8
19 1 0
19 2 76
19 3 0
19 4 67
19 5 21
19 6 0
19 7 53
20 1 0
20 2 101
20 3 0
20 4 68
20 5 21
20 6 0
20 7 60
21 1 0
21 2 688
21 3 0
21 4 477
21 5 172
21 6 0
21 7 374
22 1 0
22 2 28
22 3 0
22 4 24
22 5 7
22 6 0
22 7 18
23 1 0
23 2 935
23 3 0
23 4 600
23 5 182
23 6 0
23 7 516
24 1 0
24 2 11
24 3 0
24 4 8
24 5 3
24 6 0
24 7 7
25 1 0
25 2 783
25 3 0
25 4 554
25 5 188
25 6 0
25 7 469
26 1 0
26 2 463
26 3 0
26 4 342
26 5 98
26 6 0
26 7 257
27 1 0
27 2 9
27 3 0
27 4 6
27 5 2
27 6 0
27 7 5
28 1 0
28 2 8
28 3 0
28 4 6
28 5 2
28 6 0
28 7 4
29 1 0
29 2 4
29 3 0
29 4 3
29 5 1
29 6 0
29 7 3
30 1 0
30 2 31
30 3 0
30 4 22
30 5 7
30 6 0
30 7 17
31 1 0
31 2 416
31 3 0
31 4 266
31 5 88
31 6 0
31 7 251
32 1 0
32 2 548
32 3 0
32 4 388
32 5 121
32 6 0
32 7 259
33 1 0
33 2 325
33 3 0
33 4 270
33 5 82
33 6 0
33 7 189
34 1 0
34 2 1052
34 3 0
34 4 682
34 5 216
34 6 0
34 7 537
35 1 0
35 2 18
35 3 0
35 4 12
35 5 4
35 6 0
35 7 10
36 1 0
36 2 14
36 3 0
36 4 12
36 5 4
36 6 0
36 7 9
37 1 0
37 2 12
37 3 0
37 4 8
37 5 3
37 6 0
37 7 7
38 1 0
38 2 79
38 3 0
38 4 64
38 5 20
38 6 0
38 7 50
39 1 0
39 2 1281
39 3 0
39 4 788
39 5 254
39 6 0
39 7 700
40 1 0
40 2 344
40 3 0
40 4 275
40 5 75
40 6 0
40 7 181
41 1 0
41 2 643
41 3 0
41 4 506
41 5 152
41 6 0
41 7 425
42 1 0
42 2 1331
42 3 0
42 4 1027
42 5 323
42 6 0
42 7 749
43 1 0
43 2 17
43 3 0
43 4 13
43 5 4
43 6 0
43 7 9
44 1 0
44 2 5
44 3 0
44 4 4
44 5 2
44 6 0
44 7 3
45 1 0
45 2 3
45 3 0
45 4 2
45 5 1
45 6 0
45 7 2
46 1 0
46 2 21
46 3 0
46 4 14
46 5 5
46 6 0
46 7 12
47 1 0
47 2 1327
47 3 0
47 4 818
47 5 295
47 6 0
47 7 701
48 1 0
48 2 9
48 3 0
48 4 7
48 5 3
48 6 0
48 7 6
49 1 0
49 2 19
49 3 0
49 4 13
49 5 4
49 6 0
49 7 10
50 1 0
50 2 7
50 3 0
50 4 5
50 5 2
50 6 0
50 7 4
51 1 0
51 2 4
51 3 0
51 4 3
51 5 1
51 6 0
51 7 3
52 1 0
52 2 28
52 3 0
52 4 19
52 5 7
52 6 0
52 7 17
53 1 0
53 2 14
53 3 0
53 4 10
53 5 4
53 6 0
53 7 9
54 1 0
54 2 482
54 3 0
54 4 281
54 5 98
54 6 0
54 7 229
55 1 0
55 2 27
55 3 0
55 4 21
55 5 7
55 6 0
55 7 16
56 1 0
56 2 982
56 3 0
56 4 626
56 5 202
56 6 0
56 7 561
57 1 0
57 2 311
57 3 0
57 4 266
57 5 74
57 6 0
57 7 180
58 1 0
58 2 356
58 3 0
58 4 271
58 5 75
58 6 0
58 7 181
59 1 0
59 2 523
59 3 0
59 4 369
59 5 127
59 6 0
59 7 285
60 1 0
60 2 497
60 3 0
60 4 304
60 5 110
60 6 0
60 7 261
61 1 0
61 2 486
61 3 0
61 4 374
61 5 116
61 6 0
61 7 294
62 1 0
62 2 1013
62 3 0
62 4 706
62 5 204
62 6 0
62 7 549
63 1 0
63 2 745
63 3 0
63 4 482
63 5 149
63 6 0
63 7 386
64 1 0
64 2 643
64 3 0
64 4 512
64 5 168
64 6 0
64 7 432
65 1 0
65 2 189
65 3 0
65 4 131
65 5 38
65 6 0
65 7 102
66 1 0
66 2 197
66 3 0
66 4 133
66 5 42
66 6 0
66 7 109
67 1 0
67 2 157
67 3 0
67 4 131
67 5 39
67 6 0
67 7 97
68 1 0
68 2 167
68 3 0
68 4 138
68 5 40
68 6 0
68 7 104
69 1 0
69 2 118
69 3 0
69 4 91
69 5 29
69 6 0
69 7 75
70 1 0
70 2 751
70 3 0
70 4 626
70 5 181
70 6 0
70 7 493
71 1 0
71 2 908
71 3 0
71 4 584
71 5 171
71 6 0
71 7 470
72 1 0
72 2 543
72 3 0
72 4 346
72 5 111
72 6 0
72 7 288
73 1 0
73 2 476
73 3 0
73 4 390
73 5 114
73 6 0
73 7 324
74 1 0
74 2 128
74 3 0
74 4 82
74 5 28
74 6 0
74 7 64
75 1 0
75 2 175
75 3 0
75 4 138
75 5 44
75 6 0
75 7 110
76 1 0
76 2 835
76 3 0
76 4 603
76 5 178
76 6 0
76 7 487
77 1 0
77 2 775
77 3 0
77 4 579
77 5 182
77 6 0
77 7 447
78 1 0
78 2 277
78 3 0
78 4 217
78 5 64
78 6 0
78 7 178
79 1 0
79 2 149
79 3 0
79 4 108
79 5 31
79 6 0
79 7 91
80 1 0
80 2 382
80 3 0
80 4 236
80 5 82
80 6 0
80 7 207
81 1 0
81 2 377
81 3 0
81 4 272
81 5 93
81 6 0
81 7 210
82 1 0
82 2 169
82 3 0
82 4 136
82 5 41
82 6 0
82 7 100
83 1 0
83 2 450
83 3 0
83 4 354
83 5 110
83 6 0
83 7 265
84 1 0
84 2 617
84 3 0
84 4 484
84 5 160
84 6 0
84 7 361
85 1 0
85 2 162
85 3 0
85 4 116
85 5 33
85 6 0
85 7 93
86 1 0
86 2 130
86 3 0
86 4 82
86 5 27
86 6 0
86 7 63
87 1 0
87 2 170
87 3 0
87 4 135
87 5 41
87 6 0
87 7 109
88 1 0
88 2 132
88 3 0
88 4 87
88 5 27
88 6 0
88 7 62
89 1 0
89 2 257
89 3 0
89 4 159
89 5 49
89 6 0
89 7 125
90 1 0
90 2 92
90 3 0
90 4 60
90 5 17
90 6 0
90 7 46
91 1 0
91 2 1457
91 3 0
91 4 845
91 5 304
91 6 0
91 7 766
92 1 0
92 2 68
92 3 0
92 4 43
92 5 13
92 6 0
92 7 30
93 1 0
93 2 92
93 3 0
93 4 59
93 5 21
93 6 0
93 7 54
94 1 0
94 2 15
94 3 0
94 4 10
94 5 4
94 6 0
94 7 9
95 1 0
95 2 1340
95 3 0
95 4 803
95 5 263
95 6 0
95 7 633
96 1 0
96 2 331
96 3 0
96 4 228
96 5 67
96 6 0
96 7 164
97 1 0
97 2 203
97 3 0
97 4 137
97 5 41
97 6 0
97 7 115
98 1 0
98 2 183
98 3 0
98 4 119
98 5 40
98 6 0
98 7 103
99 1 0
99 2 401
99 3 0
99 4 281
99 5 92
99 6 0
99 7 241
100 1 0
100 2 454
100 3 0
100 4 285
100 5 94
100 6 0
100 7 243
101 1 0
101 2 104
101 3 0
101 4 88
101 5 28
101 6 0
101 7 64
102 1 0
102 2 46
102 3 0
102 4 35
102 5 11
102 6 0
102 7 29
103 1 0
103 2 52
103 3 0
103 4 36
103 5 12
103 6 0
103 7 30
104 1 0
104 2 47
104 3 0
104 4 32
104 5 12
104 6 0
104 7 25
105 1 0
105 2 683
105 3 0
105 4 436
105 5 139
105 6 0
105 7 383
106 1 0
106 2 36
106 3 0
106 4 31
106 5 9
106 6 0
106 7 21
107 1 0
107 2 75
107 3 0
107 4 51
107 5 18
107 6 0
107 7 42
108 1 0
108 2 35
108 3 0
108 4 31
108 5 10
108 6 0
108 7 22
109 1 0
109 2 27
109 3 0
109 4 22
109 5 7
109 6 0
109 7 19
110 1 0
110 2 46
110 3 0
110 4 30
110 5 9
110 6 0
110 7 23
111 1 0
111 2 20
111 3 0
111 4 16
111 5 5
111 6 0
111 7 12

# Precedence Relations
1 2
2 3
3 4
4 5
4 6
4 7
4 8
4 9
4 10
5 39
6 39
7 83
8 71
9 32
10 11
10 12
11 13
11 14
11 15
11 16
11 17
11 18
11 19
11 20
11 21
12 13
12 14
12 15
12 16
12 17
12 18
12 19
12 20
12 21
13 71
14 22
14 23
14 24
14 25
15 26
16 27
17 28
18 29
19 30
20 91
21 111
22 31
22 83
23 32
23 33
24 69
24 70
25 34
26 82
27 35
28 36
29 37
30 38
31 39
32 41
33 111
34 42
35 43
36 44
36 91
37 45
37 91
38 46
38 91
39 40
40 111
41 69
41 70
42 47
43 48
43 49
44 50
45 51
46 52
47 54
47 55
47 56
47 57
47 58
47 59
47 60
48 53
49 91
50 111
51 111
52 111
53 111
54 69
54 70
55 61
55 62
55 63
56 63
56 64
57 65
57 91
58 66
58 91
59 67
59 91
60 68
60 91
61 69
61 70
62 71
63 111
64 72
65 111
66 111
67 111
68 111
69 77
69 78
70 73
71 91
72 74
73 75
74 76
75 77
75 78
75 79
76 80
76 81
76 82
77 83
78 84
79 85
80 86
80 91
81 87
81 91
82 111
83 91
84 88
84 89
84 91
85 111
86 111
87 90
88 105
89 105
90 111
91 92
91 93
91 94
92 95
93 95
94 95
95 96
95 97
95 98
95 99
95 100
95 104
96 101
97 102
98 103
99 111
100 111
101 105
102 106
102 107
103 107
103 108
104 111
105 111
106 109
107 111
108 110
109 111
110 111

# Parameters
R_e = 0.0500
T = 6419.7
C_s = 4.0
C_w = 36.0
C_c = 5.0
