# Tasks
1 2 3 4 5 6 7 8 9 10 11 12 13 14 15 16 17 18 19 20 21 22 23 24 25 26 27 28 29 30 31 32 33 34 35 36 37 38 39 40 41 42 43 44 45 46 47 48 49 50

# Workstations
1 2 3 4 5 6 7 8 9 10 11 12 13 14 15 16 17 18 19 20 21 22 23 24 25 26 27 28 29 30 31 32 33 34 35 36 37 38 39 40 41 42 43 44 45 46 47 48 49 50

# Modes
1 2 3 4 5 6 7

# Processing Times
1 1 192
1 2 202
1 3 164
1 4 172
1 5 80
1 6 208
1 7 219
2 1 342
2 2 371
2 3 312
2 4 339
2 5 150
2 6 352
2 7 382
3 1 36
3 2 38
3 3 32
3 4 34
3 5 14
3 6 37
3 7 39
4 1 323
4 2 322
4 3 301
4 4 301
4 5 118
4 6 347
4 7 345
5 1 120
5 2 131
5 3 103
5 4 112
5 5 41
5 6 127
5 7 138
6 1 473
6 2 420
6 3 408
6 4 362
6 5 154
6 6 484
6 7 430
7 1 494
7 2 440
7 3 445
7 4 397
7 5 161
7 6 525
7 7 467
8 1 120
8 2 120
8 3 110
8 4 110
8 5 37
8 6 131
8 7 131
9 1 214
9 2 215
9 3 193
9 4 194
9 5 69
9 6 217
9 7 218
10 1 199
10 2 171
10 3 182
10 4 157
10 5 62
10 6 214
10 7 184
11 1 96
11 2 89
11 3 88
11 4 81
11 5 30
11 6 100
11 7 93
12 1 600
12 2 642
12 3 570
12 4 610
12 5 260
12 6 653
12 7 699
13 1 277
13 2 272
13 3 250
13 4 245
13 5 92
13 6 279
13 7 274
14 1 170
14 2 164
14 3 157
14 4 151
14 5 63
14 6 175
14 7 169
15 1 222
15 2 214
15 3 200
15 4 193
15 5 89
15 6 224
15 7 216
16 1 84
16 2 76
16 3 77
16 4 70
16 5 30
16 6 90
16 7 81
17 1 222
17 2 204
17 3 203
17 4 187
17 5 90
17 6 226
17 7 208
18 1 169
18 2 182
18 3 154
18 4 165
18 5 66
18 6 173
18 7 186
19 1 102
19 2 109
19 3 88
19 4 94
19 5 37
19 6 104
19 7 111
20 1 116
20 2 118
20 3 101
20 4 103
20 5 39
20 6 119
20 7 121
21 1 29
21 2 29
21 3 26
21 4 26
21 5 11
21 6 31
21 7 31
22 1 208
22 2 209
22 3 179
22 4 180
22 5 78
22 6 210
22 7 211
23 1 403
23 2 359
23 3 364
23 4 325
23 5 122
23 6 428
23 7 381
24 1 446
24 2 381
24 3 407
24 4 348
24 5 168
24 6 485
24 7 414
25 1 604
25 2 616
25 3 533
25 4 544
25 5 203
25 6 640
25 7 653
26 1 518
26 2 528
26 3 460
26 4 469
26 5 168
26 6 556
26 7 567
27 1 32
27 2 28
27 3 30
27 4 26
27 5 12
27 6 33
27 7 29
28 1 276
28 2 281
28 3 253
28 4 257
28 5 117
28 6 280
28 7 286
29 1 47
29 2 47
29 3 43
29 4 43
29 5 18
29 6 48
29 7 48
30 1 539
30 2 506
30 3 497
30 4 467
30 5 185
30 6 560
30 7 526
31 1 71
31 2 68
31 3 66
31 4 63
31 5 32
31 6 77
31 7 74
32 1 191
32 2 191
32 3 165
32 4 165
32 5 61
32 6 198
32 7 198
33 1 178
33 2 183
33 3 162
33 4 166
33 5 56
33 6 191
33 7 196
34 1 58
34 2 63
34 3 51
34 4 55
34 5 26
34 6 60
34 7 65
35 1 210
35 2 212
35 3 195
35 4 197
35 5 87
35 6 216
35 7 218
36 1 137
36 2 141
36 3 119
36 4 123
36 5 61
36 6 143
36 7 147
37 1 542
37 2 527
37 3 480
37 4 467
37 5 196
37 6 590
37 7 573
38 1 135
38 2 124
38 3 117
38 4 108
38 5 59
38 6 141
38 7 129
39 1 123
39 2 114
39 3 114
39 4 106
39 5 53
39 6 126
39 7 117
40 1 126
40 2 136
40 3 119
40 4 128
40 5 53
40 6 130
40 7 140
41 1 228
41 2 203
41 3 213
41 4 190
41 5 93
41 6 250
41 7 223
42 1 238
42 2 248
42 3 218
42 4 227
42 5 89
42 6 242
42 7 252
43 1 268
43 2 241
43 3 247
43 4 222
43 5 94
43 6 280
43 7 252
44 1 412
44 2 392
44 3 368
44 4 350
44 5 177
44 6 448
44 7 426
45 1 146
45 2 156
45 3 138
45 4 148
45 5 55
45 6 160
45 7 171
46 1 294
46 2 292
46 3 268
46 4 266
46 5 93
46 6 306
46 7 304
47 1 92
47 2 99
47 3 86
47 4 92
47 5 31
47 6 96
47 7 104
48 1 48
48 2 50
48 3 44
48 4 46
48 5 22
48 6 50
48 7 52
49 1 114
49 2 121
49 3 103
49 4 109
49 5 43
49 6 118
49 7 125
50 1 526
50 2 552
50 3 461
50 4 484
50 5 219
50 6 544
50 7 570

# Energy Consumption
1 1 0
1 2 51
1 3 0
1 4 34
1 5 13
1 6 0
1 7 32
2 1 0
2 2 88
2 3 0
2 4 69
2 5 23
2 6 0
2 7 53
3 1 0
3 2 10
3 3 0
3 4 7
3 5 3
3 6 0
3 7 6
4 1 0
4 2 94
4 3 0
4 4 56
4 5 18
4 6 0
4 7 51
5 1 0
5 2 40
5 3 0
5 4 23
5 5 7
5 6 0
5 7 20
6 1 0
6 2 122
6 3 0
6 4 68
6 5 23
6 6 0
6 7 59
7 1 0
7 2 101
7 3 0
7 4 84
7 5 24
7 6 0
7 7 68
8 1 0
8 2 36
8 3 0
8 4 23
8 5 6
8 6 0
8 7 18
9 1 0
9 2 53
9 3 0
9 4 41
9 5 11
9 6 0
9 7 32
10 1 0
10 2 44
10 3 0
10 4 34
10 5 9
10 6 0
10 7 25
11 1 0
11 2 22
11 3 0
11 4 18
11 5 5
11 6 0
11 7 14
12 1 0
12 2 158
12 3 0
12 4 129
12 5 41
12 6 0
12 7 101
13 1 0
13 2 66
13 3 0
13 4 48
13 5 15
13 6 0
13 7 36
14 1 0
14 2 40
14 3 0
14 4 28
14 5 10
14 6 0
14 7 21
15 1 0
15 2 64
15 3 0
15 4 43
15 5 15
15 6 0
15 7 28
16 1 0
16 2 18
16 3 0
16 4 14
16 5 5
16 6 0
16 7 11
17 1 0
17 2 58
17 3 0
17 4 39
17 5 13
17 6 0
17 7 31
18 1 0
18 2 42
18 3 0
18 4 35
18 5 10
18 6 0
18 7 26
19 1 0
19 2 25
19 3 0
19 4 21
19 5 6
19 6 0
19 7 16
20 1 0
20 2 31
20 3 0
20 4 20
20 5 6
20 6 0
20 7 18
21 1 0
21 2 7
21 3 0
21 4 5
21 5 2
21 6 0
21 7 4
22 1 0
22 2 49
22 3 0
22 4 40
22 5 12
22 6 0
22 7 30
23 1 0
23 2 105
23 3 0
23 4 67
23 5 19
23 6 0
23 7 57
24 1 0
24 2 100
24 3 0
24 4 70
24 5 25
24 6 0
24 7 56
25 1 0
25 2 150
25 3 0
25 4 103
25 5 32
25 6 0
25 7 89
26 1 0
26 2 133
26 3 0
26 4 96
26 5 24
26 6 0
26 7 74
27 1 0
27 2 9
27 3 0
27 4 6
27 5 2
27 6 0
27 7 5
28 1 0
28 2 81
28 3 0
28 4 56
28 5 18
28 6 0
28 7 35
29 1 0
29 2 12
29 3 0
29 4 10
29 5 3
29 6 0
29 7 7
30 1 0
30 2 135
30 3 0
30 4 98
30 5 30
30 6 0
30 7 73
31 1 0
31 2 18
31 3 0
31 4 12
31 5 5
31 6 0
31 7 11
32 1 0
32 2 53
32 3 0
32 4 36
32 5 10
32 6 0
32 7 24
33 1 0
33 2 44
33 3 0
33 4 36
33 5 9
33 6 0
33 7 25
34 1 0
34 2 18
34 3 0
34 4 11
34 5 4
34 6 0
34 7 9
35 1 0
35 2 59
35 3 0
35 4 40
35 5 14
35 6 0
35 7 30
36 1 0
36 2 34
36 3 0
36 4 26
36 5 9
36 6 0
36 7 21
37 1 0
37 2 151
37 3 0
37 4 100
37 5 28
37 6 0
37 7 86
38 1 0
38 2 29
38 3 0
38 4 23
38 5 9
38 6 0
38 7 18
39 1 0
39 2 32
39 3 0
39 4 20
39 5 8
39 6 0
39 7 17
40 1 0
40 2 34
40 3 0
40 4 29
40 5 8
40 6 0
40 7 17
41 1 0
41 2 47
41 3 0
41 4 39
41 5 14
41 6 0
41 7 32
42 1 0
42 2 62
42 3 0
42 4 49
42 5 15
42 6 0
42 7 33
43 1 0
43 2 61
43 3 0
43 4 46
43 5 14
43 6 0
43 7 32
44 1 0
44 2 110
44 3 0
44 4 69
44 5 28
44 6 0
44 7 59
45 1 0
45 2 47
45 3 0
45 4 30
45 5 8
45 6 0
45 7 23
46 1 0
46 2 78
46 3 0
46 4 51
46 5 15
46 6 0
46 7 42
47 1 0
47 2 27
47 3 0
47 4 17
47 5 5
47 6 0
47 7 14
48 1 0
48 2 12
48 3 0
48 4 9
48 5 4
48 6 0
48 7 7
49 1 0
49 2 35
49 3 0
49 4 24
49 5 7
49 6 0
49 7 18
50 1 0
50 2 149
50 3 0
50 4 93
50 5 31
50 6 0
50 7 81

# Precedence Relations
1 8
2 7
2 9
2 11
2 12
5 10
7 36
8 14
9 15
10 16
11 17
11 20
12 13
12 18
12 19
12 21
13 36
14 25
15 22
16 24
17 23
18 26
19 27
22 36
23 29
24 30
25 28
25 31
26 28
26 34
26 35
27 32
27 33
28 36
29 38
30 38
31 37
32 39
33 40
36 41
36 42
36 43
36 44
36 45
36 47
37 46
41 48
46 49
46 50

# Parameters
R_e = 0.0500
T = 1000.0
C_s = 4.0
C_w = 36.0
C_c = 5.0
