# Tasks
1 2 3 4 5 6 7 8 9 10 11 12 13 14 15 16 17 18 19 20 21 22 23 24 25 26 27 28

# Workstations
1 2 3 4 5 6 7 8 9 10 11 12 13 14 15 16 17 18 19 20 21 22 23 24 25 26 27 28

# Modes
1 2 3 4 5 6 7

# Processing Times
1 1 70
1 2 74
1 3 61
1 4 65
1 5 27
1 6 76
1 7 80
2 1 59
2 2 64
2 3 51
2 4 55
2 5 21
2 6 65
2 7 70
3 1 33
3 2 35
3 3 29
3 4 31
3 5 12
3 6 35
3 7 37
4 1 6
4 2 6
4 3 6
4 4 6
4 5 3
4 6 7
4 7 7
5 1 1
5 2 2
5 3 1
5 4 2
5 5 1
5 6 2
5 7 3
6 1 27
6 2 24
6 3 26
6 4 23
6 5 12
6 6 30
6 7 26
7 1 17
7 2 16
7 3 15
7 4 14
7 5 7
7 6 19
7 7 18
8 1 62
8 2 62
8 3 56
8 4 56
8 5 26
8 6 66
8 7 66
9 1 31
9 2 32
9 3 29
9 4 30
9 5 12
9 6 33
9 7 34
10 1 53
10 2 46
10 3 47
10 4 41
10 5 18
10 6 58
10 7 50
11 1 21
11 2 20
11 3 20
11 4 19
11 5 8
11 6 23
11 7 21
12 1 19
12 2 21
12 3 18
12 4 20
12 5 9
12 6 20
12 7 22
13 1 108
13 2 106
13 3 96
13 4 95
13 5 35
13 6 111
13 7 109
14 1 52
14 2 51
14 3 46
14 4 45
14 5 22
14 6 57
14 7 56
15 1 5
15 2 5
15 3 5
15 4 5
15 5 2
15 6 6
15 7 6
16 1 8
16 2 8
16 3 8
16 4 8
16 5 3
16 6 9
16 7 9
17 1 97
17 2 89
17 3 83
17 4 76
17 5 42
17 6 98
17 7 90
18 1 8
18 2 9
18 3 8
18 4 9
18 5 4
18 6 9
18 7 10
19 1 47
19 2 51
19 3 42
19 4 45
19 5 21
19 6 48
19 7 53
20 1 67
20 2 68
20 3 58
20 4 59
20 5 28
20 6 73
20 7 74
21 1 17
21 2 17
21 3 16
21 4 16
21 5 8
21 6 18
21 7 18
22 1 8
22 2 9
22 3 8
22 4 9
22 5 4
22 6 9
22 7 10
23 1 3
23 2 3
23 3 3
23 4 3
23 5 2
23 6 4
23 7 4
24 1 21
24 2 18
24 3 19
24 4 16
24 5 10
24 6 23
24 7 20
25 1 107
25 2 110
25 3 102
25 4 105
25 5 39
25 6 113
25 7 116
26 1 3
26 2 4
26 3 3
26 4 4
26 5 2
26 6 4
26 7 5
27 1 2
27 2 2
27 3 2
27 4 2
27 5 1
27 6 3
27 7 3
28 1 72
28 2 74
28 3 68
28 4 70
28 5 24
28 6 80
28 7 82

# Energy Consumption
1 1 0
1 2 19
1 3 0
1 4 13
1 5 5
1 6 0
1 7 12
2 1 0
2 2 16
2 3 0
2 4 12
2 5 4
2 6 0
2 7 10
3 1 0
3 2 9
3 3 0
3 4 6
3 5 2
3 6 0
3 7 6
4 1 0
4 2 2
4 3 0
4 4 2
4 5 1
4 6 0
4 7 2
5 1 0
5 2 1
5 3 0
5 4 1
5 5 1
5 6 0
5 7 1
6 1 0
6 2 7
6 3 0
6 4 5
6 5 2
6 6 0
6 7 4
7 1 0
7 2 4
7 3 0
7 4 3
7 5 2
7 6 0
7 7 3
8 1 0
8 2 19
8 3 0
8 4 12
8 5 4
8 6 0
8 7 9
9 1 0
9 2 8
9 3 0
9 4 7
9 5 2
9 6 0
9 7 5
10 1 0
10 2 12
10 3 0
10 4 9
10 5 3
10 6 0
10 7 7
11 1 0
11 2 5
11 3 0
11 4 5
11 5 2
11 6 0
11 7 3
12 1 0
12 2 6
12 3 0
12 4 5
12 5 2
12 6 0
12 7 4
13 1 0
13 2 26
13 3 0
13 4 19
13 5 6
13 6 0
13 7 15
14 1 0
14 2 13
14 3 0
14 4 9
14 5 4
14 6 0
14 7 7
15 1 0
15 2 2
15 3 0
15 4 2
15 5 1
15 6 0
15 7 1
16 1 0
16 2 2
16 3 0
16 4 2
16 5 1
16 6 0
16 7 2
17 1 0
17 2 25
17 3 0
17 4 16
17 5 6
17 6 0
17 7 14
18 1 0
18 2 3
18 3 0
18 4 2
18 5 1
18 6 0
18 7 2
19 1 0
19 2 12
19 3 0
19 4 10
19 5 4
19 6 0
19 7 8
20 1 0
20 2 18
20 3 0
20 4 12
20 5 5
20 6 0
20 7 11
21 1 0
21 2 5
21 3 0
21 4 3
21 5 2
21 6 0
21 7 3
22 1 0
22 2 3
22 3 0
22 4 2
22 5 1
22 6 0
22 7 2
23 1 0
23 2 1
23 3 0
23 4 1
23 5 1
23 6 0
23 7 1
24 1 0
24 2 5
24 3 0
24 4 4
24 5 2
24 6 0
24 7 3
25 1 0
25 2 27
25 3 0
25 4 20
25 5 7
25 6 0
25 7 16
26 1 0
26 2 2
26 3 0
26 4 1
26 5 1
26 6 0
26 7 1
27 1 0
27 2 1
27 3 0
27 4 1
27 5 1
27 6 0
27 7 1
28 1 0
28 2 22
28 3 0
28 4 16
28 5 4
28 6 0
28 7 10

# Precedence Relations
1 3
1 4
1 5
1 8
1 19
1 21
1 22
1 23
1 24
1 26
2 6
2 17
3 28
4 28
5 28
6 7
7 18
8 9
9 10
10 11
10 12
11 15
12 13
13 14
13 16
14 28
15 28
16 28
17 28
18 28
19 20
20 28
21 28
22 28
23 28
24 25
25 28
26 27
27 28

# Parameters
R_e = 0.0500
T = 236.0
C_s = 4.0
C_w = 36.0
C_c = 5.0
