# Tasks
1 2 3 4 5 6 7 8 9 10 11 12 13 14 15 16 17 18 19 20 21 22 23 24 25 26 27 28 29 30

# Workstations
1 2 3 4 5 6 7 8 9 10 11 12 13 14 15 16 17 18 19 20 21 22 23 24 25 26 27 28 29 30

# Modes
1 2 3 4 5 6 7

# Processing Times
1 1 8
1 2 9
1 3 7
1 4 8
1 5 3
1 6 9
1 7 10
2 1 7
2 2 8
2 3 7
2 4 8
2 5 3
2 6 8
2 7 9
3 1 19
3 2 20
3 3 17
3 4 18
3 5 8
3 6 20
3 7 21
4 1 10
4 2 10
4 3 9
4 4 9
4 5 5
4 6 11
4 7 11
5 1 2
5 2 3
5 3 2
5 4 3
5 5 1
5 6 3
5 7 4
6 1 6
6 2 6
6 3 6
6 4 6
6 5 3
6 6 7
6 7 7
7 1 14
7 2 13
7 3 13
7 4 12
7 5 6
7 6 15
7 7 14
8 1 10
8 2 10
8 3 10
8 4 10
8 5 4
8 6 11
8 7 11
9 1 1
9 2 2
9 3 1
9 4 2
9 5 1
9 6 2
9 7 3
10 1 4
10 2 4
10 3 4
10 4 4
10 5 2
10 6 5
10 7 5
11 1 14
11 2 13
11 3 13
11 4 12
11 5 5
11 6 15
11 7 14
12 1 15
12 2 17
12 3 14
12 4 16
12 5 7
12 6 16
12 7 19
13 1 5
13 2 5
13 3 5
13 4 5
13 5 2
13 6 6
13 7 6
14 1 12
14 2 12
14 3 11
14 4 11
14 5 5
14 6 13
14 7 13
15 1 9
15 2 9
15 3 8
15 4 8
15 5 4
15 6 10
15 7 10
16 1 10
16 2 9
16 3 9
16 4 8
16 5 4
16 6 11
16 7 10
17 1 2
17 2 2
17 3 2
17 4 2
17 5 1
17 6 3
17 7 3
18 1 10
18 2 11
18 3 10
18 4 11
18 5 5
18 6 11
18 7 12
19 1 18
19 2 20
19 3 17
19 4 18
19 5 8
19 6 19
19 7 21
20 1 16
20 2 17
20 3 15
20 4 15
20 5 7
20 6 17
20 7 19
21 1 21
21 2 21
21 3 20
21 4 20
21 5 9
21 6 23
21 7 23
22 1 14
22 2 15
22 3 13
22 4 13
22 5 7
22 6 16
22 7 17
23 1 16
23 2 15
23 3 14
23 4 13
23 5 6
23 6 17
23 7 16
24 1 7
24 2 6
24 3 7
24 4 6
24 5 3
24 6 8
24 7 7
25 1 17
25 2 18
25 3 16
25 4 17
25 5 6
25 6 18
25 7 19
26 1 9
26 2 10
26 3 9
26 4 10
26 5 3
26 6 10
26 7 11
27 1 25
27 2 22
27 3 23
27 4 20
27 5 9
27 6 27
27 7 24
28 1 7
28 2 8
28 3 7
28 4 8
28 5 3
28 6 8
28 7 9
29 1 14
29 2 14
29 3 14
29 4 14
29 5 5
29 6 15
29 7 15
30 1 2
30 2 2
30 3 2
30 4 2
30 5 1
30 6 3
30 7 3

# Energy Consumption
1 1 0
1 2 3
1 3 0
1 4 2
1 5 1
1 6 0
1 7 2
2 1 0
2 2 2
2 3 0
2 4 2
2 5 1
2 6 0
2 7 2
3 1 0
3 2 5
3 3 0
3 4 4
3 5 2
3 6 0
3 7 4
4 1 0
4 2 3
4 3 0
4 4 2
4 5 1
4 6 0
4 7 2
5 1 0
5 2 1
5 3 0
5 4 1
5 5 1
5 6 0
5 7 1
6 1 0
6 2 2
6 3 0
6 4 2
6 5 1
6 6 0
6 7 1
7 1 0
7 2 3
7 3 0
7 4 3
7 5 1
7 6 0
7 7 3
8 1 0
8 2 3
8 3 0
8 4 3
8 5 1
8 6 0
8 7 2
9 1 0
9 2 1
9 3 0
9 4 1
9 5 1
9 6 0
9 7 1
10 1 0
10 2 2
10 3 0
10 4 1
10 5 1
10 6 0
10 7 1
11 1 0
11 2 4
11 3 0
11 4 3
11 5 1
11 6 0
11 7 2
12 1 0
12 2 5
12 3 0
12 4 4
12 5 2
12 6 0
12 7 3
13 1 0
13 2 2
13 3 0
13 4 1
13 5 1
13 6 0
13 7 1
14 1 0
14 2 3
14 3 0
14 4 3
14 5 1
14 6 0
14 7 2
15 1 0
15 2 3
15 3 0
15 4 2
15 5 1
15 6 0
15 7 2
16 1 0
16 2 3
16 3 0
16 4 2
16 5 1
16 6 0
16 7 2
17 1 0
17 2 1
17 3 0
17 4 1
17 5 1
17 6 0
17 7 1
18 1 0
18 2 3
18 3 0
18 4 3
18 5 1
18 6 0
18 7 2
19 1 0
19 2 5
19 3 0
19 4 4
19 5 2
19 6 0
19 7 4
20 1 0
20 2 5
20 3 0
20 4 3
20 5 2
20 6 0
20 7 3
21 1 0
21 2 6
21 3 0
21 4 4
21 5 2
21 6 0
21 7 3
22 1 0
22 2 4
22 3 0
22 4 3
22 5 2
22 6 0
22 7 3
23 1 0
23 2 5
23 3 0
23 4 3
23 5 1
23 6 0
23 7 3
24 1 0
24 2 2
24 3 0
24 4 2
24 5 1
24 6 0
24 7 1
25 1 0
25 2 5
25 3 0
25 4 4
25 5 1
25 6 0
25 7 3
26 1 0
26 2 3
26 3 0
26 4 3
26 5 1
26 6 0
26 7 2
27 1 0
27 2 7
27 3 0
27 4 5
27 5 2
27 6 0
27 7 4
28 1 0
28 2 3
28 3 0
28 4 2
28 5 1
28 6 0
28 7 2
29 1 0
29 2 4
29 3 0
29 4 3
29 5 1
29 6 0
29 7 3
30 1 0
30 2 1
30 3 0
30 4 1
30 5 1
30 6 0
30 7 1

# Precedence Relations
1 4
1 5
2 11
2 12
3 16
3 17
4 7
5 6
6 7
7 8
8 9
9 26
10 24
12 13
13 14
14 15
14 20
15 22
16 20
17 18
18 19
20 21
20 24
21 22
22 23
23 27
24 25
25 26
26 27
27 28
27 29
29 30

# Parameters
R_e = 0.0500
T = 200.0
C_s = 4.0
C_w = 36.0
C_c = 5.0
