# Tasks
1 2 3 4 5 6 7 8 9 10 11 12 13 14 15 16 17 18 19 20 21 22 23 24 25 26 27 28 29 30 31 32 33 34 35 36 37 38 39 40 41 42 43 44 45 46 47 48 49 50 51 52 53

# Workstations
1 2 3 4 5 6 7 8 9 10 11 12 13 14 15 16 17 18 19 20 21 22 23 24 25 26 27 28 29 30 31 32 33 34 35 36 37 38 39 40 41 42 43 44 45 46 47 48 49 50 51 52 53

# Modes
1 2 3 4 5 6 7

# Processing Times
1 1 971
1 2 1021
1 3 874
1 4 920
1 5 354
1 6 1042
1 7 1096
2 1 142
2 2 154
2 3 130
2 4 141
2 5 48
2 6 148
2 7 161
3 1 142
3 2 148
3 3 128
3 4 134
3 5 46
3 6 155
3 7 162
4 1 142
4 2 142
4 3 130
4 4 130
4 5 47
4 6 143
4 7 143
5 1 103
5 2 112
5 3 94
5 4 102
5 5 32
5 6 106
5 7 116
6 1 96
6 2 86
6 3 92
6 4 82
6 5 31
6 6 97
6 7 87
7 1 99
7 2 89
7 3 90
7 4 81
7 5 31
7 6 106
7 7 95
8 1 1207
8 2 1203
8 3 1109
8 4 1106
8 5 376
8 6 1227
8 7 1223
9 1 160
9 2 161
9 3 144
9 4 145
9 5 70
9 6 164
9 7 165
10 1 180
10 2 155
10 3 164
10 4 141
10 5 60
10 6 183
10 7 157
11 1 82
11 2 76
11 3 75
11 4 70
11 5 31
11 6 84
11 7 78
12 1 60
12 2 65
12 3 55
12 4 59
12 5 24
12 6 64
12 7 70
13 1 112
13 2 110
13 3 97
13 4 95
13 5 40
13 6 113
13 7 111
14 1 420
14 2 405
14 3 366
14 4 353
14 5 171
14 6 446
14 7 430
15 1 1556
15 2 1496
15 3 1377
15 4 1324
15 5 602
15 6 1691
15 7 1625
16 1 236
16 2 212
16 3 203
16 4 182
16 5 85
16 6 251
16 7 225
17 1 259
17 2 238
17 3 234
17 4 215
17 5 86
17 6 278
17 7 256
18 1 125
18 2 135
18 3 115
18 4 124
18 5 44
18 6 129
18 7 139
19 1 601
19 2 642
19 3 531
19 4 567
19 5 224
19 6 610
19 7 652
20 1 80
20 2 81
20 3 71
20 4 72
20 5 25
20 6 81
20 7 82
21 1 80
21 2 78
21 3 73
21 4 71
21 5 30
21 6 84
21 7 81
22 1 70
22 2 71
22 3 64
22 4 65
22 5 24
22 6 76
22 7 77
23 1 89
23 2 80
23 3 80
23 4 72
23 5 29
23 6 92
23 7 83
24 1 89
24 2 76
24 3 82
24 4 70
24 5 33
24 6 96
24 7 82
25 1 105
25 2 108
25 3 97
25 4 100
25 5 45
25 6 109
25 7 112
26 1 330
26 2 336
26 3 284
26 4 290
26 5 123
26 6 339
26 7 345
27 1 132
27 2 114
27 3 120
27 4 104
27 5 46
27 6 138
27 7 119
28 1 69
28 2 71
28 3 61
28 4 62
28 5 31
28 6 76
28 7 78
29 1 99
29 2 98
29 3 92
29 4 91
29 5 32
29 6 103
29 7 102
30 1 70
30 2 66
30 3 61
30 4 58
30 5 22
30 6 72
30 7 68
31 1 70
31 2 67
31 3 62
31 4 60
31 5 31
31 6 72
31 7 69
32 1 158
32 2 158
32 3 137
32 4 137
32 5 66
32 6 173
32 7 173
33 1 191
33 2 196
33 3 177
33 4 181
33 5 84
33 6 194
33 7 199
34 1 70
34 2 76
34 3 66
34 4 72
34 5 26
34 6 74
34 7 80
35 1 53
35 2 54
35 3 50
35 4 51
35 5 23
35 6 58
35 7 59
36 1 50
36 2 52
36 3 46
36 4 48
36 5 22
36 6 55
36 7 57
37 1 125
37 2 122
37 3 115
37 4 113
37 5 53
37 6 130
37 7 127
38 1 353
38 2 322
38 3 316
38 4 288
38 5 143
38 6 368
38 7 336
39 1 70
39 2 65
39 3 67
39 4 62
39 5 27
39 6 73
39 7 68
40 1 128
40 2 138
40 3 117
40 4 126
40 5 45
40 6 132
40 7 143
41 1 65
41 2 58
41 3 61
41 4 54
41 5 28
41 6 68
41 7 60
42 1 1775
42 2 1844
42 3 1609
42 4 1672
42 5 663
42 6 1941
42 7 2017
43 1 91
43 2 82
43 3 82
43 4 74
43 5 29
43 6 94
43 7 85
44 1 91
44 2 87
44 3 80
44 4 77
44 5 31
44 6 92
44 7 88
45 1 113
45 2 121
45 3 106
45 4 113
45 5 50
45 6 122
45 7 130
46 1 487
46 2 484
46 3 428
46 4 425
46 5 184
46 6 497
46 7 494
47 1 138
47 2 148
47 3 118
47 4 126
47 5 58
47 6 149
47 7 160
48 1 80
48 2 83
48 3 74
48 4 77
48 5 25
48 6 81
48 7 84
49 1 80
49 2 85
49 3 73
49 4 77
49 5 32
49 6 88
49 7 93
50 1 65
50 2 69
50 3 57
50 4 61
50 5 22
50 6 67
50 7 71
51 1 40
51 2 42
51 3 37
51 4 39
51 5 17
51 6 44
51 7 46
52 1 742
52 2 801
52 3 697
52 4 752
52 5 227
52 6 807
52 7 872
53 1 1085
53 2 1035
53 3 936
53 4 893
53 5 345
53 6 1120
53 7 1068

# Energy Consumption
1 1 0
1 2 254
1 3 0
1 4 180
1 5 54
1 6 0
1 7 157
2 1 0
2 2 37
2 3 0
2 4 29
2 5 8
2 6 0
2 7 23
3 1 0
3 2 36
3 3 0
3 4 25
3 5 7
3 6 0
3 7 24
4 1 0
4 2 42
4 3 0
4 4 24
4 5 7
4 6 0
4 7 21
5 1 0
5 2 34
5 3 0
5 4 21
5 5 5
5 6 0
5 7 17
6 1 0
6 2 25
6 3 0
6 4 16
6 5 5
6 6 0
6 7 12
7 1 0
7 2 21
7 3 0
7 4 18
7 5 5
7 6 0
7 7 14
8 1 0
8 2 352
8 3 0
8 4 230
8 5 55
8 6 0
8 7 166
9 1 0
9 2 40
9 3 0
9 4 31
9 5 11
9 6 0
9 7 25
10 1 0
10 2 40
10 3 0
10 4 30
10 5 9
10 6 0
10 7 21
11 1 0
11 2 19
11 3 0
11 4 15
11 5 5
11 6 0
11 7 12
12 1 0
12 2 16
12 3 0
12 4 13
12 5 4
12 6 0
12 7 11
13 1 0
13 2 27
13 3 0
13 4 19
13 5 7
13 6 0
13 7 15
14 1 0
14 2 99
14 3 0
14 4 66
14 5 27
14 6 0
14 7 53
15 1 0
15 2 444
15 3 0
15 4 289
15 5 96
15 6 0
15 7 205
16 1 0
16 2 48
16 3 0
16 4 35
16 5 12
16 6 0
16 7 30
17 1 0
17 2 67
17 3 0
17 4 45
17 5 13
17 6 0
17 7 39
18 1 0
18 2 31
18 3 0
18 4 26
18 5 7
18 6 0
18 7 19
19 1 0
19 2 143
19 3 0
19 4 123
19 5 36
19 6 0
19 7 94
20 1 0
20 2 22
20 3 0
20 4 14
20 5 4
20 6 0
20 7 12
21 1 0
21 2 19
21 3 0
21 4 13
21 5 5
21 6 0
21 7 10
22 1 0
22 2 17
22 3 0
22 4 15
22 5 4
22 6 0
22 7 11
23 1 0
23 2 24
23 3 0
23 4 15
23 5 5
23 6 0
23 7 13
24 1 0
24 2 20
24 3 0
24 4 15
24 5 5
24 6 0
24 7 12
25 1 0
25 2 27
25 3 0
25 4 19
25 5 7
25 6 0
25 7 16
26 1 0
26 2 85
26 3 0
26 4 60
26 5 18
26 6 0
26 7 45
27 1 0
27 2 33
27 3 0
27 4 23
27 5 7
27 6 0
27 7 17
28 1 0
28 2 21
28 3 0
28 4 14
28 5 5
28 6 0
28 7 10
29 1 0
29 2 25
29 3 0
29 4 20
29 5 5
29 6 0
29 7 14
30 1 0
30 2 18
30 3 0
30 4 13
30 5 4
30 6 0
30 7 10
31 1 0
31 2 18
31 3 0
31 4 11
31 5 5
31 6 0
31 7 10
32 1 0
32 2 44
32 3 0
32 4 30
32 5 11
32 6 0
32 7 21
33 1 0
33 2 47
33 3 0
33 4 39
33 5 14
33 6 0
33 7 26
34 1 0
34 2 22
34 3 0
34 4 15
34 5 4
34 6 0
34 7 11
35 1 0
35 2 15
35 3 0
35 4 11
35 5 4
35 6 0
35 7 8
36 1 0
36 2 13
36 3 0
36 4 11
36 5 4
36 6 0
36 7 8
37 1 0
37 2 35
37 3 0
37 4 25
37 5 8
37 6 0
37 7 19
38 1 0
38 2 75
38 3 0
38 4 59
38 5 22
38 6 0
38 7 45
39 1 0
39 2 18
39 3 0
39 4 12
39 5 4
39 6 0
39 7 10
40 1 0
40 2 35
40 3 0
40 4 28
40 5 7
40 6 0
40 7 18
41 1 0
41 2 14
41 3 0
41 4 11
41 5 5
41 6 0
41 7 9
42 1 0
42 2 460
42 3 0
42 4 354
42 5 106
42 6 0
42 7 263
43 1 0
43 2 21
43 3 0
43 4 16
43 5 5
43 6 0
43 7 11
44 1 0
44 2 25
44 3 0
44 4 16
44 5 5
44 6 0
44 7 13
45 1 0
45 2 37
45 3 0
45 4 23
45 5 8
45 6 0
45 7 18
46 1 0
46 2 129
46 3 0
46 4 82
46 5 29
46 6 0
46 7 69
47 1 0
47 2 41
47 3 0
47 4 24
47 5 10
47 6 0
47 7 22
48 1 0
48 2 19
48 3 0
48 4 15
48 5 4
48 6 0
48 7 11
49 1 0
49 2 25
49 3 0
49 4 17
49 5 5
49 6 0
49 7 13
50 1 0
50 2 19
50 3 0
50 4 12
50 5 4
50 6 0
50 7 11
51 1 0
51 2 10
51 3 0
51 4 8
51 5 3
51 6 0
51 7 7
52 1 0
52 2 191
52 3 0
52 4 136
52 5 36
52 6 0
52 7 119
53 1 0
53 2 255
53 3 0
53 4 169
53 5 53
53 6 0
53 7 155

# Precedence Relations
1 2
1 3
1 4
1 5
1 6
1 7
2 36
3 36
4 9
5 9
6 9
7 9
8 9
9 10
10 11
11 12
12 13
12 14
12 15
13 16
13 17
13 18
14 22
15 16
15 17
16 29
16 30
16 31
17 19
18 42
19 20
19 21
19 22
20 23
21 24
22 25
23 36
24 36
25 26
26 27
27 28
28 29
28 30
28 31
28 32
28 33
28 34
29 35
30 35
31 35
32 35
33 35
34 35
35 36
36 37
37 38
37 39
37 40
38 41
39 41
40 41
41 42
42 43
42 44
42 45
42 46
42 47
43 48
44 49
45 51
45 52
46 50
47 51
47 52
48 51
48 52
49 51
49 52
50 51
50 52
51 53
52 53

# Parameters
R_e = 0.0500
T = 10000.0
C_s = 4.0
C_w = 36.0
C_c = 5.0
