# Tasks
1 2 3 4 5 6 7 8 9 10 11 12 13 14 15 16 17 18 19 20 21

# Workstations
1 2 3 4 5 6 7 8 9 10 11 12 13 14 15 16 17 18 19 20 21

# Modes
1 2 3 4 5 6 7

# Processing Times
1 1 4
1 2 5
1 3 5
1 4 6
1 5 4
1 6 6
1 7 7
2 1 3
2 2 4
2 3 4
2 4 5
2 5 3
2 6 4
2 7 6
3 1 9
3 2 10
3 3 10
3 4 11
3 5 8
3 6 12
3 7 13
4 1 5
4 2 6
4 3 6
4 4 7
4 5 5
4 6 7
4 7 8
5 1 9
5 2 10
5 3 10
5 4 11
5 5 8
5 6 12
5 7 13
6 1 4
6 2 5
6 3 5
6 4 6
6 5 4
6 6 6
6 7 7
7 1 8
7 2 9
7 3 9
7 4 10
7 5 7
7 6 11
7 7 12
8 1 7
8 2 8
8 3 8
8 4 9
8 5 6
8 6 9
8 7 11
9 1 5
9 2 6
9 3 6
9 4 7
9 5 5
9 6 7
9 7 8
10 1 1
10 2 2
10 3 2
10 4 3
10 5 1
10 6 2
10 7 3
11 1 3
11 2 4
11 3 4
11 4 5
11 5 3
11 6 4
11 7 6
12 1 1
12 2 2
12 3 2
12 4 3
12 5 1
12 6 2
12 7 3
13 1 5
13 2 6
13 3 6
13 4 7
13 5 5
13 6 7
13 7 8
14 1 3
14 2 4
14 3 4
14 4 5
14 5 3
14 6 4
14 7 6
15 1 5
15 2 6
15 3 6
15 4 7
15 5 5
15 6 7
15 7 8
16 1 3
16 2 4
16 3 4
16 4 5
16 5 3
16 6 4
16 7 6
17 1 13
17 2 14
17 3 14
17 4 15
17 5 12
17 6 17
17 7 18
18 1 5
18 2 6
18 3 6
18 4 7
18 5 5
18 6 7
18 7 8
19 1 2
19 2 3
19 3 3
19 4 4
19 5 2
19 6 3
19 7 4
20 1 3
20 2 4
20 3 4
20 4 5
20 5 3
20 6 4
20 7 6
21 1 7
21 2 8
21 3 8
21 4 9
21 5 6
21 6 9
21 7 11

# Energy Consumption
1 1 0
1 2 2
1 3 0
1 4 2
1 5 1
1 6 0
1 7 1
2 1 0
2 2 1
2 3 0
2 4 1
2 5 1
2 6 0
2 7 1
3 1 0
3 2 3
3 3 0
3 4 3
3 5 2
3 6 0
3 7 2
4 1 0
4 2 2
4 3 0
4 4 2
4 5 1
4 6 0
4 7 2
5 1 0
5 2 3
5 3 0
5 4 3
5 5 2
5 6 0
5 7 2
6 1 0
6 2 2
6 3 0
6 4 2
6 5 1
6 6 0
6 7 1
7 1 0
7 2 3
7 3 0
7 4 3
7 5 2
7 6 0
7 7 2
8 1 0
8 2 3
8 3 0
8 4 2
8 5 1
8 6 0
8 7 2
9 1 0
9 2 2
9 3 0
9 4 2
9 5 1
9 6 0
9 7 1
10 1 0
10 2 1
10 3 0
10 4 1
10 5 1
10 6 0
10 7 1
11 1 0
11 2 1
11 3 0
11 4 1
11 5 1
11 6 0
11 7 1
12 1 0
12 2 1
12 3 0
12 4 1
12 5 1
12 6 0
12 7 1
13 1 0
13 2 2
13 3 0
13 4 2
13 5 1
13 6 0
13 7 2
14 1 0
14 2 2
14 3 0
14 4 1
14 5 1
14 6 0
14 7 1
15 1 0
15 2 2
15 3 0
15 4 2
15 5 1
15 6 0
15 7 2
16 1 0
16 2 1
16 3 0
16 4 2
16 5 1
16 6 0
16 7 1
17 1 0
17 2 4
17 3 0
17 4 3
17 5 2
17 6 0
17 7 3
18 1 0
18 2 2
18 3 0
18 4 2
18 5 1
18 6 0
18 7 2
19 1 0
19 2 1
19 3 0
19 4 1
19 5 1
19 6 0
19 7 1
20 1 0
20 2 2
20 3 0
20 4 1
20 5 1
20 6 0
20 7 1
21 1 0
21 2 3
21 3 0
21 4 2
21 5 1
21 6 0
21 7 2

# Precedence Relations
1 2
1 3
2 21
3 4
4 5
4 21
5 6
5 7
6 8
7 8
7 14
8 9
9 10
9 11
9 12
9 13
10 15
11 15
12 15
13 17
13 18
14 19
15 16
15 18
16 17
17 20
18 19

# Parameters
R_e = 0.0500
T = 60.0
C_s = 4.0
C_w = 36.0
C_c = 5.0
