# Tasks
1 2 3 4 5 6 7 8 9 10 11 12 13 14 15 16 17 18 19 20

# Workstations
1 2 3 4 5 6 7 8 9 10 11 12 13 14 15 16 17 18 19 20

# Modes
1 2 3 4 5 6 7

# Processing Times
1 1 209
1 2 323
1 3 187
1 4 288
1 5 168
1 6 243
1 7 375
2 1 93
2 2 127
2 3 84
2 4 115
2 5 75
2 6 103
2 7 141
3 1 197
3 2 254
3 3 181
3 4 233
3 5 165
3 6 222
3 7 286
4 1 223
4 2 343
4 3 204
4 4 313
4 5 191
4 6 265
4 7 408
5 1 75
5 2 93
5 3 72
5 4 89
5 5 63
5 6 94
5 7 116
6 1 92
6 2 123
6 3 85
6 4 114
6 5 75
6 6 102
6 7 136
7 1 36
7 2 45
7 3 33
7 4 42
7 5 34
7 6 40
7 7 50
8 1 27
8 2 40
8 3 25
8 4 36
8 5 23
8 6 33
8 7 48
9 1 26
9 2 34
9 3 25
9 4 33
9 5 24
9 6 32
9 7 41
10 1 114
10 2 180
10 3 104
10 4 164
10 5 95
10 6 141
10 7 222
11 1 128
11 2 167
11 3 120
11 4 156
11 5 119
11 6 158
11 7 206
12 1 229
12 2 343
12 3 202
12 4 303
12 5 189
12 6 271
12 7 405
13 1 383
13 2 583
13 3 354
13 4 539
13 5 324
13 6 435
13 7 662
14 1 113
14 2 163
14 3 107
14 4 154
14 5 98
14 6 127
14 7 183
15 1 217
15 2 321
15 3 194
15 4 286
15 5 206
15 6 270
15 7 399
16 1 306
16 2 435
16 3 264
16 4 375
16 5 253
16 6 339
16 7 481
17 1 50
17 2 61
17 3 46
17 4 56
17 5 48
17 6 58
17 7 71
18 1 125
18 2 194
18 3 111
18 4 172
18 5 106
18 6 156
18 7 242
19 1 68
19 2 97
19 3 61
19 4 87
19 5 62
19 6 77
19 7 110
20 1 120
20 2 165
20 3 103
20 4 141
20 5 101
20 6 141
20 7 193

# Energy Consumption
1 1 0
1 2 76
1 3 0
1 4 63
1 5 26
1 6 0
1 7 52
2 1 0
2 2 32
2 3 0
2 4 24
2 5 12
2 6 0
2 7 21
3 1 0
3 2 72
3 3 0
3 4 43
3 5 24
3 6 0
3 7 39
4 1 0
4 2 97
4 3 0
4 4 66
4 5 30
4 6 0
4 7 57
5 1 0
5 2 24
5 3 0
5 4 17
5 5 10
5 6 0
5 7 18
6 1 0
6 2 30
6 3 0
6 4 24
6 5 12
6 6 0
6 7 20
7 1 0
7 2 12
7 3 0
7 4 9
7 5 6
7 6 0
7 7 8
8 1 0
8 2 10
8 3 0
8 4 8
8 5 4
8 6 0
8 7 8
9 1 0
9 2 10
9 3 0
9 4 8
9 5 4
9 6 0
9 7 6
10 1 0
10 2 47
10 3 0
10 4 36
10 5 15
10 6 0
10 7 33
11 1 0
11 2 49
11 3 0
11 4 32
11 5 19
11 6 0
11 7 26
12 1 0
12 2 86
12 3 0
12 4 65
12 5 28
12 6 0
12 7 59
13 1 0
13 2 158
13 3 0
13 4 116
13 5 47
13 6 0
13 7 89
14 1 0
14 2 37
14 3 0
14 4 34
14 5 15
14 6 0
14 7 24
15 1 0
15 2 77
15 3 0
15 4 60
15 5 32
15 6 0
15 7 58
16 1 0
16 2 96
16 3 0
16 4 83
16 5 40
16 6 0
16 7 60
17 1 0
17 2 18
17 3 0
17 4 11
17 5 8
17 6 0
17 7 10
18 1 0
18 2 57
18 3 0
18 4 33
18 5 17
18 6 0
18 7 36
19 1 0
19 2 23
19 3 0
19 4 16
19 5 9
19 6 0
19 7 15
20 1 0
20 2 40
20 3 0
20 4 29
20 5 16
20 6 0
20 7 29

# Precedence Relations
1 10
2 10
4 9
6 7
6 8
7 10
8 10
9 11
9 12
9 13
9 14
10 15
10 16
10 17
10 18
10 19
18 20

# Parameters
R_e = 0.0500
T = 1000.0
C_s = 4.0
C_w = 36.0
C_c = 5.0
