# Tasks
1 2 3 4 5 6 7 8 9 10 11 12 13 14 15 16 17 18 19 20

# Workstations
1 2 3 4 5 6 7 8 9 10 11 12 13 14 15 16 17 18 19 20

# Modes
1 2 3 4 5 6 7

# Processing Times
1 1 570
1 2 723
1 3 518
1 4 656
1 5 532
1 6 678
1 7 859
2 1 504
2 2 640
2 3 458
2 4 581
2 5 471
2 6 599
2 7 761
3 1 232
3 2 295
3 3 211
3 4 268
3 5 217
3 6 276
3 7 351
4 1 336
4 2 427
4 3 305
4 4 388
4 5 314
4 6 400
4 7 508
5 1 724
5 2 919
5 3 657
5 4 834
5 5 676
5 6 861
5 7 1092
6 1 463
6 2 588
6 3 421
6 4 534
6 5 432
6 6 551
6 7 699
7 1 537
7 2 682
7 3 488
7 4 619
7 5 502
7 6 638
7 7 811
8 1 553
8 2 702
8 3 502
8 4 637
8 5 516
8 6 657
8 7 834
9 1 669
9 2 849
9 3 607
9 4 771
9 5 625
9 6 795
9 7 1009
10 1 350
10 2 444
10 3 318
10 4 403
10 5 327
10 6 416
10 7 528
11 1 463
11 2 588
11 3 421
11 4 534
11 5 432
11 6 551
11 7 699
12 1 365
12 2 463
12 3 332
12 4 421
12 5 341
12 6 434
12 7 551
13 1 422
13 2 536
13 3 383
13 4 487
13 5 394
13 6 502
13 7 637
14 1 544
14 2 690
14 3 494
14 4 627
14 5 508
14 6 647
14 7 820
15 1 483
15 2 613
15 3 439
15 4 557
15 5 451
15 6 574
15 7 729
16 1 380
16 2 482
16 3 345
16 4 438
16 5 355
16 6 452
16 7 573
17 1 535
17 2 679
17 3 486
17 4 617
17 5 500
17 6 636
17 7 807
18 1 628
18 2 797
18 3 570
18 4 724
18 5 586
18 6 747
18 7 947
19 1 437
19 2 555
19 3 397
19 4 504
19 5 408
19 6 520
19 7 660
20 1 283
20 2 359
20 3 257
20 4 326
20 5 265
20 6 337
20 7 427

# Energy Consumption
1 1 0
1 2 169
1 3 0
1 4 142
1 5 81
1 6 0
1 7 119
2 1 0
2 2 157
2 3 0
2 4 120
2 5 70
2 6 0
2 7 110
3 1 0
3 2 84
3 3 0
3 4 49
3 5 31
3 6 0
3 7 48
4 1 0
4 2 121
4 3 0
4 4 82
4 5 48
4 6 0
4 7 71
5 1 0
5 2 233
5 3 0
5 4 158
5 5 98
5 6 0
5 7 161
6 1 0
6 2 141
6 3 0
6 4 110
6 5 68
6 6 0
6 7 103
7 1 0
7 2 172
7 3 0
7 4 125
7 5 79
7 6 0
7 7 118
8 1 0
8 2 165
8 3 0
8 4 133
8 5 75
8 6 0
8 7 124
9 1 0
9 2 233
9 3 0
9 4 167
9 5 91
9 6 0
9 7 145
10 1 0
10 2 116
10 3 0
10 4 88
10 5 49
10 6 0
10 7 79
11 1 0
11 2 172
11 3 0
11 4 107
11 5 68
11 6 0
11 7 88
12 1 0
12 2 116
12 3 0
12 4 90
12 5 51
12 6 0
12 7 80
13 1 0
13 2 145
13 3 0
13 4 105
13 5 57
13 6 0
13 7 86
14 1 0
14 2 156
14 3 0
14 4 135
14 5 74
14 6 0
14 7 106
15 1 0
15 2 146
15 3 0
15 4 116
15 5 69
15 6 0
15 7 105
16 1 0
16 2 107
16 3 0
16 4 97
16 5 55
16 6 0
16 7 71
17 1 0
17 2 195
17 3 0
17 4 113
17 5 77
17 6 0
17 7 111
18 1 0
18 2 232
18 3 0
18 4 137
18 5 90
18 6 0
18 7 138
19 1 0
19 2 130
19 3 0
19 4 92
19 5 58
19 6 0
19 7 85
20 1 0
20 2 86
20 3 0
20 4 67
20 5 40
20 6 0
20 7 64

# Precedence Relations
1 10
2 10
3 10
4 6
4 8
4 12
5 7
5 9
5 10
5 11
6 10
7 18
8 11
9 12
9 17
9 18
10 13
10 14
10 15
10 16
11 17
11 18
13 20
14 17
15 17
16 18
17 19
17 20
18 19

# Parameters
R_e = 0.0500
T = 1146.6000000000001
C_s = 4.0
C_w = 36.0
C_c = 5.0
