# Tasks
1 2 3 4 5 6 7 8 9 10 11 12 13 14 15 16 17 18 19 20 21 22 23 24 25 26 27 28 29 30 31 32 33 34 35 36 37 38 39 40 41 42 43 44 45 46 47 48 49 50 51 52 53 54 55 56 57 58 59 60 61 62 63 64 65 66 67 68 69 70 71 72 73 74 75 76 77 78 79 80 81 82 83 84 85 86 87 88 89 90 91 92 93 94 95 96 97 98 99 100 101 102 103 104 105 106 107 108 109 110 111

# Workstations
1 2 3 4 5 6 7 8 9 10 11 12 13 14 15 16 17 18 19 20 21 22 23 24 25 26 27 28 29 30 31 32 33 34 35 36 37 38 39 40 41 42 43 44 45 46 47 48 49 50 51 52 53 54 55 56 57 58 59 60 61 62 63 64 65 66 67 68 69 70 71 72 73 74 75 76 77 78 79 80 81 82 83 84 85 86 87 88 89 90 91 92 93 94 95 96 97 98 99 100 101 102 103 104 105 106 107 108 109 110 111

# Modes
1 2 3 4 5 6 7

# Processing Times
1 1 1960
1 2 4002
1 3 2094
1 4 4276
1 5 870
1 6 2397
1 7 4895
2 1 1715
2 2 3502
2 3 1833
2 4 3742
2 5 762
2 6 2098
2 7 4283
3 1 735
3 2 1501
3 3 786
3 4 1604
3 5 327
3 6 899
3 7 1836
4 1 1715
4 2 3502
4 3 1833
4 4 3742
4 5 762
4 6 2098
4 7 4283
5 1 490
5 2 1001
5 3 524
5 4 1070
5 5 218
5 6 600
5 7 1225
6 1 1225
6 2 2501
6 3 1309
6 4 2672
6 5 544
6 6 1499
6 7 3059
7 1 169
7 2 345
7 3 181
7 4 369
7 5 76
7 6 207
7 7 422
8 1 2252
8 2 4598
8 3 2406
8 4 4913
8 5 1000
8 6 2754
8 7 5623
9 1 1225
9 2 2501
9 3 1309
9 4 2672
9 5 544
9 6 1499
9 7 3059
10 1 2319
10 2 4735
10 3 2478
10 4 5059
10 5 1030
10 6 2836
10 7 5791
11 1 1715
11 2 3502
11 3 1833
11 4 3742
11 5 762
11 6 2098
11 7 4283
12 1 980
12 2 2001
12 3 1047
12 4 2138
12 5 435
12 6 1199
12 7 2448
13 1 735
13 2 1501
13 3 786
13 4 1604
13 5 327
13 6 899
13 7 1836
14 1 2281
14 2 4657
14 3 2437
14 4 4976
14 5 1013
14 6 2790
14 7 5696
15 1 2750
15 2 5614
15 3 2938
15 4 5998
15 5 1221
15 6 3363
15 7 6866
16 1 77
16 2 158
16 3 83
16 4 169
16 5 35
16 6 95
16 7 194
17 1 89
17 2 182
17 3 96
17 4 195
17 5 40
17 6 109
17 7 223
18 1 51
18 2 105
18 3 55
18 4 113
18 5 23
18 6 63
18 7 129
19 1 364
19 2 744
19 3 389
19 4 795
19 5 162
19 6 446
19 7 910
20 1 405
20 2 827
20 3 433
20 4 884
20 5 180
20 6 496
20 7 1012
21 1 3060
21 2 6247
21 3 3269
21 4 6674
21 5 1359
21 6 3743
21 7 7640
22 1 125
22 2 256
22 3 134
22 4 274
22 5 56
22 6 153
22 7 314
23 1 3429
23 2 7000
23 3 3664
23 4 7479
23 5 1522
23 6 4194
23 7 8561
24 1 43
24 2 88
24 3 46
24 4 95
24 5 20
24 6 53
24 7 108
25 1 3430
25 2 7003
25 3 3665
25 4 7482
25 5 1523
25 6 4195
25 7 8564
26 1 1960
26 2 4002
26 3 2094
26 4 4276
26 5 870
26 6 2397
26 7 4895
27 1 29
27 2 60
27 3 31
27 4 65
27 5 13
27 6 36
27 7 74
28 1 27
28 2 56
28 3 29
28 4 60
28 5 12
28 6 34
28 7 69
29 1 15
29 2 31
29 3 17
29 4 34
29 5 7
29 6 19
29 7 38
30 1 121
30 2 248
30 3 130
30 4 265
30 5 54
30 6 148
30 7 304
31 1 1715
31 2 3502
31 3 1833
31 4 3742
31 5 762
31 6 2098
31 7 4283
32 1 2127
32 2 4343
32 3 2273
32 4 4640
32 5 944
32 6 2602
32 7 5312
33 1 1470
33 2 3001
33 3 1571
33 4 3206
33 5 653
33 6 1798
33 7 3670
34 1 4037
34 2 8242
34 3 4313
34 4 8805
34 5 1792
34 6 4937
34 7 10080
35 1 68
35 2 139
35 3 73
35 4 149
35 5 31
35 6 84
35 7 170
36 1 62
36 2 127
36 3 67
36 4 136
36 5 28
36 6 76
36 7 156
37 1 42
37 2 86
37 3 45
37 4 92
37 5 19
37 6 52
37 7 106
38 1 364
38 2 744
38 3 389
38 4 795
38 5 162
38 6 446
38 7 910
39 1 4998
39 2 10203
39 3 5340
39 4 10900
39 5 2219
39 6 6113
39 7 12478
40 1 1470
40 2 3001
40 3 1571
40 4 3206
40 5 653
40 6 1798
40 7 3670
41 1 2963
41 2 6049
41 3 3166
41 4 6463
41 5 1315
41 6 3624
41 7 7398
42 1 5689
42 2 11614
42 3 6078
42 4 12408
42 5 2525
42 6 6958
42 7 14203
43 1 68
43 2 139
43 3 73
43 4 149
43 5 31
43 6 84
43 7 170
44 1 18
44 2 37
44 3 20
44 4 40
44 5 8
44 6 23
44 7 46
45 1 10
45 2 21
45 3 11
45 4 23
45 5 5
45 6 13
45 7 26
46 1 81
46 2 166
46 3 87
46 4 178
46 5 36
46 6 100
46 7 204
47 1 5200
47 2 10616
47 3 5556
47 4 11342
47 5 2308
47 6 6360
47 7 12983
48 1 39
48 2 80
48 3 42
48 4 86
48 5 18
48 6 48
48 7 98
49 1 67
49 2 137
49 3 72
49 4 147
49 5 30
49 6 82
49 7 168
50 1 27
50 2 56
50 3 29
50 4 60
50 5 12
50 6 34
50 7 69
51 1 15
51 2 31
51 3 17
51 4 34
51 5 7
51 6 19
51 7 38
52 1 121
52 2 248
52 3 130
52 4 265
52 5 54
52 6 148
52 7 304
53 1 58
53 2 119
53 3 62
53 4 128
53 5 26
53 6 71
53 7 146
54 1 1715
54 2 3502
54 3 1833
54 4 3742
54 5 762
54 6 2098
54 7 4283
55 1 125
55 2 256
55 3 134
55 4 274
55 5 56
55 6 153
55 7 314
56 1 4010
56 2 8187
56 3 4284
56 4 8747
56 5 1780
56 6 4904
56 7 10012
57 1 1470
57 2 3001
57 3 1571
57 4 3206
57 5 653
57 6 1798
57 7 3670
58 1 1470
58 2 3001
58 3 1571
58 4 3206
58 5 653
58 6 1798
58 7 3670
59 1 2303
59 2 4702
59 3 2461
59 4 5024
59 5 1023
59 6 2817
59 7 5751
60 1 1960
60 2 4002
60 3 2094
60 4 4276
60 5 870
60 6 2397
60 7 4895
61 1 2205
61 2 4502
61 3 2356
61 4 4810
61 5 979
61 6 2697
61 7 5506
62 1 4018
62 2 8203
62 3 4293
62 4 8764
62 5 1784
62 6 4914
62 7 10032
63 1 2744
63 2 5602
63 3 2932
63 4 5985
63 5 1218
63 6 3356
63 7 6851
64 1 2999
64 2 6123
64 3 3204
64 4 6542
64 5 1331
64 6 3668
64 7 7488
65 1 735
65 2 1501
65 3 786
65 4 1604
65 5 327
65 6 899
65 7 1836
66 1 735
66 2 1501
66 3 786
66 4 1604
66 5 327
66 6 899
66 7 1836
67 1 735
67 2 1501
67 3 786
67 4 1604
67 5 327
67 6 899
67 7 1836
68 1 735
68 2 1501
68 3 786
68 4 1604
68 5 327
68 6 899
68 7 1836
69 1 545
69 2 1113
69 3 583
69 4 1190
69 5 242
69 6 667
69 7 1362
70 1 3386
70 2 6913
70 3 3618
70 4 7386
70 5 1503
70 6 4141
70 7 8454
71 1 3234
71 2 6602
71 3 3455
71 4 7053
71 5 1436
71 6 3955
71 7 8074
72 1 2205
72 2 4502
72 3 2356
72 4 4810
72 5 979
72 6 2697
72 7 5506
73 1 2206
73 2 4504
73 3 2357
73 4 4812
73 5 980
73 6 2698
73 7 5508
74 1 490
74 2 1001
74 3 524
74 4 1070
74 5 218
74 6 600
74 7 1225
75 1 825
75 2 1685
75 3 882
75 4 1801
75 5 367
75 6 1009
75 7 2061
76 1 3528
76 2 7203
76 3 3769
76 4 7695
76 5 1566
76 6 4315
76 7 8809
77 1 3568
77 2 7284
77 3 3812
77 4 7782
77 5 1584
77 6 4364
77 7 8908
78 1 1200
78 2 2450
78 3 1282
78 4 2618
78 5 533
78 6 1468
78 7 2997
79 1 618
79 2 1262
79 3 661
79 4 1349
79 5 275
79 6 756
79 7 1544
80 1 1470
80 2 3001
80 3 1571
80 4 3206
80 5 653
80 6 1798
80 7 3670
81 1 1715
81 2 3502
81 3 1833
81 4 3742
81 5 762
81 6 2098
81 7 4283
82 1 735
82 2 1501
82 3 786
82 4 1604
82 5 327
82 6 899
82 7 1836
83 1 1960
83 2 4002
83 3 2094
83 4 4276
83 5 870
83 6 2397
83 7 4895
84 1 2889
84 2 5898
84 3 3087
84 4 6301
84 5 1283
84 6 3533
84 7 7213
85 1 618
85 2 1262
85 3 661
85 4 1349
85 5 275
85 6 756
85 7 1544
86 1 490
86 2 1001
86 3 524
86 4 1070
86 5 218
86 6 600
86 7 1225
87 1 735
87 2 1501
87 3 786
87 4 1604
87 5 327
87 6 899
87 7 1836
88 1 490
88 2 1001
88 3 524
88 4 1070
88 5 218
88 6 600
88 7 1225
89 1 921
89 2 1881
89 3 984
89 4 2010
89 5 409
89 6 1127
89 7 2301
90 1 326
90 2 666
90 3 349
90 4 712
90 5 145
90 6 399
90 7 815
91 1 5390
91 2 11004
91 3 5759
91 4 11756
91 5 2393
91 6 6592
91 7 13457
92 1 243
92 2 497
92 3 260
92 4 531
92 5 108
92 6 298
92 7 608
93 1 371
93 2 758
93 3 397
93 4 810
93 5 165
93 6 454
93 7 927
94 1 58
94 2 119
94 3 62
94 4 128
94 5 26
94 6 71
94 7 146
95 1 5059
95 2 10328
95 3 5405
95 4 11034
95 5 2246
95 6 6187
95 7 12631
96 1 1225
96 2 2501
96 3 1309
96 4 2672
96 5 544
96 6 1499
96 7 3059
97 1 769
97 2 1570
97 3 822
97 4 1678
97 5 342
97 6 941
97 7 1920
98 1 768
98 2 1568
98 3 821
98 4 1676
98 5 341
98 6 940
98 7 1918
99 1 1670
99 2 3410
99 3 1785
99 4 3643
99 5 742
99 6 2043
99 7 4171
100 1 1670
100 2 3410
100 3 1785
100 4 3643
100 5 742
100 6 2043
100 7 4171
101 1 490
101 2 1001
101 3 524
101 4 1070
101 5 218
101 6 600
101 7 1225
102 1 202
102 2 413
102 3 216
102 4 442
102 5 90
102 6 248
102 7 506
103 1 203
103 2 415
103 3 217
103 4 444
103 5 91
103 6 249
103 7 508
104 1 202
104 2 413
104 3 216
104 4 442
104 5 90
104 6 248
104 7 506
105 1 2744
105 2 5602
105 3 2932
105 4 5985
105 5 1218
105 6 3356
105 7 6851
106 1 162
106 2 331
106 3 174
106 4 354
106 5 72
106 6 199
106 7 405
107 1 324
107 2 662
107 3 347
107 4 708
107 5 144
107 6 397
107 7 810
108 1 162
108 2 331
108 3 174
108 4 354
108 5 72
108 6 199
108 7 405
109 1 121
109 2 248
109 3 130
109 4 265
109 5 54
109 6 148
109 7 304
110 1 162
110 2 331
110 3 174
110 4 354
110 5 72
110 6 199
110 7 405
111 1 91
111 2 186
111 3 98
111 4 199
111 5 41
111 6 112
111 7 228

# Energy Consumption
1 1 0
1 2 991
1 3 0
1 4 934
1 5 129
1 6 0
1 7 708
2 1 0
2 2 876
2 3 0
2 4 806
2 5 119
2 6 0
2 7 590
3 1 0
3 2 339
3 3 0
3 4 309
3 5 50
3 6 0
3 7 225
4 1 0
4 2 992
4 3 0
4 4 808
4 5 116
4 6 0
4 7 555
5 1 0
5 2 257
5 3 0
5 4 225
5 5 34
5 6 0
5 7 164
6 1 0
6 2 570
6 3 0
6 4 499
6 5 80
6 6 0
6 7 423
7 1 0
7 2 100
7 3 0
7 4 74
7 5 11
7 6 0
7 7 59
8 1 0
8 2 1200
8 3 0
8 4 963
8 5 143
8 6 0
8 7 792
9 1 0
9 2 684
9 3 0
9 4 574
9 5 77
9 6 0
9 7 455
10 1 0
10 2 1219
10 3 0
10 4 1030
10 5 148
10 6 0
10 7 760
11 1 0
11 2 800
11 3 0
11 4 676
11 5 115
11 6 0
11 7 642
12 1 0
12 2 477
12 3 0
12 4 402
12 5 70
12 6 0
12 7 336
13 1 0
13 2 388
13 3 0
13 4 322
13 5 47
13 6 0
13 7 238
14 1 0
14 2 1382
14 3 0
14 4 991
14 5 146
14 6 0
14 7 826
15 1 0
15 2 1641
15 3 0
15 4 1252
15 5 192
15 6 0
15 7 848
16 1 0
16 2 39
16 3 0
16 4 36
16 5 5
16 6 0
16 7 25
17 1 0
17 2 51
17 3 0
17 4 39
17 5 6
17 6 0
17 7 31
18 1 0
18 2 26
18 3 0
18 4 23
18 5 4
18 6 0
18 7 19
19 1 0
19 2 190
19 3 0
19 4 162
19 5 26
19 6 0
19 7 126
20 1 0
20 2 232
20 3 0
20 4 172
20 5 28
20 6 0
20 7 144
21 1 0
21 2 1711
21 3 0
21 4 1453
21 5 196
21 6 0
21 7 995
22 1 0
22 2 69
22 3 0
22 4 50
22 5 9
22 6 0
22 7 46
23 1 0
23 2 1768
23 3 0
23 4 1377
23 5 235
23 6 0
23 7 1260
24 1 0
24 2 22
24 3 0
24 4 20
24 5 3
24 6 0
24 7 14
25 1 0
25 2 1907
25 3 0
25 4 1491
25 5 215
25 6 0
25 7 1127
26 1 0
26 2 987
26 3 0
26 4 787
26 5 126
26 6 0
26 7 656
27 1 0
27 2 18
27 3 0
27 4 13
27 5 2
27 6 0
27 7 10
28 1 0
28 2 17
28 3 0
28 4 13
28 5 2
28 6 0
28 7 10
29 1 0
29 2 9
29 3 0
29 4 8
29 5 2
29 6 0
29 7 6
30 1 0
30 2 69
30 3 0
30 4 57
30 5 9
30 6 0
30 7 44
31 1 0
31 2 814
31 3 0
31 4 716
31 5 119
31 6 0
31 7 579
32 1 0
32 2 985
32 3 0
32 4 933
32 5 144
32 6 0
32 7 643
33 1 0
33 2 741
33 3 0
33 4 651
33 5 101
33 6 0
33 7 470
34 1 0
34 2 1997
34 3 0
34 4 1797
34 5 267
34 6 0
34 7 1457
35 1 0
35 2 36
35 3 0
35 4 33
35 5 5
35 6 0
35 7 21
36 1 0
36 2 33
36 3 0
36 4 26
36 5 5
36 6 0
36 7 21
37 1 0
37 2 20
37 3 0
37 4 19
37 5 3
37 6 0
37 7 15
38 1 0
38 2 214
38 3 0
38 4 149
38 5 24
38 6 0
38 7 130
39 1 0
39 2 2647
39 3 0
39 4 2045
39 5 325
39 6 0
39 7 1706
40 1 0
40 2 839
40 3 0
40 4 684
40 5 94
40 6 0
40 7 464
41 1 0
41 2 1414
41 3 0
41 4 1226
41 5 193
41 6 0
41 7 1008
42 1 0
42 2 3415
42 3 0
42 4 2462
42 5 379
42 6 0
42 7 2069
43 1 0
43 2 33
43 3 0
43 4 33
43 5 5
43 6 0
43 7 22
44 1 0
44 2 9
44 3 0
44 4 9
44 5 2
44 6 0
44 7 7
45 1 0
45 2 6
45 3 0
45 4 5
45 5 1
45 6 0
45 7 4
46 1 0
46 2 48
46 3 0
46 4 40
46 5 6
46 6 0
46 7 25
47 1 0
47 2 2523
47 3 0
47 4 2173
47 5 370
47 6 0
47 7 1841
48 1 0
48 2 22
48 3 0
48 4 18
48 5 3
48 6 0
48 7 14
49 1 0
49 2 39
49 3 0
49 4 28
49 5 5
49 6 0
49 7 21
50 1 0
50 2 14
50 3 0
50 4 13
50 5 2
50 6 0
50 7 9
51 1 0
51 2 8
51 3 0
51 4 7
51 5 2
51 6 0
51 7 6
52 1 0
52 2 66
52 3 0
52 4 51
52 5 8
52 6 0
52 7 39
53 1 0
53 2 30
53 3 0
53 4 26
53 5 4
53 6 0
53 7 19
54 1 0
54 2 1027
54 3 0
54 4 816
54 5 116
54 6 0
54 7 612
55 1 0
55 2 69
55 3 0
55 4 59
55 5 9
55 6 0
55 7 44
56 1 0
56 2 2247
56 3 0
56 4 1716
56 5 276
56 6 0
56 7 1215
57 1 0
57 2 723
57 3 0
57 4 621
57 5 100
57 6 0
57 7 523
58 1 0
58 2 744
58 3 0
58 4 644
58 5 100
58 6 0
58 7 514
59 1 0
59 2 1154
59 3 0
59 4 995
59 5 147
59 6 0
59 7 761
60 1 0
60 2 1161
60 3 0
60 4 831
60 5 137
60 6 0
60 7 661
61 1 0
61 2 1283
61 3 0
61 4 1048
61 5 145
61 6 0
61 7 698
62 1 0
62 2 2118
62 3 0
62 4 1579
62 5 273
62 6 0
62 7 1382
63 1 0
63 2 1287
63 3 0
63 4 1113
63 5 184
63 6 0
63 7 913
64 1 0
64 2 1731
64 3 0
64 4 1322
64 5 206
64 6 0
64 7 956
65 1 0
65 2 412
65 3 0
65 4 307
65 5 51
65 6 0
65 7 265
66 1 0
66 2 368
66 3 0
66 4 332
66 5 52
66 6 0
66 7 258
67 1 0
67 2 399
67 3 0
67 4 330
67 5 51
67 6 0
67 7 235
68 1 0
68 2 409
68 3 0
68 4 352
68 5 47
68 6 0
68 7 224
69 1 0
69 2 329
69 3 0
69 4 261
69 5 38
69 6 0
69 7 196
70 1 0
70 2 1984
70 3 0
70 4 1517
70 5 233
70 6 0
70 7 1152
71 1 0
71 2 1978
71 3 0
71 4 1506
71 5 217
71 6 0
71 7 1072
72 1 0
72 2 1102
72 3 0
72 4 1003
72 5 152
72 6 0
72 7 670
73 1 0
73 2 1058
73 3 0
73 4 1035
73 5 157
73 6 0
73 7 785
74 1 0
74 2 291
74 3 0
74 4 235
74 5 34
74 6 0
74 7 156
75 1 0
75 2 470
75 3 0
75 4 333
75 5 55
75 6 0
75 7 259
76 1 0
76 2 2001
76 3 0
76 4 1590
76 5 236
76 6 0
76 7 1234
77 1 0
77 2 1723
77 3 0
77 4 1612
77 5 248
77 6 0
77 7 1323
78 1 0
78 2 665
78 3 0
78 4 474
78 5 84
78 6 0
78 7 430
79 1 0
79 2 374
79 3 0
79 4 245
79 5 40
79 6 0
79 7 212
80 1 0
80 2 792
80 3 0
80 4 595
80 5 105
80 6 0
80 7 547
81 1 0
81 2 946
81 3 0
81 4 790
81 5 116
81 6 0
81 7 551
82 1 0
82 2 432
82 3 0
82 4 303
82 5 52
82 6 0
82 7 248
83 1 0
83 2 1095
83 3 0
83 4 803
83 5 129
83 6 0
83 7 596
84 1 0
84 2 1343
84 3 0
84 4 1289
84 5 197
84 6 0
84 7 913
85 1 0
85 2 356
85 3 0
85 4 279
85 5 43
85 6 0
85 7 190
86 1 0
86 2 297
86 3 0
86 4 196
86 5 34
86 6 0
86 7 178
87 1 0
87 2 387
87 3 0
87 4 337
87 5 52
87 6 0
87 7 272
88 1 0
88 2 284
88 3 0
88 4 219
88 5 33
88 6 0
88 7 175
89 1 0
89 2 539
89 3 0
89 4 388
89 5 59
89 6 0
89 7 291
90 1 0
90 2 149
90 3 0
90 4 138
90 5 23
90 6 0
90 7 103
91 1 0
91 2 3034
91 3 0
91 4 2419
91 5 383
91 6 0
91 7 1704
92 1 0
92 2 122
92 3 0
92 4 101
92 5 16
92 6 0
92 7 88
93 1 0
93 2 219
93 3 0
93 4 165
93 5 27
93 6 0
93 7 136
94 1 0
94 2 28
94 3 0
94 4 28
94 5 5
94 6 0
94 7 22
95 1 0
95 2 2727
95 3 0
95 4 2062
95 5 342
95 6 0
95 7 1759
96 1 0
96 2 670
96 3 0
96 4 530
96 5 79
96 6 0
96 7 388
97 1 0
97 2 392
97 3 0
97 4 307
97 5 55
97 6 0
97 7 271
98 1 0
98 2 432
98 3 0
98 4 357
98 5 52
98 6 0
98 7 260
99 1 0
99 2 1016
99 3 0
99 4 736
99 5 116
99 6 0
99 7 615
100 1 0
100 2 839
100 3 0
100 4 757
100 5 105
100 6 0
100 7 503
101 1 0
101 2 253
101 3 0
101 4 211
101 5 34
101 6 0
101 7 170
102 1 0
102 2 112
102 3 0
102 4 95
102 5 14
102 6 0
102 7 68
103 1 0
103 2 112
103 3 0
103 4 84
103 5 14
103 6 0
103 7 69
104 1 0
104 2 99
104 3 0
104 4 98
104 5 14
104 6 0
104 7 73
105 1 0
105 2 1410
105 3 0
105 4 1147
105 5 173
105 6 0
105 7 986
106 1 0
106 2 77
106 3 0
106 4 77
106 5 11
106 6 0
106 7 57
107 1 0
107 2 167
107 3 0
107 4 149
107 5 22
107 6 0
107 7 111
108 1 0
108 2 97
108 3 0
108 4 65
108 5 11
108 6 0
108 7 57
109 1 0
109 2 60
109 3 0
109 4 58
109 5 9
109 6 0
109 7 39
110 1 0
110 2 93
110 3 0
110 4 77
110 5 12
110 6 0
110 7 50
111 1 0
111 2 43
111 3 0
111 4 38
111 5 7
111 6 0
111 7 31

# Precedence Relations
1 2
2 3
3 4
4 5
4 6
4 7
4 8
4 9
4 10
5 39
6 39
7 83
8 71
9 32
10 11
10 12
11 13
11 14
11 15
11 16
11 17
11 18
11 19
11 20
11 21
12 13
12 14
12 15
12 16
12 17
12 18
12 19
12 20
12 21
13 71
14 22
14 23
14 24
14 25
15 26
16 27
17 28
18 29
19 30
20 91
21 111
22 31
22 83
23 32
23 33
24 69
24 70
25 34
26 82
27 35
28 36
29 37
30 38
31 39
32 41
33 111
34 42
35 43
36 44
36 91
37 45
37 91
38 46
38 91
39 40
40 111
41 69
41 70
42 47
43 48
43 49
44 50
45 51
46 52
47 54
47 55
47 56
47 57
47 58
47 59
47 60
48 53
49 91
50 111
51 111
52 111
53 111
54 69
54 70
55 61
55 62
55 63
56 63
56 64
57 65
57 91
58 66
58 91
59 67
59 91
60 68
60 91
61 69
61 70
62 71
63 111
64 72
65 111
66 111
67 111
68 111
69 77
69 78
70 73
71 91
72 74
73 75
74 76
75 77
75 78
75 79
76 80
76 81
76 82
77 83
78 84
79 85
80 86
80 91
81 87
81 91
82 111
83 91
84 88
84 89
84 91
85 111
86 111
87 90
88 105
89 105
90 111
91 92
91 93
91 94
92 95
93 95
94 95
95 96
95 97
95 98
95 99
95 100
95 104
96 101
97 102
98 103
99 111
100 111
101 105
102 106
102 107
103 107
103 108
104 111
105 111
106 109
107 111
108 110
109 111
110 111

# Parameters
R_e = 0.0500
T = 14913.150000000001
C_s = 4.0
C_w = 36.0
C_c = 5.0
