# Tasks
1 2 3 4 5 6 7 8 9 10 11 12 13 14 15 16 17 18 19 20

# Workstations
1 2 3 4 5 6 7 8 9 10 11 12 13 14 15 16 17 18 19 20

# Modes
1 2 3 4 5 6 7

# Processing Times
1 1 730
1 2 1724
1 3 688
1 4 1625
1 5 437
1 6 922
1 7 2177
2 1 589
2 2 1391
2 3 556
2 4 1311
2 5 352
2 6 744
2 7 1757
3 1 474
3 2 1120
3 3 447
3 4 1056
3 5 284
3 6 599
3 7 1415
4 1 390
4 2 921
4 3 368
4 4 868
4 5 233
4 6 493
4 7 1163
5 1 462
5 2 1091
5 3 436
5 4 1029
5 5 276
5 6 584
5 7 1378
6 1 496
6 2 1172
6 3 468
6 4 1105
6 5 297
6 6 627
6 7 1480
7 1 480
7 2 1134
7 3 453
7 4 1069
7 5 287
7 6 607
7 7 1432
8 1 425
8 2 1004
8 3 401
8 4 947
8 5 254
8 6 537
8 7 1268
9 1 545
9 2 1287
9 3 514
9 4 1213
9 5 326
9 6 689
9 7 1625
10 1 562
10 2 1328
10 3 530
10 4 1252
10 5 336
10 6 710
10 7 1677
11 1 438
11 2 1035
11 3 413
11 4 976
11 5 262
11 6 554
11 7 1307
12 1 702
12 2 1658
12 3 662
12 4 1563
12 5 420
12 6 887
12 7 2094
13 1 439
13 2 1037
13 3 414
13 4 978
13 5 263
13 6 555
13 7 1310
14 1 285
14 2 673
14 3 269
14 4 635
14 5 171
14 6 360
14 7 850
15 1 511
15 2 1207
15 3 482
15 4 1138
15 5 306
15 6 646
15 7 1524
16 1 483
16 2 1141
16 3 456
16 4 1076
16 5 289
16 6 610
16 7 1441
17 1 468
17 2 1106
17 3 442
17 4 1043
17 5 280
17 6 591
17 7 1397
18 1 654
18 2 1545
18 3 617
18 4 1457
18 5 391
18 6 826
18 7 1951
19 1 534
19 2 1261
19 3 504
19 4 1189
19 5 319
19 6 675
19 7 1593
20 1 552
20 2 1304
20 3 521
20 4 1229
20 5 330
20 6 697
20 7 1647

# Energy Consumption
1 1 0
1 2 490
1 3 0
1 4 313
1 5 70
1 6 0
1 7 266
2 1 0
2 2 325
2 3 0
2 4 249
2 5 52
2 6 0
2 7 255
3 1 0
3 2 281
3 3 0
3 4 213
3 5 40
3 6 0
3 7 194
4 1 0
4 2 227
4 3 0
4 4 178
4 5 35
4 6 0
4 7 148
5 1 0
5 2 264
5 3 0
5 4 216
5 5 40
5 6 0
5 7 175
6 1 0
6 2 285
6 3 0
6 4 243
6 5 45
6 6 0
6 7 192
7 1 0
7 2 287
7 3 0
7 4 220
7 5 45
7 6 0
7 7 199
8 1 0
8 2 263
8 3 0
8 4 201
8 5 37
8 6 0
8 7 185
9 1 0
9 2 286
9 3 0
9 4 234
9 5 50
9 6 0
9 7 197
10 1 0
10 2 341
10 3 0
10 4 263
10 5 51
10 6 0
10 7 205
11 1 0
11 2 248
11 3 0
11 4 185
11 5 38
11 6 0
11 7 163
12 1 0
12 2 413
12 3 0
12 4 302
12 5 62
12 6 0
12 7 253
13 1 0
13 2 304
13 3 0
13 4 184
13 5 40
13 6 0
13 7 183
14 1 0
14 2 194
14 3 0
14 4 121
14 5 27
14 6 0
14 7 122
15 1 0
15 2 279
15 3 0
15 4 217
15 5 47
15 6 0
15 7 196
16 1 0
16 2 273
16 3 0
16 4 232
16 5 42
16 6 0
16 7 174
17 1 0
17 2 291
17 3 0
17 4 202
17 5 42
17 6 0
17 7 169
18 1 0
18 2 394
18 3 0
18 4 274
18 5 61
18 6 0
18 7 276
19 1 0
19 2 331
19 3 0
19 4 215
19 5 51
19 6 0
19 7 224
20 1 0
20 2 336
20 3 0
20 4 230
20 5 47
20 6 0
20 7 235

# Precedence Relations
1 13
2 3
2 4
2 5
2 6
3 13
4 13
5 7
5 8
6 9
6 14
7 13
8 9
8 10
8 11
8 12
9 13
10 20
11 13
11 14
11 15
12 13
13 16
13 17
13 18
13 19
14 20

# Parameters
R_e = 0.0500
T = 2285.85
C_s = 4.0
C_w = 36.0
C_c = 5.0
