# Tasks
1 2 3 4 5 6 7 8 9 10 11 12 13 14 15 16 17 18 19 20

# Workstations
1 2 3 4 5 6 7 8 9 10 11 12 13 14 15 16 17 18 19 20

# Modes
1 2 3 4 5 6 7

# Processing Times
1 1 471
1 2 598
1 3 428
1 4 543
1 5 440
1 6 560
1 7 711
2 1 570
2 2 723
2 3 518
2 4 656
2 5 532
2 6 678
2 7 859
3 1 335
3 2 425
3 3 304
3 4 386
3 5 313
3 6 398
3 7 505
4 1 590
4 2 749
4 3 536
4 4 680
4 5 551
4 6 701
4 7 890
5 1 564
5 2 716
5 3 512
5 4 650
5 5 527
5 6 671
5 7 851
6 1 599
6 2 760
6 3 544
6 4 690
6 5 559
6 6 712
6 7 903
7 1 494
7 2 627
7 3 449
7 4 569
7 5 461
7 6 587
7 7 745
8 1 547
8 2 694
8 3 497
8 4 630
8 5 511
8 6 650
8 7 825
9 1 714
9 2 906
9 3 648
9 4 823
9 5 667
9 6 849
9 7 1077
10 1 524
10 2 665
10 3 476
10 4 604
10 5 489
10 6 623
10 7 791
11 1 646
11 2 820
11 3 587
11 4 744
11 5 603
11 6 768
11 7 975
12 1 564
12 2 716
12 3 512
12 4 650
12 5 527
12 6 671
12 7 851
13 1 314
13 2 399
13 3 285
13 4 363
13 5 293
13 6 374
13 7 475
14 1 372
14 2 472
14 3 338
14 4 429
14 5 348
14 6 442
14 7 561
15 1 653
15 2 829
15 3 593
15 4 753
15 5 610
15 6 776
15 7 985
16 1 732
16 2 929
16 3 665
16 4 843
16 5 683
16 6 870
16 7 1104
17 1 471
17 2 598
17 3 428
17 4 543
17 5 440
17 6 560
17 7 711
18 1 281
18 2 357
18 3 255
18 4 324
18 5 263
18 6 334
18 7 425
19 1 381
19 2 484
19 3 346
19 4 440
19 5 356
19 6 453
19 7 575
20 1 638
20 2 810
20 3 579
20 4 735
20 5 596
20 6 758
20 7 963

# Energy Consumption
1 1 0
1 2 140
1 3 0
1 4 117
1 5 67
1 6 0
1 7 98
2 1 0
2 2 178
2 3 0
2 4 136
2 5 79
2 6 0
2 7 124
3 1 0
3 2 121
3 3 0
3 4 71
3 5 45
3 6 0
3 7 69
4 1 0
4 2 211
4 3 0
4 4 143
4 5 84
4 6 0
4 7 124
5 1 0
5 2 182
5 3 0
5 4 123
5 5 77
5 6 0
5 7 126
6 1 0
6 2 182
6 3 0
6 4 142
6 5 88
6 6 0
6 7 133
7 1 0
7 2 159
7 3 0
7 4 115
7 5 73
7 6 0
7 7 108
8 1 0
8 2 164
8 3 0
8 4 131
8 5 74
8 6 0
8 7 123
9 1 0
9 2 249
9 3 0
9 4 178
9 5 97
9 6 0
9 7 155
10 1 0
10 2 173
10 3 0
10 4 131
10 5 73
10 6 0
10 7 118
11 1 0
11 2 239
11 3 0
11 4 149
11 5 94
11 6 0
11 7 123
12 1 0
12 2 180
12 3 0
12 4 138
12 5 78
12 6 0
12 7 124
13 1 0
13 2 108
13 3 0
13 4 78
13 5 42
13 6 0
13 7 64
14 1 0
14 2 107
14 3 0
14 4 93
14 5 51
14 6 0
14 7 72
15 1 0
15 2 197
15 3 0
15 4 157
15 5 93
15 6 0
15 7 142
16 1 0
16 2 205
16 3 0
16 4 186
16 5 106
16 6 0
16 7 136
17 1 0
17 2 172
17 3 0
17 4 99
17 5 68
17 6 0
17 7 98
18 1 0
18 2 104
18 3 0
18 4 62
18 5 41
18 6 0
18 7 62
19 1 0
19 2 114
19 3 0
19 4 80
19 5 51
19 6 0
19 7 74
20 1 0
20 2 192
20 3 0
20 4 150
20 5 90
20 6 0
20 7 143

# Precedence Relations
1 5
1 6
2 5
3 4
4 14
5 7
5 8
5 9
7 10
7 11
8 12
8 13
10 14
11 14
12 14
13 15
14 16
14 17
14 18
14 19
14 20

# Parameters
R_e = 0.0500
T = 1159.2
C_s = 4.0
C_w = 36.0
C_c = 5.0
