# Tasks
1 2 3 4 5 6 7 8 9 10 11 12 13 14 15 16 17 18 19 20

# Workstations
1 2 3 4 5 6 7 8 9 10 11 12 13 14 15 16 17 18 19 20

# Modes
1 2 3 4 5 6 7

# Processing Times
1 1 85
1 2 212
1 3 73
1 4 183
1 5 55
1 6 123
1 7 306
2 1 262
2 2 632
2 3 224
2 4 540
2 5 177
2 6 376
2 7 906
3 1 34
3 2 80
3 3 31
3 4 73
3 5 22
3 6 45
3 7 105
4 1 93
4 2 208
4 3 87
4 4 195
4 5 65
4 6 134
4 7 300
5 1 40
5 2 80
5 3 37
5 4 73
5 5 23
5 6 55
5 7 110
6 1 149
6 2 327
6 3 136
6 4 298
6 5 95
6 6 211
6 7 463
7 1 56
7 2 126
7 3 51
7 4 114
7 5 37
7 6 73
7 7 163
8 1 103
8 2 197
8 3 98
8 4 188
8 5 65
8 6 137
8 7 262
9 1 53
9 2 99
9 3 51
9 4 94
9 5 34
9 6 68
9 7 127
10 1 41
10 2 82
10 3 38
10 4 75
10 5 26
10 6 57
10 7 114
11 1 118
11 2 249
11 3 111
11 4 235
11 5 71
11 6 167
11 7 353
12 1 121
12 2 224
12 3 115
12 4 212
12 5 74
12 6 175
12 7 323
13 1 124
13 2 250
13 3 112
13 4 225
13 5 77
13 6 164
13 7 329
14 1 44
14 2 92
14 3 38
14 4 79
14 5 31
14 6 61
14 7 128
15 1 199
15 2 496
15 3 179
15 4 445
15 5 128
15 6 263
15 7 654
16 1 95
16 2 181
16 3 90
16 4 171
16 5 59
16 6 120
16 7 227
17 1 27
17 2 49
17 3 24
17 4 43
17 5 17
17 6 40
17 7 71
18 1 151
18 2 373
18 3 134
18 4 330
18 5 105
18 6 199
18 7 491
19 1 43
19 2 78
19 3 40
19 4 72
19 5 29
19 6 60
19 7 108
20 1 95
20 2 212
20 3 86
20 4 192
20 5 61
20 6 130
20 7 291

# Energy Consumption
1 1 0
1 2 61
1 3 0
1 4 36
1 5 9
1 6 0
1 7 38
2 1 0
2 2 148
2 3 0
2 4 103
2 5 26
2 6 0
2 7 132
3 1 0
3 2 21
3 3 0
3 4 15
3 5 4
3 6 0
3 7 15
4 1 0
4 2 52
4 3 0
4 4 40
4 5 10
4 6 0
4 7 39
5 1 0
5 2 20
5 3 0
5 4 16
5 5 4
5 6 0
5 7 14
6 1 0
6 2 80
6 3 0
6 4 66
6 5 15
6 6 0
6 7 60
7 1 0
7 2 32
7 3 0
7 4 24
7 5 6
7 6 0
7 7 23
8 1 0
8 2 52
8 3 0
8 4 40
8 5 10
8 6 0
8 7 39
9 1 0
9 2 22
9 3 0
9 4 19
9 5 6
9 6 0
9 7 16
10 1 0
10 2 22
10 3 0
10 4 16
10 5 4
10 6 0
10 7 14
11 1 0
11 2 60
11 3 0
11 4 45
11 5 11
11 6 0
11 7 44
12 1 0
12 2 56
12 3 0
12 4 41
12 5 11
12 6 0
12 7 39
13 1 0
13 2 74
13 3 0
13 4 43
13 5 12
13 6 0
13 7 46
14 1 0
14 2 27
14 3 0
14 4 15
14 5 5
14 6 0
14 7 19
15 1 0
15 2 115
15 3 0
15 4 85
15 5 20
15 6 0
15 7 84
16 1 0
16 2 44
16 3 0
16 4 37
16 5 9
16 6 0
16 7 28
17 1 0
17 2 13
17 3 0
17 4 9
17 5 3
17 6 0
17 7 9
18 1 0
18 2 96
18 3 0
18 4 62
18 5 17
18 6 0
18 7 70
19 1 0
19 2 21
19 3 0
19 4 13
19 5 5
19 6 0
19 7 16
20 1 0
20 2 55
20 3 0
20 4 36
20 5 9
20 6 0
20 7 42

# Precedence Relations
1 11
2 11
3 4
3 5
4 11
5 6
5 7
5 8
5 9
5 10
6 11
7 11
8 20
9 12
10 12
11 13
11 14
11 15
11 16
12 19
14 18
14 20
15 17
16 19
16 20

# Parameters
R_e = 0.0500
T = 1000.0
C_s = 4.0
C_w = 36.0
C_c = 5.0
