# Tasks
1 2 3 4 5 6 7 8 9 10 11 12 13 14 15 16 17 18 19 20

# Workstations
1 2 3 4 5 6 7 8 9 10 11 12 13 14 15 16 17 18 19 20

# Modes
1 2 3 4 5 6 7

# Processing Times
1 1 46
1 2 49
1 3 40
1 4 43
1 5 18
1 6 47
1 7 50
2 1 135
2 2 147
2 3 125
2 4 137
2 5 53
2 6 147
2 7 160
3 1 114
3 2 119
3 3 100
3 4 104
3 5 37
3 6 117
3 7 122
4 1 140
4 2 140
4 3 125
4 4 125
4 5 43
4 6 147
4 7 147
5 1 58
5 2 63
5 3 55
5 4 59
5 5 24
5 6 62
5 7 68
6 1 244
6 2 217
6 3 222
6 4 197
6 5 98
6 6 252
6 7 225
7 1 158
7 2 141
7 3 149
7 4 133
7 5 48
7 6 170
7 7 151
8 1 27
8 2 27
8 3 25
8 4 25
8 5 11
8 6 29
8 7 29
9 1 142
9 2 143
9 3 133
9 4 134
9 5 55
9 6 148
9 7 149
10 1 190
10 2 164
10 3 177
10 4 153
10 5 68
10 6 194
10 7 168
11 1 31
11 2 29
11 3 29
11 4 27
11 5 12
11 6 33
11 7 30
12 1 120
12 2 129
12 3 113
12 4 122
12 5 47
12 6 126
12 7 136
13 1 186
13 2 183
13 3 166
13 4 164
13 5 76
13 6 187
13 7 184
14 1 67
14 2 65
14 3 60
14 4 59
14 5 30
14 6 71
14 7 69
15 1 300
15 2 289
15 3 263
15 4 253
15 5 119
15 6 308
15 7 296
16 1 147
16 2 132
16 3 128
16 4 115
16 5 60
16 6 150
16 7 135
17 1 276
17 2 253
17 3 240
17 4 220
17 5 103
17 6 289
17 7 265
18 1 146
18 2 157
18 3 125
18 4 135
18 5 50
18 6 158
18 7 170
19 1 52
19 2 56
19 3 45
19 4 49
19 5 18
19 6 55
19 7 59
20 1 93
20 2 95
20 3 80
20 4 82
20 5 41
20 6 96
20 7 98

# Energy Consumption
1 1 0
1 2 13
1 3 0
1 4 9
1 5 3
1 6 0
1 7 8
2 1 0
2 2 35
2 3 0
2 4 28
2 5 8
2 6 0
2 7 23
3 1 0
3 2 29
3 3 0
3 4 19
3 5 6
3 6 0
3 7 18
4 1 0
4 2 41
4 3 0
4 4 23
4 5 7
4 6 0
4 7 22
5 1 0
5 2 19
5 3 0
5 4 12
5 5 4
5 6 0
5 7 10
6 1 0
6 2 63
6 3 0
6 4 37
6 5 15
6 6 0
6 7 31
7 1 0
7 2 33
7 3 0
7 4 29
7 5 8
7 6 0
7 7 22
8 1 0
8 2 8
8 3 0
8 4 6
8 5 2
8 6 0
8 7 4
9 1 0
9 2 36
9 3 0
9 4 28
9 5 9
9 6 0
9 7 22
10 1 0
10 2 42
10 3 0
10 4 33
10 5 10
10 6 0
10 7 23
11 1 0
11 2 7
11 3 0
11 4 6
11 5 2
11 6 0
11 7 5
12 1 0
12 2 32
12 3 0
12 4 26
12 5 8
12 6 0
12 7 20
13 1 0
13 2 45
13 3 0
13 4 32
13 5 13
13 6 0
13 7 24
14 1 0
14 2 16
14 3 0
14 4 11
14 5 5
14 6 0
14 7 9
15 1 0
15 2 86
15 3 0
15 4 56
15 5 19
15 6 0
15 7 38
16 1 0
16 2 30
16 3 0
16 4 22
16 5 9
16 6 0
16 7 18
17 1 0
17 2 71
17 3 0
17 4 46
17 5 15
17 6 0
17 7 40
18 1 0
18 2 36
18 3 0
18 4 29
18 5 8
18 6 0
18 7 24
19 1 0
19 2 13
19 3 0
19 4 11
19 5 3
19 6 0
19 7 9
20 1 0
20 2 25
20 3 0
20 4 16
20 5 6
20 6 0
20 7 15

# Precedence Relations
1 5
2 6
3 7
5 11
6 8
6 9
6 10
6 12
8 15
9 13
10 14
11 16
12 17
13 18
14 19
15 20

# Parameters
R_e = 0.0500
T = 1000.0
C_s = 4.0
C_w = 36.0
C_c = 5.0
