# Tasks
1 2 3 4 5 6 7 8 9 10 11 12 13 14 15 16 17 18 19 20

# Workstations
1 2 3 4 5 6 7 8 9 10 11 12 13 14 15 16 17 18 19 20

# Modes
1 2 3 4 5 6 7

# Processing Times
1 1 141
1 2 351
1 3 122
1 4 302
1 5 91
1 6 204
1 7 506
2 1 118
2 2 285
2 3 101
2 4 244
2 5 80
2 6 169
2 7 409
3 1 136
3 2 318
3 3 124
3 4 288
3 5 87
3 6 178
3 7 415
4 1 117
4 2 262
4 3 110
4 4 246
4 5 82
4 6 169
4 7 377
5 1 140
5 2 278
5 3 127
5 4 252
5 5 78
5 6 192
5 7 381
6 1 194
6 2 425
6 3 177
6 4 387
6 5 124
6 6 275
6 7 601
7 1 110
7 2 247
7 3 100
7 4 223
7 5 72
7 6 142
7 7 319
8 1 69
8 2 132
8 3 66
8 4 126
8 5 44
8 6 92
8 7 176
9 1 80
9 2 149
9 3 76
9 4 141
9 5 51
9 6 103
9 7 191
10 1 219
10 2 438
10 3 199
10 4 397
10 5 138
10 6 304
10 7 607
11 1 155
11 2 328
11 3 146
11 4 309
11 5 93
11 6 220
11 7 464
12 1 168
12 2 311
12 3 159
12 4 295
12 5 102
12 6 243
12 7 449
13 1 60
13 2 121
13 3 54
13 4 109
13 5 38
13 6 79
13 7 160
14 1 185
14 2 384
14 3 158
14 4 328
14 5 128
14 6 256
14 7 531
15 1 218
15 2 543
15 3 196
15 4 487
15 5 141
15 6 288
15 7 716
16 1 192
16 2 366
16 3 182
16 4 346
16 5 118
16 6 241
16 7 460
17 1 148
17 2 268
17 3 130
17 4 235
17 5 92
17 6 215
17 7 388
18 1 102
18 2 252
18 3 91
18 4 223
18 5 71
18 6 135
18 7 332
19 1 214
19 2 387
19 3 198
19 4 357
19 5 140
19 6 295
19 7 533
20 1 140
20 2 313
20 3 127
20 4 283
20 5 90
20 6 192
20 7 429

# Energy Consumption
1 1 0
1 2 100
1 3 0
1 4 59
1 5 15
1 6 0
1 7 62
2 1 0
2 2 67
2 3 0
2 4 47
2 5 12
2 6 0
2 7 60
3 1 0
3 2 80
3 3 0
3 4 58
3 5 13
3 6 0
3 7 57
4 1 0
4 2 65
4 3 0
4 4 51
4 5 13
4 6 0
4 7 48
5 1 0
5 2 68
5 3 0
5 4 53
5 5 12
5 6 0
5 7 49
6 1 0
6 2 104
6 3 0
6 4 85
6 5 19
6 6 0
6 7 78
7 1 0
7 2 63
7 3 0
7 4 46
7 5 12
7 6 0
7 7 45
8 1 0
8 2 35
8 3 0
8 4 27
8 5 7
8 6 0
8 7 26
9 1 0
9 2 34
9 3 0
9 4 28
9 5 8
9 6 0
9 7 24
10 1 0
10 2 113
10 3 0
10 4 84
10 5 21
10 6 0
10 7 75
11 1 0
11 2 79
11 3 0
11 4 59
11 5 14
11 6 0
11 7 58
12 1 0
12 2 78
12 3 0
12 4 57
12 5 16
12 6 0
12 7 55
13 1 0
13 2 36
13 3 0
13 4 21
13 5 6
13 6 0
13 7 23
14 1 0
14 2 111
14 3 0
14 4 63
14 5 20
14 6 0
14 7 76
15 1 0
15 2 126
15 3 0
15 4 93
15 5 22
15 6 0
15 7 92
16 1 0
16 2 88
16 3 0
16 4 75
16 5 17
16 6 0
16 7 56
17 1 0
17 2 71
17 3 0
17 4 46
17 5 14
17 6 0
17 7 47
18 1 0
18 2 65
18 3 0
18 4 42
18 5 11
18 6 0
18 7 47
19 1 0
19 2 102
19 3 0
19 4 65
19 5 23
19 6 0
19 7 75
20 1 0
20 2 81
20 3 0
20 4 53
20 5 13
20 6 0
20 7 62

# Precedence Relations
1 5
2 7
3 6
3 10
4 8
4 9
4 10
5 13
6 11
7 12
8 18
9 15
10 13
11 15
12 15
13 14
13 15
14 16
15 17
15 18
15 19
16 20
17 20
18 20
19 20

# Parameters
R_e = 0.0500
T = 1000.0
C_s = 4.0
C_w = 36.0
C_c = 5.0
