# Tasks
1 2 3 4 5 6 7 8 9 10 11 12 13 14 15 16 17 18 19 20 21 22 23 24 25 26 27 28 29 30 31 32 33 34 35 36 37 38 39 40 41 42 43 44 45 46 47 48 49 50

# Workstations
1 2 3 4 5 6 7 8 9 10 11 12 13 14 15 16 17 18 19 20 21 22 23 24 25 26 27 28 29 30 31 32 33 34 35 36 37 38 39 40 41 42 43 44 45 46 47 48 49 50

# Modes
1 2 3 4 5 6 7

# Processing Times
1 1 68
1 2 94
1 3 75
1 4 103
1 5 47
1 6 71
1 7 99
2 1 348
2 2 525
2 3 373
2 4 562
2 5 202
2 6 368
2 7 555
3 1 107
3 2 131
3 3 113
3 4 138
3 5 69
3 6 112
3 7 138
4 1 110
4 2 157
4 3 121
4 4 173
4 5 67
4 6 121
4 7 172
5 1 49
5 2 69
5 3 54
5 4 76
5 5 34
5 6 52
5 7 73
6 1 124
6 2 188
6 3 134
6 4 203
6 5 81
6 6 130
6 7 198
7 1 197
7 2 300
7 3 213
7 4 325
7 5 109
7 6 211
7 7 321
8 1 289
8 2 445
8 3 304
8 4 468
8 5 172
8 6 296
8 7 455
9 1 76
9 2 101
9 3 82
9 4 108
9 5 50
9 6 77
9 7 102
10 1 163
10 2 244
10 3 175
10 4 262
10 5 98
10 6 180
10 7 269
11 1 193
11 2 297
11 3 204
11 4 314
11 5 122
11 6 203
11 7 312
12 1 34
12 2 50
12 3 37
12 4 54
12 5 22
12 6 35
12 7 52
13 1 208
13 2 306
13 3 223
13 4 327
13 5 131
13 6 213
13 7 313
14 1 148
14 2 197
14 3 158
14 4 210
14 5 101
14 6 161
14 7 214
15 1 197
15 2 257
15 3 215
15 4 281
15 5 119
15 6 211
15 7 275
16 1 129
16 2 160
16 3 138
16 4 171
16 5 82
16 6 130
16 7 161
17 1 187
17 2 265
17 3 203
17 4 287
17 5 123
17 6 196
17 7 277
18 1 105
18 2 152
18 3 114
18 4 165
18 5 71
18 6 110
18 7 159
19 1 114
19 2 160
19 3 125
19 4 175
19 5 64
19 6 117
19 7 164
20 1 24
20 2 32
20 3 27
20 4 35
20 5 14
20 6 26
20 7 35
21 1 200
21 2 281
21 3 220
21 4 309
21 5 133
21 6 215
21 7 302
22 1 132
22 2 175
22 3 143
22 4 189
22 5 80
22 6 133
22 7 176
23 1 184
23 2 279
23 3 195
23 4 295
23 5 125
23 6 201
23 7 305
24 1 307
24 2 463
24 3 335
24 4 504
24 5 185
24 6 324
24 7 488
25 1 266
25 2 339
25 3 286
25 4 364
25 5 149
25 6 269
25 7 343
26 1 96
26 2 135
26 3 103
26 4 145
26 5 62
26 6 101
26 7 142
27 1 262
27 2 344
27 3 289
27 4 379
27 5 149
27 6 274
27 7 360
28 1 122
28 2 192
28 3 130
28 4 204
28 5 85
28 6 134
28 7 210
29 1 65
29 2 83
29 3 70
29 4 89
29 5 43
29 6 71
29 7 90
30 1 271
30 2 382
30 3 288
30 4 405
30 5 179
30 6 276
30 7 389
31 1 202
31 2 270
31 3 221
31 4 295
31 5 140
31 6 219
31 7 292
32 1 26
32 2 37
32 3 29
32 4 40
32 5 16
32 6 28
32 7 40
33 1 57
33 2 80
33 3 61
33 4 85
33 5 39
33 6 59
33 7 82
34 1 220
34 2 323
34 3 233
34 4 342
34 5 132
34 6 229
34 7 336
35 1 119
35 2 155
35 3 130
35 4 170
35 5 69
35 6 131
35 7 170
36 1 198
36 2 299
36 3 210
36 4 316
36 5 131
36 6 214
36 7 323
37 1 253
37 2 405
37 3 272
37 4 434
37 5 153
37 6 267
37 7 428
38 1 209
38 2 264
38 3 227
38 4 286
38 5 120
38 6 230
38 7 291
39 1 110
39 2 152
39 3 118
39 4 163
39 5 66
39 6 114
39 7 158
40 1 33
40 2 43
40 3 36
40 4 46
40 5 19
40 6 36
40 7 47
41 1 93
41 2 122
41 3 101
41 4 132
41 5 65
41 6 98
41 7 128
42 1 66
42 2 80
42 3 73
42 4 88
42 5 37
42 6 67
42 7 81
43 1 93
43 2 138
43 3 98
43 4 146
43 5 60
43 6 98
43 7 146
44 1 58
44 2 78
44 3 62
44 4 83
44 5 33
44 6 60
44 7 81
45 1 223
45 2 301
45 3 239
45 4 323
45 5 130
45 6 229
45 7 308
46 1 40
46 2 60
46 3 44
46 4 65
46 5 25
46 6 42
46 7 63
47 1 298
47 2 464
47 3 324
47 4 504
47 5 172
47 6 325
47 7 506
48 1 239
48 2 353
48 3 262
48 4 386
48 5 135
48 6 259
48 7 382
49 1 170
49 2 272
49 3 182
49 4 290
49 5 101
49 6 178
49 7 284
50 1 27
50 2 38
50 3 29
50 4 41
50 5 17
50 6 28
50 7 40

# Energy Consumption
1 1 0
1 2 23
1 3 0
1 4 22
1 5 8
1 6 0
1 7 15
2 1 0
2 2 132
2 3 0
2 4 112
2 5 31
2 6 0
2 7 79
3 1 0
3 2 37
3 3 0
3 4 27
3 5 11
3 6 0
3 7 19
4 1 0
4 2 40
4 3 0
4 4 39
4 5 10
4 6 0
4 7 25
5 1 0
5 2 17
5 3 0
5 4 16
5 5 6
5 6 0
5 7 10
6 1 0
6 2 42
6 3 0
6 4 44
6 5 13
6 6 0
6 7 28
7 1 0
7 2 68
7 3 0
7 4 71
7 5 16
7 6 0
7 7 46
8 1 0
8 2 114
8 3 0
8 4 99
8 5 26
8 6 0
8 7 64
9 1 0
9 2 27
9 3 0
9 4 24
9 5 8
9 6 0
9 7 16
10 1 0
10 2 70
10 3 0
10 4 55
10 5 15
10 6 0
10 7 38
11 1 0
11 2 66
11 3 0
11 4 58
11 5 19
11 6 0
11 7 45
12 1 0
12 2 13
12 3 0
12 4 12
12 5 4
12 6 0
12 7 8
13 1 0
13 2 74
13 3 0
13 4 66
13 5 20
13 6 0
13 7 43
14 1 0
14 2 59
14 3 0
14 4 43
14 5 16
14 6 0
14 7 29
15 1 0
15 2 66
15 3 0
15 4 52
15 5 19
15 6 0
15 7 34
16 1 0
16 2 46
16 3 0
16 4 37
16 5 13
16 6 0
16 7 21
17 1 0
17 2 72
17 3 0
17 4 63
17 5 19
17 6 0
17 7 36
18 1 0
18 2 37
18 3 0
18 4 33
18 5 11
18 6 0
18 7 20
19 1 0
19 2 45
19 3 0
19 4 36
19 5 10
19 6 0
19 7 25
20 1 0
20 2 9
20 3 0
20 4 8
20 5 3
20 6 0
20 7 5
21 1 0
21 2 62
21 3 0
21 4 65
21 5 21
21 6 0
21 7 43
22 1 0
22 2 43
22 3 0
22 4 40
22 5 12
22 6 0
22 7 26
23 1 0
23 2 73
23 3 0
23 4 59
23 5 18
23 6 0
23 7 45
24 1 0
24 2 108
24 3 0
24 4 104
24 5 29
24 6 0
24 7 70
25 1 0
25 2 88
25 3 0
25 4 69
25 5 22
25 6 0
25 7 44
26 1 0
26 2 39
26 3 0
26 4 28
26 5 10
26 6 0
26 7 18
27 1 0
27 2 97
27 3 0
27 4 82
27 5 22
27 6 0
27 7 45
28 1 0
28 2 43
28 3 0
28 4 37
28 5 13
28 6 0
28 7 28
29 1 0
29 2 22
29 3 0
29 4 20
29 5 7
29 6 0
29 7 14
30 1 0
30 2 102
30 3 0
30 4 88
30 5 26
30 6 0
30 7 49
31 1 0
31 2 67
31 3 0
31 4 57
31 5 23
31 6 0
31 7 43
32 1 0
32 2 10
32 3 0
32 4 9
32 5 3
32 6 0
32 7 6
33 1 0
33 2 18
33 3 0
33 4 17
33 5 6
33 6 0
33 7 12
34 1 0
34 2 84
34 3 0
34 4 67
34 5 20
34 6 0
34 7 48
35 1 0
35 2 46
35 3 0
35 4 32
35 5 11
35 6 0
35 7 26
36 1 0
36 2 89
36 3 0
36 4 65
36 5 20
36 6 0
36 7 43
37 1 0
37 2 121
37 3 0
37 4 86
37 5 24
37 6 0
37 7 53
38 1 0
38 2 72
38 3 0
38 4 53
38 5 18
38 6 0
38 7 39
39 1 0
39 2 39
39 3 0
39 4 31
39 5 11
39 6 0
39 7 21
40 1 0
40 2 11
40 3 0
40 4 9
40 5 4
40 6 0
40 7 7
41 1 0
41 2 35
41 3 0
41 4 28
41 5 10
41 6 0
41 7 18
42 1 0
42 2 22
42 3 0
42 4 16
42 5 6
42 6 0
42 7 12
43 1 0
43 2 33
43 3 0
43 4 27
43 5 9
43 6 0
43 7 19
44 1 0
44 2 22
44 3 0
44 4 16
44 5 5
44 6 0
44 7 12
45 1 0
45 2 77
45 3 0
45 4 67
45 5 20
45 6 0
45 7 41
46 1 0
46 2 15
46 3 0
46 4 14
46 5 4
46 6 0
46 7 10
47 1 0
47 2 133
47 3 0
47 4 102
47 5 26
47 6 0
47 7 72
48 1 0
48 2 85
48 3 0
48 4 75
48 5 20
48 6 0
48 7 54
49 1 0
49 2 65
49 3 0
49 4 54
49 5 15
49 6 0
49 7 36
50 1 0
50 2 12
50 3 0
50 4 8
50 5 3
50 6 0
50 7 5

# Precedence Relations
1 9
2 8
2 12
3 7
3 11
4 6
5 10
5 16
6 32
7 32
8 13
9 14
10 23
11 15
12 16
12 17
12 18
12 19
13 21
14 20
15 22
15 23
15 26
18 24
18 25
20 32
21 27
22 28
24 31
25 29
26 30
27 32
28 34
29 33
29 35
30 36
30 37
32 38
32 39
32 40
32 41
33 43
34 42
35 44
37 45
38 48
41 49
42 46
43 47
45 48
45 50

# Parameters
R_e = 0.0500
T = 1000.0
C_s = 4.0
C_w = 36.0
C_c = 5.0
