# Tasks
1 2 3 4 5 6 7 8 9 10 11 12 13 14 15 16 17 18 19 20 21 22 23 24 25 26 27 28 29 30 31 32 33 34 35 36 37 38 39 40 41 42 43 44 45 46 47 48 49 50 51 52 53 54 55 56 57 58 59 60 61 62 63 64 65 66 67 68 69 70 71 72 73 74 75 76 77 78 79 80 81 82 83 84 85 86 87 88 89 90 91 92 93 94 95 96 97 98 99 100

# Workstations
1 2 3 4 5 6 7 8 9 10 11 12 13 14 15 16 17 18 19 20 21 22 23 24 25 26 27 28 29 30 31 32 33 34 35 36 37 38 39 40 41 42 43 44 45 46 47 48 49 50 51 52 53 54 55 56 57 58 59 60 61 62 63 64 65 66 67 68 69 70 71 72 73 74 75 76 77 78 79 80 81 82 83 84 85 86 87 88 89 90 91 92 93 94 95 96 97 98 99 100

# Modes
1 2 3 4 5 6 7

# Processing Times
1 1 113
1 2 229
1 3 123
1 4 250
1 5 42
1 6 125
1 7 253
2 1 98
2 2 206
2 3 104
2 4 219
2 5 40
2 6 116
2 7 244
3 1 238
3 2 446
3 3 251
3 4 470
3 5 95
3 6 275
3 7 514
4 1 175
4 2 391
4 3 192
4 4 428
4 5 56
4 6 213
4 7 476
5 1 99
5 2 209
5 3 108
5 4 228
5 5 33
5 6 112
5 7 237
6 1 188
6 2 461
6 3 201
6 4 492
6 5 67
6 6 231
6 7 566
7 1 207
7 2 515
7 3 227
7 4 563
7 5 73
7 6 244
7 7 606
8 1 125
8 2 290
8 3 138
8 4 318
8 5 56
8 6 142
8 7 328
9 1 126
9 2 307
9 3 139
9 4 337
9 5 41
9 6 141
9 7 342
10 1 106
10 2 245
10 3 116
10 4 266
10 5 48
10 6 128
10 7 295
11 1 43
11 2 81
11 3 47
11 4 89
11 5 16
11 6 51
11 7 95
12 1 175
12 2 401
12 3 192
12 4 439
12 5 79
12 6 207
12 7 473
13 1 53
13 2 103
13 3 58
13 4 113
13 5 19
13 6 60
13 7 116
14 1 29
14 2 57
14 3 32
14 4 63
14 5 11
14 6 34
14 7 66
15 1 181
15 2 397
15 3 195
15 4 427
15 5 70
15 6 205
15 7 449
16 1 164
16 2 334
16 3 176
16 4 359
16 5 58
16 6 191
16 7 388
17 1 230
17 2 453
17 3 242
17 4 476
17 5 85
17 6 259
17 7 509
18 1 134
18 2 296
18 3 146
18 4 321
18 5 55
18 6 162
18 7 358
19 1 186
19 2 423
19 3 204
19 4 463
19 5 61
19 6 221
19 7 501
20 1 150
20 2 318
20 3 160
20 4 340
20 5 67
20 6 186
20 7 394
21 1 86
21 2 163
21 3 92
21 4 174
21 5 29
21 6 96
21 7 181
22 1 182
22 2 439
22 3 195
22 4 469
22 5 66
22 6 206
22 7 496
23 1 184
23 2 449
23 3 194
23 4 473
23 5 69
23 6 230
23 7 562
24 1 131
24 2 298
24 3 140
24 4 318
24 5 44
24 6 152
24 7 345
25 1 197
25 2 465
25 3 216
25 4 509
25 5 84
25 6 220
25 7 519
26 1 115
26 2 213
26 3 126
26 4 232
26 5 49
26 6 139
26 7 257
27 1 198
27 2 407
27 3 211
27 4 432
27 5 77
27 6 231
27 7 474
28 1 125
28 2 309
28 3 135
28 4 334
28 5 43
28 6 141
28 7 349
29 1 31
29 2 67
29 3 34
29 4 72
29 5 13
29 6 35
29 7 75
30 1 80
30 2 180
30 3 85
30 4 191
30 5 28
30 6 96
30 7 216
31 1 79
31 2 168
31 3 85
31 4 181
31 5 26
31 6 88
31 7 187
32 1 240
32 2 495
32 3 262
32 4 540
32 5 96
32 6 270
32 7 556
33 1 80
33 2 168
33 3 87
33 4 181
33 5 31
33 6 95
33 7 200
34 1 235
34 2 433
34 3 252
34 4 463
34 5 105
34 6 273
34 7 503
35 1 43
35 2 101
35 3 47
35 4 109
35 5 15
35 6 51
35 7 119
36 1 348
36 2 766
36 3 374
36 4 824
36 5 141
36 6 419
36 7 922
37 1 113
37 2 233
37 3 120
37 4 246
37 5 51
37 6 136
37 7 279
38 1 64
38 2 151
38 3 69
38 4 162
38 5 29
38 6 79
38 7 186
39 1 94
39 2 193
39 3 100
39 4 204
39 5 40
39 6 106
39 7 218
40 1 126
40 2 251
40 3 137
40 4 272
40 5 45
40 6 146
40 7 291
41 1 218
41 2 444
41 3 238
41 4 484
41 5 68
41 6 273
41 7 555
42 1 98
42 2 196
42 3 107
42 4 213
42 5 35
42 6 118
42 7 236
43 1 34
43 2 83
43 3 36
43 4 88
43 5 13
43 6 41
43 7 99
44 1 117
44 2 231
44 3 127
44 4 251
44 5 49
44 6 132
44 7 260
45 1 172
45 2 419
45 3 184
45 4 447
45 5 69
45 6 195
45 7 475
46 1 144
46 2 312
46 3 153
46 4 332
46 5 58
46 6 175
46 7 379
47 1 198
47 2 407
47 3 218
47 4 448
47 5 90
47 6 228
47 7 469
48 1 29
48 2 61
48 3 32
48 4 67
48 5 13
48 6 36
48 7 76
49 1 76
49 2 171
49 3 81
49 4 181
49 5 25
49 6 88
49 7 198
50 1 68
50 2 123
50 3 74
50 4 133
50 5 21
50 6 80
50 7 145
51 1 41
51 2 91
51 3 45
51 4 99
51 5 17
51 6 51
51 7 112
52 1 224
52 2 526
52 3 236
52 4 554
52 5 71
52 6 271
52 7 636
53 1 119
53 2 275
53 3 129
53 4 297
53 5 50
53 6 139
53 7 321
54 1 263
54 2 571
54 3 285
54 4 618
54 5 92
54 6 296
54 7 642
55 1 90
55 2 191
55 3 95
55 4 202
55 5 33
55 6 107
55 7 226
56 1 26
56 2 64
56 3 29
56 4 70
56 5 11
56 6 31
56 7 76
57 1 202
57 2 482
57 3 216
57 4 514
57 5 71
57 6 229
57 7 545
58 1 90
58 2 186
58 3 97
58 4 199
58 5 34
58 6 104
58 7 214
59 1 59
59 2 114
59 3 63
59 4 122
59 5 19
59 6 67
59 7 128
60 1 257
60 2 546
60 3 278
60 4 590
60 5 113
60 6 286
60 7 607
61 1 229
61 2 446
61 3 252
61 4 491
61 5 87
61 6 260
61 7 506
62 1 21
62 2 48
62 3 23
62 4 52
62 5 9
62 6 24
62 7 54
63 1 162
63 2 321
63 3 176
63 4 348
63 5 55
63 6 194
63 7 383
64 1 79
64 2 163
64 3 85
64 4 176
64 5 32
64 6 88
64 7 181
65 1 257
65 2 596
65 3 272
65 4 629
65 5 109
65 6 320
65 7 742
66 1 195
66 2 388
66 3 208
66 4 413
66 5 67
66 6 239
66 7 476
67 1 316
67 2 712
67 3 343
67 4 773
67 5 111
67 6 355
67 7 799
68 1 67
68 2 127
68 3 73
68 4 137
68 5 30
68 6 76
68 7 144
69 1 104
69 2 217
69 3 110
69 4 230
69 5 39
69 6 115
69 7 240
70 1 157
70 2 392
70 3 166
70 4 414
70 5 68
70 6 187
70 7 467
71 1 69
71 2 172
71 3 74
71 4 183
71 5 24
71 6 84
71 7 209
72 1 190
72 2 449
72 3 200
72 4 472
72 5 82
72 6 235
72 7 554
73 1 75
73 2 163
73 3 82
73 4 177
73 5 34
73 6 83
73 7 181
74 1 281
74 2 646
74 3 307
74 4 705
74 5 126
74 6 328
74 7 755
75 1 60
75 2 140
75 3 65
75 4 151
75 5 21
75 6 69
75 7 161
76 1 67
76 2 160
76 3 73
76 4 175
76 5 22
76 6 76
76 7 181
77 1 265
77 2 616
77 3 291
77 4 676
77 5 99
77 6 303
77 7 704
78 1 195
78 2 450
78 3 212
78 4 488
78 5 64
78 6 239
78 7 552
79 1 231
79 2 560
79 3 246
79 4 596
79 5 82
79 6 268
79 7 650
80 1 152
80 2 306
80 3 162
80 4 327
80 5 53
80 6 169
80 7 341
81 1 417
81 2 990
81 3 444
81 4 1054
81 5 156
81 6 521
81 7 1236
82 1 104
82 2 243
82 3 111
82 4 258
82 5 32
82 6 118
82 7 274
83 1 118
83 2 287
83 3 130
83 4 316
83 5 46
83 6 134
83 7 325
84 1 154
84 2 344
84 3 163
84 4 364
84 5 50
84 6 185
84 7 413
85 1 202
85 2 495
85 3 215
85 4 527
85 5 90
85 6 243
85 7 596
86 1 164
86 2 375
86 3 176
86 4 401
86 5 52
86 6 182
86 7 416
87 1 153
87 2 362
87 3 162
87 4 382
87 5 57
87 6 175
87 7 414
88 1 194
88 2 366
88 3 205
88 4 387
88 5 70
88 6 239
88 7 451
89 1 196
89 2 400
89 3 216
89 4 440
89 5 76
89 6 229
89 7 468
90 1 144
90 2 329
90 3 153
90 4 350
90 5 45
90 6 173
90 7 394
91 1 47
91 2 117
91 3 51
91 4 127
91 5 21
91 6 59
91 7 145
92 1 217
92 2 425
92 3 236
92 4 462
92 5 85
92 6 267
92 7 522
93 1 41
93 2 83
93 3 44
93 4 88
93 5 17
93 6 50
93 7 100
94 1 200
94 2 436
94 3 211
94 4 458
94 5 77
94 6 240
94 7 522
95 1 144
95 2 274
95 3 153
95 4 290
95 5 45
95 6 176
95 7 335
96 1 114
96 2 283
96 3 124
96 4 308
96 5 49
96 6 137
96 7 340
97 1 165
97 2 410
97 3 180
97 4 445
97 5 60
97 6 201
97 7 499
98 1 29
98 2 55
98 3 32
98 4 60
98 5 13
98 6 33
98 7 62
99 1 36
99 2 89
99 3 39
99 4 96
99 5 15
99 6 43
99 7 105
100 1 77
100 2 152
100 3 81
100 4 160
100 5 32
100 6 90
100 7 176

# Energy Consumption
1 1 0
1 2 57
1 3 0
1 4 55
1 5 7
1 6 0
1 7 37
2 1 0
2 2 52
2 3 0
2 4 48
2 5 7
2 6 0
2 7 34
3 1 0
3 2 101
3 3 0
3 4 91
3 5 15
3 6 0
3 7 63
4 1 0
4 2 111
4 3 0
4 4 93
4 5 9
4 6 0
4 7 62
5 1 0
5 2 54
5 3 0
5 4 48
5 5 6
5 6 0
5 7 32
6 1 0
6 2 105
6 3 0
6 4 92
6 5 10
6 6 0
6 7 79
7 1 0
7 2 150
7 3 0
7 4 113
7 5 11
7 6 0
7 7 85
8 1 0
8 2 76
8 3 0
8 4 63
8 5 8
8 6 0
8 7 47
9 1 0
9 2 84
9 3 0
9 4 73
9 5 6
9 6 0
9 7 51
10 1 0
10 2 64
10 3 0
10 4 55
10 5 7
10 6 0
10 7 39
11 1 0
11 2 19
11 3 0
11 4 17
11 5 3
11 6 0
11 7 15
12 1 0
12 2 96
12 3 0
12 4 83
12 5 13
12 6 0
12 7 65
13 1 0
13 2 27
13 3 0
13 4 23
13 5 3
13 6 0
13 7 15
14 1 0
14 2 17
14 3 0
14 4 13
14 5 2
14 6 0
14 7 10
15 1 0
15 2 116
15 3 0
15 4 90
15 5 12
15 6 0
15 7 56
16 1 0
16 2 81
16 3 0
16 4 76
16 5 9
16 6 0
16 7 49
17 1 0
17 2 126
17 3 0
17 4 96
17 5 13
17 6 0
17 7 71
18 1 0
18 2 73
18 3 0
18 4 63
18 5 9
18 6 0
18 7 51
19 1 0
19 2 108
19 3 0
19 4 95
19 5 10
19 6 0
19 7 69
20 1 0
20 2 90
20 3 0
20 4 67
20 5 11
20 6 0
20 7 56
21 1 0
21 2 45
21 3 0
21 4 38
21 5 5
21 6 0
21 7 24
22 1 0
22 2 118
22 3 0
22 4 85
22 5 10
22 6 0
22 7 72
23 1 0
23 2 114
23 3 0
23 4 88
23 5 11
23 6 0
23 7 83
24 1 0
24 2 73
24 3 0
24 4 67
24 5 7
24 6 0
24 7 44
25 1 0
25 2 127
25 3 0
25 4 102
25 5 12
25 6 0
25 7 69
26 1 0
26 2 53
26 3 0
26 4 43
26 5 8
26 6 0
26 7 35
27 1 0
27 2 119
27 3 0
27 4 86
27 5 12
27 6 0
27 7 61
28 1 0
28 2 91
28 3 0
28 4 72
28 5 7
28 6 0
28 7 46
29 1 0
29 2 19
29 3 0
29 4 16
29 5 3
29 6 0
29 7 11
30 1 0
30 2 50
30 3 0
30 4 41
30 5 5
30 6 0
30 7 31
31 1 0
31 2 40
31 3 0
31 4 35
31 5 5
31 6 0
31 7 26
32 1 0
32 2 113
32 3 0
32 4 109
32 5 15
32 6 0
32 7 68
33 1 0
33 2 42
33 3 0
33 4 37
33 5 5
33 6 0
33 7 26
34 1 0
34 2 105
34 3 0
34 4 95
34 5 16
34 6 0
34 7 73
35 1 0
35 2 27
35 3 0
35 4 24
35 5 3
35 6 0
35 7 15
36 1 0
36 2 196
36 3 0
36 4 158
36 5 23
36 6 0
36 7 122
37 1 0
37 2 54
37 3 0
37 4 51
37 5 8
37 6 0
37 7 38
38 1 0
38 2 44
38 3 0
38 4 31
38 5 5
38 6 0
38 7 27
39 1 0
39 2 51
39 3 0
39 4 39
39 5 6
39 6 0
39 7 30
40 1 0
40 2 71
40 3 0
40 4 59
40 5 7
40 6 0
40 7 37
41 1 0
41 2 104
41 3 0
41 4 92
41 5 10
41 6 0
41 7 76
42 1 0
42 2 58
42 3 0
42 4 43
42 5 6
42 6 0
42 7 35
43 1 0
43 2 20
43 3 0
43 4 20
43 5 2
43 6 0
43 7 13
44 1 0
44 2 54
44 3 0
44 4 53
44 5 8
44 6 0
44 7 37
45 1 0
45 2 120
45 3 0
45 4 85
45 5 11
45 6 0
45 7 61
46 1 0
46 2 90
46 3 0
46 4 73
46 5 10
46 6 0
46 7 47
47 1 0
47 2 97
47 3 0
47 4 86
47 5 15
47 6 0
47 7 67
48 1 0
48 2 17
48 3 0
48 4 14
48 5 2
48 6 0
48 7 11
49 1 0
49 2 49
49 3 0
49 4 35
49 5 4
49 6 0
49 7 25
50 1 0
50 2 30
50 3 0
50 4 29
50 5 4
50 6 0
50 7 18
51 1 0
51 2 22
51 3 0
51 4 19
51 5 3
51 6 0
51 7 17
52 1 0
52 2 139
52 3 0
52 4 105
52 5 11
52 6 0
52 7 82
53 1 0
53 2 68
53 3 0
53 4 59
53 5 8
53 6 0
53 7 42
54 1 0
54 2 168
54 3 0
54 4 135
54 5 14
54 6 0
54 7 92
55 1 0
55 2 52
55 3 0
55 4 44
55 5 6
55 6 0
55 7 32
56 1 0
56 2 18
56 3 0
56 4 14
56 5 2
56 6 0
56 7 10
57 1 0
57 2 116
57 3 0
57 4 100
57 5 11
57 6 0
57 7 78
58 1 0
58 2 47
58 3 0
58 4 40
58 5 6
58 6 0
58 7 30
59 1 0
59 2 28
59 3 0
59 4 25
59 5 3
59 6 0
59 7 17
60 1 0
60 2 159
60 3 0
60 4 115
60 5 18
60 6 0
60 7 82
61 1 0
61 2 128
61 3 0
61 4 107
61 5 13
61 6 0
61 7 65
62 1 0
62 2 13
62 3 0
62 4 10
62 5 2
62 6 0
62 7 8
63 1 0
63 2 74
63 3 0
63 4 65
63 5 9
63 6 0
63 7 52
64 1 0
64 2 47
64 3 0
64 4 36
64 5 5
64 6 0
64 7 24
65 1 0
65 2 164
65 3 0
65 4 121
65 5 17
65 6 0
65 7 108
66 1 0
66 2 95
66 3 0
66 4 86
66 5 11
66 6 0
66 7 67
67 1 0
67 2 190
67 3 0
67 4 159
67 5 18
67 6 0
67 7 103
68 1 0
68 2 35
68 3 0
68 4 31
68 5 5
68 6 0
68 7 18
69 1 0
69 2 65
69 3 0
69 4 51
69 5 7
69 6 0
69 7 35
70 1 0
70 2 113
70 3 0
70 4 85
70 5 11
70 6 0
70 7 64
71 1 0
71 2 52
71 3 0
71 4 40
71 5 4
71 6 0
71 7 28
72 1 0
72 2 110
72 3 0
72 4 99
72 5 13
72 6 0
72 7 68
73 1 0
73 2 39
73 3 0
73 4 39
73 5 6
73 6 0
73 7 26
74 1 0
74 2 188
74 3 0
74 4 155
74 5 20
74 6 0
74 7 96
75 1 0
75 2 40
75 3 0
75 4 28
75 5 4
75 6 0
75 7 21
76 1 0
76 2 45
76 3 0
76 4 37
76 5 4
76 6 0
76 7 26
77 1 0
77 2 146
77 3 0
77 4 140
77 5 16
77 6 0
77 7 105
78 1 0
78 2 123
78 3 0
78 4 89
78 5 10
78 6 0
78 7 80
79 1 0
79 2 166
79 3 0
79 4 109
79 5 12
79 6 0
79 7 89
80 1 0
80 2 81
80 3 0
80 4 61
80 5 9
80 6 0
80 7 51
81 1 0
81 2 268
81 3 0
81 4 223
81 5 24
81 6 0
81 7 159
82 1 0
82 2 70
82 3 0
82 4 49
82 5 6
82 6 0
82 7 37
83 1 0
83 2 79
83 3 0
83 4 60
83 5 7
83 6 0
83 7 40
84 1 0
84 2 79
84 3 0
84 4 75
84 5 8
84 6 0
84 7 53
85 1 0
85 2 140
85 3 0
85 4 109
85 5 14
85 6 0
85 7 74
86 1 0
86 2 112
86 3 0
86 4 74
86 5 9
86 6 0
86 7 61
87 1 0
87 2 94
87 3 0
87 4 81
87 5 9
87 6 0
87 7 62
88 1 0
88 2 104
88 3 0
88 4 80
88 5 11
88 6 0
88 7 65
89 1 0
89 2 115
89 3 0
89 4 85
89 5 11
89 6 0
89 7 60
90 1 0
90 2 74
90 3 0
90 4 68
90 5 7
90 6 0
90 7 50
91 1 0
91 2 33
91 3 0
91 4 27
91 5 4
91 6 0
91 7 19
92 1 0
92 2 105
92 3 0
92 4 88
92 5 13
92 6 0
92 7 75
93 1 0
93 2 24
93 3 0
93 4 18
93 5 3
93 6 0
93 7 15
94 1 0
94 2 102
94 3 0
94 4 100
94 5 13
94 6 0
94 7 78
95 1 0
95 2 73
95 3 0
95 4 55
95 5 7
95 6 0
95 7 47
96 1 0
96 2 76
96 3 0
96 4 62
96 5 8
96 6 0
96 7 44
97 1 0
97 2 103
97 3 0
97 4 82
97 5 10
97 6 0
97 7 71
98 1 0
98 2 16
98 3 0
98 4 13
98 5 2
98 6 0
98 7 9
99 1 0
99 2 27
99 3 0
99 4 20
99 5 3
99 6 0
99 7 16
100 1 0
100 2 38
100 3 0
100 4 34
100 5 5
100 6 0
100 7 22

# Precedence Relations
1 41
2 41
3 34
4 10
4 14
5 15
6 16
6 17
6 18
7 13
8 11
8 12
9 19
10 41
11 34
12 34
13 34
14 29
15 22
15 27
16 23
16 26
16 28
16 31
17 24
18 20
18 21
18 25
18 30
20 41
21 41
22 41
23 34
24 34
25 34
26 34
27 35
28 36
29 37
30 32
30 33
30 38
31 39
31 40
32 41
33 41
34 42
34 43
34 44
34 45
35 47
36 46
37 48
41 49
41 50
41 51
41 52
44 56
46 53
48 54
48 55
48 57
49 58
49 59
49 60
50 62
53 61
57 63
58 64
59 65
60 66
61 67
62 68
62 69
62 70
64 73
65 75
66 71
67 72
69 78
70 74
70 76
70 77
70 79
71 82
72 81
74 80
74 84
74 85
79 83
80 87
81 86
82 90
83 88
83 89
83 91
83 92
84 93
86 94
87 96
88 95
90 98
90 100
91 97
92 99

# Parameters
R_e = 0.0500
T = 1000.0
C_s = 4.0
C_w = 36.0
C_c = 5.0
