# Tasks
1 2 3 4 5 6 7 8 9 10 11 12 13 14 15 16 17 18 19 20

# Workstations
1 2 3 4 5 6 7 8 9 10 11 12 13 14 15 16 17 18 19 20

# Modes
1 2 3 4 5 6 7

# Processing Times
1 1 141
1 2 286
1 3 151
1 4 306
1 5 45
1 6 160
1 7 324
2 1 118
2 2 247
2 3 126
2 4 263
2 5 51
2 6 142
2 7 296
3 1 136
3 2 255
3 3 149
3 4 280
3 5 60
3 6 155
3 7 291
4 1 117
4 2 261
4 3 125
4 4 278
4 5 47
4 6 136
4 7 302
5 1 140
5 2 296
5 3 154
5 4 325
5 5 59
5 6 170
5 7 359
6 1 194
6 2 475
6 3 209
6 4 512
6 5 61
6 6 222
6 7 542
7 1 110
7 2 274
7 3 118
7 4 293
7 5 39
7 6 132
7 7 328
8 1 69
8 2 160
8 3 74
8 4 172
8 5 31
8 6 78
8 7 179
9 1 80
9 2 195
9 3 87
9 4 212
9 5 30
9 6 93
9 7 227
10 1 219
10 2 506
10 3 231
10 4 532
10 5 87
10 6 274
10 7 632
11 1 155
11 2 289
11 3 168
11 4 312
11 5 58
11 6 194
11 7 361
12 1 168
12 2 385
12 3 183
12 4 420
12 5 60
12 6 205
12 7 470
13 1 60
13 2 116
13 3 66
13 4 126
13 5 22
13 6 71
13 7 137
14 1 185
14 2 363
14 3 200
14 4 391
14 5 58
14 6 224
14 7 439
15 1 218
15 2 478
15 3 234
15 4 513
15 5 91
15 6 264
15 7 579
16 1 192
16 2 391
16 3 211
16 4 429
16 5 74
16 6 236
16 7 480
17 1 148
17 2 292
17 3 162
17 4 319
17 5 53
17 6 180
17 7 354
18 1 102
18 2 226
18 3 110
18 4 242
18 5 43
18 6 124
18 7 274
19 1 214
19 2 487
19 3 227
19 4 516
19 5 76
19 6 265
19 7 601
20 1 140
20 2 297
20 3 151
20 4 319
20 5 48
20 6 161
20 7 340

# Energy Consumption
1 1 0
1 2 71
1 3 0
1 4 67
1 5 7
1 6 0
1 7 47
2 1 0
2 2 62
2 3 0
2 4 57
2 5 8
2 6 0
2 7 41
3 1 0
3 2 58
3 3 0
3 4 54
3 5 9
3 6 0
3 7 36
4 1 0
4 2 74
4 3 0
4 4 61
4 5 8
4 6 0
4 7 40
5 1 0
5 2 76
5 3 0
5 4 69
5 5 10
5 6 0
5 7 48
6 1 0
6 2 109
6 3 0
6 4 96
6 5 9
6 6 0
6 7 75
7 1 0
7 2 80
7 3 0
7 4 59
7 5 6
7 6 0
7 7 46
8 1 0
8 2 42
8 3 0
8 4 34
8 5 5
8 6 0
8 7 26
9 1 0
9 2 54
9 3 0
9 4 46
9 5 5
9 6 0
9 7 34
10 1 0
10 2 131
10 3 0
10 4 109
10 5 13
10 6 0
10 7 83
11 1 0
11 2 66
11 3 0
11 4 57
11 5 9
11 6 0
11 7 55
12 1 0
12 2 92
12 3 0
12 4 79
12 5 10
12 6 0
12 7 65
13 1 0
13 2 30
13 3 0
13 4 26
13 5 4
13 6 0
13 7 18
14 1 0
14 2 108
14 3 0
14 4 78
14 5 9
14 6 0
14 7 64
15 1 0
15 2 140
15 3 0
15 4 108
15 5 15
15 6 0
15 7 72
16 1 0
16 2 95
16 3 0
16 4 91
16 5 11
16 6 0
16 7 60
17 1 0
17 2 81
17 3 0
17 4 64
17 5 8
17 6 0
17 7 50
18 1 0
18 2 56
18 3 0
18 4 48
18 5 7
18 6 0
18 7 39
19 1 0
19 2 124
19 3 0
19 4 105
19 5 12
19 6 0
19 7 83
20 1 0
20 2 84
20 3 0
20 4 62
20 5 8
20 6 0
20 7 49

# Precedence Relations
1 5
2 7
3 6
3 10
4 8
4 9
4 10
5 13
6 11
7 12
8 18
9 15
10 13
11 15
12 15
13 14
13 15
14 16
15 17
15 18
15 19
16 20
17 20
18 20
19 20

# Parameters
R_e = 0.0500
T = 1000.0
C_s = 4.0
C_w = 36.0
C_c = 5.0
