# Tasks
1 2 3 4 5 6 7 8 9 10 11 12 13 14 15 16 17 18 19 20

# Workstations
1 2 3 4 5 6 7 8 9 10 11 12 13 14 15 16 17 18 19 20

# Modes
1 2 3 4 5 6 7

# Processing Times
1 1 209
1 2 197
1 3 190
1 4 179
1 5 75
1 6 225
1 7 212
2 1 93
2 2 88
2 3 85
2 4 80
2 5 34
2 6 100
2 7 95
3 1 197
3 2 186
3 3 179
3 4 169
3 5 71
3 6 212
3 7 200
4 1 223
4 2 210
4 3 203
4 4 191
4 5 80
4 6 240
4 7 226
5 1 75
5 2 71
5 3 69
5 4 65
5 5 27
5 6 81
5 7 77
6 1 92
6 2 87
6 3 84
6 4 79
6 5 33
6 6 99
6 7 94
7 1 36
7 2 34
7 3 33
7 4 31
7 5 13
7 6 39
7 7 37
8 1 27
8 2 26
8 3 25
8 4 24
8 5 10
8 6 30
8 7 28
9 1 26
9 2 25
9 3 24
9 4 23
9 5 10
9 6 28
9 7 27
10 1 114
10 2 108
10 3 104
10 4 99
10 5 41
10 6 123
10 7 117
11 1 128
11 2 121
11 3 117
11 4 110
11 5 46
11 6 138
11 7 131
12 1 229
12 2 216
12 3 208
12 4 197
12 5 82
12 6 247
12 7 233
13 1 383
13 2 360
13 3 348
13 4 327
13 5 137
13 6 412
13 7 387
14 1 113
14 2 107
14 3 103
14 4 98
14 5 41
14 6 122
14 7 115
15 1 217
15 2 204
15 3 197
15 4 186
15 5 78
15 6 234
15 7 220
16 1 306
16 2 288
16 3 278
16 4 262
16 5 109
16 6 329
16 7 310
17 1 50
17 2 47
17 3 46
17 4 43
17 5 18
17 6 54
17 7 51
18 1 125
18 2 118
18 3 114
18 4 108
18 5 45
18 6 135
18 7 127
19 1 68
19 2 64
19 3 62
19 4 59
19 5 25
19 6 74
19 7 69
20 1 120
20 2 113
20 3 109
20 4 103
20 5 43
20 6 129
20 7 122

# Energy Consumption
1 1 0
1 2 49
1 3 0
1 4 35
1 5 12
1 6 0
1 7 31
2 1 0
2 2 21
2 3 0
2 4 17
2 5 6
2 6 0
2 7 14
3 1 0
3 2 45
3 3 0
3 4 31
3 5 11
3 6 0
3 7 30
4 1 0
4 2 62
4 3 0
4 4 35
4 5 12
4 6 0
4 7 33
5 1 0
5 2 22
5 3 0
5 4 14
5 5 4
5 6 0
5 7 11
6 1 0
6 2 26
6 3 0
6 4 15
6 5 5
6 6 0
6 7 13
7 1 0
7 2 8
7 3 0
7 4 7
7 5 2
7 6 0
7 7 6
8 1 0
8 2 8
8 3 0
8 4 5
8 5 2
8 6 0
8 7 4
9 1 0
9 2 7
9 3 0
9 4 5
9 5 2
9 6 0
9 7 4
10 1 0
10 2 28
10 3 0
10 4 21
10 5 6
10 6 0
10 7 16
11 1 0
11 2 29
11 3 0
11 4 24
11 5 8
11 6 0
11 7 19
12 1 0
12 2 54
12 3 0
12 4 42
12 5 13
12 6 0
12 7 34
13 1 0
13 2 88
13 3 0
13 4 64
13 5 22
13 6 0
13 7 50
14 1 0
14 2 26
14 3 0
14 4 19
14 5 7
14 6 0
14 7 14
15 1 0
15 2 61
15 3 0
15 4 41
15 5 13
15 6 0
15 7 28
16 1 0
16 2 66
16 3 0
16 4 50
16 5 16
16 6 0
16 7 41
17 1 0
17 2 14
17 3 0
17 4 9
17 5 3
17 6 0
17 7 8
18 1 0
18 2 27
18 3 0
18 4 23
18 5 7
18 6 0
18 7 18
19 1 0
19 2 15
19 3 0
19 4 13
19 5 4
19 6 0
19 7 10
20 1 0
20 2 30
20 3 0
20 4 20
20 5 7
20 6 0
20 7 18

# Precedence Relations
1 10
2 10
4 9
6 7
6 8
7 10
8 10
9 11
9 12
9 13
9 14
10 15
10 16
10 17
10 18
10 19
18 20

# Parameters
R_e = 0.0500
T = 1000.0
C_s = 4.0
C_w = 36.0
C_c = 5.0
