# Tasks
1 2 3 4 5 6 7 8 9 10 11 12 13 14 15 16 17 18 19 20

# Workstations
1 2 3 4 5 6 7 8 9 10 11 12 13 14 15 16 17 18 19 20

# Modes
1 2 3 4 5 6 7

# Processing Times
1 1 141
1 2 139
1 3 146
1 4 144
1 5 84
1 6 157
1 7 155
2 1 118
2 2 117
2 3 122
2 4 121
2 5 71
2 6 131
2 7 130
3 1 136
3 2 134
3 3 140
3 4 138
3 5 81
3 6 151
3 7 149
4 1 117
4 2 116
4 3 121
4 4 120
4 5 70
4 6 130
4 7 129
5 1 140
5 2 138
5 3 145
5 4 143
5 5 84
5 6 156
5 7 153
6 1 194
6 2 191
6 3 200
6 4 197
6 5 116
6 6 216
6 7 212
7 1 110
7 2 109
7 3 114
7 4 113
7 5 66
7 6 122
7 7 121
8 1 69
8 2 68
8 3 72
8 4 70
8 5 41
8 6 77
8 7 76
9 1 80
9 2 79
9 3 83
9 4 82
9 5 48
9 6 89
9 7 88
10 1 219
10 2 216
10 3 226
10 4 223
10 5 131
10 6 243
10 7 240
11 1 155
11 2 153
11 3 160
11 4 158
11 5 93
11 6 172
11 7 170
12 1 168
12 2 166
12 3 173
12 4 171
12 5 100
12 6 187
12 7 184
13 1 60
13 2 60
13 3 62
13 4 62
13 5 36
13 6 67
13 7 67
14 1 185
14 2 182
14 3 191
14 4 188
14 5 110
14 6 206
14 7 202
15 1 218
15 2 215
15 3 225
15 4 222
15 5 130
15 6 242
15 7 239
16 1 192
16 2 189
16 3 198
16 4 195
16 5 115
16 6 213
16 7 210
17 1 148
17 2 146
17 3 153
17 4 151
17 5 88
17 6 165
17 7 162
18 1 102
18 2 101
18 3 105
18 4 104
18 5 61
18 6 114
18 7 112
19 1 214
19 2 211
19 3 221
19 4 218
19 5 128
19 6 238
19 7 234
20 1 140
20 2 138
20 3 145
20 4 143
20 5 84
20 6 156
20 7 153

# Energy Consumption
1 1 0
1 2 37
1 3 0
1 4 28
1 5 14
1 6 0
1 7 19
2 1 0
2 2 29
2 3 0
2 4 27
2 5 11
2 6 0
2 7 17
3 1 0
3 2 35
3 3 0
3 4 29
3 5 13
3 6 0
3 7 22
4 1 0
4 2 35
4 3 0
4 4 23
4 5 11
4 6 0
4 7 18
5 1 0
5 2 33
5 3 0
5 4 29
5 5 13
5 6 0
5 7 20
6 1 0
6 2 47
6 3 0
6 4 40
6 5 18
6 6 0
6 7 27
7 1 0
7 2 25
7 3 0
7 4 22
7 5 10
7 6 0
7 7 16
8 1 0
8 2 21
8 3 0
8 4 15
8 5 7
8 6 0
8 7 12
9 1 0
9 2 22
9 3 0
9 4 18
9 5 8
9 6 0
9 7 12
10 1 0
10 2 61
10 3 0
10 4 46
10 5 20
10 6 0
10 7 31
11 1 0
11 2 40
11 3 0
11 4 30
11 5 14
11 6 0
11 7 24
12 1 0
12 2 44
12 3 0
12 4 36
12 5 16
12 6 0
12 7 24
13 1 0
13 2 18
13 3 0
13 4 14
13 5 6
13 6 0
13 7 9
14 1 0
14 2 54
14 3 0
14 4 38
14 5 17
14 6 0
14 7 31
15 1 0
15 2 64
15 3 0
15 4 43
15 5 20
15 6 0
15 7 35
16 1 0
16 2 48
16 3 0
16 4 42
16 5 18
16 6 0
16 7 30
17 1 0
17 2 39
17 3 0
17 4 32
17 5 13
17 6 0
17 7 21
18 1 0
18 2 28
18 3 0
18 4 21
18 5 10
18 6 0
18 7 17
19 1 0
19 2 48
19 3 0
19 4 44
19 5 20
19 6 0
19 7 33
20 1 0
20 2 38
20 3 0
20 4 29
20 5 14
20 6 0
20 7 20

# Precedence Relations
1 5
2 7
3 6
3 10
4 8
4 9
4 10
5 13
6 11
7 12
8 18
9 15
10 13
11 15
12 15
13 14
13 15
14 16
15 17
15 18
15 19
16 20
17 20
18 20
19 20

# Parameters
R_e = 0.0500
T = 1000.0
C_s = 4.0
C_w = 36.0
C_c = 5.0
