# Tasks
1 2 3 4 5 6 7 8 9 10 11 12 13 14 15 16 17 18 19 20 21 22 23 24 25 26 27 28 29 30 31 32 33 34 35 36 37 38 39 40 41 42 43 44 45 46 47 48 49 50 51 52 53 54 55 56 57 58 59 60 61 62 63 64 65 66 67 68 69 70 71 72 73 74 75 76 77 78 79 80 81 82 83

# Workstations
1 2 3 4 5 6 7 8 9 10 11 12 13 14 15 16 17 18 19 20 21 22 23 24 25 26 27 28 29 30 31 32 33 34 35 36 37 38 39 40 41 42 43 44 45 46 47 48 49 50 51 52 53 54 55 56 57 58 59 60 61 62 63 64 65 66 67 68 69 70 71 72 73 74 75 76 77 78 79 80 81 82 83

# Modes
1 2 3 4 5 6 7

# Processing Times
1 1 1673
1 2 3507
1 3 1663
1 4 3485
1 5 1494
1 6 1828
1 7 3832
2 1 985
2 2 2065
2 3 979
2 4 2052
2 5 880
2 6 1077
2 7 2257
3 1 1836
3 2 3849
3 3 1825
3 4 3825
3 5 1639
3 6 2007
3 7 4206
4 1 973
4 2 2040
4 3 967
4 4 2027
4 5 869
4 6 1064
4 7 2229
5 1 1700
5 2 3564
5 3 1690
5 4 3542
5 5 1518
5 6 1858
5 7 3895
6 1 2881
6 2 6039
6 3 2863
6 4 6001
6 5 2572
6 6 3148
6 7 6599
7 1 2231
7 2 4677
7 3 2217
7 4 4648
7 5 1992
7 6 2438
7 7 5111
8 1 1040
8 2 2180
8 3 1034
8 4 2167
8 5 929
8 6 1137
8 7 2382
9 1 1793
9 2 3759
9 3 1782
9 4 3735
9 5 1601
9 6 1960
9 7 4108
10 1 1250
10 2 2621
10 3 1242
10 4 2605
10 5 1116
10 6 1366
10 7 2864
11 1 700
11 2 1468
11 3 696
11 4 1459
11 5 625
11 6 765
11 7 1604
12 1 464
12 2 973
12 3 462
12 4 967
12 5 415
12 6 507
12 7 1064
13 1 500
13 2 1049
13 3 497
13 4 1043
13 5 447
13 6 547
13 7 1147
14 1 1133
14 2 2375
14 3 1126
14 4 2360
14 5 1012
14 6 1238
14 7 2595
15 1 577
15 2 1210
15 3 574
15 4 1203
15 5 516
15 6 631
15 7 1323
16 1 483
16 2 1013
16 3 480
16 4 1007
16 5 432
16 6 528
16 7 1107
17 1 880
17 2 1845
17 3 875
17 4 1834
17 5 786
17 6 962
17 7 2016
18 1 667
18 2 1399
18 3 663
18 4 1391
18 5 596
18 6 729
18 7 1529
19 1 600
19 2 1258
19 3 597
19 4 1250
19 5 536
19 6 656
19 7 1375
20 1 233
20 2 489
20 3 232
20 4 486
20 5 208
20 6 255
20 7 535
21 1 408
21 2 856
21 3 406
21 4 851
21 5 365
21 6 446
21 7 936
22 1 847
22 2 1776
22 3 842
22 4 1765
22 5 757
22 6 926
22 7 1941
23 1 767
23 2 1608
23 3 763
23 4 1598
23 5 685
23 6 839
23 7 1757
24 1 850
24 2 1782
24 3 845
24 4 1771
24 5 759
24 6 929
24 7 1948
25 1 780
25 2 1635
25 3 776
25 4 1625
25 5 697
25 6 853
25 7 1787
26 1 912
26 2 1912
26 3 907
26 4 1900
26 5 815
26 6 997
26 7 2090
27 1 748
27 2 1568
27 3 744
27 4 1558
27 5 668
27 6 818
27 7 1714
28 1 1863
28 2 3906
28 3 1852
28 4 3882
28 5 1663
28 6 2036
28 7 4268
29 1 714
29 2 1497
29 3 710
29 4 1488
29 5 638
29 6 781
29 7 1636
30 1 1004
30 2 2105
30 3 998
30 4 2092
30 5 897
30 6 1097
30 7 2300
31 1 713
31 2 1495
31 3 709
31 4 1486
31 5 637
31 6 780
31 7 1634
32 1 642
32 2 1346
32 3 638
32 4 1338
32 5 574
32 6 702
32 7 1471
33 1 629
33 2 1319
33 3 625
33 4 1311
33 5 562
33 6 688
33 7 1442
34 1 1234
34 2 2587
34 3 1227
34 4 2571
34 5 1102
34 6 1349
34 7 2827
35 1 1143
35 2 2396
35 3 1136
35 4 2381
35 5 1021
35 6 1249
35 7 2618
36 1 1266
36 2 2654
36 3 1258
36 4 2638
36 5 1131
36 6 1384
36 7 2900
37 1 792
37 2 1661
37 3 787
37 4 1651
37 5 707
37 6 866
37 7 1815
38 1 1251
38 2 2623
38 3 1243
38 4 2607
38 5 1117
38 6 1367
38 7 2866
39 1 1310
39 2 2746
39 3 1302
39 4 2729
39 5 1170
39 6 1432
39 7 3001
40 1 663
40 2 1390
40 3 659
40 4 1382
40 5 592
40 6 725
40 7 1519
41 1 494
41 2 1036
41 3 491
41 4 1030
41 5 441
41 6 540
41 7 1132
42 1 1288
42 2 2700
42 3 1280
42 4 2683
42 5 1150
42 6 1408
42 7 2951
43 1 792
43 2 1661
43 3 787
43 4 1651
43 5 707
43 6 866
43 7 1815
44 1 578
44 2 1212
44 3 575
44 4 1205
44 5 516
44 6 632
44 7 1325
45 1 594
45 2 1246
45 3 591
45 4 1239
45 5 531
45 6 650
45 7 1362
46 1 578
46 2 1212
46 3 575
46 4 1205
46 5 516
46 6 632
46 7 1325
47 1 622
47 2 1304
47 3 619
47 4 1296
47 5 556
47 6 680
47 7 1425
48 1 578
48 2 1212
48 3 575
48 4 1205
48 5 516
48 6 632
48 7 1325
49 1 564
49 2 1183
49 3 561
49 4 1176
49 5 504
49 6 617
49 7 1293
50 1 578
50 2 1212
50 3 575
50 4 1205
50 5 516
50 6 632
50 7 1325
51 1 578
51 2 1212
51 3 575
51 4 1205
51 5 516
51 6 632
51 7 1325
52 1 578
52 2 1212
52 3 575
52 4 1205
52 5 516
52 6 632
52 7 1325
53 1 578
53 2 1212
53 3 575
53 4 1205
53 5 516
53 6 632
53 7 1325
54 1 578
54 2 1212
54 3 575
54 4 1205
54 5 516
54 6 632
54 7 1325
55 1 578
55 2 1212
55 3 575
55 4 1205
55 5 516
55 6 632
55 7 1325
56 1 578
56 2 1212
56 3 575
56 4 1205
56 5 516
56 6 632
56 7 1325
57 1 578
57 2 1212
57 3 575
57 4 1205
57 5 516
57 6 632
57 7 1325
58 1 578
58 2 1212
58 3 575
58 4 1205
58 5 516
58 6 632
58 7 1325
59 1 578
59 2 1212
59 3 575
59 4 1205
59 5 516
59 6 632
59 7 1325
60 1 578
60 2 1212
60 3 575
60 4 1205
60 5 516
60 6 632
60 7 1325
61 1 578
61 2 1212
61 3 575
61 4 1205
61 5 516
61 6 632
61 7 1325
62 1 578
62 2 1212
62 3 575
62 4 1205
62 5 516
62 6 632
62 7 1325
63 1 578
63 2 1212
63 3 575
63 4 1205
63 5 516
63 6 632
63 7 1325
64 1 578
64 2 1212
64 3 575
64 4 1205
64 5 516
64 6 632
64 7 1325
65 1 578
65 2 1212
65 3 575
65 4 1205
65 5 516
65 6 632
65 7 1325
66 1 578
66 2 1212
66 3 575
66 4 1205
66 5 516
66 6 632
66 7 1325
67 1 578
67 2 1212
67 3 575
67 4 1205
67 5 516
67 6 632
67 7 1325
68 1 578
68 2 1212
68 3 575
68 4 1205
68 5 516
68 6 632
68 7 1325
69 1 467
69 2 979
69 3 465
69 4 973
69 5 417
69 6 511
69 7 1070
70 1 887
70 2 1860
70 3 882
70 4 1849
70 5 792
70 6 970
70 7 2033
71 1 396
71 2 831
71 3 394
71 4 826
71 5 354
71 6 433
71 7 908
72 1 1296
72 2 2717
72 3 1288
72 4 2700
72 5 1157
72 6 1417
72 7 2969
73 1 1100
73 2 2306
73 3 1093
73 4 2292
73 5 982
73 6 1202
73 7 2520
74 1 2543
74 2 5331
74 3 2527
74 4 5297
74 5 2270
74 6 2779
74 7 5825
75 1 764
75 2 1602
75 3 760
75 4 1592
75 5 682
75 6 835
75 7 1751
76 1 357
76 2 749
76 3 355
76 4 745
76 5 319
76 6 391
76 7 819
77 1 701
77 2 1470
77 3 697
77 4 1461
77 5 626
77 6 766
77 7 1607
78 1 1164
78 2 2440
78 3 1157
78 4 2425
78 5 1039
78 6 1272
78 7 2666
79 1 286
79 2 600
79 3 285
79 4 597
79 5 256
79 6 313
79 7 656
80 1 2100
80 2 4402
80 3 2087
80 4 4374
80 5 1875
80 6 2295
80 7 4810
81 1 450
81 2 944
81 3 448
81 4 938
81 5 402
81 6 492
81 7 1032
82 1 1300
82 2 2725
82 3 1292
82 4 2708
82 5 1161
82 6 1421
82 7 2978
83 1 3691
83 2 7737
83 3 3668
83 4 7688
83 5 3295
83 6 4033
83 7 8454

# Energy Consumption
1 1 0
1 2 891
1 3 0
1 4 714
1 5 223
1 6 0
1 7 567
2 1 0
2 2 519
2 3 0
2 4 441
2 5 140
2 6 0
2 7 319
3 1 0
3 2 989
3 3 0
3 4 795
3 5 258
3 6 0
3 7 529
4 1 0
4 2 547
4 3 0
4 4 409
4 5 133
4 6 0
4 7 276
5 1 0
5 2 865
5 3 0
5 4 639
5 5 243
5 6 0
5 7 471
6 1 0
6 2 1627
6 3 0
6 4 1128
6 5 383
6 6 0
6 7 849
7 1 0
7 2 1159
7 3 0
7 4 851
7 5 304
7 6 0
7 7 765
8 1 0
8 2 638
8 3 0
8 4 449
8 5 141
8 6 0
8 7 339
9 1 0
9 2 1070
9 3 0
9 4 700
9 5 229
9 6 0
9 7 547
10 1 0
10 2 755
10 3 0
10 4 555
10 5 173
10 6 0
10 7 405
11 1 0
11 2 324
11 3 0
11 4 306
11 5 100
11 6 0
11 7 194
12 1 0
12 2 228
12 3 0
12 4 213
12 5 67
12 6 0
12 7 146
13 1 0
13 2 300
13 3 0
13 4 192
13 5 70
13 6 0
13 7 170
14 1 0
14 2 609
14 3 0
14 4 435
14 5 158
14 6 0
14 7 315
15 1 0
15 2 313
15 3 0
15 4 235
15 5 80
15 6 0
15 7 168
16 1 0
16 2 259
16 3 0
16 4 196
16 5 63
16 6 0
16 7 141
17 1 0
17 2 487
17 3 0
17 4 350
17 5 126
17 6 0
17 7 243
18 1 0
18 2 407
18 3 0
18 4 281
18 5 90
18 6 0
18 7 217
19 1 0
19 2 367
19 3 0
19 4 227
19 5 80
19 6 0
19 7 206
20 1 0
20 2 117
20 3 0
20 4 97
20 5 30
20 6 0
20 7 80
21 1 0
21 2 230
21 3 0
21 4 169
21 5 57
21 6 0
21 7 137
22 1 0
22 2 412
22 3 0
22 4 366
22 5 107
22 6 0
22 7 286
23 1 0
23 2 475
23 3 0
23 4 321
23 5 103
23 6 0
23 7 252
24 1 0
24 2 505
24 3 0
24 4 365
24 5 107
24 6 0
24 7 266
25 1 0
25 2 474
25 3 0
25 4 325
25 5 109
25 6 0
25 7 222
26 1 0
26 2 441
26 3 0
26 4 378
26 5 121
26 6 0
26 7 259
27 1 0
27 2 431
27 3 0
27 4 331
27 5 105
27 6 0
27 7 241
28 1 0
28 2 1129
28 3 0
28 4 806
28 5 252
28 6 0
28 7 556
29 1 0
29 2 393
29 3 0
29 4 281
29 5 100
29 6 0
29 7 210
30 1 0
30 2 476
30 3 0
30 4 396
30 5 136
30 6 0
30 7 296
31 1 0
31 2 341
31 3 0
31 4 276
31 5 95
31 6 0
31 7 204
32 1 0
32 2 402
32 3 0
32 4 245
32 5 86
32 6 0
32 7 179
33 1 0
33 2 336
33 3 0
33 4 268
33 5 81
33 6 0
33 7 205
34 1 0
34 2 585
34 3 0
34 4 500
34 5 160
34 6 0
34 7 359
35 1 0
35 2 549
35 3 0
35 4 444
35 5 146
35 6 0
35 7 323
36 1 0
36 2 592
36 3 0
36 4 526
36 5 181
36 6 0
36 7 422
37 1 0
37 2 378
37 3 0
37 4 342
37 5 101
37 6 0
37 7 228
38 1 0
38 2 628
38 3 0
38 4 511
38 5 174
38 6 0
38 7 388
39 1 0
39 2 702
39 3 0
39 4 556
39 5 184
39 6 0
39 7 404
40 1 0
40 2 323
40 3 0
40 4 260
40 5 84
40 6 0
40 7 212
41 1 0
41 2 237
41 3 0
41 4 223
41 5 71
41 6 0
41 7 138
42 1 0
42 2 624
42 3 0
42 4 562
42 5 184
42 6 0
42 7 392
43 1 0
43 2 388
43 3 0
43 4 303
43 5 112
43 6 0
43 7 250
44 1 0
44 2 271
44 3 0
44 4 218
44 5 77
44 6 0
44 7 178
45 1 0
45 2 344
45 3 0
45 4 233
45 5 75
45 6 0
45 7 183
46 1 0
46 2 317
46 3 0
46 4 249
46 5 76
46 6 0
46 7 199
47 1 0
47 2 379
47 3 0
47 4 239
47 5 80
47 6 0
47 7 197
48 1 0
48 2 320
48 3 0
48 4 224
48 5 79
48 6 0
48 7 187
49 1 0
49 2 284
49 3 0
49 4 237
49 5 75
49 6 0
49 7 161
50 1 0
50 2 348
50 3 0
50 4 235
50 5 77
50 6 0
50 7 179
51 1 0
51 2 355
51 3 0
51 4 227
51 5 74
51 6 0
51 7 168
52 1 0
52 2 363
52 3 0
52 4 249
52 5 78
52 6 0
52 7 195
53 1 0
53 2 270
53 3 0
53 4 218
53 5 82
53 6 0
53 7 174
54 1 0
54 2 362
54 3 0
54 4 265
54 5 82
54 6 0
54 7 199
55 1 0
55 2 268
55 3 0
55 4 261
55 5 81
55 6 0
55 7 173
56 1 0
56 2 364
56 3 0
56 4 252
56 5 80
56 6 0
56 7 178
57 1 0
57 2 306
57 3 0
57 4 222
57 5 77
57 6 0
57 7 194
58 1 0
58 2 351
58 3 0
58 4 231
58 5 82
58 6 0
58 7 193
59 1 0
59 2 351
59 3 0
59 4 260
59 5 82
59 6 0
59 7 162
60 1 0
60 2 277
60 3 0
60 4 257
60 5 76
60 6 0
60 7 168
61 1 0
61 2 300
61 3 0
61 4 264
61 5 81
61 6 0
61 7 161
62 1 0
62 2 292
62 3 0
62 4 243
62 5 75
62 6 0
62 7 178
63 1 0
63 2 362
63 3 0
63 4 231
63 5 80
63 6 0
63 7 178
64 1 0
64 2 314
64 3 0
64 4 245
64 5 74
64 6 0
64 7 161
65 1 0
65 2 284
65 3 0
65 4 246
65 5 81
65 6 0
65 7 183
66 1 0
66 2 285
66 3 0
66 4 231
66 5 75
66 6 0
66 7 165
67 1 0
67 2 354
67 3 0
67 4 222
67 5 79
67 6 0
67 7 176
68 1 0
68 2 356
68 3 0
68 4 223
68 5 77
68 6 0
68 7 163
69 1 0
69 2 259
69 3 0
69 4 189
69 5 61
69 6 0
69 7 133
70 1 0
70 2 491
70 3 0
70 4 350
70 5 122
70 6 0
70 7 245
71 1 0
71 2 193
71 3 0
71 4 181
71 5 51
71 6 0
71 7 130
72 1 0
72 2 743
72 3 0
72 4 500
72 5 185
72 6 0
72 7 373
73 1 0
73 2 514
73 3 0
73 4 417
73 5 138
73 6 0
73 7 317
74 1 0
74 2 1313
74 3 0
74 4 1089
74 5 330
74 6 0
74 7 799
75 1 0
75 2 385
75 3 0
75 4 317
75 5 106
75 6 0
75 7 261
76 1 0
76 2 175
76 3 0
76 4 143
76 5 50
76 6 0
76 7 99
77 1 0
77 2 345
77 3 0
77 4 284
77 5 97
77 6 0
77 7 202
78 1 0
78 2 615
78 3 0
78 4 464
78 5 165
78 6 0
78 7 376
79 1 0
79 2 140
79 3 0
79 4 112
79 5 37
79 6 0
79 7 96
80 1 0
80 2 1060
80 3 0
80 4 955
80 5 269
80 6 0
80 7 629
81 1 0
81 2 254
81 3 0
81 4 185
81 5 62
81 6 0
81 7 146
82 1 0
82 2 722
82 3 0
82 4 498
82 5 171
82 6 0
82 7 404
83 1 0
83 2 1778
83 3 0
83 4 1551
83 5 522
83 6 0
83 7 1201

# Precedence Relations
1 2
2 3
2 4
2 5
3 6
4 6
4 7
5 8
6 9
6 10
7 11
8 77
8 78
9 12
10 13
10 14
10 25
11 15
12 16
13 17
13 18
13 20
14 19
15 20
15 39
16 77
16 78
17 21
17 22
17 28
18 23
19 24
20 26
21 27
22 27
23 74
24 28
24 29
25 32
26 74
27 69
28 32
29 30
30 31
31 39
32 33
32 34
32 35
32 36
33 37
34 77
34 78
35 77
35 78
36 38
36 39
37 40
38 41
39 42
39 43
39 44
39 75
40 77
40 78
41 45
42 77
42 78
43 77
43 78
44 46
45 47
46 48
47 49
48 50
49 69
50 51
51 52
52 53
53 54
54 55
55 56
56 57
57 58
58 59
59 60
60 61
61 62
62 63
63 64
64 65
65 66
66 67
67 68
68 74
68 75
69 70
69 71
70 72
71 73
72 73
73 74
73 75
74 76
75 76
76 77
76 78
77 79
78 79
79 80
79 81
80 82
81 83
82 83

# Parameters
R_e = 0.0500
T = 8876.7
C_s = 4.0
C_w = 36.0
C_c = 5.0
