# Tasks
1 2 3 4 5 6 7 8 9 10 11 12 13 14 15 16 17 18 19 20

# Workstations
1 2 3 4 5 6 7 8 9 10 11 12 13 14 15 16 17 18 19 20

# Modes
1 2 3 4 5 6 7

# Processing Times
1 1 88
1 2 219
1 3 76
1 4 189
1 5 57
1 6 127
1 7 316
2 1 95
2 2 229
2 3 82
2 4 196
2 5 65
2 6 137
2 7 328
3 1 105
3 2 245
3 3 96
3 4 222
3 5 67
3 6 137
3 7 320
4 1 140
4 2 313
4 3 131
4 4 293
4 5 98
4 6 202
4 7 451
5 1 114
5 2 227
5 3 104
5 4 206
5 5 63
5 6 157
5 7 312
6 1 123
6 2 270
6 3 112
6 4 246
6 5 78
6 6 174
6 7 382
7 1 250
7 2 560
7 3 226
7 4 505
7 5 162
7 6 323
7 7 722
8 1 90
8 2 172
8 3 86
8 4 164
8 5 57
8 6 120
8 7 229
9 1 61
9 2 114
9 3 58
9 4 108
9 5 39
9 6 79
9 7 146
10 1 107
10 2 214
10 3 97
10 4 194
10 5 68
10 6 149
10 7 297
11 1 68
11 2 144
11 3 64
11 4 136
11 5 41
11 6 97
11 7 204
12 1 155
12 2 287
12 3 147
12 4 272
12 5 94
12 6 224
12 7 414
13 1 142
13 2 287
13 3 128
13 4 259
13 5 88
13 6 187
13 7 378
14 1 21
14 2 44
14 3 18
14 4 38
14 5 15
14 6 30
14 7 61
15 1 106
15 2 264
15 3 96
15 4 237
15 5 69
15 6 140
15 7 348
16 1 67
16 2 128
16 3 64
16 4 121
16 5 41
16 6 85
16 7 161
17 1 52
17 2 94
17 3 46
17 4 83
17 5 33
17 6 76
17 7 137
18 1 55
18 2 136
18 3 49
18 4 121
18 5 39
18 6 73
18 7 179
19 1 51
19 2 93
19 3 47
19 4 86
19 5 34
19 6 71
19 7 129
20 1 82
20 2 183
20 3 75
20 4 166
20 5 53
20 6 113
20 7 251

# Energy Consumption
1 1 0
1 2 63
1 3 0
1 4 37
1 5 10
1 6 0
1 7 39
2 1 0
2 2 54
2 3 0
2 4 38
2 5 10
2 6 0
2 7 48
3 1 0
3 2 62
3 3 0
3 4 45
3 5 10
3 6 0
3 7 44
4 1 0
4 2 77
4 3 0
4 4 60
4 5 15
4 6 0
4 7 58
5 1 0
5 2 55
5 3 0
5 4 44
5 5 10
5 6 0
5 7 40
6 1 0
6 2 66
6 3 0
6 4 54
6 5 12
6 6 0
6 7 50
7 1 0
7 2 142
7 3 0
7 4 104
7 5 25
7 6 0
7 7 101
8 1 0
8 2 45
8 3 0
8 4 35
8 5 9
8 6 0
8 7 34
9 1 0
9 2 26
9 3 0
9 4 21
9 5 6
9 6 0
9 7 18
10 1 0
10 2 55
10 3 0
10 4 41
10 5 11
10 6 0
10 7 37
11 1 0
11 2 35
11 3 0
11 4 26
11 5 6
11 6 0
11 7 26
12 1 0
12 2 72
12 3 0
12 4 53
12 5 14
12 6 0
12 7 50
13 1 0
13 2 84
13 3 0
13 4 49
13 5 14
13 6 0
13 7 53
14 1 0
14 2 13
14 3 0
14 4 8
14 5 3
14 6 0
14 7 9
15 1 0
15 2 61
15 3 0
15 4 46
15 5 11
15 6 0
15 7 45
16 1 0
16 2 31
16 3 0
16 4 27
16 5 6
16 6 0
16 7 20
17 1 0
17 2 25
17 3 0
17 4 17
17 5 5
17 6 0
17 7 17
18 1 0
18 2 35
18 3 0
18 4 23
18 5 6
18 6 0
18 7 26
19 1 0
19 2 25
19 3 0
19 4 16
19 5 6
19 6 0
19 7 19
20 1 0
20 2 48
20 3 0
20 4 31
20 5 8
20 6 0
20 7 36

# Precedence Relations
1 4
2 6
3 5
3 6
4 7
5 7
5 8
6 7
7 9
7 11
7 12
8 10
8 11
8 20
9 13
10 16
12 14
12 15
12 19
13 17
14 20
15 18
16 19

# Parameters
R_e = 0.0500
T = 1000.0
C_s = 4.0
C_w = 36.0
C_c = 5.0
