# Tasks
1 2 3 4 5 6 7 8 9 10 11 12 13 14 15 16 17 18 19 20

# Workstations
1 2 3 4 5 6 7 8 9 10 11 12 13 14 15 16 17 18 19 20

# Modes
1 2 3 4 5 6 7

# Processing Times
1 1 570
1 2 599
1 3 494
1 4 519
1 5 212
1 6 575
1 7 604
2 1 504
2 2 546
2 3 467
2 4 506
2 5 197
2 6 549
2 7 594
3 1 232
3 2 241
3 3 202
3 4 210
3 5 76
3 6 237
3 7 246
4 1 336
4 2 335
4 3 300
4 4 299
4 5 102
4 6 352
4 7 351
5 1 724
5 2 786
5 3 678
5 4 736
5 5 291
5 6 772
5 7 839
6 1 463
6 2 411
6 3 420
6 4 373
6 5 186
6 6 479
6 7 425
7 1 537
7 2 479
7 3 505
7 4 450
7 5 164
7 6 575
7 7 513
8 1 553
8 2 551
8 3 511
8 4 509
8 5 221
8 6 585
8 7 583
9 1 669
9 2 672
9 3 624
9 4 627
9 5 256
9 6 695
9 7 698
10 1 350
10 2 301
10 3 326
10 4 280
10 5 124
10 6 358
10 7 308
11 1 463
11 2 427
11 3 429
11 4 396
11 5 167
11 6 479
11 7 442
12 1 365
12 2 391
12 3 344
12 4 369
12 5 143
12 6 383
12 7 410
13 1 422
13 2 414
13 3 377
13 4 369
13 5 171
13 6 423
13 7 415
14 1 544
14 2 524
14 3 486
14 4 468
14 5 236
14 6 571
14 7 550
15 1 483
15 2 465
15 3 423
15 4 407
15 5 191
15 6 495
15 7 476
16 1 380
16 2 341
16 3 330
16 4 296
16 5 155
16 6 386
16 7 347
17 1 535
17 2 491
17 3 464
17 4 426
17 5 200
17 6 560
17 7 514
18 1 628
18 2 675
18 3 537
18 4 577
18 5 212
18 6 679
18 7 730
19 1 437
19 2 467
19 3 378
19 4 404
19 5 151
19 6 458
19 7 490
20 1 283
20 2 287
20 3 242
20 4 246
20 5 124
20 6 292
20 7 296

# Energy Consumption
1 1 0
1 2 149
1 3 0
1 4 102
1 5 33
1 6 0
1 7 87
2 1 0
2 2 129
2 3 0
2 4 103
2 5 30
2 6 0
2 7 83
3 1 0
3 2 59
3 3 0
3 4 38
3 5 11
3 6 0
3 7 37
4 1 0
4 2 98
4 3 0
4 4 55
4 5 16
4 6 0
4 7 52
5 1 0
5 2 235
5 3 0
5 4 149
5 5 43
5 6 0
5 7 116
6 1 0
6 2 119
6 3 0
6 4 70
6 5 27
6 6 0
6 7 58
7 1 0
7 2 110
7 3 0
7 4 96
7 5 25
7 6 0
7 7 75
8 1 0
8 2 162
8 3 0
8 4 106
8 5 33
8 6 0
8 7 79
9 1 0
9 2 166
9 3 0
9 4 131
9 5 40
9 6 0
9 7 102
10 1 0
10 2 76
10 3 0
10 4 60
10 5 18
10 6 0
10 7 42
11 1 0
11 2 102
11 3 0
11 4 85
11 5 27
11 6 0
11 7 63
12 1 0
12 2 97
12 3 0
12 4 78
12 5 23
12 6 0
12 7 60
13 1 0
13 2 101
13 3 0
13 4 72
13 5 28
13 6 0
13 7 54
14 1 0
14 2 127
14 3 0
14 4 87
14 5 37
14 6 0
14 7 67
15 1 0
15 2 138
15 3 0
15 4 89
15 5 31
15 6 0
15 7 60
16 1 0
16 2 78
16 3 0
16 4 56
16 5 22
16 6 0
16 7 46
17 1 0
17 2 138
17 3 0
17 4 88
17 5 29
17 6 0
17 7 77
18 1 0
18 2 153
18 3 0
18 4 121
18 5 32
18 6 0
18 7 100
19 1 0
19 2 104
19 3 0
19 4 87
19 5 25
19 6 0
19 7 71
20 1 0
20 2 76
20 3 0
20 4 48
20 5 18
20 6 0
20 7 44

# Precedence Relations
1 10
2 10
3 10
4 6
4 8
4 12
5 7
5 9
5 10
5 11
6 10
7 18
8 11
9 12
9 17
9 18
10 13
10 14
10 15
10 16
11 17
11 18
13 20
14 17
15 17
16 18
17 19
17 20
18 19

# Parameters
R_e = 0.0500
T = 1000.0
C_s = 4.0
C_w = 36.0
C_c = 5.0
