# Tasks
1 2 3 4 5 6 7 8 9 10 11 12 13 14 15 16 17 18 19 20 21 22 23 24 25 26 27 28 29 30 31 32

# Workstations
1 2 3 4 5 6 7 8 9 10 11 12 13 14 15 16 17 18 19 20 21 22 23 24 25 26 27 28 29 30 31 32

# Modes
1 2 3 4 5 6 7

# Processing Times
1 1 458
1 2 706
1 3 434
1 4 669
1 5 387
1 6 506
1 7 780
2 1 276
2 2 376
2 3 236
2 4 321
2 5 239
2 6 330
2 7 449
3 1 520
3 2 671
3 3 446
3 4 575
3 5 493
3 6 629
3 7 811
4 1 1400
4 2 2148
4 3 1281
4 4 1965
4 5 1158
4 6 1638
4 7 2512
5 1 352
5 2 434
5 3 322
5 4 396
5 5 333
5 6 438
5 7 540
6 1 196
6 2 262
6 3 184
6 4 246
6 5 165
6 6 242
6 7 323
7 1 214
7 2 265
7 3 201
7 4 248
7 5 193
7 6 264
7 7 326
8 1 456
8 2 665
8 3 412
8 4 601
8 5 382
8 6 551
8 7 803
9 1 646
9 2 824
9 3 564
9 4 720
9 5 557
9 6 787
9 7 1004
10 1 512
10 2 808
10 3 442
10 4 698
10 5 447
10 6 597
10 7 942
11 1 408
11 2 530
11 3 386
11 4 501
11 5 367
11 6 502
11 7 652
12 1 262
12 2 392
12 3 224
12 4 335
12 5 235
12 6 319
12 7 477
13 1 544
13 2 828
13 3 483
13 4 735
13 5 517
13 6 608
13 7 925
14 1 202
14 2 290
14 3 192
14 4 275
14 5 183
14 6 237
14 7 341
15 1 458
15 2 677
15 3 398
15 4 588
15 5 409
15 6 553
15 7 817
16 1 694
16 2 987
16 3 622
16 4 884
16 5 599
16 6 823
16 7 1170
17 1 616
17 2 744
17 3 528
17 4 637
17 5 584
17 6 769
17 7 928
18 1 678
18 2 1048
18 3 631
18 4 975
18 5 602
18 6 763
18 7 1179
19 1 328
19 2 468
19 3 292
19 4 416
19 5 304
19 6 370
19 7 528
20 1 324
20 2 446
20 3 277
20 4 381
20 5 275
20 6 397
20 7 546
21 1 100
21 2 121
21 3 89
21 4 107
21 5 92
21 6 123
21 7 148
22 1 352
22 2 424
22 3 306
22 4 368
22 5 330
22 6 440
22 7 530
23 1 544
23 2 703
23 3 500
23 4 646
23 5 468
23 6 654
23 7 846
24 1 500
24 2 672
24 3 475
24 4 638
24 5 409
24 6 554
24 7 745
25 1 382
25 2 494
25 3 362
25 4 468
25 5 343
25 6 446
25 7 577
26 1 858
26 2 1054
26 3 736
26 4 904
26 5 730
26 6 1021
26 7 1254
27 1 388
27 2 589
27 3 361
27 4 548
27 5 335
27 6 454
27 7 688
28 1 352
28 2 448
28 3 320
28 4 407
28 5 284
28 6 422
28 7 537
29 1 428
29 2 632
29 3 379
29 4 560
29 5 368
29 6 513
29 7 757
30 1 238
30 2 305
30 3 222
30 4 284
30 5 192
30 6 282
30 7 361
31 1 258
31 2 399
31 3 245
31 4 379
31 5 213
31 6 316
31 7 488
32 1 196
32 2 248
32 3 176
32 4 223
32 5 175
32 6 226
32 7 286

# Energy Consumption
1 1 0
1 2 165
1 3 0
1 4 145
1 5 59
1 6 0
1 7 108
2 1 0
2 2 93
2 3 0
2 4 67
2 5 36
2 6 0
2 7 65
3 1 0
3 2 190
3 3 0
3 4 105
3 5 70
3 6 0
3 7 111
4 1 0
4 2 605
4 3 0
4 4 413
4 5 177
4 6 0
4 7 348
5 1 0
5 2 110
5 3 0
5 4 75
5 5 49
5 6 0
5 7 80
6 1 0
6 2 63
6 3 0
6 4 51
6 5 26
6 6 0
6 7 48
7 1 0
7 2 67
7 3 0
7 4 50
7 5 31
7 6 0
7 7 48
8 1 0
8 2 157
8 3 0
8 4 125
8 5 55
8 6 0
8 7 120
9 1 0
9 2 226
9 3 0
9 4 156
9 5 81
9 6 0
9 7 145
10 1 0
10 2 210
10 3 0
10 4 152
10 5 67
10 6 0
10 7 140
11 1 0
11 2 155
11 3 0
11 4 100
11 5 58
11 6 0
11 7 82
12 1 0
12 2 99
12 3 0
12 4 71
12 5 35
12 6 0
12 7 70
13 1 0
13 2 224
13 3 0
13 4 158
13 5 74
13 6 0
13 7 125
14 1 0
14 2 66
14 3 0
14 4 60
14 5 27
14 6 0
14 7 44
15 1 0
15 2 161
15 3 0
15 4 123
15 5 62
15 6 0
15 7 118
16 1 0
16 2 218
16 3 0
16 4 195
16 5 93
16 6 0
16 7 145
17 1 0
17 2 214
17 3 0
17 4 116
17 5 89
17 6 0
17 7 127
18 1 0
18 2 304
18 3 0
18 4 185
18 5 92
18 6 0
18 7 172
19 1 0
19 2 110
19 3 0
19 4 76
19 5 44
19 6 0
19 7 68
20 1 0
20 2 106
20 3 0
20 4 78
20 5 42
20 6 0
20 7 81
21 1 0
21 2 30
21 3 0
21 4 20
21 5 15
21 6 0
21 7 19
22 1 0
22 2 117
22 3 0
22 4 80
22 5 50
22 6 0
22 7 79
23 1 0
23 2 206
23 3 0
23 4 128
23 5 73
23 6 0
23 7 118
24 1 0
24 2 181
24 3 0
24 4 133
24 5 62
24 6 0
24 7 102
25 1 0
25 2 112
25 3 0
25 4 92
25 5 55
25 6 0
25 7 75
26 1 0
26 2 265
26 3 0
26 4 184
26 5 106
26 6 0
26 7 174
27 1 0
27 2 171
27 3 0
27 4 119
27 5 51
27 6 0
27 7 102
28 1 0
28 2 119
28 3 0
28 4 82
28 5 44
28 6 0
28 7 77
29 1 0
29 2 172
29 3 0
29 4 124
29 5 53
29 6 0
29 7 110
30 1 0
30 2 76
30 3 0
30 4 57
30 5 29
30 6 0
30 7 50
31 1 0
31 2 114
31 3 0
31 4 77
31 5 34
31 6 0
31 7 70
32 1 0
32 2 60
32 3 0
32 4 48
32 5 25
32 6 0
32 7 41

# Precedence Relations
1 5
2 6
3 9
4 15
5 6
6 7
6 8
6 9
7 21
8 21
9 10
9 11
10 16
11 12
12 13
13 14
13 15
14 16
14 17
15 17
16 18
17 19
18 21
19 20
20 21
21 22
21 23
21 24
22 25
23 32
24 32
25 26
26 27
27 28
28 29
29 30
30 31
31 32

# Parameters
R_e = 0.0500
T = 1894.0
C_s = 4.0
C_w = 36.0
C_c = 5.0
