# Tasks
1 2 3 4 5 6 7 8 9 10 11 12 13 14 15 16 17 18 19 20 21 22 23 24 25 26 27 28

# Workstations
1 2 3 4 5 6 7 8 9 10 11 12 13 14 15 16 17 18 19 20 21 22 23 24 25 26 27 28

# Modes
1 2 3 4 5 6 7

# Processing Times
1 1 70
1 2 73
1 3 74
1 4 77
1 5 45
1 6 82
1 7 86
2 1 59
2 2 60
2 3 57
2 4 58
2 5 40
2 6 69
2 7 70
3 1 33
3 2 34
3 3 35
3 4 36
3 5 23
3 6 37
3 7 38
4 1 6
4 2 6
4 3 7
4 4 7
4 5 4
4 6 8
4 7 8
5 1 1
5 2 1
5 3 2
5 4 2
5 5 1
5 6 2
5 7 2
6 1 27
6 2 30
6 3 27
6 4 30
6 5 19
6 6 32
6 7 35
7 1 17
7 2 16
7 3 17
7 4 16
7 5 12
7 6 21
7 7 20
8 1 62
8 2 61
8 3 63
8 4 62
8 5 36
8 6 75
8 7 74
9 1 31
9 2 28
9 3 31
9 4 28
9 5 22
9 6 38
9 7 34
10 1 53
10 2 52
10 3 54
10 4 53
10 5 30
10 6 62
10 7 61
11 1 21
11 2 19
11 3 22
11 4 20
11 5 15
11 6 26
11 7 24
12 1 19
12 2 21
12 3 19
12 4 21
12 5 14
12 6 24
12 7 26
13 1 108
13 2 112
13 3 104
13 4 107
13 5 63
13 6 126
13 7 131
14 1 52
14 2 54
14 3 55
14 4 57
14 5 36
14 6 59
14 7 61
15 1 5
15 2 5
15 3 6
15 4 6
15 5 3
15 6 7
15 7 7
16 1 8
16 2 9
16 3 8
16 4 9
16 5 6
16 6 10
16 7 11
17 1 97
17 2 94
17 3 93
17 4 90
17 5 58
17 6 122
17 7 118
18 1 8
18 2 9
18 3 8
18 4 9
18 5 6
18 6 10
18 7 11
19 1 47
19 2 42
19 3 47
19 4 42
19 5 33
19 6 56
19 7 50
20 1 67
20 2 68
20 3 70
20 4 71
20 5 42
20 6 82
20 7 83
21 1 17
21 2 18
21 3 18
21 4 19
21 5 11
21 6 21
21 7 23
22 1 8
22 2 8
22 3 9
22 4 9
22 5 5
22 6 10
22 7 10
23 1 3
23 2 3
23 3 4
23 4 4
23 5 2
23 6 4
23 7 4
24 1 21
24 2 19
24 3 21
24 4 19
24 5 15
24 6 27
24 7 24
25 1 107
25 2 113
25 3 103
25 4 109
25 5 73
25 6 132
25 7 140
26 1 3
26 2 3
26 3 3
26 4 3
26 5 2
26 6 4
26 7 4
27 1 2
27 2 2
27 3 2
27 4 2
27 5 2
27 6 3
27 7 3
28 1 72
28 2 70
28 3 71
28 4 69
28 5 42
28 6 83
28 7 80

# Energy Consumption
1 1 0
1 2 20
1 3 0
1 4 15
1 5 8
1 6 0
1 7 11
2 1 0
2 2 15
2 3 0
2 4 13
2 5 6
2 6 0
2 7 9
3 1 0
3 2 9
3 3 0
3 4 8
3 5 4
3 6 0
3 7 6
4 1 0
4 2 2
4 3 0
4 4 2
4 5 1
4 6 0
4 7 2
5 1 0
5 2 1
5 3 0
5 4 1
5 5 1
5 6 0
5 7 1
6 1 0
6 2 8
6 3 0
6 4 6
6 5 3
6 6 0
6 7 5
7 1 0
7 2 4
7 3 0
7 4 3
7 5 2
7 6 0
7 7 3
8 1 0
8 2 19
8 3 0
8 4 13
8 5 6
8 6 0
8 7 11
9 1 0
9 2 8
9 3 0
9 4 7
9 5 4
9 6 0
9 7 5
10 1 0
10 2 15
10 3 0
10 4 11
10 5 5
10 6 0
10 7 8
11 1 0
11 2 5
11 3 0
11 4 4
11 5 3
11 6 0
11 7 4
12 1 0
12 2 6
12 3 0
12 4 5
12 5 3
12 6 0
12 7 4
13 1 0
13 2 32
13 3 0
13 4 23
13 5 10
13 6 0
13 7 18
14 1 0
14 2 16
14 3 0
14 4 12
14 5 6
14 6 0
14 7 10
15 1 0
15 2 2
15 3 0
15 4 2
15 5 1
15 6 0
15 7 2
16 1 0
16 2 3
16 3 0
16 4 2
16 5 1
16 6 0
16 7 2
17 1 0
17 2 25
17 3 0
17 4 19
17 5 9
17 6 0
17 7 16
18 1 0
18 2 3
18 3 0
18 4 2
18 5 1
18 6 0
18 7 2
19 1 0
19 2 10
19 3 0
19 4 9
19 5 5
19 6 0
19 7 8
20 1 0
20 2 19
20 3 0
20 4 15
20 5 7
20 6 0
20 7 11
21 1 0
21 2 6
21 3 0
21 4 4
21 5 2
21 6 0
21 7 4
22 1 0
22 2 3
22 3 0
22 4 2
22 5 1
22 6 0
22 7 2
23 1 0
23 2 1
23 3 0
23 4 1
23 5 1
23 6 0
23 7 1
24 1 0
24 2 6
24 3 0
24 4 5
24 5 3
24 6 0
24 7 4
25 1 0
25 2 30
25 3 0
25 4 21
25 5 11
25 6 0
25 7 18
26 1 0
26 2 1
26 3 0
26 4 1
26 5 1
26 6 0
26 7 1
27 1 0
27 2 1
27 3 0
27 4 1
27 5 1
27 6 0
27 7 1
28 1 0
28 2 21
28 3 0
28 4 14
28 5 7
28 6 0
28 7 12

# Precedence Relations
1 3
1 4
1 5
1 8
1 19
1 21
1 22
1 23
1 24
1 26
2 6
2 17
3 28
4 28
5 28
6 7
7 18
8 9
9 10
10 11
10 12
11 15
12 13
13 14
13 16
14 28
15 28
16 28
17 28
18 28
19 20
20 28
21 28
22 28
23 28
24 25
25 28
26 27
27 28

# Parameters
R_e = 0.0500
T = 236.0
C_s = 4.0
C_w = 36.0
C_c = 5.0
