# Tasks
1 2 3 4 5 6 7 8 9 10 11

# Workstations
1 2 3 4 5 6 7 8 9 10 11

# Modes
1 2 3 4 5 6 7

# Processing Times
1 1 4
1 2 9
1 3 5
1 4 10
1 5 2
1 6 5
1 7 10
2 1 38
2 2 86
2 3 42
2 4 94
2 5 14
2 6 40
2 7 91
3 1 45
3 2 102
3 3 50
3 4 112
3 5 16
3 6 48
3 7 107
4 1 12
4 2 27
4 3 14
4 4 30
4 5 5
4 6 13
4 7 29
5 1 10
5 2 23
5 3 11
5 4 26
5 5 4
5 6 11
5 7 25
6 1 8
6 2 18
6 3 9
6 4 20
6 5 3
6 6 9
6 7 19
7 1 12
7 2 27
7 3 14
7 4 30
7 5 5
7 6 13
7 7 29
8 1 10
8 2 23
8 3 11
8 4 26
8 5 4
8 6 11
8 7 25
9 1 2
9 2 5
9 3 3
9 4 6
9 5 1
9 6 3
9 7 6
10 1 10
10 2 23
10 3 11
10 4 26
10 5 4
10 6 11
10 7 25
11 1 34
11 2 77
11 3 38
11 4 84
11 5 12
11 6 36
11 7 81

# Energy Consumption
1 1 0
1 2 3
1 3 0
1 4 2
1 5 1
1 6 0
1 7 2
2 1 0
2 2 24
2 3 0
2 4 21
2 5 2
2 6 0
2 7 13
3 1 0
3 2 28
3 3 0
3 4 23
3 5 3
3 6 0
3 7 15
4 1 0
4 2 8
4 3 0
4 4 6
4 5 1
4 6 0
4 7 5
5 1 0
5 2 6
5 3 0
5 4 6
5 5 1
5 6 0
5 7 4
6 1 0
6 2 5
6 3 0
6 4 4
6 5 1
6 6 0
6 7 3
7 1 0
7 2 7
7 3 0
7 4 7
7 5 1
7 6 0
7 7 4
8 1 0
8 2 6
8 3 0
8 4 5
8 5 1
8 6 0
8 7 4
9 1 0
9 2 2
9 3 0
9 4 2
9 5 1
9 6 0
9 7 1
10 1 0
10 2 7
10 3 0
10 4 6
10 5 1
10 6 0
10 7 4
11 1 0
11 2 18
11 3 0
11 4 16
11 5 2
11 6 0
11 7 11

# Precedence Relations
1 4
2 4
2 5
3 11
4 6
5 7
6 8
7 9
8 10
9 10
10 11

# Parameters
R_e = 0.0500
T = 600.0
C_s = 4.0
C_w = 36.0
C_c = 5.0
