# Tasks
1 2 3 4 5 6 7 8 9 10 11 12 13 14 15 16 17 18 19 20 21 22 23 24 25 26 27 28 29 30 31 32 33 34 35 36 37 38 39 40 41 42 43 44 45 46 47 48 49 50

# Workstations
1 2 3 4 5 6 7 8 9 10 11 12 13 14 15 16 17 18 19 20 21 22 23 24 25 26 27 28 29 30 31 32 33 34 35 36 37 38 39 40 41 42 43 44 45 46 47 48 49 50

# Modes
1 2 3 4 5 6 7

# Processing Times
1 1 192
1 2 389
1 3 206
1 4 418
1 5 75
1 6 234
1 7 473
2 1 342
2 2 716
2 3 372
2 4 778
2 5 143
2 6 382
2 7 800
3 1 36
3 2 68
3 3 39
3 4 74
3 5 15
3 6 44
3 7 83
4 1 323
4 2 720
4 3 341
4 4 761
4 5 123
4 6 372
4 7 828
5 1 120
5 2 254
5 3 128
5 4 269
5 5 45
5 6 140
5 7 295
6 1 473
6 2 1158
6 3 506
6 4 1238
6 5 206
6 6 563
6 7 1377
7 1 494
7 2 1229
7 3 527
7 4 1311
7 5 210
7 6 567
7 7 1410
8 1 120
8 2 278
8 3 132
8 4 306
8 5 43
8 6 141
8 7 327
9 1 214
9 2 521
9 3 227
9 4 551
9 5 71
9 6 237
9 7 577
10 1 199
10 2 460
10 3 219
10 4 506
10 5 74
10 6 246
10 7 569
11 1 96
11 2 179
11 3 103
11 4 192
11 5 32
11 6 114
11 7 211
12 1 600
12 2 1375
12 3 660
12 4 1512
12 5 239
12 6 714
12 7 1635
13 1 277
13 2 534
13 3 296
13 4 570
13 5 94
13 6 316
13 7 608
14 1 170
14 2 334
14 3 183
14 4 358
14 5 61
14 6 205
14 7 403
15 1 222
15 2 487
15 3 240
15 4 526
15 5 92
15 6 271
15 7 595
16 1 84
16 2 171
16 3 90
16 4 183
16 5 29
16 6 96
16 7 196
17 1 222
17 2 437
17 3 238
17 4 469
17 5 89
17 6 256
17 7 503
18 1 169
18 2 374
18 3 184
18 4 407
18 5 54
18 6 211
18 7 466
19 1 102
19 2 232
19 3 109
19 4 246
19 5 37
19 6 120
19 7 272
20 1 116
20 2 246
20 3 128
20 4 270
20 5 52
20 6 144
20 7 304
21 1 29
21 2 55
21 3 31
21 4 59
21 5 13
21 6 33
21 7 63
22 1 208
22 2 501
22 3 223
22 4 537
22 5 88
22 6 256
22 7 615
23 1 403
23 2 983
23 3 433
23 4 1056
23 5 153
23 6 501
23 7 1222
24 1 446
24 2 1014
24 3 474
24 4 1077
24 5 182
24 6 556
24 7 1263
25 1 604
25 2 1424
25 3 660
25 4 1555
25 5 249
25 6 688
25 7 1622
26 1 518
26 2 956
26 3 565
26 4 1042
26 5 221
26 6 579
26 7 1067
27 1 32
27 2 66
27 3 35
27 4 72
27 5 14
27 6 38
27 7 78
28 1 276
28 2 681
28 3 294
28 4 724
28 5 113
28 6 311
28 7 766
29 1 47
29 2 101
29 3 51
29 4 110
29 5 21
29 6 55
29 7 117
30 1 539
30 2 1210
30 3 574
30 4 1288
30 5 186
30 6 619
30 7 1390
31 1 71
31 2 151
31 3 75
31 4 160
31 5 31
31 6 84
31 7 178
32 1 191
32 2 394
32 3 207
32 4 427
32 5 80
32 6 212
32 7 437
33 1 178
33 2 374
33 3 192
33 4 403
33 5 78
33 6 212
33 7 444
34 1 58
34 2 107
34 3 64
34 4 118
34 5 23
34 6 65
34 7 120
35 1 210
35 2 490
35 3 223
35 4 521
35 5 93
35 6 261
35 7 609
36 1 137
36 2 302
36 3 149
36 4 328
36 5 56
36 6 153
36 7 337
37 1 542
37 2 1117
37 3 596
37 4 1228
37 5 229
37 6 634
37 7 1305
38 1 135
38 2 318
38 3 149
38 4 350
38 5 43
38 6 157
38 7 370
39 1 123
39 2 252
39 3 135
39 4 275
39 5 44
39 6 146
39 7 299
40 1 126
40 2 251
40 3 135
40 4 268
40 5 51
40 6 140
40 7 279
41 1 228
41 2 464
41 3 241
41 4 489
41 5 102
41 6 281
41 7 572
42 1 238
42 2 475
42 3 255
42 4 508
42 5 80
42 6 284
42 7 565
43 1 268
43 2 651
43 3 287
43 4 697
43 5 93
43 6 324
43 7 786
44 1 412
44 2 813
44 3 449
44 4 886
44 5 158
44 6 487
44 7 961
45 1 146
45 2 356
45 3 158
45 4 386
45 5 47
45 6 163
45 7 396
46 1 294
46 2 636
46 3 319
46 4 690
46 5 131
46 6 360
46 7 778
47 1 92
47 2 189
47 3 102
47 4 208
47 5 42
47 6 107
47 7 220
48 1 48
48 2 101
48 3 53
48 4 111
48 5 16
48 6 60
48 7 125
49 1 114
49 2 257
49 3 121
49 4 273
49 5 51
49 6 137
49 7 307
50 1 526
50 2 949
50 3 553
50 4 998
50 5 177
50 6 636
50 7 1147

# Energy Consumption
1 1 0
1 2 97
1 3 0
1 4 92
1 5 12
1 6 0
1 7 69
2 1 0
2 2 179
2 3 0
2 4 168
2 5 23
2 6 0
2 7 111
3 1 0
3 2 16
3 3 0
3 4 15
3 5 3
3 6 0
3 7 11
4 1 0
4 2 204
4 3 0
4 4 165
4 5 19
4 6 0
4 7 108
5 1 0
5 2 66
5 3 0
5 4 57
5 5 7
5 6 0
5 7 40
6 1 0
6 2 264
6 3 0
6 4 232
6 5 31
6 6 0
6 7 191
7 1 0
7 2 356
7 3 0
7 4 263
7 5 30
7 6 0
7 7 197
8 1 0
8 2 73
8 3 0
8 4 60
8 5 7
8 6 0
8 7 47
9 1 0
9 2 143
9 3 0
9 4 119
9 5 10
9 6 0
9 7 86
10 1 0
10 2 119
10 3 0
10 4 103
10 5 11
10 6 0
10 7 75
11 1 0
11 2 41
11 3 0
11 4 35
11 5 5
11 6 0
11 7 32
12 1 0
12 2 328
12 3 0
12 4 284
12 5 39
12 6 0
12 7 224
13 1 0
13 2 138
13 3 0
13 4 115
13 5 14
13 6 0
13 7 79
14 1 0
14 2 100
14 3 0
14 4 72
14 5 9
14 6 0
14 7 59
15 1 0
15 2 143
15 3 0
15 4 110
15 5 15
15 6 0
15 7 74
16 1 0
16 2 42
16 3 0
16 4 39
16 5 5
16 6 0
16 7 25
17 1 0
17 2 121
17 3 0
17 4 94
17 5 13
17 6 0
17 7 70
18 1 0
18 2 92
18 3 0
18 4 80
18 5 9
18 6 0
18 7 67
19 1 0
19 2 59
19 3 0
19 4 51
19 5 6
19 6 0
19 7 38
20 1 0
20 2 69
20 3 0
20 4 53
20 5 8
20 6 0
20 7 43
21 1 0
21 2 16
21 3 0
21 4 13
21 5 2
21 6 0
21 7 9
22 1 0
22 2 135
22 3 0
22 4 97
22 5 13
22 6 0
22 7 89
23 1 0
23 2 249
23 3 0
23 4 195
23 5 24
23 6 0
23 7 180
24 1 0
24 2 247
24 3 0
24 4 225
24 5 27
24 6 0
24 7 161
25 1 0
25 2 388
25 3 0
25 4 310
25 5 35
25 6 0
25 7 214
26 1 0
26 2 236
26 3 0
26 4 192
26 5 32
26 6 0
26 7 143
27 1 0
27 2 20
27 3 0
27 4 15
27 5 3
27 6 0
27 7 10
28 1 0
28 2 199
28 3 0
28 4 156
28 5 18
28 6 0
28 7 101
29 1 0
29 2 28
29 3 0
29 4 23
29 5 4
29 6 0
29 7 16
30 1 0
30 2 333
30 3 0
30 4 276
30 5 30
30 6 0
30 7 200
31 1 0
31 2 36
31 3 0
31 4 31
31 5 5
31 6 0
31 7 25
32 1 0
32 2 90
32 3 0
32 4 86
32 5 13
32 6 0
32 7 53
33 1 0
33 2 93
33 3 0
33 4 82
33 5 12
33 6 0
33 7 57
34 1 0
34 2 26
34 3 0
34 4 25
34 5 4
34 6 0
34 7 18
35 1 0
35 2 127
35 3 0
35 4 114
35 5 14
35 6 0
35 7 74
36 1 0
36 2 78
36 3 0
36 4 63
36 5 9
36 6 0
36 7 45
37 1 0
37 2 259
37 3 0
37 4 251
37 5 34
37 6 0
37 7 174
38 1 0
38 2 92
38 3 0
38 4 66
38 5 7
38 6 0
38 7 53
39 1 0
39 2 66
39 3 0
39 4 52
39 5 7
39 6 0
39 7 41
40 1 0
40 2 71
40 3 0
40 4 58
40 5 8
40 6 0
40 7 36
41 1 0
41 2 109
41 3 0
41 4 93
41 5 15
41 6 0
41 7 78
42 1 0
42 2 140
42 3 0
42 4 101
42 5 12
42 6 0
42 7 83
43 1 0
43 2 154
43 3 0
43 4 152
43 5 15
43 6 0
43 7 99
44 1 0
44 2 188
44 3 0
44 4 186
44 5 24
44 6 0
44 7 134
45 1 0
45 2 102
45 3 0
45 4 74
45 5 8
45 6 0
45 7 51
46 1 0
46 2 184
46 3 0
46 4 152
46 5 21
46 6 0
46 7 96
47 1 0
47 2 45
47 3 0
47 4 40
47 5 7
47 6 0
47 7 32
48 1 0
48 2 28
48 3 0
48 4 23
48 5 3
48 6 0
48 7 18
49 1 0
49 2 73
49 3 0
49 4 52
49 5 8
49 6 0
49 7 39
50 1 0
50 2 230
50 3 0
50 4 213
50 5 29
50 6 0
50 7 139

# Precedence Relations
1 8
2 7
2 9
2 11
2 12
5 10
7 36
8 14
9 15
10 16
11 17
11 20
12 13
12 18
12 19
12 21
13 36
14 25
15 22
16 24
17 23
18 26
19 27
22 36
23 29
24 30
25 28
25 31
26 28
26 34
26 35
27 32
27 33
28 36
29 38
30 38
31 37
32 39
33 40
36 41
36 42
36 43
36 44
36 45
36 47
37 46
41 48
46 49
46 50

# Parameters
R_e = 0.0500
T = 1000.0
C_s = 4.0
C_w = 36.0
C_c = 5.0
