# Tasks
1 2 3 4 5 6 7 8 9 10 11 12 13 14 15 16 17 18 19 20

# Workstations
1 2 3 4 5 6 7 8 9 10 11 12 13 14 15 16 17 18 19 20

# Modes
1 2 3 4 5 6 7

# Processing Times
1 1 85
1 2 90
1 3 74
1 4 78
1 5 32
1 6 86
1 7 91
2 1 262
2 2 284
2 3 243
2 4 263
2 5 103
2 6 286
2 7 309
3 1 34
3 2 36
3 3 30
3 4 32
3 5 11
3 6 35
3 7 37
4 1 93
4 2 93
4 3 83
4 4 83
4 5 29
4 6 98
4 7 98
5 1 40
5 2 44
5 3 38
5 4 42
5 5 17
5 6 43
5 7 47
6 1 149
6 2 133
6 3 136
6 4 121
6 5 60
6 6 154
6 7 138
7 1 56
7 2 50
7 3 53
7 4 47
7 5 18
7 6 60
7 7 54
8 1 103
8 2 103
8 3 96
8 4 96
8 5 42
8 6 109
8 7 109
9 1 53
9 2 54
9 3 50
9 4 51
9 5 21
9 6 55
9 7 57
10 1 41
10 2 36
10 3 39
10 4 34
10 5 15
10 6 42
10 7 37
11 1 118
11 2 109
11 3 110
11 4 101
11 5 43
11 6 123
11 7 113
12 1 121
12 2 130
12 3 114
12 4 123
12 5 48
12 6 127
12 7 137
13 1 124
13 2 122
13 3 111
13 4 109
13 5 51
13 6 125
13 7 123
14 1 44
14 2 43
14 3 40
14 4 39
14 5 20
14 6 47
14 7 46
15 1 199
15 2 192
15 3 175
15 4 168
15 5 79
15 6 204
15 7 197
16 1 95
16 2 86
16 3 83
16 4 75
16 5 39
16 6 97
16 7 88
17 1 27
17 2 25
17 3 24
17 4 22
17 5 11
17 6 29
17 7 27
18 1 151
18 2 163
18 3 130
18 4 140
18 5 51
18 6 164
18 7 177
19 1 43
19 2 46
19 3 38
19 4 40
19 5 15
19 6 46
19 7 49
20 1 95
20 2 97
20 3 82
20 4 83
20 5 42
20 6 98
20 7 100

# Energy Consumption
1 1 0
1 2 23
1 3 0
1 4 16
1 5 5
1 6 0
1 7 13
2 1 0
2 2 67
2 3 0
2 4 54
2 5 16
2 6 0
2 7 43
3 1 0
3 2 9
3 3 0
3 4 6
3 5 2
3 6 0
3 7 6
4 1 0
4 2 28
4 3 0
4 4 16
4 5 5
4 6 0
4 7 15
5 1 0
5 2 14
5 3 0
5 4 9
5 5 3
5 6 0
5 7 7
6 1 0
6 2 39
6 3 0
6 4 23
6 5 9
6 6 0
6 7 19
7 1 0
7 2 12
7 3 0
7 4 10
7 5 3
7 6 0
7 7 8
8 1 0
8 2 31
8 3 0
8 4 20
8 5 7
8 6 0
8 7 15
9 1 0
9 2 14
9 3 0
9 4 11
9 5 4
9 6 0
9 7 9
10 1 0
10 2 10
10 3 0
10 4 8
10 5 3
10 6 0
10 7 5
11 1 0
11 2 26
11 3 0
11 4 22
11 5 7
11 6 0
11 7 16
12 1 0
12 2 32
12 3 0
12 4 26
12 5 8
12 6 0
12 7 20
13 1 0
13 2 30
13 3 0
13 4 22
13 5 9
13 6 0
13 7 16
14 1 0
14 2 11
14 3 0
14 4 8
14 5 4
14 6 0
14 7 6
15 1 0
15 2 57
15 3 0
15 4 37
15 5 13
15 6 0
15 7 25
16 1 0
16 2 20
16 3 0
16 4 15
16 5 6
16 6 0
16 7 12
17 1 0
17 2 7
17 3 0
17 4 5
17 5 2
17 6 0
17 7 5
18 1 0
18 2 37
18 3 0
18 4 30
18 5 8
18 6 0
18 7 25
19 1 0
19 2 11
19 3 0
19 4 9
19 5 3
19 6 0
19 7 8
20 1 0
20 2 26
20 3 0
20 4 17
20 5 7
20 6 0
20 7 15

# Precedence Relations
1 11
2 11
3 4
3 5
4 11
5 6
5 7
5 8
5 9
5 10
6 11
7 11
8 20
9 12
10 12
11 13
11 14
11 15
11 16
12 19
14 18
14 20
15 17
16 19
16 20

# Parameters
R_e = 0.0500
T = 1000.0
C_s = 4.0
C_w = 36.0
C_c = 5.0
