# Tasks
1 2 3 4 5 6 7 8 9 10 11 12 13 14 15 16 17 18 19 20

# Workstations
1 2 3 4 5 6 7 8 9 10 11 12 13 14 15 16 17 18 19 20

# Modes
1 2 3 4 5 6 7

# Processing Times
1 1 85
1 2 111
1 3 93
1 4 121
1 5 56
1 6 92
1 7 120
2 1 262
2 2 340
2 3 285
2 4 370
2 5 170
2 6 283
2 7 367
3 1 34
3 2 45
3 3 37
3 4 49
3 5 23
3 6 37
3 7 49
4 1 93
4 2 121
4 3 102
4 4 132
4 5 61
4 6 101
4 7 131
5 1 40
5 2 52
5 3 44
5 4 57
5 5 26
5 6 44
5 7 57
6 1 149
6 2 194
6 3 162
6 4 211
6 5 97
6 6 161
6 7 209
7 1 56
7 2 73
7 3 61
7 4 80
7 5 37
7 6 61
7 7 79
8 1 103
8 2 134
8 3 112
8 4 146
8 5 67
8 6 111
8 7 145
9 1 53
9 2 69
9 3 58
9 4 75
9 5 35
9 6 58
9 7 75
10 1 41
10 2 54
10 3 45
10 4 59
10 5 27
10 6 45
10 7 59
11 1 118
11 2 154
11 3 129
11 4 168
11 5 77
11 6 128
11 7 166
12 1 121
12 2 157
12 3 132
12 4 171
12 5 79
12 6 131
12 7 170
13 1 124
13 2 161
13 3 135
13 4 175
13 5 81
13 6 134
13 7 174
14 1 44
14 2 58
14 3 48
14 4 63
14 5 29
14 6 48
14 7 63
15 1 199
15 2 259
15 3 217
15 4 282
15 5 129
15 6 215
15 7 279
16 1 95
16 2 124
16 3 104
16 4 135
16 5 62
16 6 103
16 7 134
17 1 27
17 2 36
17 3 30
17 4 40
17 5 18
17 6 30
17 7 39
18 1 151
18 2 196
18 3 165
18 4 213
18 5 98
18 6 163
18 7 212
19 1 43
19 2 56
19 3 47
19 4 61
19 5 28
19 6 47
19 7 61
20 1 95
20 2 124
20 3 104
20 4 135
20 5 62
20 6 103
20 7 134

# Energy Consumption
1 1 0
1 2 27
1 3 0
1 4 25
1 5 9
1 6 0
1 7 18
2 1 0
2 2 86
2 3 0
2 4 74
2 5 26
2 6 0
2 7 52
3 1 0
3 2 13
3 3 0
3 4 10
3 5 4
3 6 0
3 7 7
4 1 0
4 2 31
4 3 0
4 4 30
4 5 9
4 6 0
4 7 19
5 1 0
5 2 13
5 3 0
5 4 12
5 5 5
5 6 0
5 7 8
6 1 0
6 2 43
6 3 0
6 4 45
6 5 15
6 6 0
6 7 29
7 1 0
7 2 17
7 3 0
7 4 18
7 5 6
7 6 0
7 7 12
8 1 0
8 2 35
8 3 0
8 4 31
8 5 10
8 6 0
8 7 21
9 1 0
9 2 19
9 3 0
9 4 16
9 5 6
9 6 0
9 7 12
10 1 0
10 2 16
10 3 0
10 4 13
10 5 5
10 6 0
10 7 9
11 1 0
11 2 35
11 3 0
11 4 31
11 5 12
11 6 0
11 7 24
12 1 0
12 2 40
12 3 0
12 4 38
12 5 12
12 6 0
12 7 24
13 1 0
13 2 39
13 3 0
13 4 35
13 5 12
13 6 0
13 7 24
14 1 0
14 2 18
14 3 0
14 4 13
14 5 5
14 6 0
14 7 9
15 1 0
15 2 67
15 3 0
15 4 52
15 5 20
15 6 0
15 7 35
16 1 0
16 2 36
16 3 0
16 4 29
16 5 10
16 6 0
16 7 18
17 1 0
17 2 10
17 3 0
17 4 9
17 5 3
17 6 0
17 7 5
18 1 0
18 2 48
18 3 0
18 4 43
18 5 16
18 6 0
18 7 27
19 1 0
19 2 16
19 3 0
19 4 13
19 5 5
19 6 0
19 7 10
20 1 0
20 2 32
20 3 0
20 4 30
20 5 10
20 6 0
20 7 17

# Precedence Relations
1 11
2 11
3 4
3 5
4 11
5 6
5 7
5 8
5 9
5 10
6 11
7 11
8 20
9 12
10 12
11 13
11 14
11 15
11 16
12 19
14 18
14 20
15 17
16 19
16 20

# Parameters
R_e = 0.0500
T = 1000.0
C_s = 4.0
C_w = 36.0
C_c = 5.0
