# Tasks
1 2 3 4 5 6 7 8 9 10 11

# Workstations
1 2 3 4 5 6 7 8 9 10 11

# Modes
1 2 3 4 5 6 7

# Processing Times
1 1 4
1 2 8
1 3 4
1 4 8
1 5 4
1 6 5
1 7 9
2 1 38
2 2 72
2 3 38
2 4 71
2 5 36
2 6 43
2 7 80
3 1 45
3 2 85
3 3 45
3 4 84
3 5 42
3 6 50
3 7 95
4 1 12
4 2 23
4 3 12
4 4 23
4 5 12
4 6 14
4 7 26
5 1 10
5 2 19
5 3 10
5 4 19
5 5 10
5 6 12
5 7 22
6 1 8
6 2 15
6 3 8
6 4 15
6 5 8
6 6 9
6 7 17
7 1 12
7 2 23
7 3 12
7 4 23
7 5 12
7 6 14
7 7 26
8 1 10
8 2 19
8 3 10
8 4 19
8 5 10
8 6 12
8 7 22
9 1 2
9 2 4
9 3 2
9 4 4
9 5 2
9 6 3
9 7 5
10 1 10
10 2 19
10 3 10
10 4 19
10 5 10
10 6 12
10 7 22
11 1 34
11 2 64
11 3 34
11 4 63
11 5 32
11 6 38
11 7 71

# Energy Consumption
1 1 0
1 2 2
1 3 0
1 4 2
1 5 1
1 6 0
1 7 2
2 1 0
2 2 20
2 3 0
2 4 14
2 5 6
2 6 0
2 7 11
3 1 0
3 2 21
3 3 0
3 4 19
3 5 7
3 6 0
3 7 13
4 1 0
4 2 7
4 3 0
4 4 6
4 5 2
4 6 0
4 7 4
5 1 0
5 2 5
5 3 0
5 4 4
5 5 2
5 6 0
5 7 3
6 1 0
6 2 4
6 3 0
6 4 3
6 5 2
6 6 0
6 7 3
7 1 0
7 2 7
7 3 0
7 4 5
7 5 2
7 6 0
7 7 4
8 1 0
8 2 6
8 3 0
8 4 5
8 5 2
8 6 0
8 7 3
9 1 0
9 2 2
9 3 0
9 4 1
9 5 1
9 6 0
9 7 1
10 1 0
10 2 5
10 3 0
10 4 4
10 5 2
10 6 0
10 7 3
11 1 0
11 2 15
11 3 0
11 4 13
11 5 6
11 6 0
11 7 10

# Precedence Relations
1 4
2 4
2 5
3 11
4 6
5 7
6 8
7 9
8 10
9 10
10 11

# Parameters
R_e = 0.0500
T = 600.0
C_s = 4.0
C_w = 36.0
C_c = 5.0
