# Tasks
1 2 3 4 5 6 7 8 9 10 11 12 13 14 15 16 17 18 19 20 21 22 23 24 25 26 27 28 29 30 31 32 33 34 35 36 37 38 39 40 41 42 43 44 45 46 47 48 49 50

# Workstations
1 2 3 4 5 6 7 8 9 10 11 12 13 14 15 16 17 18 19 20 21 22 23 24 25 26 27 28 29 30 31 32 33 34 35 36 37 38 39 40 41 42 43 44 45 46 47 48 49 50

# Modes
1 2 3 4 5 6 7

# Processing Times
1 1 44
1 2 110
1 3 39
1 4 96
1 5 31
1 6 63
1 7 156
2 1 83
2 2 201
2 3 72
2 4 174
2 5 58
2 6 108
2 7 261
3 1 495
3 2 1154
3 3 463
3 4 1078
3 5 310
3 6 697
3 7 1624
4 1 256
4 2 572
4 3 238
4 4 531
4 5 142
4 6 330
4 7 737
5 1 109
5 2 217
5 3 103
5 4 205
5 5 68
5 6 146
5 7 290
6 1 224
6 2 491
6 3 195
6 4 426
6 5 155
6 6 289
6 7 634
7 1 297
7 2 665
7 3 254
7 4 568
7 5 175
7 6 393
7 7 878
8 1 30
8 2 58
8 3 28
8 4 53
8 5 19
8 6 41
8 7 78
9 1 105
9 2 195
9 3 100
9 4 185
9 5 70
9 6 132
9 7 245
10 1 432
10 2 864
10 3 402
10 4 804
10 5 273
10 6 614
10 7 1227
11 1 264
11 2 558
11 3 226
11 4 477
11 5 183
11 6 353
11 7 746
12 1 104
12 2 193
12 3 96
12 4 178
12 5 72
12 6 150
12 7 277
13 1 240
13 2 484
13 3 226
13 4 454
13 5 142
13 6 346
13 7 697
14 1 128
14 2 266
14 3 121
14 4 251
14 5 89
14 6 166
14 7 344
15 1 92
15 2 229
15 3 85
15 4 211
15 5 59
15 6 129
15 7 320
16 1 69
16 2 132
16 3 63
16 4 120
16 5 47
16 6 91
16 7 174
17 1 110
17 2 199
17 3 103
17 4 186
17 5 64
17 6 156
17 7 283
18 1 335
18 2 826
18 3 302
18 4 744
18 5 204
18 6 419
18 7 1033
19 1 109
19 2 197
19 3 94
19 4 170
19 5 63
19 6 142
19 7 257
20 1 26
20 2 58
20 3 25
20 4 54
20 5 17
20 6 34
20 7 76
21 1 158
21 2 355
21 3 139
21 4 311
21 5 107
21 6 219
21 7 490
22 1 66
22 2 158
22 3 61
22 4 146
22 5 46
22 6 86
22 7 206
23 1 480
23 2 1049
23 3 449
23 4 980
23 5 288
23 6 691
23 7 1511
24 1 53
24 2 132
24 3 47
24 4 117
24 5 35
24 6 75
24 7 186
25 1 578
25 2 1041
25 3 507
25 4 913
25 5 348
25 6 820
25 7 1476
26 1 292
26 2 641
26 3 252
26 4 553
26 5 162
26 6 412
26 7 905
27 1 188
27 2 424
27 3 173
27 4 390
27 5 132
27 6 254
27 7 573
28 1 94
28 2 205
28 3 87
28 4 189
28 5 57
28 6 131
28 7 284
29 1 150
29 2 327
29 3 136
29 4 295
29 5 97
29 6 212
29 7 462
30 1 179
30 2 387
30 3 161
30 4 348
30 5 115
30 6 257
30 7 555
31 1 442
31 2 886
31 3 396
31 4 794
31 5 260
31 6 598
31 7 1199
32 1 193
32 2 399
32 3 182
32 4 376
32 5 134
32 6 247
32 7 510
33 1 49
33 2 104
33 3 46
33 4 97
33 5 30
33 6 65
33 7 136
34 1 143
34 2 349
34 3 124
34 4 302
34 5 82
34 6 199
34 7 485
35 1 89
35 2 199
35 3 77
35 4 173
35 5 54
35 6 116
35 7 260
36 1 259
36 2 541
36 3 238
36 4 498
36 5 175
36 6 325
36 7 678
37 1 185
37 2 395
37 3 163
37 4 347
37 5 128
37 6 263
37 7 560
38 1 280
38 2 692
38 3 249
38 4 615
38 5 186
38 6 356
38 7 880
39 1 424
39 2 967
39 3 392
39 4 892
39 5 241
39 6 579
39 7 1319
40 1 33
40 2 74
40 3 29
40 4 65
40 5 23
40 6 46
40 7 102
41 1 172
41 2 321
41 3 147
41 4 274
41 5 102
41 6 219
41 7 409
42 1 171
42 2 312
42 3 146
42 4 266
42 5 116
42 6 217
42 7 395
43 1 169
43 2 370
43 3 147
43 4 321
43 5 106
43 6 245
43 7 535
44 1 327
44 2 785
44 3 299
44 4 718
44 5 193
44 6 468
44 7 1122
45 1 482
45 2 1051
45 3 450
45 4 980
45 5 323
45 6 651
45 7 1420
46 1 287
46 2 634
46 3 252
46 4 556
46 5 171
46 6 403
46 7 891
47 1 83
47 2 180
47 3 72
47 4 155
47 5 49
47 6 107
47 7 231
48 1 425
48 2 1062
48 3 363
48 4 907
48 5 246
48 6 606
48 7 1515
49 1 152
49 2 375
49 3 138
49 4 340
49 5 94
49 6 217
49 7 535
50 1 374
50 2 816
50 3 331
50 4 722
50 5 213
50 6 502
50 7 1095

# Energy Consumption
1 1 0
1 2 32
1 3 0
1 4 19
1 5 5
1 6 0
1 7 20
2 1 0
2 2 47
2 3 0
2 4 33
2 5 9
2 6 0
2 7 38
3 1 0
3 2 290
3 3 0
3 4 217
3 5 44
3 6 0
3 7 222
4 1 0
4 2 141
4 3 0
4 4 109
4 5 22
4 6 0
4 7 94
5 1 0
5 2 53
5 3 0
5 4 43
5 5 10
5 6 0
5 7 37
6 1 0
6 2 120
6 3 0
6 4 94
6 5 24
6 6 0
6 7 83
7 1 0
7 2 168
7 3 0
7 4 117
7 5 27
7 6 0
7 7 122
8 1 0
8 2 16
8 3 0
8 4 12
8 5 3
8 6 0
8 7 12
9 1 0
9 2 44
9 3 0
9 4 36
9 5 11
9 6 0
9 7 30
10 1 0
10 2 222
10 3 0
10 4 169
10 5 42
10 6 0
10 7 150
11 1 0
11 2 134
11 3 0
11 4 91
11 5 27
11 6 0
11 7 93
12 1 0
12 2 49
12 3 0
12 4 35
12 5 11
12 6 0
12 7 34
13 1 0
13 2 142
13 3 0
13 4 86
13 5 22
13 6 0
13 7 98
14 1 0
14 2 77
14 3 0
14 4 48
14 5 14
14 6 0
14 7 50
15 1 0
15 2 53
15 3 0
15 4 41
15 5 10
15 6 0
15 7 41
16 1 0
16 2 32
16 3 0
16 4 26
16 5 7
16 6 0
16 7 21
17 1 0
17 2 53
17 3 0
17 4 36
17 5 10
17 6 0
17 7 35
18 1 0
18 2 211
18 3 0
18 4 140
18 5 32
18 6 0
18 7 147
19 1 0
19 2 52
19 3 0
19 4 31
19 5 11
19 6 0
19 7 37
20 1 0
20 2 15
20 3 0
20 4 11
20 5 3
20 6 0
20 7 11
21 1 0
21 2 92
21 3 0
21 4 68
21 5 16
21 6 0
21 7 68
22 1 0
22 2 47
22 3 0
22 4 30
22 5 7
22 6 0
22 7 27
23 1 0
23 2 290
23 3 0
23 4 214
23 5 42
23 6 0
23 7 193
24 1 0
24 2 32
24 3 0
24 4 23
24 5 6
24 6 0
24 7 28
25 1 0
25 2 289
25 3 0
25 4 170
25 5 51
25 6 0
25 7 212
26 1 0
26 2 169
26 3 0
26 4 103
26 5 24
26 6 0
26 7 131
27 1 0
27 2 100
27 3 0
27 4 72
27 5 22
27 6 0
27 7 80
28 1 0
28 2 50
28 3 0
28 4 38
28 5 9
28 6 0
28 7 43
29 1 0
29 2 92
29 3 0
29 4 59
29 5 14
29 6 0
29 7 58
30 1 0
30 2 88
30 3 0
30 4 66
30 5 17
30 6 0
30 7 72
31 1 0
31 2 257
31 3 0
31 4 158
31 5 42
31 6 0
31 7 171
32 1 0
32 2 103
32 3 0
32 4 72
32 5 21
32 6 0
32 7 67
33 1 0
33 2 28
33 3 0
33 4 21
33 5 5
33 6 0
33 7 19
34 1 0
34 2 96
34 3 0
34 4 65
34 5 13
34 6 0
34 7 68
35 1 0
35 2 59
35 3 0
35 4 32
35 5 9
35 6 0
35 7 35
36 1 0
36 2 158
36 3 0
36 4 91
36 5 27
36 6 0
36 7 84
37 1 0
37 2 95
37 3 0
37 4 67
37 5 19
37 6 0
37 7 83
38 1 0
38 2 205
38 3 0
38 4 134
38 5 28
38 6 0
38 7 126
39 1 0
39 2 290
39 3 0
39 4 184
39 5 39
39 6 0
39 7 173
40 1 0
40 2 19
40 3 0
40 4 14
40 5 4
40 6 0
40 7 15
41 1 0
41 2 90
41 3 0
41 4 59
41 5 16
41 6 0
41 7 56
42 1 0
42 2 88
42 3 0
42 4 54
42 5 18
42 6 0
42 7 56
43 1 0
43 2 103
43 3 0
43 4 68
43 5 17
43 6 0
43 7 78
44 1 0
44 2 218
44 3 0
44 4 144
44 5 30
44 6 0
44 7 151
45 1 0
45 2 238
45 3 0
45 4 188
45 5 47
45 6 0
45 7 205
46 1 0
46 2 172
46 3 0
46 4 115
46 5 26
46 6 0
46 7 128
47 1 0
47 2 42
47 3 0
47 4 32
47 5 8
47 6 0
47 7 35
48 1 0
48 2 271
48 3 0
48 4 197
48 5 36
48 6 0
48 7 222
49 1 0
49 2 108
49 3 0
49 4 66
49 5 14
49 6 0
49 7 75
50 1 0
50 2 244
50 3 0
50 4 136
50 5 32
50 6 0
50 7 143

# Precedence Relations
1 16
2 12
3 7
3 8
3 10
4 11
5 6
5 9
6 20
7 20
9 13
9 18
9 19
11 14
11 16
11 17
12 15
13 20
14 20
15 21
15 22
15 24
18 23
18 25
20 26
20 27
20 28
20 29
20 30
20 49
21 32
22 33
23 31
24 34
26 36
27 39
31 35
32 37
33 38
35 42
36 41
37 40
38 43
38 44
40 45
41 46
42 49
42 50
43 47
44 48

# Parameters
R_e = 0.0500
T = 1000.0
C_s = 4.0
C_w = 36.0
C_c = 5.0
