# Tasks
1 2 3 4 5 6 7 8 9 10 11 12 13 14 15 16 17 18 19 20 21 22 23 24 25 26 27 28 29 30 31 32 33 34 35 36 37 38 39 40 41 42 43 44 45 46 47 48 49 50 51 52 53 54 55 56 57 58 59 60 61 62 63 64 65 66 67 68 69 70 71 72 73 74 75 76 77 78 79 80 81 82 83 84 85 86 87 88 89 90 91 92 93 94 95 96 97 98 99 100 101 102 103 104 105 106 107 108 109 110 111

# Workstations
1 2 3 4 5 6 7 8 9 10 11 12 13 14 15 16 17 18 19 20 21 22 23 24 25 26 27 28 29 30 31 32 33 34 35 36 37 38 39 40 41 42 43 44 45 46 47 48 49 50 51 52 53 54 55 56 57 58 59 60 61 62 63 64 65 66 67 68 69 70 71 72 73 74 75 76 77 78 79 80 81 82 83 84 85 86 87 88 89 90 91 92 93 94 95 96 97 98 99 100 101 102 103 104 105 106 107 108 109 110 111

# Modes
1 2 3 4 5 6 7

# Processing Times
1 1 1960
1 2 2980
1 3 2052
1 4 3120
1 5 700
1 6 2653
1 7 4033
2 1 1715
2 2 2232
2 3 1747
2 4 2273
2 5 746
2 6 2219
2 7 2888
3 1 735
3 2 1122
3 3 733
3 4 1119
3 5 225
3 6 1017
3 7 1552
4 1 1715
4 2 2398
4 3 1630
4 4 2280
4 5 748
4 6 2405
4 7 3363
5 1 490
5 2 716
5 3 510
5 4 745
5 5 174
5 6 671
5 7 981
6 1 1225
6 2 1531
6 3 1197
6 4 1496
6 5 455
6 6 1724
6 7 2154
7 1 169
7 2 209
7 3 172
7 4 213
7 5 68
7 6 224
7 7 277
8 1 2252
8 2 3002
8 3 2284
8 4 3044
8 5 908
8 6 3136
8 7 4180
9 1 1225
9 2 1912
9 3 1187
9 4 1853
9 5 461
9 6 1577
9 7 2461
10 1 2319
10 2 3082
10 3 2381
10 4 3165
10 5 931
10 6 2903
10 7 3858
11 1 1715
11 2 2494
11 3 1799
11 4 2616
11 5 605
11 6 2426
11 7 3528
12 1 980
12 2 1414
12 3 955
12 4 1377
12 5 310
12 6 1397
12 7 2015
13 1 735
13 2 1086
13 3 716
13 4 1058
13 5 222
13 6 974
13 7 1439
14 1 2281
14 2 3607
14 3 2272
14 4 3592
14 5 796
14 6 3299
14 7 5216
15 1 2750
15 2 4131
15 3 2726
15 4 4095
15 5 856
15 6 3740
15 7 5618
16 1 77
16 2 117
16 3 80
16 4 122
16 5 29
16 6 109
16 7 166
17 1 89
17 2 140
17 3 86
17 4 135
17 5 36
17 6 125
17 7 197
18 1 51
18 2 70
18 3 53
18 4 73
18 5 17
18 6 73
18 7 99
19 1 364
19 2 553
19 3 365
19 4 555
19 5 140
19 6 465
19 7 706
20 1 405
20 2 575
20 3 402
20 4 570
20 5 178
20 6 541
20 7 767
21 1 3060
21 2 4777
21 3 3033
21 4 4734
21 5 1121
21 6 3908
21 7 6101
22 1 125
22 2 180
22 3 120
22 4 173
22 5 41
22 6 176
22 7 253
23 1 3429
23 2 4629
23 3 3469
23 4 4683
23 5 1205
23 6 4754
23 7 6418
24 1 43
24 2 67
24 3 44
24 4 69
24 5 16
24 6 58
24 7 89
25 1 3430
25 2 4545
25 3 3507
25 4 4647
25 5 1532
25 6 4397
25 7 5827
26 1 1960
26 2 2416
26 3 1979
26 4 2440
26 5 797
26 6 2724
26 7 3358
27 1 29
27 2 37
27 3 29
27 4 37
27 5 13
27 6 39
27 7 50
28 1 27
28 2 42
28 3 27
28 4 41
28 5 9
28 6 38
28 7 59
29 1 15
29 2 24
29 3 15
29 4 24
29 5 6
29 6 19
29 7 31
30 1 121
30 2 171
30 3 121
30 4 170
30 5 40
30 6 166
30 7 235
31 1 1715
31 2 2549
31 3 1781
31 4 2647
31 5 751
31 6 2362
31 7 3510
32 1 2127
32 2 2738
32 3 2041
32 4 2627
32 5 716
32 6 2850
32 7 3668
33 1 1470
33 2 1912
33 3 1543
33 4 2007
33 5 510
33 6 1856
33 7 2414
34 1 4037
34 2 5992
34 3 3889
34 4 5772
34 5 1466
34 6 5704
34 7 8466
35 1 68
35 2 84
35 3 66
35 4 82
35 5 26
35 6 96
35 7 119
36 1 62
36 2 82
36 3 61
36 4 81
36 5 23
36 6 80
36 7 105
37 1 42
37 2 59
37 3 43
37 4 61
37 5 19
37 6 54
37 7 75
38 1 364
38 2 537
38 3 365
38 4 538
38 5 130
38 6 460
38 7 679
39 1 4998
39 2 6451
39 3 5246
39 4 6771
39 5 1593
39 6 7018
39 7 9058
40 1 1470
40 2 2041
40 3 1406
40 4 1951
40 5 565
40 6 1944
40 7 2699
41 1 2963
41 2 4269
41 3 3061
41 4 4410
41 5 938
41 6 4249
41 7 6121
42 1 5689
42 2 8572
42 3 5431
42 4 8182
42 5 2545
42 6 7182
42 7 10822
43 1 68
43 2 94
43 3 71
43 4 98
43 5 24
43 6 97
43 7 135
44 1 18
44 2 25
44 3 19
44 4 26
44 5 7
44 6 25
44 7 34
45 1 10
45 2 14
45 3 10
45 4 14
45 5 5
45 6 14
45 7 20
46 1 81
46 2 100
46 3 80
46 4 99
46 5 31
46 6 103
46 7 128
47 1 5200
47 2 6929
47 3 5339
47 4 7114
47 5 1684
47 6 7357
47 7 9804
48 1 39
48 2 55
48 3 40
48 4 56
48 5 15
48 6 51
48 7 72
49 1 67
49 2 85
49 3 67
49 4 84
49 5 28
49 6 92
49 7 117
50 1 27
50 2 39
50 3 28
50 4 40
50 5 10
50 6 35
50 7 51
51 1 15
51 2 22
51 3 15
51 4 22
51 5 6
51 6 21
51 7 30
52 1 121
52 2 187
52 3 116
52 4 179
52 5 44
52 6 160
52 7 247
53 1 58
53 2 87
53 3 61
53 4 91
53 5 22
53 6 79
53 7 118
54 1 1715
54 2 2410
54 3 1729
54 4 2430
54 5 615
54 6 2418
54 7 3397
55 1 125
55 2 196
55 3 130
55 4 203
55 5 46
55 6 160
55 7 250
56 1 4010
56 2 5619
56 3 3906
56 4 5473
56 5 1730
56 6 5261
56 7 7372
57 1 1470
57 2 2110
57 3 1422
57 4 2042
57 5 459
57 6 1913
57 7 2746
58 1 1470
58 2 2173
58 3 1411
58 4 2085
58 5 594
58 6 1888
58 7 2790
59 1 2303
59 2 3100
59 3 2410
59 4 3244
59 5 889
59 6 3066
59 7 4126
60 1 1960
60 2 2634
60 3 2042
60 4 2745
60 5 877
60 6 2605
60 7 3500
61 1 2205
61 2 3042
61 3 2114
61 4 2916
61 5 679
61 6 2790
61 7 3849
62 1 4018
62 2 4890
62 3 4034
62 4 4910
62 5 1732
62 6 5242
62 7 6379
63 1 2744
63 2 3920
63 3 2778
63 4 3968
63 5 1164
63 6 3592
63 7 5132
64 1 2999
64 2 4524
64 3 2996
64 4 4519
64 5 1223
64 6 3884
64 7 5859
65 1 735
65 2 1153
65 3 731
65 4 1147
65 5 251
65 6 1016
65 7 1594
66 1 735
66 2 999
66 3 740
66 4 1006
66 5 322
66 6 975
66 7 1325
67 1 735
67 2 1070
67 3 748
67 4 1088
67 5 223
67 6 922
67 7 1342
68 1 735
68 2 1105
68 3 702
68 4 1055
68 5 308
68 6 961
68 7 1444
69 1 545
69 2 822
69 3 573
69 4 863
69 5 220
69 6 703
69 7 1060
70 1 3386
70 2 5037
70 3 3363
70 4 5002
70 5 1176
70 6 4865
70 7 7237
71 1 3234
71 2 4493
71 3 3362
71 4 4671
71 5 1292
71 6 4129
71 7 5737
72 1 2205
72 2 3330
72 3 2230
72 4 3367
72 5 772
72 6 2974
72 7 4491
73 1 2206
73 2 2817
73 3 2302
73 4 2939
73 5 806
73 6 2846
73 7 3634
74 1 490
74 2 731
74 3 498
74 4 743
74 5 202
74 6 672
74 7 1002
75 1 825
75 2 1242
75 3 801
75 4 1205
75 5 331
75 6 1036
75 7 1559
76 1 3528
76 2 4877
76 3 3496
76 4 4832
76 5 1572
76 6 4431
76 7 6125
77 1 3568
77 2 5342
77 3 3736
77 4 5593
77 5 1261
77 6 4749
77 7 7110
78 1 1200
78 2 1663
78 3 1246
78 4 1727
78 5 368
78 6 1518
78 7 2104
79 1 618
79 2 859
79 3 630
79 4 876
79 5 236
79 6 818
79 7 1137
80 1 1470
80 2 2198
80 3 1455
80 4 2175
80 5 454
80 6 1899
80 7 2840
81 1 1715
81 2 2091
81 3 1699
81 4 2071
81 5 676
81 6 2435
81 7 2968
82 1 735
82 2 1105
82 3 739
82 4 1111
82 5 281
82 6 1021
82 7 1535
83 1 1960
83 2 2631
83 3 1964
83 4 2636
83 5 686
83 6 2825
83 7 3792
84 1 2889
84 2 4155
84 3 2909
84 4 4184
84 5 1184
84 6 4143
84 7 5959
85 1 618
85 2 756
85 3 604
85 4 739
85 5 258
85 6 830
85 7 1016
86 1 490
86 2 724
86 3 480
86 4 708
86 5 168
86 6 660
86 7 974
87 1 735
87 2 1107
87 3 728
87 4 1096
87 5 283
87 6 969
87 7 1460
88 1 490
88 2 698
88 3 514
88 4 732
88 5 195
88 6 642
88 7 914
89 1 921
89 2 1251
89 3 882
89 4 1197
89 5 378
89 6 1189
89 7 1615
90 1 326
90 2 473
90 3 318
90 4 461
90 5 137
90 6 435
90 7 631
91 1 5390
91 2 7399
91 3 5258
91 4 7217
91 5 1663
91 6 7348
91 7 10086
92 1 243
92 2 366
92 3 242
92 4 364
92 5 100
92 6 330
92 7 497
93 1 371
93 2 466
93 3 359
93 4 451
93 5 122
93 6 491
93 7 617
94 1 58
94 2 70
94 3 60
94 4 73
94 5 22
94 6 80
94 7 96
95 1 5059
95 2 7401
95 3 5120
95 4 7490
95 5 1936
95 6 6974
95 7 10202
96 1 1225
96 2 1711
96 3 1189
96 4 1661
96 5 492
96 6 1658
96 7 2316
97 1 769
97 2 948
97 3 750
97 4 925
97 5 314
97 6 1096
97 7 1351
98 1 768
98 2 976
98 3 785
98 4 997
98 5 302
98 6 1056
98 7 1342
99 1 1670
99 2 2028
99 3 1736
99 4 2108
99 5 516
99 6 2337
99 7 2838
100 1 1670
100 2 2629
100 3 1712
100 4 2694
100 5 502
100 6 2130
100 7 3353
101 1 490
101 2 738
101 3 482
101 4 726
101 5 215
101 6 669
101 7 1007
102 1 202
102 2 300
102 3 206
102 4 305
102 5 71
102 6 289
102 7 430
103 1 203
103 2 319
103 3 210
103 4 329
103 5 76
103 6 265
103 7 416
104 1 202
104 2 243
104 3 203
104 4 244
104 5 85
104 6 272
104 7 327
105 1 2744
105 2 3504
105 3 2611
105 4 3335
105 5 1151
105 6 3497
105 7 4465
106 1 162
106 2 206
106 3 163
106 4 207
106 5 63
106 6 213
106 7 271
107 1 324
107 2 509
107 3 310
107 4 487
107 5 144
107 6 462
107 7 725
108 1 162
108 2 221
108 3 167
108 4 227
108 5 70
108 6 225
108 7 307
109 1 121
109 2 161
109 3 121
109 4 161
109 5 52
109 6 169
109 7 225
110 1 162
110 2 233
110 3 164
110 4 236
110 5 66
110 6 232
110 7 334
111 1 91
111 2 130
111 3 93
111 4 132
111 5 36
111 6 126
111 7 180

# Energy Consumption
1 1 0
1 2 679
1 3 0
1 4 622
1 5 101
1 6 0
1 7 566
2 1 0
2 2 498
2 3 0
2 4 461
2 5 110
2 6 0
2 7 374
3 1 0
3 2 325
3 3 0
3 4 209
3 5 36
3 6 0
3 7 188
4 1 0
4 2 562
4 3 0
4 4 486
4 5 107
4 6 0
4 7 462
5 1 0
5 2 194
5 3 0
5 4 141
5 5 27
5 6 0
5 7 135
6 1 0
6 2 419
6 3 0
6 4 315
6 5 67
6 6 0
6 7 286
7 1 0
7 2 57
7 3 0
7 4 47
7 5 11
7 6 0
7 7 37
8 1 0
8 2 822
8 3 0
8 4 658
8 5 138
8 6 0
8 7 519
9 1 0
9 2 466
9 3 0
9 4 345
9 5 66
9 6 0
9 7 314
10 1 0
10 2 772
10 3 0
10 4 610
10 5 140
10 6 0
10 7 543
11 1 0
11 2 714
11 3 0
11 4 479
11 5 86
11 6 0
11 7 488
12 1 0
12 2 355
12 3 0
12 4 288
12 5 46
12 6 0
12 7 245
13 1 0
13 2 273
13 3 0
13 4 221
13 5 36
13 6 0
13 7 196
14 1 0
14 2 856
14 3 0
14 4 681
14 5 120
14 6 0
14 7 776
15 1 0
15 2 1120
15 3 0
15 4 793
15 5 124
15 6 0
15 7 808
16 1 0
16 2 27
16 3 0
16 4 24
16 5 5
16 6 0
16 7 21
17 1 0
17 2 42
17 3 0
17 4 26
17 5 6
17 6 0
17 7 29
18 1 0
18 2 17
18 3 0
18 4 16
18 5 3
18 6 0
18 7 13
19 1 0
19 2 157
19 3 0
19 4 108
19 5 21
19 6 0
19 7 102
20 1 0
20 2 172
20 3 0
20 4 117
20 5 29
20 6 0
20 7 94
21 1 0
21 2 1193
21 3 0
21 4 933
21 5 179
21 6 0
21 7 805
22 1 0
22 2 42
22 3 0
22 4 33
22 5 6
22 6 0
22 7 37
23 1 0
23 2 1114
23 3 0
23 4 875
23 5 170
23 6 0
23 7 813
24 1 0
24 2 17
24 3 0
24 4 13
24 5 3
24 6 0
24 7 12
25 1 0
25 2 1128
25 3 0
25 4 856
25 5 244
25 6 0
25 7 790
26 1 0
26 2 549
26 3 0
26 4 530
26 5 120
26 6 0
26 7 409
27 1 0
27 2 11
27 3 0
27 4 7
27 5 2
27 6 0
27 7 7
28 1 0
28 2 12
28 3 0
28 4 8
28 5 2
28 6 0
28 7 8
29 1 0
29 2 7
29 3 0
29 4 5
29 5 1
29 6 0
29 7 5
30 1 0
30 2 50
30 3 0
30 4 35
30 5 6
30 6 0
30 7 33
31 1 0
31 2 652
31 3 0
31 4 504
31 5 120
31 6 0
31 7 432
32 1 0
32 2 740
32 3 0
32 4 501
32 5 112
32 6 0
32 7 468
33 1 0
33 2 454
33 3 0
33 4 370
33 5 79
33 6 0
33 7 355
34 1 0
34 2 1538
34 3 0
34 4 1177
34 5 226
34 6 0
34 7 1103
35 1 0
35 2 22
35 3 0
35 4 15
35 5 4
35 6 0
35 7 15
36 1 0
36 2 19
36 3 0
36 4 15
36 5 4
36 6 0
36 7 14
37 1 0
37 2 17
37 3 0
37 4 14
37 5 3
37 6 0
37 7 11
38 1 0
38 2 140
38 3 0
38 4 118
38 5 19
38 6 0
38 7 85
39 1 0
39 2 1514
39 3 0
39 4 1308
39 5 231
39 6 0
39 7 1103
40 1 0
40 2 496
40 3 0
40 4 398
40 5 85
40 6 0
40 7 403
41 1 0
41 2 1250
41 3 0
41 4 959
41 5 146
41 6 0
41 7 854
42 1 0
42 2 2392
42 3 0
42 4 1609
42 5 407
42 6 0
42 7 1330
43 1 0
43 2 29
43 3 0
43 4 21
43 5 4
43 6 0
43 7 20
44 1 0
44 2 8
44 3 0
44 4 6
44 5 1
44 6 0
44 7 5
45 1 0
45 2 4
45 3 0
45 4 3
45 5 1
45 6 0
45 7 3
46 1 0
46 2 26
46 3 0
46 4 19
46 5 5
46 6 0
46 7 18
47 1 0
47 2 1888
47 3 0
47 4 1311
47 5 245
47 6 0
47 7 1184
48 1 0
48 2 15
48 3 0
48 4 12
48 5 3
48 6 0
48 7 11
49 1 0
49 2 21
49 3 0
49 4 16
49 5 5
49 6 0
49 7 17
50 1 0
50 2 11
50 3 0
50 4 9
50 5 2
50 6 0
50 7 8
51 1 0
51 2 5
51 3 0
51 4 5
51 5 1
51 6 0
51 7 5
52 1 0
52 2 49
52 3 0
52 4 33
52 5 7
52 6 0
52 7 31
53 1 0
53 2 26
53 3 0
53 4 17
53 5 4
53 6 0
53 7 15
54 1 0
54 2 628
54 3 0
54 4 468
54 5 97
54 6 0
54 7 510
55 1 0
55 2 46
55 3 0
55 4 38
55 5 8
55 6 0
55 7 36
56 1 0
56 2 1450
56 3 0
56 4 1015
56 5 253
56 6 0
56 7 999
57 1 0
57 2 551
57 3 0
57 4 386
57 5 65
57 6 0
57 7 358
58 1 0
58 2 480
58 3 0
58 4 451
58 5 91
58 6 0
58 7 338
59 1 0
59 2 797
59 3 0
59 4 679
59 5 141
59 6 0
59 7 557
60 1 0
60 2 733
60 3 0
60 4 583
60 5 126
60 6 0
60 7 442
61 1 0
61 2 698
61 3 0
61 4 582
61 5 99
61 6 0
61 7 467
62 1 0
62 2 1435
62 3 0
62 4 989
62 5 273
62 6 0
62 7 945
63 1 0
63 2 946
63 3 0
63 4 811
63 5 176
63 6 0
63 7 762
64 1 0
64 2 1214
64 3 0
64 4 919
64 5 180
64 6 0
64 7 876
65 1 0
65 2 321
65 3 0
65 4 226
65 5 39
65 6 0
65 7 226
66 1 0
66 2 241
66 3 0
66 4 194
66 5 50
66 6 0
66 7 188
67 1 0
67 2 287
67 3 0
67 4 231
67 5 33
67 6 0
67 7 193
68 1 0
68 2 289
68 3 0
68 4 197
68 5 46
68 6 0
68 7 204
69 1 0
69 2 245
69 3 0
69 4 176
69 5 35
69 6 0
69 7 131
70 1 0
70 2 1400
70 3 0
70 4 932
70 5 172
70 6 0
70 7 1075
71 1 0
71 2 1187
71 3 0
71 4 854
71 5 206
71 6 0
71 7 748
72 1 0
72 2 928
72 3 0
72 4 720
72 5 120
72 6 0
72 7 616
73 1 0
73 2 701
73 3 0
73 4 641
73 5 119
73 6 0
73 7 485
74 1 0
74 2 172
74 3 0
74 4 150
74 5 32
74 6 0
74 7 130
75 1 0
75 2 355
75 3 0
75 4 244
75 5 49
75 6 0
75 7 197
76 1 0
76 2 1264
76 3 0
76 4 953
76 5 245
76 6 0
76 7 787
77 1 0
77 2 1543
77 3 0
77 4 1123
77 5 200
77 6 0
77 7 1040
78 1 0
78 2 376
78 3 0
78 4 342
78 5 53
78 6 0
78 7 267
79 1 0
79 2 230
79 3 0
79 4 184
79 5 36
79 6 0
79 7 146
80 1 0
80 2 539
80 3 0
80 4 421
80 5 72
80 6 0
80 7 343
81 1 0
81 2 608
81 3 0
81 4 403
81 5 95
81 6 0
81 7 402
82 1 0
82 2 300
82 3 0
82 4 210
82 5 42
82 6 0
82 7 191
83 1 0
83 2 706
83 3 0
83 4 515
83 5 109
83 6 0
83 7 458
84 1 0
84 2 1220
84 3 0
84 4 797
84 5 176
84 6 0
84 7 738
85 1 0
85 2 199
85 3 0
85 4 156
85 5 39
85 6 0
85 7 134
86 1 0
86 2 176
86 3 0
86 4 140
86 5 26
86 6 0
86 7 141
87 1 0
87 2 267
87 3 0
87 4 234
87 5 46
87 6 0
87 7 199
88 1 0
88 2 191
88 3 0
88 4 140
88 5 29
88 6 0
88 7 111
89 1 0
89 2 306
89 3 0
89 4 253
89 5 59
89 6 0
89 7 240
90 1 0
90 2 128
90 3 0
90 4 88
90 5 20
90 6 0
90 7 76
91 1 0
91 2 1940
91 3 0
91 4 1577
91 5 245
91 6 0
91 7 1419
92 1 0
92 2 108
92 3 0
92 4 76
92 5 15
92 6 0
92 7 66
93 1 0
93 2 137
93 3 0
93 4 99
93 5 19
93 6 0
93 7 83
94 1 0
94 2 16
94 3 0
94 4 16
94 5 4
94 6 0
94 7 13
95 1 0
95 2 2001
95 3 0
95 4 1405
95 5 283
95 6 0
95 7 1397
96 1 0
96 2 440
96 3 0
96 4 313
96 5 71
96 6 0
96 7 306
97 1 0
97 2 282
97 3 0
97 4 193
97 5 45
97 6 0
97 7 165
98 1 0
98 2 242
98 3 0
98 4 212
98 5 43
98 6 0
98 7 179
99 1 0
99 2 565
99 3 0
99 4 428
99 5 77
99 6 0
99 7 356
100 1 0
100 2 739
100 3 0
100 4 499
100 5 78
100 6 0
100 7 453
101 1 0
101 2 192
101 3 0
101 4 159
101 5 33
101 6 0
101 7 123
102 1 0
102 2 74
102 3 0
102 4 58
102 5 11
102 6 0
102 7 64
103 1 0
103 2 74
103 3 0
103 4 68
103 5 12
103 6 0
103 7 58
104 1 0
104 2 68
104 3 0
104 4 50
104 5 13
104 6 0
104 7 49
105 1 0
105 2 872
105 3 0
105 4 724
105 5 183
105 6 0
105 7 558
106 1 0
106 2 54
106 3 0
106 4 40
106 5 10
106 6 0
106 7 38
107 1 0
107 2 121
107 3 0
107 4 98
107 5 21
107 6 0
107 7 89
108 1 0
108 2 65
108 3 0
108 4 47
108 5 11
108 6 0
108 7 46
109 1 0
109 2 43
109 3 0
109 4 32
109 5 9
109 6 0
109 7 34
110 1 0
110 2 62
110 3 0
110 4 50
110 5 11
110 6 0
110 7 47
111 1 0
111 2 37
111 3 0
111 4 25
111 5 6
111 6 0
111 7 22

# Precedence Relations
1 2
2 3
3 4
4 5
4 6
4 7
4 8
4 9
4 10
5 39
6 39
7 83
8 71
9 32
10 11
10 12
11 13
11 14
11 15
11 16
11 17
11 18
11 19
11 20
11 21
12 13
12 14
12 15
12 16
12 17
12 18
12 19
12 20
12 21
13 71
14 22
14 23
14 24
14 25
15 26
16 27
17 28
18 29
19 30
20 91
21 111
22 31
22 83
23 32
23 33
24 69
24 70
25 34
26 82
27 35
28 36
29 37
30 38
31 39
32 41
33 111
34 42
35 43
36 44
36 91
37 45
37 91
38 46
38 91
39 40
40 111
41 69
41 70
42 47
43 48
43 49
44 50
45 51
46 52
47 54
47 55
47 56
47 57
47 58
47 59
47 60
48 53
49 91
50 111
51 111
52 111
53 111
54 69
54 70
55 61
55 62
55 63
56 63
56 64
57 65
57 91
58 66
58 91
59 67
59 91
60 68
60 91
61 69
61 70
62 71
63 111
64 72
65 111
66 111
67 111
68 111
69 77
69 78
70 73
71 91
72 74
73 75
74 76
75 77
75 78
75 79
76 80
76 81
76 82
77 83
78 84
79 85
80 86
80 91
81 87
81 91
82 111
83 91
84 88
84 89
84 91
85 111
86 111
87 90
88 105
89 105
90 111
91 92
91 93
91 94
92 95
93 95
94 95
95 96
95 97
95 98
95 99
95 100
95 104
96 101
97 102
98 103
99 111
100 111
101 105
102 106
102 107
103 107
103 108
104 111
105 111
106 109
107 111
108 110
109 111
110 111

# Parameters
R_e = 0.0500
T = 11363.1
C_s = 4.0
C_w = 36.0
C_c = 5.0
