# Tasks
1 2 3 4 5 6 7 8 9 10 11 12 13 14 15 16 17 18 19 20 21 22 23 24 25 26 27 28 29 30 31 32 33 34 35 36 37 38 39 40 41 42 43 44 45 46 47 48 49 50 51 52 53 54 55 56 57 58 59 60 61 62 63 64 65 66 67 68 69 70 71 72 73 74 75 76 77 78 79 80 81 82 83 84 85 86 87 88 89 90 91 92 93 94 95 96 97 98 99 100 101 102 103 104 105 106 107 108 109 110 111

# Workstations
1 2 3 4 5 6 7 8 9 10 11 12 13 14 15 16 17 18 19 20 21 22 23 24 25 26 27 28 29 30 31 32 33 34 35 36 37 38 39 40 41 42 43 44 45 46 47 48 49 50 51 52 53 54 55 56 57 58 59 60 61 62 63 64 65 66 67 68 69 70 71 72 73 74 75 76 77 78 79 80 81 82 83 84 85 86 87 88 89 90 91 92 93 94 95 96 97 98 99 100 101 102 103 104 105 106 107 108 109 110 111

# Modes
1 2 3 4 5 6 7

# Processing Times
1 1 1960
1 2 2486
1 3 1779
1 4 2256
1 5 1829
1 6 2329
1 7 2954
2 1 1715
2 2 2176
2 3 1557
2 4 1975
2 5 1601
2 6 2038
2 7 2586
3 1 735
3 2 933
3 3 667
3 4 847
3 5 686
3 6 874
3 7 1109
4 1 1715
4 2 2176
4 3 1557
4 4 1975
4 5 1601
4 6 2038
4 7 2586
5 1 490
5 2 622
5 3 445
5 4 565
5 5 458
5 6 583
5 7 739
6 1 1225
6 2 1554
6 3 1112
6 4 1410
6 5 1143
6 6 1456
6 7 1847
7 1 169
7 2 215
7 3 154
7 4 196
7 5 158
7 6 201
7 7 256
8 1 2252
8 2 2857
8 3 2044
8 4 2593
8 5 2102
8 6 2676
8 7 3395
9 1 1225
9 2 1554
9 3 1112
9 4 1410
9 5 1143
9 6 1456
9 7 1847
10 1 2319
10 2 2942
10 3 2105
10 4 2670
10 5 2164
10 6 2755
10 7 3496
11 1 1715
11 2 2176
11 3 1557
11 4 1975
11 5 1601
11 6 2038
11 7 2586
12 1 980
12 2 1243
12 3 890
12 4 1128
12 5 915
12 6 1165
12 7 1477
13 1 735
13 2 933
13 3 667
13 4 847
13 5 686
13 6 874
13 7 1109
14 1 2281
14 2 2893
14 3 2070
14 4 2625
14 5 2129
14 6 2710
14 7 3437
15 1 2750
15 2 3488
15 3 2496
15 4 3165
15 5 2566
15 6 3267
15 7 4144
16 1 77
16 2 98
16 3 70
16 4 89
16 5 72
16 6 92
16 7 117
17 1 89
17 2 113
17 3 81
17 4 103
17 5 84
17 6 106
17 7 135
18 1 51
18 2 65
18 3 47
18 4 59
18 5 48
18 6 61
18 7 78
19 1 364
19 2 462
19 3 331
19 4 420
19 5 340
19 6 433
19 7 549
20 1 405
20 2 514
20 3 368
20 4 467
20 5 378
20 6 482
20 7 611
21 1 3060
21 2 3881
21 3 2777
21 4 3522
21 5 2855
21 6 3636
21 7 4611
22 1 125
22 2 159
22 3 114
22 4 145
22 5 117
22 6 149
22 7 189
23 1 3429
23 2 4350
23 3 3112
23 4 3947
23 5 3200
23 6 4074
23 7 5168
24 1 43
24 2 55
24 3 40
24 4 50
24 5 41
24 6 52
24 7 66
25 1 3430
25 2 4351
25 3 3113
25 4 3948
25 5 3201
25 6 4075
25 7 5169
26 1 1960
26 2 2486
26 3 1779
26 4 2256
26 5 1829
26 6 2329
26 7 2954
27 1 29
27 2 37
27 3 27
27 4 34
27 5 28
27 6 35
27 7 44
28 1 27
28 2 35
28 3 25
28 4 32
28 5 26
28 6 33
28 7 42
29 1 15
29 2 20
29 3 14
29 4 19
29 5 14
29 6 18
29 7 24
30 1 121
30 2 154
30 3 110
30 4 140
30 5 113
30 6 144
30 7 183
31 1 1715
31 2 2176
31 3 1557
31 4 1975
31 5 1601
31 6 2038
31 7 2586
32 1 2127
32 2 2698
32 3 1930
32 4 2448
32 5 1985
32 6 2527
32 7 3206
33 1 1470
33 2 1865
33 3 1334
33 4 1693
33 5 1372
33 6 1747
33 7 2216
34 1 4037
34 2 5121
34 3 3663
34 4 4647
34 5 3767
34 6 4796
34 7 6084
35 1 68
35 2 87
35 3 62
35 4 79
35 5 64
35 6 81
35 7 104
36 1 62
36 2 79
36 3 57
36 4 72
36 5 58
36 6 74
36 7 94
37 1 42
37 2 54
37 3 39
37 4 49
37 5 40
37 6 50
37 7 65
38 1 364
38 2 462
38 3 331
38 4 420
38 5 340
38 6 433
38 7 549
39 1 4998
39 2 6339
39 3 4535
39 4 5752
39 5 4664
39 6 5938
39 7 7531
40 1 1470
40 2 1865
40 3 1334
40 4 1693
40 5 1372
40 6 1747
40 7 2216
41 1 2963
41 2 3758
41 3 2689
41 4 3410
41 5 2765
41 6 3521
41 7 4465
42 1 5689
42 2 7216
42 3 5162
42 4 6548
42 5 5308
42 6 6759
42 7 8573
43 1 68
43 2 87
43 3 62
43 4 79
43 5 64
43 6 81
43 7 104
44 1 18
44 2 23
44 3 17
44 4 21
44 5 17
44 6 22
44 7 28
45 1 10
45 2 13
45 3 10
45 4 12
45 5 10
45 6 12
45 7 16
46 1 81
46 2 103
46 3 74
46 4 94
46 5 76
46 6 97
46 7 123
47 1 5200
47 2 6596
47 3 4718
47 4 5985
47 5 4852
47 6 6178
47 7 7837
48 1 39
48 2 50
48 3 36
48 4 46
48 5 37
48 6 47
48 7 60
49 1 67
49 2 85
49 3 61
49 4 78
49 5 63
49 6 80
49 7 101
50 1 27
50 2 35
50 3 25
50 4 32
50 5 26
50 6 33
50 7 42
51 1 15
51 2 20
51 3 14
51 4 19
51 5 14
51 6 18
51 7 24
52 1 121
52 2 154
52 3 110
52 4 140
52 5 113
52 6 144
52 7 183
53 1 58
53 2 74
53 3 53
53 4 68
53 5 55
53 6 69
53 7 88
54 1 1715
54 2 2176
54 3 1557
54 4 1975
54 5 1601
54 6 2038
54 7 2586
55 1 125
55 2 159
55 3 114
55 4 145
55 5 117
55 6 149
55 7 189
56 1 4010
56 2 5086
56 3 3639
56 4 4615
56 5 3742
56 6 4764
56 7 6043
57 1 1470
57 2 1865
57 3 1334
57 4 1693
57 5 1372
57 6 1747
57 7 2216
58 1 1470
58 2 1865
58 3 1334
58 4 1693
58 5 1372
58 6 1747
58 7 2216
59 1 2303
59 2 2921
59 3 2090
59 4 2651
59 5 2149
59 6 2736
59 7 3471
60 1 1960
60 2 2486
60 3 1779
60 4 2256
60 5 1829
60 6 2329
60 7 2954
61 1 2205
61 2 2797
61 3 2001
61 4 2538
61 5 2058
61 6 2620
61 7 3323
62 1 4018
62 2 5097
62 3 3646
62 4 4625
62 5 3749
62 6 4774
62 7 6056
63 1 2744
63 2 3481
63 3 2490
63 4 3159
63 5 2561
63 6 3260
63 7 4136
64 1 2999
64 2 3804
64 3 2721
64 4 3452
64 5 2799
64 6 3563
64 7 4520
65 1 735
65 2 933
65 3 667
65 4 847
65 5 686
65 6 874
65 7 1109
66 1 735
66 2 933
66 3 667
66 4 847
66 5 686
66 6 874
66 7 1109
67 1 735
67 2 933
67 3 667
67 4 847
67 5 686
67 6 874
67 7 1109
68 1 735
68 2 933
68 3 667
68 4 847
68 5 686
68 6 874
68 7 1109
69 1 545
69 2 692
69 3 495
69 4 628
69 5 509
69 6 648
69 7 823
70 1 3386
70 2 4295
70 3 3073
70 4 3897
70 5 3160
70 6 4023
70 7 5103
71 1 3234
71 2 4102
71 3 2935
71 4 3722
71 5 3018
71 6 3842
71 7 4874
72 1 2205
72 2 2797
72 3 2001
72 4 2538
72 5 2058
72 6 2620
72 7 3323
73 1 2206
73 2 2798
73 3 2002
73 4 2539
73 5 2059
73 6 2621
73 7 3325
74 1 490
74 2 622
74 3 445
74 4 565
74 5 458
74 6 583
74 7 739
75 1 825
75 2 1047
75 3 749
75 4 950
75 5 770
75 6 981
75 7 1244
76 1 3528
76 2 4475
76 3 3201
76 4 4061
76 5 3292
76 6 4192
76 7 5317
77 1 3568
77 2 4526
77 3 3238
77 4 4107
77 5 3329
77 6 4239
77 7 5377
78 1 1200
78 2 1522
78 3 1089
78 4 1381
78 5 1120
78 6 1426
78 7 1809
79 1 618
79 2 784
79 3 561
79 4 712
79 5 577
79 6 735
79 7 932
80 1 1470
80 2 1865
80 3 1334
80 4 1693
80 5 1372
80 6 1747
80 7 2216
81 1 1715
81 2 2176
81 3 1557
81 4 1975
81 5 1601
81 6 2038
81 7 2586
82 1 735
82 2 933
82 3 667
82 4 847
82 5 686
82 6 874
82 7 1109
83 1 1960
83 2 2486
83 3 1779
83 4 2256
83 5 1829
83 6 2329
83 7 2954
84 1 2889
84 2 3665
84 3 2622
84 4 3326
84 5 2696
84 6 3433
84 7 4355
85 1 618
85 2 784
85 3 561
85 4 712
85 5 577
85 6 735
85 7 932
86 1 490
86 2 622
86 3 445
86 4 565
86 5 458
86 6 583
86 7 739
87 1 735
87 2 933
87 3 667
87 4 847
87 5 686
87 6 874
87 7 1109
88 1 490
88 2 622
88 3 445
88 4 565
88 5 458
88 6 583
88 7 739
89 1 921
89 2 1169
89 3 836
89 4 1061
89 5 860
89 6 1095
89 7 1389
90 1 326
90 2 414
90 3 296
90 4 376
90 5 305
90 6 388
90 7 492
91 1 5390
91 2 6837
91 3 4891
91 4 6204
91 5 5029
91 6 6404
91 7 8123
92 1 243
92 2 309
92 3 221
92 4 281
92 5 227
92 6 289
92 7 368
93 1 371
93 2 471
93 3 337
93 4 428
93 5 347
93 6 441
93 7 560
94 1 58
94 2 74
94 3 53
94 4 68
94 5 55
94 6 69
94 7 88
95 1 5059
95 2 6417
95 3 4591
95 4 5823
95 5 4721
95 6 6011
95 7 7624
96 1 1225
96 2 1554
96 3 1112
96 4 1410
96 5 1143
96 6 1456
96 7 1847
97 1 769
97 2 976
97 3 698
97 4 886
97 5 718
97 6 914
97 7 1160
98 1 768
98 2 975
98 3 697
98 4 885
98 5 717
98 6 913
98 7 1159
99 1 1670
99 2 2119
99 3 1516
99 4 1923
99 5 1559
99 6 1984
99 7 2518
100 1 1670
100 2 2119
100 3 1516
100 4 1923
100 5 1559
100 6 1984
100 7 2518
101 1 490
101 2 622
101 3 445
101 4 565
101 5 458
101 6 583
101 7 739
102 1 202
102 2 257
102 3 184
102 4 234
102 5 189
102 6 240
102 7 306
103 1 203
103 2 258
103 3 185
103 4 235
103 5 190
103 6 242
103 7 307
104 1 202
104 2 257
104 3 184
104 4 234
104 5 189
104 6 240
104 7 306
105 1 2744
105 2 3481
105 3 2490
105 4 3159
105 5 2561
105 6 3260
105 7 4136
106 1 162
106 2 206
106 3 147
106 4 187
106 5 152
106 6 193
106 7 245
107 1 324
107 2 411
107 3 294
107 4 373
107 5 303
107 6 385
107 7 489
108 1 162
108 2 206
108 3 147
108 4 187
108 5 152
108 6 193
108 7 245
109 1 121
109 2 154
109 3 110
109 4 140
109 5 113
109 6 144
109 7 183
110 1 162
110 2 206
110 3 147
110 4 187
110 5 152
110 6 193
110 7 245
111 1 91
111 2 116
111 3 83
111 4 106
111 5 85
111 6 109
111 7 138

# Energy Consumption
1 1 0
1 2 581
1 3 0
1 4 487
1 5 278
1 6 0
1 7 407
2 1 0
2 2 534
2 3 0
2 4 408
2 5 237
2 6 0
2 7 371
3 1 0
3 2 264
3 3 0
3 4 155
3 5 97
3 6 0
3 7 152
4 1 0
4 2 613
4 3 0
4 4 415
4 5 244
4 6 0
4 7 358
5 1 0
5 2 158
5 3 0
5 4 107
5 5 67
5 6 0
5 7 109
6 1 0
6 2 373
6 3 0
6 4 289
6 5 179
6 6 0
6 7 272
7 1 0
7 2 55
7 3 0
7 4 40
7 5 25
7 6 0
7 7 38
8 1 0
8 2 672
8 3 0
8 4 539
8 5 303
8 6 0
8 7 505
9 1 0
9 2 427
9 3 0
9 4 305
9 5 166
9 6 0
9 7 266
10 1 0
10 2 763
10 3 0
10 4 580
10 5 322
10 6 0
10 7 520
11 1 0
11 2 634
11 3 0
11 4 394
11 5 249
11 6 0
11 7 326
12 1 0
12 2 311
12 3 0
12 4 240
12 5 135
12 6 0
12 7 215
13 1 0
13 2 252
13 3 0
13 4 182
13 5 98
13 6 0
13 7 149
14 1 0
14 2 654
14 3 0
14 4 565
14 5 307
14 6 0
14 7 441
15 1 0
15 2 828
15 3 0
15 4 660
15 5 388
15 6 0
15 7 596
16 1 0
16 2 22
16 3 0
16 4 20
16 5 12
16 6 0
16 7 15
17 1 0
17 2 33
17 3 0
17 4 19
17 5 13
17 6 0
17 7 19
18 1 0
18 2 19
18 3 0
18 4 12
18 5 8
18 6 0
18 7 12
19 1 0
19 2 109
19 3 0
19 4 77
19 5 49
19 6 0
19 7 71
20 1 0
20 2 122
20 3 0
20 4 96
20 5 58
20 6 0
20 7 91
21 1 0
21 2 958
21 3 0
21 4 651
21 5 456
21 6 0
21 7 566
22 1 0
22 2 44
22 3 0
22 4 32
22 5 18
22 6 0
22 7 29
23 1 0
23 2 1275
23 3 0
23 4 777
23 5 495
23 6 0
23 7 720
24 1 0
24 2 15
24 3 0
24 4 11
24 5 7
24 6 0
24 7 10
25 1 0
25 2 986
25 3 0
25 4 770
25 5 510
25 6 0
25 7 665
26 1 0
26 2 624
26 3 0
26 4 459
26 5 264
26 6 0
26 7 409
27 1 0
27 2 11
27 3 0
27 4 8
27 5 5
27 6 0
27 7 7
28 1 0
28 2 10
28 3 0
28 4 7
28 5 4
28 6 0
28 7 7
29 1 0
29 2 6
29 3 0
29 4 5
29 5 3
29 6 0
29 7 4
30 1 0
30 2 39
30 3 0
30 4 28
30 5 17
30 6 0
30 7 26
31 1 0
31 2 619
31 3 0
31 4 399
31 5 252
31 6 0
31 7 371
32 1 0
32 2 642
32 3 0
32 4 522
32 5 284
32 6 0
32 7 449
33 1 0
33 2 493
33 3 0
33 4 330
33 5 209
33 6 0
33 7 278
34 1 0
34 2 1498
34 3 0
34 4 919
34 5 537
34 6 0
34 7 849
35 1 0
35 2 23
35 3 0
35 4 16
35 5 10
35 6 0
35 7 13
36 1 0
36 2 19
36 3 0
36 4 14
36 5 10
36 6 0
36 7 14
37 1 0
37 2 14
37 3 0
37 4 11
37 5 6
37 6 0
37 7 10
38 1 0
38 2 132
38 3 0
38 4 87
38 5 49
38 6 0
38 7 69
39 1 0
39 2 1656
39 3 0
39 4 1070
39 5 682
39 6 0
39 7 1030
40 1 0
40 2 526
40 3 0
40 4 331
40 5 215
40 6 0
40 7 324
41 1 0
41 2 965
41 3 0
41 4 742
41 5 419
41 6 0
41 7 670
42 1 0
42 2 1663
42 3 0
42 4 1217
42 5 849
42 6 0
42 7 1281
43 1 0
43 2 26
43 3 0
43 4 15
43 5 10
43 6 0
43 7 16
44 1 0
44 2 6
44 3 0
44 4 5
44 5 3
44 6 0
44 7 4
45 1 0
45 2 3
45 3 0
45 4 3
45 5 2
45 6 0
45 7 2
46 1 0
46 2 25
46 3 0
46 4 20
46 5 12
46 6 0
46 7 19
47 1 0
47 2 1570
47 3 0
47 4 1297
47 5 722
47 6 0
47 7 1009
48 1 0
48 2 15
48 3 0
48 4 9
48 5 6
48 6 0
48 7 8
49 1 0
49 2 26
49 3 0
49 4 15
49 5 9
49 6 0
49 7 15
50 1 0
50 2 9
50 3 0
50 4 7
50 5 4
50 6 0
50 7 6
51 1 0
51 2 6
51 3 0
51 4 5
51 5 3
51 6 0
51 7 4
52 1 0
52 2 44
52 3 0
52 4 29
52 5 19
52 6 0
52 7 23
53 1 0
53 2 18
53 3 0
53 4 13
53 5 8
53 6 0
53 7 12
54 1 0
54 2 637
54 3 0
54 4 412
54 5 251
54 6 0
54 7 318
55 1 0
55 2 39
55 3 0
55 4 30
55 5 17
55 6 0
55 7 26
56 1 0
56 2 1491
56 3 0
56 4 872
56 5 538
56 6 0
56 7 894
57 1 0
57 2 414
57 3 0
57 4 370
57 5 208
57 6 0
57 7 325
58 1 0
58 2 470
58 3 0
58 4 335
58 5 215
58 6 0
58 7 269
59 1 0
59 2 742
59 3 0
59 4 532
59 5 319
59 6 0
59 7 455
60 1 0
60 2 634
60 3 0
60 4 422
60 5 286
60 6 0
60 7 394
61 1 0
61 2 834
61 3 0
61 4 459
61 5 320
61 6 0
61 7 426
62 1 0
62 2 1353
62 3 0
62 4 989
62 5 566
62 6 0
62 7 774
63 1 0
63 2 816
63 3 0
63 4 665
63 5 384
63 6 0
63 7 521
64 1 0
64 2 1102
64 3 0
64 4 749
64 5 430
64 6 0
64 7 617
65 1 0
65 2 271
65 3 0
65 4 171
65 5 107
65 6 0
65 7 140
66 1 0
66 2 245
66 3 0
66 4 172
66 5 97
66 6 0
66 7 160
67 1 0
67 2 236
67 3 0
67 4 186
67 5 110
67 6 0
67 7 141
68 1 0
68 2 224
68 3 0
68 4 163
68 5 103
68 6 0
68 7 158
69 1 0
69 2 187
69 3 0
69 4 130
69 5 82
69 6 0
69 7 101
70 1 0
70 2 1054
70 3 0
70 4 852
70 5 472
70 6 0
70 7 639
71 1 0
71 2 992
71 3 0
71 4 749
71 5 427
71 6 0
71 7 592
72 1 0
72 2 836
72 3 0
72 4 535
72 5 310
72 6 0
72 7 417
73 1 0
73 2 700
73 3 0
73 4 503
73 5 318
73 6 0
73 7 470
74 1 0
74 2 140
74 3 0
74 4 113
74 5 72
74 6 0
74 7 95
75 1 0
75 2 271
75 3 0
75 4 207
75 5 113
75 6 0
75 7 170
76 1 0
76 2 1261
76 3 0
76 4 799
76 5 523
76 6 0
76 7 742
77 1 0
77 2 1336
77 3 0
77 4 828
77 5 518
77 6 0
77 7 672
78 1 0
78 2 413
78 3 0
78 4 288
78 5 164
78 6 0
78 7 256
79 1 0
79 2 229
79 3 0
79 4 140
79 5 82
79 6 0
79 7 129
80 1 0
80 2 471
80 3 0
80 4 354
80 5 206
80 6 0
80 7 283
81 1 0
81 2 647
81 3 0
81 4 361
81 5 238
81 6 0
81 7 350
82 1 0
82 2 267
82 3 0
82 4 154
82 5 100
82 6 0
82 7 150
83 1 0
83 2 554
83 3 0
83 4 460
83 5 258
83 6 0
83 7 436
84 1 0
84 2 1053
84 3 0
84 4 607
84 5 427
84 6 0
84 7 534
85 1 0
85 2 230
85 3 0
85 4 149
85 5 90
85 6 0
85 7 124
86 1 0
86 2 145
86 3 0
86 4 111
86 5 68
86 6 0
86 7 102
87 1 0
87 2 230
87 3 0
87 4 157
87 5 103
87 6 0
87 7 141
88 1 0
88 2 172
88 3 0
88 4 116
88 5 73
88 6 0
88 7 103
89 1 0
89 2 258
89 3 0
89 4 202
89 5 126
89 6 0
89 7 195
90 1 0
90 2 110
90 3 0
90 4 80
90 5 48
90 6 0
90 7 62
91 1 0
91 2 1572
91 3 0
91 4 1319
91 5 766
91 6 0
91 7 1080
92 1 0
92 2 83
92 3 0
92 4 62
92 5 35
92 6 0
92 7 54
93 1 0
93 2 138
93 3 0
93 4 92
93 5 55
93 6 0
93 7 70
94 1 0
94 2 18
94 3 0
94 4 14
94 5 8
94 6 0
94 7 11
95 1 0
95 2 1918
95 3 0
95 4 1104
95 5 721
95 6 0
95 7 1111
96 1 0
96 2 416
96 3 0
96 4 263
96 5 163
96 6 0
96 7 223
97 1 0
97 2 256
97 3 0
97 4 184
97 5 102
97 6 0
97 7 155
98 1 0
98 2 219
98 3 0
98 4 183
98 5 102
98 6 0
98 7 155
99 1 0
99 2 536
99 3 0
99 4 350
99 5 219
99 6 0
99 7 347
100 1 0
100 2 592
100 3 0
100 4 389
100 5 249
100 6 0
100 7 362
101 1 0
101 2 153
101 3 0
101 4 106
101 5 66
101 6 0
101 7 103
102 1 0
102 2 66
102 3 0
102 4 50
102 5 27
102 6 0
102 7 43
103 1 0
103 2 67
103 3 0
103 4 51
103 5 30
103 6 0
103 7 42
104 1 0
104 2 67
104 3 0
104 4 51
104 5 27
104 6 0
104 7 41
105 1 0
105 2 985
105 3 0
105 4 634
105 5 397
105 6 0
105 7 545
106 1 0
106 2 56
106 3 0
106 4 37
106 5 23
106 6 0
106 7 36
107 1 0
107 2 101
107 3 0
107 4 81
107 5 47
107 6 0
107 7 65
108 1 0
108 2 47
108 3 0
108 4 34
108 5 23
108 6 0
108 7 30
109 1 0
109 2 44
109 3 0
109 4 26
109 5 17
109 6 0
109 7 24
110 1 0
110 2 54
110 3 0
110 4 40
110 5 23
110 6 0
110 7 37
111 1 0
111 2 28
111 3 0
111 4 22
111 5 13
111 6 0
111 7 18

# Precedence Relations
1 2
2 3
3 4
4 5
4 6
4 7
4 8
4 9
4 10
5 39
6 39
7 83
8 71
9 32
10 11
10 12
11 13
11 14
11 15
11 16
11 17
11 18
11 19
11 20
11 21
12 13
12 14
12 15
12 16
12 17
12 18
12 19
12 20
12 21
13 71
14 22
14 23
14 24
14 25
15 26
16 27
17 28
18 29
19 30
20 91
21 111
22 31
22 83
23 32
23 33
24 69
24 70
25 34
26 82
27 35
28 36
29 37
30 38
31 39
32 41
33 111
34 42
35 43
36 44
36 91
37 45
37 91
38 46
38 91
39 40
40 111
41 69
41 70
42 47
43 48
43 49
44 50
45 51
46 52
47 54
47 55
47 56
47 57
47 58
47 59
47 60
48 53
49 91
50 111
51 111
52 111
53 111
54 69
54 70
55 61
55 62
55 63
56 63
56 64
57 65
57 91
58 66
58 91
59 67
59 91
60 68
60 91
61 69
61 70
62 71
63 111
64 72
65 111
66 111
67 111
68 111
69 77
69 78
70 73
71 91
72 74
73 75
74 76
75 77
75 78
75 79
76 80
76 81
76 82
77 83
78 84
79 85
80 86
80 91
81 87
81 91
82 111
83 91
84 88
84 89
84 91
85 111
86 111
87 90
88 105
89 105
90 111
91 92
91 93
91 94
92 95
93 95
94 95
95 96
95 97
95 98
95 99
95 100
95 104
96 101
97 102
98 103
99 111
100 111
101 105
102 106
102 107
103 107
103 108
104 111
105 111
106 109
107 111
108 110
109 111
110 111

# Parameters
R_e = 0.0500
T = 9001.65
C_s = 4.0
C_w = 36.0
C_c = 5.0
