# Tasks
1 2 3 4 5 6 7 8 9 10 11 12 13 14 15 16 17 18 19 20

# Workstations
1 2 3 4 5 6 7 8 9 10 11 12 13 14 15 16 17 18 19 20

# Modes
1 2 3 4 5 6 7

# Processing Times
1 1 210
1 2 267
1 3 191
1 4 243
1 5 196
1 6 250
1 7 318
2 1 169
2 2 215
2 3 154
2 4 196
2 5 158
2 6 201
2 7 256
3 1 191
3 2 243
3 3 174
3 4 221
3 5 179
3 6 227
3 7 289
4 1 141
4 2 179
4 3 128
4 4 163
4 5 132
4 6 168
4 7 213
5 1 66
5 2 84
5 3 60
5 4 77
5 5 62
5 6 79
5 7 100
6 1 117
6 2 149
6 3 107
6 4 136
6 5 110
6 6 139
6 7 178
7 1 232
7 2 295
7 3 211
7 4 268
7 5 217
7 6 276
7 7 351
8 1 39
8 2 50
8 3 36
8 4 46
8 5 37
8 6 47
8 7 60
9 1 164
9 2 209
9 3 149
9 4 190
9 5 154
9 6 195
9 7 249
10 1 167
10 2 212
10 3 152
10 4 193
10 5 156
10 6 199
10 7 252
11 1 120
11 2 153
11 3 109
11 4 139
11 5 112
11 6 143
11 7 182
12 1 33
12 2 42
12 3 30
12 4 39
12 5 31
12 6 40
12 7 50
13 1 35
13 2 45
13 3 32
13 4 41
13 5 33
13 6 42
13 7 54
14 1 255
14 2 324
14 3 232
14 4 294
14 5 238
14 6 303
14 7 385
15 1 134
15 2 170
15 3 122
15 4 155
15 5 126
15 6 160
15 7 202
16 1 275
16 2 349
16 3 250
16 4 317
16 5 257
16 6 327
16 7 415
17 1 22
17 2 28
17 3 20
17 4 26
17 5 21
17 6 27
17 7 34
18 1 110
18 2 140
18 3 100
18 4 128
18 5 103
18 6 131
18 7 167
19 1 218
19 2 277
19 3 198
19 4 252
19 5 204
19 6 259
19 7 330
20 1 94
20 2 120
20 3 86
20 4 109
20 5 88
20 6 112
20 7 143

# Energy Consumption
1 1 0
1 2 63
1 3 0
1 4 53
1 5 30
1 6 0
1 7 44
2 1 0
2 2 53
2 3 0
2 4 41
2 5 24
2 6 0
2 7 37
3 1 0
3 2 69
3 3 0
3 4 41
3 5 26
3 6 0
3 7 40
4 1 0
4 2 51
4 3 0
4 4 35
4 5 21
4 6 0
4 7 30
5 1 0
5 2 22
5 3 0
5 4 15
5 5 9
5 6 0
5 7 15
6 1 0
6 2 36
6 3 0
6 4 28
6 5 18
6 6 0
6 7 27
7 1 0
7 2 75
7 3 0
7 4 54
7 5 35
7 6 0
7 7 51
8 1 0
8 2 12
8 3 0
8 4 10
8 5 6
8 6 0
8 7 9
9 1 0
9 2 58
9 3 0
9 4 41
9 5 23
9 6 0
9 7 36
10 1 0
10 2 55
10 3 0
10 4 42
10 5 24
10 6 0
10 7 38
11 1 0
11 2 45
11 3 0
11 4 28
11 5 18
11 6 0
11 7 23
12 1 0
12 2 11
12 3 0
12 4 9
12 5 5
12 6 0
12 7 8
13 1 0
13 2 13
13 3 0
13 4 9
13 5 5
13 6 0
13 7 8
14 1 0
14 2 74
14 3 0
14 4 64
14 5 35
14 6 0
14 7 50
15 1 0
15 2 41
15 3 0
15 4 33
15 5 20
15 6 0
15 7 30
16 1 0
16 2 77
16 3 0
16 4 70
16 5 40
16 6 0
16 7 52
17 1 0
17 2 9
17 3 0
17 4 5
17 5 4
17 6 0
17 7 5
18 1 0
18 2 41
18 3 0
18 4 25
18 5 16
18 6 0
18 7 25
19 1 0
19 2 65
19 3 0
19 4 46
19 5 29
19 6 0
19 7 43
20 1 0
20 2 29
20 3 0
20 4 23
20 5 14
20 6 0
20 7 22

# Precedence Relations
1 9
2 3
2 4
2 5
3 9
4 7
4 8
5 6
6 9
7 9
8 10
8 11
8 12
9 13
9 14
9 15
9 16
9 17
13 20
14 18
15 19
16 18
16 19
17 19

# Parameters
R_e = 0.0500
T = 1000.0
C_s = 4.0
C_w = 36.0
C_c = 5.0
