# Tasks
1 2 3 4 5 6 7 8 9 10 11 12 13 14 15 16 17 18 19 20

# Workstations
1 2 3 4 5 6 7 8 9 10 11 12 13 14 15 16 17 18 19 20

# Modes
1 2 3 4 5 6 7

# Processing Times
1 1 85
1 2 108
1 3 78
1 4 98
1 5 80
1 6 101
1 7 129
2 1 262
2 2 333
2 3 238
2 4 303
2 5 245
2 6 312
2 7 396
3 1 34
3 2 44
3 3 31
3 4 40
3 5 32
3 6 41
3 7 53
4 1 93
4 2 118
4 3 85
4 4 108
4 5 87
4 6 111
4 7 141
5 1 40
5 2 51
5 3 37
5 4 47
5 5 38
5 6 48
5 7 61
6 1 149
6 2 189
6 3 136
6 4 172
6 5 140
6 6 178
6 7 225
7 1 56
7 2 72
7 3 51
7 4 66
7 5 53
7 6 67
7 7 86
8 1 103
8 2 131
8 3 94
8 4 119
8 5 97
8 6 123
8 7 156
9 1 53
9 2 68
9 3 49
9 4 62
9 5 50
9 6 63
9 7 81
10 1 41
10 2 53
10 3 38
10 4 49
10 5 39
10 6 49
10 7 63
11 1 118
11 2 150
11 3 108
11 4 137
11 5 111
11 6 141
11 7 179
12 1 121
12 2 154
12 3 110
12 4 140
12 5 113
12 6 144
12 7 183
13 1 124
13 2 158
13 3 113
13 4 144
13 5 116
13 6 148
13 7 188
14 1 44
14 2 56
14 3 40
14 4 51
14 5 42
14 6 53
14 7 67
15 1 199
15 2 253
15 3 181
15 4 230
15 5 186
15 6 237
15 7 301
16 1 95
16 2 121
16 3 87
16 4 110
16 5 89
16 6 113
16 7 144
17 1 27
17 2 35
17 3 25
17 4 32
17 5 26
17 6 33
17 7 42
18 1 151
18 2 192
18 3 138
18 4 175
18 5 141
18 6 180
18 7 229
19 1 43
19 2 55
19 3 40
19 4 50
19 5 41
19 6 52
19 7 66
20 1 95
20 2 121
20 3 87
20 4 110
20 5 89
20 6 113
20 7 144

# Energy Consumption
1 1 0
1 2 26
1 3 0
1 4 22
1 5 13
1 6 0
1 7 18
2 1 0
2 2 82
2 3 0
2 4 63
2 5 37
2 6 0
2 7 57
3 1 0
3 2 13
3 3 0
3 4 8
3 5 5
3 6 0
3 7 8
4 1 0
4 2 34
4 3 0
4 4 23
4 5 14
4 6 0
4 7 20
5 1 0
5 2 13
5 3 0
5 4 9
5 5 6
5 6 0
5 7 9
6 1 0
6 2 46
6 3 0
6 4 36
6 5 22
6 6 0
6 7 34
7 1 0
7 2 19
7 3 0
7 4 14
7 5 9
7 6 0
7 7 13
8 1 0
8 2 31
8 3 0
8 4 25
8 5 14
8 6 0
8 7 24
9 1 0
9 2 19
9 3 0
9 4 14
9 5 8
9 6 0
9 7 12
10 1 0
10 2 14
10 3 0
10 4 11
10 5 6
10 6 0
10 7 10
11 1 0
11 2 44
11 3 0
11 4 28
11 5 18
11 6 0
11 7 23
12 1 0
12 2 39
12 3 0
12 4 30
12 5 17
12 6 0
12 7 27
13 1 0
13 2 43
13 3 0
13 4 31
13 5 17
13 6 0
13 7 26
14 1 0
14 2 13
14 3 0
14 4 11
14 5 7
14 6 0
14 7 9
15 1 0
15 2 61
15 3 0
15 4 48
15 5 29
15 6 0
15 7 44
16 1 0
16 2 27
16 3 0
16 4 25
16 5 14
16 6 0
16 7 18
17 1 0
17 2 11
17 3 0
17 4 6
17 5 4
17 6 0
17 7 6
18 1 0
18 2 56
18 3 0
18 4 34
18 5 22
18 6 0
18 7 34
19 1 0
19 2 13
19 3 0
19 4 10
19 5 6
19 6 0
19 7 9
20 1 0
20 2 29
20 3 0
20 4 23
20 5 14
20 6 0
20 7 22

# Precedence Relations
1 11
2 11
3 4
3 5
4 11
5 6
5 7
5 8
5 9
5 10
6 11
7 11
8 20
9 12
10 12
11 13
11 14
11 15
11 16
12 19
14 18
14 20
15 17
16 19
16 20

# Parameters
R_e = 0.0500
T = 1000.0
C_s = 4.0
C_w = 36.0
C_c = 5.0
