# Tasks
1 2 3 4 5 6 7 8 9 10 11 12 13 14 15 16 17 18 19 20

# Workstations
1 2 3 4 5 6 7 8 9 10 11 12 13 14 15 16 17 18 19 20

# Modes
1 2 3 4 5 6 7

# Processing Times
1 1 165
1 2 174
1 3 143
1 4 151
1 5 62
1 6 167
1 7 176
2 1 79
2 2 86
2 3 74
2 4 80
2 5 31
2 6 86
2 7 94
3 1 84
3 2 88
3 3 73
3 4 77
3 5 28
3 6 86
3 7 90
4 1 234
4 2 233
4 3 209
4 4 208
4 5 71
4 6 245
4 7 244
5 1 79
5 2 86
5 3 74
5 4 81
5 5 32
5 6 85
5 7 92
6 1 241
6 2 214
6 3 219
6 4 195
6 5 97
6 6 249
6 7 221
7 1 74
7 2 66
7 3 70
7 4 62
7 5 23
7 6 80
7 7 71
8 1 96
8 2 96
8 3 89
8 4 89
8 5 39
8 6 102
8 7 102
9 1 44
9 2 45
9 3 42
9 4 42
9 5 17
9 6 46
9 7 47
10 1 225
10 2 194
10 3 210
10 4 181
10 5 80
10 6 230
10 7 198
11 1 77
11 2 71
11 3 72
11 4 66
11 5 28
11 6 80
11 7 74
12 1 124
12 2 133
12 3 117
12 4 126
12 5 49
12 6 130
12 7 140
13 1 119
13 2 117
13 3 107
13 4 105
13 5 49
13 6 120
13 7 118
14 1 160
14 2 155
14 3 143
14 4 139
14 5 70
14 6 168
14 7 163
15 1 41
15 2 40
15 3 36
15 4 35
15 5 17
15 6 42
15 7 41
16 1 204
16 2 183
16 3 177
16 4 159
16 5 83
16 6 208
16 7 186
17 1 319
17 2 293
17 3 277
17 4 254
17 5 120
17 6 334
17 7 307
18 1 248
18 2 267
18 3 212
18 4 229
18 5 84
18 6 268
18 7 289
19 1 127
19 2 136
19 3 110
19 4 118
19 5 44
19 6 134
19 7 143
20 1 84
20 2 85
20 3 72
20 4 73
20 5 37
20 6 87
20 7 88

# Energy Consumption
1 1 0
1 2 44
1 3 0
1 4 30
1 5 10
1 6 0
1 7 26
2 1 0
2 2 21
2 3 0
2 4 17
2 5 5
2 6 0
2 7 13
3 1 0
3 2 22
3 3 0
3 4 14
3 5 5
3 6 0
3 7 14
4 1 0
4 2 68
4 3 0
4 4 39
4 5 11
4 6 0
4 7 36
5 1 0
5 2 26
5 3 0
5 4 17
5 5 5
5 6 0
5 7 13
6 1 0
6 2 62
6 3 0
6 4 37
6 5 14
6 6 0
6 7 30
7 1 0
7 2 16
7 3 0
7 4 14
7 5 4
7 6 0
7 7 11
8 1 0
8 2 29
8 3 0
8 4 19
8 5 6
8 6 0
8 7 14
9 1 0
9 2 12
9 3 0
9 4 9
9 5 3
9 6 0
9 7 7
10 1 0
10 2 49
10 3 0
10 4 39
10 5 12
10 6 0
10 7 27
11 1 0
11 2 17
11 3 0
11 4 15
11 5 5
11 6 0
11 7 11
12 1 0
12 2 33
12 3 0
12 4 27
12 5 8
12 6 0
12 7 21
13 1 0
13 2 29
13 3 0
13 4 21
13 5 8
13 6 0
13 7 16
14 1 0
14 2 38
14 3 0
14 4 26
14 5 11
14 6 0
14 7 20
15 1 0
15 2 12
15 3 0
15 4 8
15 5 3
15 6 0
15 7 6
16 1 0
16 2 42
16 3 0
16 4 30
16 5 12
16 6 0
16 7 25
17 1 0
17 2 83
17 3 0
17 4 53
17 5 17
17 6 0
17 7 46
18 1 0
18 2 61
18 3 0
18 4 48
18 5 13
18 6 0
18 7 40
19 1 0
19 2 31
19 3 0
19 4 26
19 5 8
19 6 0
19 7 21
20 1 0
20 2 23
20 3 0
20 4 15
20 5 6
20 6 0
20 7 13

# Precedence Relations
1 11
2 7
3 6
3 7
4 5
4 6
5 11
7 8
7 9
7 10
8 11
9 11
10 12
10 13
11 14
11 15
11 16
11 17
15 19
15 20
16 18
17 19

# Parameters
R_e = 0.0500
T = 1000.0
C_s = 4.0
C_w = 36.0
C_c = 5.0
