# Tasks
1 2 3 4 5 6 7 8 9 10 11 12 13 14 15 16 17 18 19 20 21 22 23 24 25 26 27 28 29 30 31 32 33 34 35 36 37 38 39 40 41 42 43 44 45 46 47 48 49 50

# Workstations
1 2 3 4 5 6 7 8 9 10 11 12 13 14 15 16 17 18 19 20 21 22 23 24 25 26 27 28 29 30 31 32 33 34 35 36 37 38 39 40 41 42 43 44 45 46 47 48 49 50

# Modes
1 2 3 4 5 6 7

# Processing Times
1 1 68
1 2 72
1 3 58
1 4 62
1 5 29
1 6 74
1 7 78
2 1 348
2 2 377
2 3 318
2 4 344
2 5 153
2 6 358
2 7 388
3 1 107
3 2 112
3 3 94
3 4 98
3 5 39
3 6 108
3 7 113
4 1 110
4 2 110
4 3 103
4 4 103
4 5 41
4 6 118
4 7 118
5 1 49
5 2 54
5 3 42
5 4 47
5 5 17
5 6 52
5 7 57
6 1 124
6 2 110
6 3 107
6 4 95
6 5 41
6 6 127
6 7 113
7 1 197
7 2 176
7 3 178
7 4 159
7 5 65
7 6 210
7 7 187
8 1 289
8 2 288
8 3 263
8 4 263
8 5 89
8 6 315
8 7 314
9 1 76
9 2 77
9 3 69
9 4 70
9 5 25
9 6 77
9 7 78
10 1 163
10 2 141
10 3 149
10 4 129
10 5 51
10 6 175
10 7 152
11 1 193
11 2 178
11 3 176
11 4 162
11 5 61
11 6 201
11 7 186
12 1 34
12 2 37
12 3 33
12 4 36
12 5 15
12 6 37
12 7 41
13 1 208
13 2 204
13 3 188
13 4 184
13 5 69
13 6 210
13 7 206
14 1 148
14 2 143
14 3 136
14 4 132
14 5 55
14 6 153
14 7 148
15 1 197
15 2 190
15 3 178
15 4 171
15 5 79
15 6 199
15 7 192
16 1 129
16 2 116
16 3 118
16 4 106
16 5 46
16 6 138
16 7 124
17 1 187
17 2 172
17 3 171
17 4 158
17 5 76
17 6 191
17 7 175
18 1 105
18 2 113
18 3 96
18 4 103
18 5 41
18 6 108
18 7 116
19 1 114
19 2 122
19 3 99
19 4 106
19 5 41
19 6 116
19 7 124
20 1 24
20 2 25
20 3 21
20 4 22
20 5 8
20 6 25
20 7 26
21 1 200
21 2 194
21 3 177
21 4 172
21 5 71
21 6 213
21 7 207
22 1 132
22 2 133
22 3 114
22 4 114
22 5 50
22 6 133
22 7 134
23 1 184
23 2 164
23 3 167
23 4 149
23 5 56
23 6 196
23 7 174
24 1 307
24 2 262
24 3 281
24 4 239
24 5 115
24 6 334
24 7 285
25 1 266
25 2 272
25 3 235
25 4 241
25 5 90
25 6 282
25 7 289
26 1 96
26 2 98
26 3 86
26 4 87
26 5 31
26 6 103
26 7 106
27 1 262
27 2 225
27 3 238
27 4 205
27 5 97
27 6 269
27 7 231
28 1 122
28 2 124
28 3 112
28 4 114
28 5 52
28 6 124
28 7 126
29 1 65
29 2 65
29 3 59
29 4 59
29 5 25
29 6 66
29 7 66
30 1 271
30 2 255
30 3 250
30 4 235
30 5 93
30 6 282
30 7 265
31 1 202
31 2 192
31 3 186
31 4 177
31 5 91
31 6 220
31 7 209
32 1 26
32 2 26
32 3 23
32 4 23
32 5 9
32 6 27
32 7 27
33 1 57
33 2 59
33 3 52
33 4 54
33 5 18
33 6 61
33 7 64
34 1 220
34 2 236
34 3 192
34 4 206
34 5 98
34 6 227
34 7 243
35 1 119
35 2 121
35 3 111
35 4 113
35 5 50
35 6 122
35 7 125
36 1 198
36 2 204
36 3 172
36 4 178
36 5 87
36 6 206
36 7 212
37 1 253
37 2 246
37 3 224
37 4 218
37 5 92
37 6 276
37 7 268
38 1 209
38 2 191
38 3 182
38 4 166
38 5 91
38 6 217
38 7 199
39 1 110
39 2 102
39 3 102
39 4 95
39 5 48
39 6 113
39 7 105
40 1 33
40 2 36
40 3 31
40 4 34
40 5 14
40 6 34
40 7 37
41 1 93
41 2 83
41 3 87
41 4 78
41 5 38
41 6 102
41 7 91
42 1 66
42 2 69
42 3 61
42 4 64
42 5 25
42 6 67
42 7 70
43 1 93
43 2 84
43 3 86
43 4 78
43 5 33
43 6 98
43 7 88
44 1 58
44 2 56
44 3 52
44 4 50
44 5 25
44 6 63
44 7 61
45 1 223
45 2 238
45 3 211
45 4 225
45 5 84
45 6 244
45 7 261
46 1 40
46 2 40
46 3 37
46 4 37
46 5 13
46 6 42
46 7 42
47 1 298
47 2 320
47 3 277
47 4 297
47 5 100
47 6 311
47 7 334
48 1 239
48 2 247
48 3 217
48 4 224
48 5 105
48 6 249
48 7 257
49 1 170
49 2 180
49 3 154
49 4 163
49 5 65
49 6 175
49 7 186
50 1 27
50 2 29
50 3 24
50 4 26
50 5 12
50 6 28
50 7 30

# Energy Consumption
1 1 0
1 2 18
1 3 0
1 4 13
1 5 5
1 6 0
1 7 12
2 1 0
2 2 89
2 3 0
2 4 70
2 5 24
2 6 0
2 7 54
3 1 0
3 2 28
3 3 0
3 4 18
3 5 6
3 6 0
3 7 17
4 1 0
4 2 33
4 3 0
4 4 19
4 5 7
4 6 0
4 7 18
5 1 0
5 2 17
5 3 0
5 4 10
5 5 3
5 6 0
5 7 8
6 1 0
6 2 32
6 3 0
6 4 18
6 5 6
6 6 0
6 7 16
7 1 0
7 2 41
7 3 0
7 4 34
7 5 10
7 6 0
7 7 27
8 1 0
8 2 85
8 3 0
8 4 55
8 5 13
8 6 0
8 7 43
9 1 0
9 2 19
9 3 0
9 4 15
9 5 4
9 6 0
9 7 12
10 1 0
10 2 36
10 3 0
10 4 28
10 5 8
10 6 0
10 7 21
11 1 0
11 2 43
11 3 0
11 4 35
11 5 10
11 6 0
11 7 27
12 1 0
12 2 10
12 3 0
12 4 8
12 5 3
12 6 0
12 7 6
13 1 0
13 2 50
13 3 0
13 4 36
13 5 11
13 6 0
13 7 27
14 1 0
14 2 35
14 3 0
14 4 25
14 5 9
14 6 0
14 7 18
15 1 0
15 2 57
15 3 0
15 4 38
15 5 13
15 6 0
15 7 25
16 1 0
16 2 27
16 3 0
16 4 20
16 5 7
16 6 0
16 7 17
17 1 0
17 2 49
17 3 0
17 4 33
17 5 11
17 6 0
17 7 27
18 1 0
18 2 26
18 3 0
18 4 22
18 5 7
18 6 0
18 7 16
19 1 0
19 2 27
19 3 0
19 4 23
19 5 7
19 6 0
19 7 18
20 1 0
20 2 7
20 3 0
20 4 5
20 5 2
20 6 0
20 7 4
21 1 0
21 2 47
21 3 0
21 4 32
21 5 12
21 6 0
21 7 26
22 1 0
22 2 31
22 3 0
22 4 25
22 5 8
22 6 0
22 7 19
23 1 0
23 2 48
23 3 0
23 4 31
23 5 9
23 6 0
23 7 26
24 1 0
24 2 69
24 3 0
24 4 48
24 5 17
24 6 0
24 7 39
25 1 0
25 2 67
25 3 0
25 4 46
25 5 14
25 6 0
25 7 40
26 1 0
26 2 25
26 3 0
26 4 18
26 5 5
26 6 0
26 7 14
27 1 0
27 2 65
27 3 0
27 4 45
27 5 15
27 6 0
27 7 33
28 1 0
28 2 36
28 3 0
28 4 25
28 5 8
28 6 0
28 7 16
29 1 0
29 2 16
29 3 0
29 4 13
29 5 4
29 6 0
29 7 9
30 1 0
30 2 68
30 3 0
30 4 50
30 5 15
30 6 0
30 7 37
31 1 0
31 2 50
31 3 0
31 4 33
31 5 14
31 6 0
31 7 31
32 1 0
32 2 8
32 3 0
32 4 5
32 5 2
32 6 0
32 7 4
33 1 0
33 2 14
33 3 0
33 4 12
33 5 3
33 6 0
33 7 9
34 1 0
34 2 66
34 3 0
34 4 41
34 5 15
34 6 0
34 7 33
35 1 0
35 2 34
35 3 0
35 4 23
35 5 8
35 6 0
35 7 17
36 1 0
36 2 49
36 3 0
36 4 38
36 5 13
36 6 0
36 7 29
37 1 0
37 2 71
37 3 0
37 4 47
37 5 13
37 6 0
37 7 40
38 1 0
38 2 44
38 3 0
38 4 34
38 5 14
38 6 0
38 7 27
39 1 0
39 2 28
39 3 0
39 4 18
39 5 7
39 6 0
39 7 15
40 1 0
40 2 9
40 3 0
40 4 8
40 5 2
40 6 0
40 7 5
41 1 0
41 2 20
41 3 0
41 4 16
41 5 6
41 6 0
41 7 13
42 1 0
42 2 18
42 3 0
42 4 14
42 5 4
42 6 0
42 7 10
43 1 0
43 2 22
43 3 0
43 4 17
43 5 5
43 6 0
43 7 11
44 1 0
44 2 16
44 3 0
44 4 10
44 5 4
44 6 0
44 7 9
45 1 0
45 2 72
45 3 0
45 4 45
45 5 13
45 6 0
45 7 35
46 1 0
46 2 11
46 3 0
46 4 8
46 5 3
46 6 0
46 7 6
47 1 0
47 2 87
47 3 0
47 4 55
47 5 16
47 6 0
47 7 45
48 1 0
48 2 56
48 3 0
48 4 42
48 5 17
48 6 0
48 7 33
49 1 0
49 2 52
49 3 0
49 4 35
49 5 11
49 6 0
49 7 26
50 1 0
50 2 8
50 3 0
50 4 5
50 5 2
50 6 0
50 7 5

# Precedence Relations
1 9
2 8
2 12
3 7
3 11
4 6
5 10
5 16
6 32
7 32
8 13
9 14
10 23
11 15
12 16
12 17
12 18
12 19
13 21
14 20
15 22
15 23
15 26
18 24
18 25
20 32
21 27
22 28
24 31
25 29
26 30
27 32
28 34
29 33
29 35
30 36
30 37
32 38
32 39
32 40
32 41
33 43
34 42
35 44
37 45
38 48
41 49
42 46
43 47
45 48
45 50

# Parameters
R_e = 0.0500
T = 1000.0
C_s = 4.0
C_w = 36.0
C_c = 5.0
