# Tasks
1 2 3 4 5 6 7 8 9 10 11 12 13 14 15 16 17 18 19 20

# Workstations
1 2 3 4 5 6 7 8 9 10 11 12 13 14 15 16 17 18 19 20

# Modes
1 2 3 4 5 6 7

# Processing Times
1 1 88
1 2 172
1 3 87
1 4 171
1 5 83
1 6 93
1 7 182
2 1 95
2 2 188
2 3 99
2 4 195
2 5 90
2 6 99
2 7 196
3 1 105
3 2 215
3 3 102
3 4 208
3 5 100
3 6 114
3 7 233
4 1 140
4 2 313
4 3 143
4 4 319
4 5 121
4 6 142
4 7 316
5 1 114
5 2 212
5 3 116
5 4 216
5 5 97
5 6 125
5 7 232
6 1 123
6 2 271
6 3 120
6 4 263
6 5 111
6 6 128
6 7 282
7 1 250
7 2 521
7 3 243
7 4 506
7 5 234
7 6 255
7 7 531
8 1 90
8 2 193
8 3 92
8 4 197
8 5 75
8 6 94
8 7 201
9 1 61
9 2 126
9 3 61
9 4 125
9 5 50
9 6 65
9 7 134
10 1 107
10 2 233
10 3 111
10 4 242
10 5 88
10 6 112
10 7 243
11 1 68
11 2 155
11 3 69
11 4 157
11 5 60
11 6 72
11 7 164
12 1 155
12 2 342
12 3 154
12 4 338
12 5 137
12 6 156
12 7 343
13 1 142
13 2 330
13 3 145
13 4 337
13 5 129
13 6 155
13 7 360
14 1 21
14 2 39
14 3 21
14 4 38
14 5 19
14 6 23
14 7 42
15 1 106
15 2 250
15 3 111
15 4 261
15 5 100
15 6 110
15 7 259
16 1 67
16 2 167
16 3 70
16 4 174
16 5 63
16 6 69
16 7 172
17 1 52
17 2 95
17 3 53
17 4 97
17 5 44
17 6 56
17 7 102
18 1 55
18 2 134
18 3 56
18 4 135
18 5 50
18 6 56
18 7 136
19 1 51
19 2 103
19 3 52
19 4 104
19 5 46
19 6 53
19 7 106
20 1 82
20 2 180
20 3 80
20 4 176
20 5 78
20 6 90
20 7 196

# Energy Consumption
1 1 0
1 2 44
1 3 0
1 4 36
1 5 13
1 6 0
1 7 27
2 1 0
2 2 48
2 3 0
2 4 42
2 5 15
2 6 0
2 7 28
3 1 0
3 2 56
3 3 0
3 4 44
3 5 16
3 6 0
3 7 30
4 1 0
4 2 84
4 3 0
4 4 65
4 5 19
4 6 0
4 7 40
5 1 0
5 2 52
5 3 0
5 4 39
5 5 16
5 6 0
5 7 29
6 1 0
6 2 73
6 3 0
6 4 50
6 5 17
6 6 0
6 7 37
7 1 0
7 2 130
7 3 0
7 4 93
7 5 36
7 6 0
7 7 80
8 1 0
8 2 57
8 3 0
8 4 41
8 5 12
8 6 0
8 7 29
9 1 0
9 2 36
9 3 0
9 4 24
9 5 8
9 6 0
9 7 18
10 1 0
10 2 68
10 3 0
10 4 52
10 5 14
10 6 0
10 7 35
11 1 0
11 2 35
11 3 0
11 4 33
11 5 10
11 6 0
11 7 20
12 1 0
12 2 80
12 3 0
12 4 75
12 5 22
12 6 0
12 7 47
13 1 0
13 2 95
13 3 0
13 4 63
13 5 21
13 6 0
13 7 54
14 1 0
14 2 10
14 3 0
14 4 7
14 5 3
14 6 0
14 7 6
15 1 0
15 2 65
15 3 0
15 4 51
15 5 16
15 6 0
15 7 33
16 1 0
16 2 43
16 3 0
16 4 34
16 5 10
16 6 0
16 7 22
17 1 0
17 2 26
17 3 0
17 4 19
17 5 8
17 6 0
17 7 13
18 1 0
18 2 39
18 3 0
18 4 28
18 5 8
18 6 0
18 7 20
19 1 0
19 2 31
19 3 0
19 4 19
19 5 7
19 6 0
19 7 16
20 1 0
20 2 43
20 3 0
20 4 36
20 5 11
20 6 0
20 7 30

# Precedence Relations
1 4
2 6
3 5
3 6
4 7
5 7
5 8
6 7
7 9
7 11
7 12
8 10
8 11
8 20
9 13
10 16
12 14
12 15
12 19
13 17
14 20
15 18
16 19

# Parameters
R_e = 0.0500
T = 1000.0
C_s = 4.0
C_w = 36.0
C_c = 5.0
