# Tasks
1 2 3 4 5 6 7 8 9 10 11 12 13 14 15 16 17 18 19 20 21 22 23 24 25 26 27 28 29 30 31 32 33 34 35 36 37 38 39 40 41 42 43 44 45 46 47 48 49 50 51 52 53 54 55 56 57 58 59 60 61 62 63 64 65 66 67 68 69 70 71 72 73 74 75 76 77 78 79 80 81 82 83 84 85 86 87 88 89

# Workstations
1 2 3 4 5 6 7 8 9 10 11 12 13 14 15 16 17 18 19 20 21 22 23 24 25 26 27 28 29 30 31 32 33 34 35 36 37 38 39 40 41 42 43 44 45 46 47 48 49 50 51 52 53 54 55 56 57 58 59 60 61 62 63 64 65 66 67 68 69 70 71 72 73 74 75 76 77 78 79 80 81 82 83 84 85 86 87 88 89

# Modes
1 2 3 4 5 6 7

# Processing Times
1 1 1
1 2 3
1 3 2
1 4 4
1 5 1
1 6 2
1 7 4
2 1 2
2 2 5
2 3 3
2 4 6
2 5 1
2 6 3
2 7 7
3 1 3
3 2 7
3 3 4
3 4 8
3 5 2
3 6 4
3 7 9
4 1 4
4 2 9
4 3 5
4 4 10
4 5 2
4 6 5
4 7 12
5 1 5
5 2 11
5 3 6
5 4 12
5 5 3
5 6 7
5 7 14
6 1 6
6 2 13
6 3 7
6 4 14
6 5 3
6 6 8
6 7 16
7 1 7
7 2 15
7 3 8
7 4 17
7 5 4
7 6 9
7 7 19
8 1 8
8 2 17
8 3 9
8 4 19
8 5 4
8 6 10
8 7 21
9 1 9
9 2 19
9 3 10
9 4 21
9 5 4
9 6 12
9 7 24
10 1 10
10 2 21
10 3 11
10 4 23
10 5 5
10 6 13
10 7 26
11 1 1
11 2 3
11 3 2
11 4 4
11 5 1
11 6 2
11 7 4
12 1 2
12 2 5
12 3 3
12 4 6
12 5 1
12 6 3
12 7 7
13 1 3
13 2 7
13 3 4
13 4 8
13 5 2
13 6 4
13 7 9
14 1 4
14 2 9
14 3 5
14 4 10
14 5 2
14 6 5
14 7 12
15 1 5
15 2 11
15 3 6
15 4 12
15 5 3
15 6 7
15 7 14
16 1 6
16 2 13
16 3 7
16 4 14
16 5 3
16 6 8
16 7 16
17 1 7
17 2 15
17 3 8
17 4 17
17 5 4
17 6 9
17 7 19
18 1 8
18 2 17
18 3 9
18 4 19
18 5 4
18 6 10
18 7 21
19 1 9
19 2 19
19 3 10
19 4 21
19 5 4
19 6 12
19 7 24
20 1 10
20 2 21
20 3 11
20 4 23
20 5 5
20 6 13
20 7 26
21 1 1
21 2 3
21 3 2
21 4 4
21 5 1
21 6 2
21 7 4
22 1 2
22 2 5
22 3 3
22 4 6
22 5 1
22 6 3
22 7 7
23 1 3
23 2 7
23 3 4
23 4 8
23 5 2
23 6 4
23 7 9
24 1 4
24 2 9
24 3 5
24 4 10
24 5 2
24 6 5
24 7 12
25 1 5
25 2 11
25 3 6
25 4 12
25 5 3
25 6 7
25 7 14
26 1 6
26 2 13
26 3 7
26 4 14
26 5 3
26 6 8
26 7 16
27 1 7
27 2 15
27 3 8
27 4 17
27 5 4
27 6 9
27 7 19
28 1 8
28 2 17
28 3 9
28 4 19
28 5 4
28 6 10
28 7 21
29 1 9
29 2 19
29 3 10
29 4 21
29 5 4
29 6 12
29 7 24
30 1 10
30 2 21
30 3 11
30 4 23
30 5 5
30 6 13
30 7 26
31 1 1
31 2 3
31 3 2
31 4 4
31 5 1
31 6 2
31 7 4
32 1 2
32 2 5
32 3 3
32 4 6
32 5 1
32 6 3
32 7 7
33 1 3
33 2 7
33 3 4
33 4 8
33 5 2
33 6 4
33 7 9
34 1 4
34 2 9
34 3 5
34 4 10
34 5 2
34 6 5
34 7 12
35 1 5
35 2 11
35 3 6
35 4 12
35 5 3
35 6 7
35 7 14
36 1 6
36 2 13
36 3 7
36 4 14
36 5 3
36 6 8
36 7 16
37 1 7
37 2 15
37 3 8
37 4 17
37 5 4
37 6 9
37 7 19
38 1 8
38 2 17
38 3 9
38 4 19
38 5 4
38 6 10
38 7 21
39 1 9
39 2 19
39 3 10
39 4 21
39 5 4
39 6 12
39 7 24
40 1 10
40 2 21
40 3 11
40 4 23
40 5 5
40 6 13
40 7 26
41 1 1
41 2 3
41 3 2
41 4 4
41 5 1
41 6 2
41 7 4
42 1 2
42 2 5
42 3 3
42 4 6
42 5 1
42 6 3
42 7 7
43 1 3
43 2 7
43 3 4
43 4 8
43 5 2
43 6 4
43 7 9
44 1 4
44 2 9
44 3 5
44 4 10
44 5 2
44 6 5
44 7 12
45 1 5
45 2 11
45 3 6
45 4 12
45 5 3
45 6 7
45 7 14
46 1 6
46 2 13
46 3 7
46 4 14
46 5 3
46 6 8
46 7 16
47 1 7
47 2 15
47 3 8
47 4 17
47 5 4
47 6 9
47 7 19
48 1 8
48 2 17
48 3 9
48 4 19
48 5 4
48 6 10
48 7 21
49 1 9
49 2 19
49 3 10
49 4 21
49 5 4
49 6 12
49 7 24
50 1 10
50 2 21
50 3 11
50 4 23
50 5 5
50 6 13
50 7 26
51 1 1
51 2 3
51 3 2
51 4 4
51 5 1
51 6 2
51 7 4
52 1 2
52 2 5
52 3 3
52 4 6
52 5 1
52 6 3
52 7 7
53 1 3
53 2 7
53 3 4
53 4 8
53 5 2
53 6 4
53 7 9
54 1 4
54 2 9
54 3 5
54 4 10
54 5 2
54 6 5
54 7 12
55 1 5
55 2 11
55 3 6
55 4 12
55 5 3
55 6 7
55 7 14
56 1 6
56 2 13
56 3 7
56 4 14
56 5 3
56 6 8
56 7 16
57 1 7
57 2 15
57 3 8
57 4 17
57 5 4
57 6 9
57 7 19
58 1 8
58 2 17
58 3 9
58 4 19
58 5 4
58 6 10
58 7 21
59 1 9
59 2 19
59 3 10
59 4 21
59 5 4
59 6 12
59 7 24
60 1 10
60 2 21
60 3 11
60 4 23
60 5 5
60 6 13
60 7 26
61 1 1
61 2 3
61 3 2
61 4 4
61 5 1
61 6 2
61 7 4
62 1 2
62 2 5
62 3 3
62 4 6
62 5 1
62 6 3
62 7 7
63 1 3
63 2 7
63 3 4
63 4 8
63 5 2
63 6 4
63 7 9
64 1 4
64 2 9
64 3 5
64 4 10
64 5 2
64 6 5
64 7 12
65 1 5
65 2 11
65 3 6
65 4 12
65 5 3
65 6 7
65 7 14
66 1 6
66 2 13
66 3 7
66 4 14
66 5 3
66 6 8
66 7 16
67 1 7
67 2 15
67 3 8
67 4 17
67 5 4
67 6 9
67 7 19
68 1 8
68 2 17
68 3 9
68 4 19
68 5 4
68 6 10
68 7 21
69 1 9
69 2 19
69 3 10
69 4 21
69 5 4
69 6 12
69 7 24
70 1 10
70 2 21
70 3 11
70 4 23
70 5 5
70 6 13
70 7 26
71 1 1
71 2 3
71 3 2
71 4 4
71 5 1
71 6 2
71 7 4
72 1 2
72 2 5
72 3 3
72 4 6
72 5 1
72 6 3
72 7 7
73 1 3
73 2 7
73 3 4
73 4 8
73 5 2
73 6 4
73 7 9
74 1 4
74 2 9
74 3 5
74 4 10
74 5 2
74 6 5
74 7 12
75 1 5
75 2 11
75 3 6
75 4 12
75 5 3
75 6 7
75 7 14
76 1 6
76 2 13
76 3 7
76 4 14
76 5 3
76 6 8
76 7 16
77 1 7
77 2 15
77 3 8
77 4 17
77 5 4
77 6 9
77 7 19
78 1 8
78 2 17
78 3 9
78 4 19
78 5 4
78 6 10
78 7 21
79 1 9
79 2 19
79 3 10
79 4 21
79 5 4
79 6 12
79 7 24
80 1 10
80 2 21
80 3 11
80 4 23
80 5 5
80 6 13
80 7 26
81 1 1
81 2 3
81 3 2
81 4 4
81 5 1
81 6 2
81 7 4
82 1 2
82 2 5
82 3 3
82 4 6
82 5 1
82 6 3
82 7 7
83 1 3
83 2 7
83 3 4
83 4 8
83 5 2
83 6 4
83 7 9
84 1 4
84 2 9
84 3 5
84 4 10
84 5 2
84 6 5
84 7 12
85 1 5
85 2 11
85 3 6
85 4 12
85 5 3
85 6 7
85 7 14
86 1 6
86 2 13
86 3 7
86 4 14
86 5 3
86 6 8
86 7 16
87 1 7
87 2 15
87 3 8
87 4 17
87 5 4
87 6 9
87 7 19
88 1 8
88 2 17
88 3 9
88 4 19
88 5 4
88 6 10
88 7 21
89 1 9
89 2 19
89 3 10
89 4 21
89 5 4
89 6 12
89 7 24

# Energy Consumption
1 1 0
1 2 1
1 3 0
1 4 1
1 5 1
1 6 0
1 7 1
2 1 0
2 2 2
2 3 0
2 4 2
2 5 1
2 6 0
2 7 1
3 1 0
3 2 2
3 3 0
3 4 2
3 5 1
3 6 0
3 7 2
4 1 0
4 2 3
4 3 0
4 4 3
4 5 1
4 6 0
4 7 2
5 1 0
5 2 3
5 3 0
5 4 3
5 5 1
5 6 0
5 7 2
6 1 0
6 2 3
6 3 0
6 4 3
6 5 1
6 6 0
6 7 3
7 1 0
7 2 5
7 3 0
7 4 4
7 5 1
7 6 0
7 7 3
8 1 0
8 2 5
8 3 0
8 4 4
8 5 1
8 6 0
8 7 3
9 1 0
9 2 6
9 3 0
9 4 5
9 5 1
9 6 0
9 7 4
10 1 0
10 2 6
10 3 0
10 4 5
10 5 1
10 6 0
10 7 4
11 1 0
11 2 1
11 3 0
11 4 1
11 5 1
11 6 0
11 7 1
12 1 0
12 2 2
12 3 0
12 4 2
12 5 1
12 6 0
12 7 1
13 1 0
13 2 2
13 3 0
13 4 2
13 5 1
13 6 0
13 7 2
14 1 0
14 2 3
14 3 0
14 4 2
14 5 1
14 6 0
14 7 2
15 1 0
15 2 4
15 3 0
15 4 3
15 5 1
15 6 0
15 7 2
16 1 0
16 2 4
16 3 0
16 4 3
16 5 1
16 6 0
16 7 2
17 1 0
17 2 5
17 3 0
17 4 4
17 5 1
17 6 0
17 7 3
18 1 0
18 2 5
18 3 0
18 4 4
18 5 1
18 6 0
18 7 3
19 1 0
19 2 5
19 3 0
19 4 5
19 5 1
19 6 0
19 7 4
20 1 0
20 2 6
20 3 0
20 4 5
20 5 1
20 6 0
20 7 4
21 1 0
21 2 1
21 3 0
21 4 1
21 5 1
21 6 0
21 7 1
22 1 0
22 2 2
22 3 0
22 4 2
22 5 1
22 6 0
22 7 2
23 1 0
23 2 2
23 3 0
23 4 2
23 5 1
23 6 0
23 7 2
24 1 0
24 2 3
24 3 0
24 4 3
24 5 1
24 6 0
24 7 2
25 1 0
25 2 3
25 3 0
25 4 3
25 5 1
25 6 0
25 7 2
26 1 0
26 2 4
26 3 0
26 4 3
26 5 1
26 6 0
26 7 3
27 1 0
27 2 5
27 3 0
27 4 4
27 5 1
27 6 0
27 7 3
28 1 0
28 2 5
28 3 0
28 4 5
28 5 1
28 6 0
28 7 3
29 1 0
29 2 6
29 3 0
29 4 5
29 5 1
29 6 0
29 7 4
30 1 0
30 2 6
30 3 0
30 4 5
30 5 1
30 6 0
30 7 4
31 1 0
31 2 1
31 3 0
31 4 1
31 5 1
31 6 0
31 7 1
32 1 0
32 2 2
32 3 0
32 4 2
32 5 1
32 6 0
32 7 1
33 1 0
33 2 2
33 3 0
33 4 2
33 5 1
33 6 0
33 7 2
34 1 0
34 2 3
34 3 0
34 4 3
34 5 1
34 6 0
34 7 2
35 1 0
35 2 3
35 3 0
35 4 3
35 5 1
35 6 0
35 7 2
36 1 0
36 2 4
36 3 0
36 4 3
36 5 1
36 6 0
36 7 3
37 1 0
37 2 4
37 3 0
37 4 4
37 5 1
37 6 0
37 7 3
38 1 0
38 2 5
38 3 0
38 4 4
38 5 1
38 6 0
38 7 3
39 1 0
39 2 5
39 3 0
39 4 4
39 5 1
39 6 0
39 7 4
40 1 0
40 2 6
40 3 0
40 4 5
40 5 1
40 6 0
40 7 4
41 1 0
41 2 1
41 3 0
41 4 1
41 5 1
41 6 0
41 7 1
42 1 0
42 2 2
42 3 0
42 4 2
42 5 1
42 6 0
42 7 2
43 1 0
43 2 2
43 3 0
43 4 2
43 5 1
43 6 0
43 7 2
44 1 0
44 2 3
44 3 0
44 4 3
44 5 1
44 6 0
44 7 2
45 1 0
45 2 4
45 3 0
45 4 3
45 5 1
45 6 0
45 7 2
46 1 0
46 2 4
46 3 0
46 4 4
46 5 1
46 6 0
46 7 2
47 1 0
47 2 4
47 3 0
47 4 4
47 5 1
47 6 0
47 7 3
48 1 0
48 2 5
48 3 0
48 4 4
48 5 1
48 6 0
48 7 3
49 1 0
49 2 6
49 3 0
49 4 4
49 5 1
49 6 0
49 7 3
50 1 0
50 2 6
50 3 0
50 4 5
50 5 1
50 6 0
50 7 4
51 1 0
51 2 1
51 3 0
51 4 1
51 5 1
51 6 0
51 7 1
52 1 0
52 2 2
52 3 0
52 4 2
52 5 1
52 6 0
52 7 1
53 1 0
53 2 2
53 3 0
53 4 2
53 5 1
53 6 0
53 7 2
54 1 0
54 2 3
54 3 0
54 4 3
54 5 1
54 6 0
54 7 2
55 1 0
55 2 3
55 3 0
55 4 3
55 5 1
55 6 0
55 7 2
56 1 0
56 2 4
56 3 0
56 4 3
56 5 1
56 6 0
56 7 2
57 1 0
57 2 4
57 3 0
57 4 4
57 5 1
57 6 0
57 7 3
58 1 0
58 2 5
58 3 0
58 4 4
58 5 1
58 6 0
58 7 3
59 1 0
59 2 5
59 3 0
59 4 5
59 5 1
59 6 0
59 7 4
60 1 0
60 2 7
60 3 0
60 4 5
60 5 1
60 6 0
60 7 4
61 1 0
61 2 1
61 3 0
61 4 1
61 5 1
61 6 0
61 7 1
62 1 0
62 2 2
62 3 0
62 4 2
62 5 1
62 6 0
62 7 1
63 1 0
63 2 2
63 3 0
63 4 2
63 5 1
63 6 0
63 7 2
64 1 0
64 2 3
64 3 0
64 4 3
64 5 1
64 6 0
64 7 2
65 1 0
65 2 4
65 3 0
65 4 3
65 5 1
65 6 0
65 7 3
66 1 0
66 2 4
66 3 0
66 4 3
66 5 1
66 6 0
66 7 3
67 1 0
67 2 4
67 3 0
67 4 4
67 5 1
67 6 0
67 7 3
68 1 0
68 2 5
68 3 0
68 4 5
68 5 1
68 6 0
68 7 3
69 1 0
69 2 6
69 3 0
69 4 5
69 5 1
69 6 0
69 7 4
70 1 0
70 2 7
70 3 0
70 4 5
70 5 1
70 6 0
70 7 4
71 1 0
71 2 1
71 3 0
71 4 1
71 5 1
71 6 0
71 7 1
72 1 0
72 2 2
72 3 0
72 4 2
72 5 1
72 6 0
72 7 1
73 1 0
73 2 2
73 3 0
73 4 2
73 5 1
73 6 0
73 7 2
74 1 0
74 2 3
74 3 0
74 4 3
74 5 1
74 6 0
74 7 2
75 1 0
75 2 4
75 3 0
75 4 3
75 5 1
75 6 0
75 7 2
76 1 0
76 2 4
76 3 0
76 4 3
76 5 1
76 6 0
76 7 3
77 1 0
77 2 4
77 3 0
77 4 4
77 5 1
77 6 0
77 7 3
78 1 0
78 2 5
78 3 0
78 4 4
78 5 1
78 6 0
78 7 4
79 1 0
79 2 6
79 3 0
79 4 4
79 5 1
79 6 0
79 7 4
80 1 0
80 2 6
80 3 0
80 4 5
80 5 1
80 6 0
80 7 4
81 1 0
81 2 1
81 3 0
81 4 1
81 5 1
81 6 0
81 7 1
82 1 0
82 2 2
82 3 0
82 4 2
82 5 1
82 6 0
82 7 1
83 1 0
83 2 2
83 3 0
83 4 2
83 5 1
83 6 0
83 7 2
84 1 0
84 2 3
84 3 0
84 4 3
84 5 1
84 6 0
84 7 2
85 1 0
85 2 4
85 3 0
85 4 3
85 5 1
85 6 0
85 7 2
86 1 0
86 2 4
86 3 0
86 4 3
86 5 1
86 6 0
86 7 3
87 1 0
87 2 4
87 3 0
87 4 4
87 5 1
87 6 0
87 7 3
88 1 0
88 2 5
88 3 0
88 4 4
88 5 1
88 6 0
88 7 3
89 1 0
89 2 6
89 3 0
89 4 5
89 5 1
89 6 0
89 7 4

# Precedence Relations
1 2
2 3
3 4
4 5
4 6
4 7
4 8
4 9
5 10
6 11
7 12
8 18
9 18
10 14
11 12
12 13
13 14
14 15
14 16
15 17
16 54
17 18
18 19
18 20
19 22
20 21
20 28
21 54
22 23
23 24
24 25
25 26
25 27
25 29
26 37
27 33
28 29
29 31
30 54
31 32
32 33
33 34
34 35
35 36
35 37
36 38
37 38
38 39
39 40
39 41
39 42
39 43
40 44
41 53
42 53
43 45
44 52
45 46
46 47
47 48
47 49
49 50
50 51
51 52
52 53
53 68
53 69
53 70
53 71
54 55
55 56
56 57
57 58
57 59
57 60
57 61
57 62
57 63
57 64
57 65
57 66
58 67
59 67
60 67
61 67
62 67
63 67
64 67
65 67
66 67
67 73
68 72
69 72
70 72
71 73
72 78
72 80
73 74
74 75
74 76
75 77
76 81
77 78
78 79
79 81
80 81
80 87
81 82
81 84
81 85
82 83
83 86
84 86
85 86
86 87
86 89
87 88
87 89

# Parameters
R_e = 0.0500
T = 600.0
C_s = 4.0
C_w = 36.0
C_c = 5.0
