# Tasks
1 2 3 4 5 6 7 8 9 10 11 12 13 14 15 16 17 18 19 20 21 22 23 24 25 26 27 28 29 30 31 32 33 34 35 36 37 38 39 40 41 42 43 44 45 46 47 48 49 50 51 52 53 54 55 56 57 58 59 60 61 62 63 64 65 66 67 68 69 70 71 72 73 74 75 76 77 78 79 80 81 82 83

# Workstations
1 2 3 4 5 6 7 8 9 10 11 12 13 14 15 16 17 18 19 20 21 22 23 24 25 26 27 28 29 30 31 32 33 34 35 36 37 38 39 40 41 42 43 44 45 46 47 48 49 50 51 52 53 54 55 56 57 58 59 60 61 62 63 64 65 66 67 68 69 70 71 72 73 74 75 76 77 78 79 80 81 82 83

# Modes
1 2 3 4 5 6 7

# Processing Times
1 1 1673
1 2 2579
1 3 1433
1 4 2208
1 5 1344
1 6 2042
1 7 3148
2 1 985
2 2 1340
2 3 907
2 4 1234
2 5 837
2 6 1185
2 7 1613
3 1 1836
3 2 2368
3 3 1639
3 4 2114
3 5 1517
3 6 2248
3 7 2899
4 1 973
4 2 1493
4 3 915
4 4 1404
4 5 879
4 6 1093
4 7 1677
5 1 1700
5 2 2096
5 3 1473
5 4 1816
5 5 1614
5 6 2083
5 7 2568
6 1 2881
6 2 3839
6 3 2715
6 4 3618
6 5 2724
6 6 3531
6 7 4706
7 1 2231
7 2 2755
7 3 1936
7 4 2390
7 5 1809
7 6 2676
7 7 3305
8 1 1040
8 2 1516
8 3 988
8 4 1441
8 5 955
8 6 1287
8 7 1876
9 1 1793
9 2 2287
9 3 1693
9 4 2160
9 5 1591
9 6 2183
9 7 2784
10 1 1250
10 2 1971
10 3 1185
10 4 1868
10 5 1067
10 6 1541
10 7 2430
11 1 700
11 2 909
11 3 621
11 4 807
11 5 646
11 6 852
11 7 1106
12 1 464
12 2 694
12 3 421
12 4 630
12 5 441
12 6 570
12 7 852
13 1 500
13 2 761
13 3 440
13 4 670
13 5 435
13 6 582
13 7 886
14 1 1133
14 2 1627
14 3 1042
14 4 1496
14 5 911
14 6 1291
14 7 1853
15 1 577
15 2 852
15 3 543
15 4 801
15 5 516
15 6 656
15 7 969
16 1 483
16 2 687
16 3 437
16 4 621
16 5 439
16 6 573
16 7 814
17 1 880
17 2 1063
17 3 754
17 4 910
17 5 766
17 6 973
17 7 1175
18 1 667
18 2 1031
18 3 610
18 4 943
18 5 629
18 6 743
18 7 1148
19 1 600
19 2 855
19 3 543
19 4 773
19 5 559
19 6 735
19 7 1047
20 1 233
20 2 321
20 3 203
20 4 279
20 5 217
20 6 273
20 7 376
21 1 408
21 2 492
21 3 376
21 4 453
21 5 371
21 6 489
21 7 590
22 1 847
22 2 1020
22 3 804
22 4 968
22 5 778
22 6 984
22 7 1185
23 1 767
23 2 991
23 3 654
23 4 845
23 5 664
23 6 921
23 7 1190
24 1 850
24 2 1142
24 3 729
24 4 980
24 5 791
24 6 990
24 7 1331
25 1 780
25 2 1008
25 3 685
25 4 885
25 5 714
25 6 933
25 7 1205
26 1 912
26 2 1120
26 3 792
26 4 973
26 5 745
26 6 1037
26 7 1273
27 1 748
27 2 1135
27 3 667
27 4 1012
27 5 653
27 6 874
27 7 1326
28 1 1863
28 2 2368
28 3 1723
28 4 2190
28 5 1687
28 6 2284
28 7 2903
29 1 714
29 2 1054
29 3 609
29 4 899
29 5 632
29 6 795
29 7 1174
30 1 1004
30 2 1285
30 3 926
30 4 1185
30 5 951
30 6 1106
30 7 1415
31 1 713
31 2 1101
31 3 622
31 4 959
31 5 588
31 6 872
31 7 1346
32 1 642
32 2 810
32 3 599
32 4 755
32 5 531
32 6 757
32 7 955
33 1 629
33 2 828
33 3 544
33 4 715
33 5 581
33 6 718
33 7 945
34 1 1234
34 2 1696
34 3 1067
34 4 1467
34 5 1139
34 6 1475
34 7 2028
35 1 1143
35 2 1818
35 3 1056
35 4 1680
35 5 1084
35 6 1396
35 7 2219
36 1 1266
36 2 1609
36 3 1153
36 4 1466
36 5 1143
36 6 1440
36 7 1830
37 1 792
37 2 1253
37 3 681
37 4 1078
37 5 640
37 6 883
37 7 1397
38 1 1251
38 2 1638
38 3 1136
38 4 1487
38 5 1085
38 6 1555
38 7 2036
39 1 1310
39 2 1925
39 3 1213
39 4 1782
39 5 1165
39 6 1537
39 7 2259
40 1 663
40 2 860
40 3 617
40 4 800
40 5 576
40 6 770
40 7 998
41 1 494
41 2 674
41 3 436
41 4 595
41 5 444
41 6 593
41 7 809
42 1 1288
42 2 1795
42 3 1200
42 4 1673
42 5 1156
42 6 1423
42 7 1984
43 1 792
43 2 1157
43 3 677
43 4 989
43 5 698
43 6 912
43 7 1332
44 1 578
44 2 838
44 3 531
44 4 770
44 5 533
44 6 646
44 7 937
45 1 594
45 2 949
45 3 527
45 4 842
45 5 506
45 6 736
45 7 1176
46 1 578
46 2 856
46 3 493
46 4 729
46 5 546
46 6 636
46 7 942
47 1 622
47 2 900
47 3 550
47 4 795
47 5 532
47 6 710
47 7 1028
48 1 578
48 2 791
48 3 496
48 4 678
48 5 463
48 6 713
48 7 976
49 1 564
49 2 898
49 3 530
49 4 844
49 5 459
49 6 687
49 7 1094
50 1 578
50 2 827
50 3 540
50 4 772
50 5 540
50 6 681
50 7 974
51 1 578
51 2 887
51 3 493
51 4 756
51 5 531
51 6 642
51 7 985
52 1 578
52 2 767
52 3 542
52 4 719
52 5 498
52 6 641
52 7 850
53 1 578
53 2 864
53 3 535
53 4 800
53 5 474
53 6 668
53 7 999
54 1 578
54 2 905
54 3 548
54 4 857
54 5 547
54 6 700
54 7 1096
55 1 578
55 2 786
55 3 504
55 4 685
55 5 549
55 6 690
55 7 938
56 1 578
56 2 720
56 3 512
56 4 638
56 5 498
56 6 691
56 7 861
57 1 578
57 2 843
57 3 508
57 4 740
57 5 534
57 6 645
57 7 941
58 1 578
58 2 771
58 3 509
58 4 678
58 5 530
58 6 666
58 7 888
59 1 578
59 2 789
59 3 539
59 4 736
59 5 516
59 6 669
59 7 913
60 1 578
60 2 701
60 3 541
60 4 657
60 5 544
60 6 712
60 7 863
61 1 578
61 2 786
61 3 544
61 4 739
61 5 493
61 6 692
61 7 941
62 1 578
62 2 701
62 3 549
62 4 666
62 5 536
62 6 714
62 7 865
63 1 578
63 2 733
63 3 493
63 4 626
63 5 486
63 6 691
63 7 876
64 1 578
64 2 830
64 3 505
64 4 724
64 5 537
64 6 699
64 7 1003
65 1 578
65 2 919
65 3 526
65 4 835
65 5 536
65 6 689
65 7 1094
66 1 578
66 2 701
66 3 516
66 4 625
66 5 505
66 6 721
66 7 874
67 1 578
67 2 708
67 3 512
67 4 627
67 5 506
67 6 640
67 7 784
68 1 578
68 2 844
68 3 537
68 4 784
68 5 468
68 6 673
68 7 983
69 1 467
69 2 677
69 3 442
69 4 640
69 5 441
69 6 548
69 7 794
70 1 887
70 2 1370
70 3 755
70 4 1166
70 5 720
70 6 1069
70 7 1651
71 1 396
71 2 612
71 3 347
71 4 537
71 5 339
71 6 451
71 7 696
72 1 1296
72 2 1832
72 3 1139
72 4 1609
72 5 1067
72 6 1544
72 7 2182
73 1 1100
73 2 1421
73 3 1008
73 4 1302
73 5 881
73 6 1328
73 7 1716
74 1 2543
74 2 3186
74 3 2205
74 4 2762
74 5 2301
74 6 2947
74 7 3692
75 1 764
75 2 1206
75 3 655
75 4 1034
75 5 682
75 6 948
75 7 1497
76 1 357
76 2 434
76 3 339
76 4 412
76 5 300
76 6 446
76 7 542
77 1 701
77 2 947
77 3 648
77 4 875
77 5 602
77 6 819
77 7 1107
78 1 1164
78 2 1846
78 3 1049
78 4 1664
78 5 1051
78 6 1441
78 7 2285
79 1 286
79 2 364
79 3 262
79 4 333
79 5 231
79 6 354
79 7 450
80 1 2100
80 2 2900
80 3 1938
80 4 2676
80 5 1741
80 6 2464
80 7 3402
81 1 450
81 2 551
81 3 398
81 4 488
81 5 411
81 6 548
81 7 671
82 1 1300
82 2 1977
82 3 1177
82 4 1789
82 5 1146
82 6 1613
82 7 2452
83 1 3691
83 2 4983
83 3 3214
83 4 4339
83 5 3005
83 6 4316
83 7 5827

# Energy Consumption
1 1 0
1 2 603
1 3 0
1 4 476
1 5 204
1 6 0
1 7 434
2 1 0
2 2 329
2 3 0
2 4 255
2 5 124
2 6 0
2 7 232
3 1 0
3 2 670
3 3 0
3 4 385
3 5 215
3 6 0
3 7 395
4 1 0
4 2 421
4 3 0
4 4 295
4 5 134
4 6 0
4 7 232
5 1 0
5 2 531
5 3 0
5 4 343
5 5 234
5 6 0
5 7 379
6 1 0
6 2 920
6 3 0
6 4 740
6 5 427
6 6 0
6 7 691
7 1 0
7 2 695
7 3 0
7 4 480
7 5 285
7 6 0
7 7 479
8 1 0
8 2 357
8 3 0
8 4 300
8 5 138
8 6 0
8 7 279
9 1 0
9 2 628
9 3 0
9 4 466
9 5 231
9 6 0
9 7 400
10 1 0
10 2 511
10 3 0
10 4 406
10 5 159
10 6 0
10 7 362
11 1 0
11 2 265
11 3 0
11 4 161
11 5 101
11 6 0
11 7 140
12 1 0
12 2 174
12 3 0
12 4 134
12 5 65
12 6 0
12 7 124
13 1 0
13 2 206
13 3 0
13 4 144
13 5 62
13 6 0
13 7 119
14 1 0
14 2 368
14 3 0
14 4 322
14 5 132
14 6 0
14 7 238
15 1 0
15 2 203
15 3 0
15 4 167
15 5 78
15 6 0
15 7 140
16 1 0
16 2 152
16 3 0
16 4 137
16 5 68
16 6 0
16 7 101
17 1 0
17 2 305
17 3 0
17 4 166
17 5 117
17 6 0
17 7 161
18 1 0
18 2 299
18 3 0
18 4 179
18 5 96
18 6 0
18 7 167
19 1 0
19 2 201
19 3 0
19 4 141
19 5 80
19 6 0
19 7 134
20 1 0
20 2 77
20 3 0
20 4 57
20 5 33
20 6 0
20 7 56
21 1 0
21 2 122
21 3 0
21 4 84
21 5 60
21 6 0
21 7 73
22 1 0
22 2 280
22 3 0
22 4 211
22 5 117
22 6 0
22 7 177
23 1 0
23 2 291
23 3 0
23 4 167
23 5 103
23 6 0
23 7 166
24 1 0
24 2 308
24 3 0
24 4 204
24 5 119
24 6 0
24 7 182
25 1 0
25 2 229
25 3 0
25 4 173
25 5 114
25 6 0
25 7 155
26 1 0
26 2 282
26 3 0
26 4 198
26 5 108
26 6 0
26 7 176
27 1 0
27 2 329
27 3 0
27 4 219
27 5 99
27 6 0
27 7 196
28 1 0
28 2 627
28 3 0
28 4 440
28 5 259
28 6 0
28 7 416
29 1 0
29 2 286
29 3 0
29 4 198
29 5 91
29 6 0
29 7 170
30 1 0
30 2 320
30 3 0
30 4 236
30 5 143
30 6 0
30 7 196
31 1 0
31 2 314
31 3 0
31 4 194
31 5 93
31 6 0
31 7 194
32 1 0
32 2 193
32 3 0
32 4 161
32 5 76
32 6 0
32 7 134
33 1 0
33 2 219
33 3 0
33 4 139
33 5 89
33 6 0
33 7 119
34 1 0
34 2 497
34 3 0
34 4 291
34 5 163
34 6 0
34 7 283
35 1 0
35 2 477
35 3 0
35 4 323
35 5 166
35 6 0
35 7 277
36 1 0
36 2 379
36 3 0
36 4 278
36 5 181
36 6 0
36 7 263
37 1 0
37 2 314
37 3 0
37 4 231
37 5 93
37 6 0
37 7 199
38 1 0
38 2 465
38 3 0
38 4 306
38 5 156
38 6 0
38 7 253
39 1 0
39 2 503
39 3 0
39 4 332
39 5 171
39 6 0
39 7 309
40 1 0
40 2 243
40 3 0
40 4 157
40 5 91
40 6 0
40 7 146
41 1 0
41 2 174
41 3 0
41 4 130
41 5 68
41 6 0
41 7 122
42 1 0
42 2 414
42 3 0
42 4 311
42 5 185
42 6 0
42 7 297
43 1 0
43 2 342
43 3 0
43 4 183
43 5 104
43 6 0
43 7 196
44 1 0
44 2 216
44 3 0
44 4 149
44 5 76
44 6 0
44 7 132
45 1 0
45 2 216
45 3 0
45 4 166
45 5 81
45 6 0
45 7 144
46 1 0
46 2 200
46 3 0
46 4 153
46 5 84
46 6 0
46 7 139
47 1 0
47 2 215
47 3 0
47 4 173
47 5 80
47 6 0
47 7 133
48 1 0
48 2 226
48 3 0
48 4 133
48 5 70
48 6 0
48 7 128
49 1 0
49 2 265
49 3 0
49 4 162
49 5 65
49 6 0
49 7 157
50 1 0
50 2 204
50 3 0
50 4 148
50 5 82
50 6 0
50 7 127
51 1 0
51 2 263
51 3 0
51 4 166
51 5 84
51 6 0
51 7 128
52 1 0
52 2 219
52 3 0
52 4 147
52 5 80
52 6 0
52 7 107
53 1 0
53 2 201
53 3 0
53 4 147
53 5 68
53 6 0
53 7 133
54 1 0
54 2 265
54 3 0
54 4 179
54 5 86
54 6 0
54 7 135
55 1 0
55 2 193
55 3 0
55 4 138
55 5 79
55 6 0
55 7 128
56 1 0
56 2 212
56 3 0
56 4 121
56 5 72
56 6 0
56 7 128
57 1 0
57 2 187
57 3 0
57 4 162
57 5 81
57 6 0
57 7 138
58 1 0
58 2 195
58 3 0
58 4 134
58 5 83
58 6 0
58 7 108
59 1 0
59 2 201
59 3 0
59 4 148
59 5 77
59 6 0
59 7 120
60 1 0
60 2 179
60 3 0
60 4 123
60 5 86
60 6 0
60 7 115
61 1 0
61 2 235
61 3 0
61 4 134
61 5 77
61 6 0
61 7 121
62 1 0
62 2 186
62 3 0
62 4 143
62 5 81
62 6 0
62 7 111
63 1 0
63 2 172
63 3 0
63 4 132
63 5 73
63 6 0
63 7 111
64 1 0
64 2 241
64 3 0
64 4 157
64 5 83
64 6 0
64 7 137
65 1 0
65 2 267
65 3 0
65 4 169
65 5 84
65 6 0
65 7 139
66 1 0
66 2 184
66 3 0
66 4 127
66 5 72
66 6 0
66 7 126
67 1 0
67 2 179
67 3 0
67 4 138
67 5 81
67 6 0
67 7 100
68 1 0
68 2 203
68 3 0
68 4 151
68 5 70
68 6 0
68 7 140
69 1 0
69 2 183
69 3 0
69 4 133
69 5 71
69 6 0
69 7 98
70 1 0
70 2 336
70 3 0
70 4 255
70 5 108
70 6 0
70 7 207
71 1 0
71 2 148
71 3 0
71 4 108
71 5 48
71 6 0
71 7 85
72 1 0
72 2 548
72 3 0
72 4 339
72 5 161
72 6 0
72 7 274
73 1 0
73 2 356
73 3 0
73 4 258
73 5 136
73 6 0
73 7 243
74 1 0
74 2 713
74 3 0
74 4 552
74 5 361
74 6 0
74 7 473
75 1 0
75 2 312
75 3 0
75 4 226
75 5 100
75 6 0
75 7 204
76 1 0
76 2 123
76 3 0
76 4 81
76 5 48
76 6 0
76 7 76
77 1 0
77 2 280
77 3 0
77 4 177
77 5 94
77 6 0
77 7 139
78 1 0
78 2 501
78 3 0
78 4 347
78 5 154
78 6 0
78 7 324
79 1 0
79 2 107
79 3 0
79 4 66
79 5 33
79 6 0
79 7 62
80 1 0
80 2 732
80 3 0
80 4 560
80 5 261
80 6 0
80 7 435
81 1 0
81 2 164
81 3 0
81 4 90
81 5 61
81 6 0
81 7 91
82 1 0
82 2 565
82 3 0
82 4 325
82 5 167
82 6 0
82 7 330
83 1 0
83 2 1110
83 3 0
83 4 884
83 5 423
83 6 0
83 7 860

# Precedence Relations
1 2
2 3
2 4
2 5
3 6
4 6
4 7
5 8
6 9
6 10
7 11
8 77
8 78
9 12
10 13
10 14
10 25
11 15
12 16
13 17
13 18
13 20
14 19
15 20
15 39
16 77
16 78
17 21
17 22
17 28
18 23
19 24
20 26
21 27
22 27
23 74
24 28
24 29
25 32
26 74
27 69
28 32
29 30
30 31
31 39
32 33
32 34
32 35
32 36
33 37
34 77
34 78
35 77
35 78
36 38
36 39
37 40
38 41
39 42
39 43
39 44
39 75
40 77
40 78
41 45
42 77
42 78
43 77
43 78
44 46
45 47
46 48
47 49
48 50
49 69
50 51
51 52
52 53
53 54
54 55
55 56
56 57
57 58
58 59
59 60
60 61
61 62
62 63
63 64
64 65
65 66
66 67
67 68
68 74
68 75
69 70
69 71
70 72
71 73
72 73
73 74
73 75
74 76
75 76
76 77
76 78
77 79
78 79
79 80
79 81
80 82
81 83
82 83

# Parameters
R_e = 0.0500
T = 7916.0
C_s = 4.0
C_w = 36.0
C_c = 5.0
