# Tasks
1 2 3 4 5 6 7 8 9 10 11 12 13 14 15 16 17 18 19 20

# Workstations
1 2 3 4 5 6 7 8 9 10 11 12 13 14 15 16 17 18 19 20

# Modes
1 2 3 4 5 6 7

# Processing Times
1 1 142
1 2 219
1 3 127
1 4 196
1 5 114
1 6 165
1 7 254
2 1 34
2 2 47
2 3 31
2 4 43
2 5 28
2 6 38
2 7 52
3 1 140
3 2 181
3 3 129
3 4 166
3 5 117
3 6 158
3 7 204
4 1 214
4 2 329
4 3 196
4 4 301
4 5 183
4 6 255
4 7 391
5 1 121
5 2 150
5 3 115
5 4 143
5 5 101
5 6 151
5 7 187
6 1 279
6 2 372
6 3 257
6 4 343
6 5 227
6 6 309
6 7 411
7 1 50
7 2 62
7 3 46
7 4 57
7 5 46
7 6 56
7 7 69
8 1 282
8 2 411
8 3 252
8 4 367
8 5 234
8 6 338
8 7 493
9 1 129
9 2 165
9 3 123
9 4 157
9 5 117
9 6 154
9 7 197
10 1 175
10 2 276
10 3 159
10 4 251
10 5 146
10 6 216
10 7 340
11 1 97
11 2 126
11 3 91
11 4 118
11 5 91
11 6 120
11 7 155
12 1 132
12 2 198
12 3 117
12 4 175
12 5 109
12 6 156
12 7 234
13 1 107
13 2 163
13 3 99
13 4 151
13 5 91
13 6 122
13 7 185
14 1 132
14 2 190
14 3 125
14 4 179
14 5 115
14 6 148
14 7 213
15 1 69
15 2 102
15 3 62
15 4 91
15 5 66
15 6 86
15 7 127
16 1 169
16 2 241
16 3 146
16 4 208
16 5 140
16 6 187
16 7 267
17 1 73
17 2 89
17 3 67
17 4 82
17 5 69
17 6 85
17 7 103
18 1 231
18 2 357
18 3 205
18 4 316
18 5 195
18 6 288
18 7 445
19 1 120
19 2 171
19 3 107
19 4 153
19 5 109
19 6 136
19 7 193
20 1 186
20 2 256
20 3 159
20 4 219
20 5 156
20 6 218
20 7 299

# Energy Consumption
1 1 0
1 2 52
1 3 0
1 4 43
1 5 18
1 6 0
1 7 35
2 1 0
2 2 12
2 3 0
2 4 9
2 5 5
2 6 0
2 7 8
3 1 0
3 2 52
3 3 0
3 4 31
3 5 17
3 6 0
3 7 28
4 1 0
4 2 93
4 3 0
4 4 64
4 5 28
4 6 0
4 7 55
5 1 0
5 2 38
5 3 0
5 4 27
5 5 15
5 6 0
5 7 28
6 1 0
6 2 90
6 3 0
6 4 71
6 5 36
6 6 0
6 7 61
7 1 0
7 2 16
7 3 0
7 4 12
7 5 8
7 6 0
7 7 10
8 1 0
8 2 97
8 3 0
8 4 77
8 5 34
8 6 0
8 7 74
9 1 0
9 2 46
9 3 0
9 4 34
9 5 17
9 6 0
9 7 29
10 1 0
10 2 72
10 3 0
10 4 55
10 5 22
10 6 0
10 7 51
11 1 0
11 2 37
11 3 0
11 4 24
11 5 15
11 6 0
11 7 20
12 1 0
12 2 50
12 3 0
12 4 38
12 5 16
12 6 0
12 7 34
13 1 0
13 2 44
13 3 0
13 4 33
13 5 13
13 6 0
13 7 25
14 1 0
14 2 43
14 3 0
14 4 39
14 5 17
14 6 0
14 7 28
15 1 0
15 2 25
15 3 0
15 4 19
15 5 10
15 6 0
15 7 19
16 1 0
16 2 54
16 3 0
16 4 46
16 5 22
16 6 0
16 7 33
17 1 0
17 2 26
17 3 0
17 4 15
17 5 11
17 6 0
17 7 15
18 1 0
18 2 104
18 3 0
18 4 60
18 5 30
18 6 0
18 7 65
19 1 0
19 2 41
19 3 0
19 4 28
19 5 16
19 6 0
19 7 25
20 1 0
20 2 61
20 3 0
20 4 45
20 5 24
20 6 0
20 7 45

# Precedence Relations
1 6
2 7
4 8
5 9
6 10
7 11
8 12
10 13
11 13
12 14
12 15
13 16
13 17
13 18
14 20
15 19

# Parameters
R_e = 0.0500
T = 1000.0
C_s = 4.0
C_w = 36.0
C_c = 5.0
