# Tasks
1 2 3 4 5 6 7 8 9 10 11 12 13 14 15 16 17 18 19 20

# Workstations
1 2 3 4 5 6 7 8 9 10 11 12 13 14 15 16 17 18 19 20

# Modes
1 2 3 4 5 6 7

# Processing Times
1 1 27
1 2 27
1 3 28
1 4 28
1 5 17
1 6 30
1 7 30
2 1 123
2 2 121
2 3 127
2 4 125
2 5 74
2 6 137
2 7 135
3 1 188
3 2 185
3 3 194
3 4 191
3 5 112
3 6 209
3 7 206
4 1 152
4 2 150
4 3 157
4 4 155
4 5 91
4 6 169
4 7 167
5 1 210
5 2 207
5 3 217
5 4 214
5 5 125
5 6 233
5 7 230
6 1 206
6 2 203
6 3 213
6 4 209
6 5 123
6 6 229
6 7 225
7 1 234
7 2 231
7 3 241
7 4 238
7 5 139
7 6 260
7 7 257
8 1 178
8 2 176
8 3 184
8 4 182
8 5 106
8 6 198
8 7 196
9 1 82
9 2 81
9 3 85
9 4 84
9 5 49
9 6 91
9 7 90
10 1 126
10 2 124
10 3 130
10 4 128
10 5 75
10 6 140
10 7 138
11 1 93
11 2 92
11 3 96
11 4 95
11 5 56
11 6 104
11 7 102
12 1 135
12 2 133
12 3 139
12 4 137
12 5 81
12 6 150
12 7 148
13 1 159
13 2 157
13 3 164
13 4 162
13 5 95
13 6 177
13 7 175
14 1 177
14 2 175
14 3 183
14 4 181
14 5 106
14 6 197
14 7 194
15 1 196
15 2 193
15 3 202
15 4 199
15 5 117
15 6 218
15 7 214
16 1 165
16 2 163
16 3 170
16 4 168
16 5 99
16 6 183
16 7 181
17 1 104
17 2 103
17 3 108
17 4 107
17 5 62
17 6 116
17 7 115
18 1 157
18 2 155
18 3 162
18 4 160
18 5 94
18 6 175
18 7 172
19 1 87
19 2 86
19 3 90
19 4 89
19 5 52
19 6 97
19 7 96
20 1 140
20 2 138
20 3 145
20 4 143
20 5 84
20 6 156
20 7 153

# Energy Consumption
1 1 0
1 2 8
1 3 0
1 4 6
1 5 3
1 6 0
1 7 4
2 1 0
2 2 30
2 3 0
2 4 28
2 5 11
2 6 0
2 7 17
3 1 0
3 2 48
3 3 0
3 4 40
3 5 17
3 6 0
3 7 31
4 1 0
4 2 45
4 3 0
4 4 30
4 5 14
4 6 0
4 7 24
5 1 0
5 2 49
5 3 0
5 4 42
5 5 19
5 6 0
5 7 30
6 1 0
6 2 49
6 3 0
6 4 42
6 5 19
6 6 0
6 7 28
7 1 0
7 2 52
7 3 0
7 4 45
7 5 21
7 6 0
7 7 33
8 1 0
8 2 52
8 3 0
8 4 38
8 5 17
8 6 0
8 7 29
9 1 0
9 2 22
9 3 0
9 4 19
9 5 8
9 6 0
9 7 12
10 1 0
10 2 35
10 3 0
10 4 27
10 5 12
10 6 0
10 7 18
11 1 0
11 2 24
11 3 0
11 4 18
11 5 9
11 6 0
11 7 15
12 1 0
12 2 35
12 3 0
12 4 29
12 5 13
12 6 0
12 7 20
13 1 0
13 2 45
13 3 0
13 4 35
13 5 14
13 6 0
13 7 24
14 1 0
14 2 52
14 3 0
14 4 36
14 5 16
14 6 0
14 7 29
15 1 0
15 2 58
15 3 0
15 4 38
15 5 18
15 6 0
15 7 31
16 1 0
16 2 42
16 3 0
16 4 36
16 5 15
16 6 0
16 7 26
17 1 0
17 2 27
17 3 0
17 4 23
17 5 9
17 6 0
17 7 15
18 1 0
18 2 42
18 3 0
18 4 32
18 5 15
18 6 0
18 7 25
19 1 0
19 2 20
19 3 0
19 4 18
19 5 8
19 6 0
19 7 14
20 1 0
20 2 38
20 3 0
20 4 29
20 5 14
20 6 0
20 7 20

# Precedence Relations
1 9
2 9
3 9
4 7
5 6
5 8
6 9
7 9
8 10
8 11
9 12
9 13
9 14
9 15
10 17
12 17
13 16
16 19
16 20
17 18

# Parameters
R_e = 0.0500
T = 1000.0
C_s = 4.0
C_w = 36.0
C_c = 5.0
