# Tasks
1 2 3 4 5 6 7 8 9 10 11 12 13 14 15 16 17 18 19 20 21 22 23 24 25 26 27 28 29 30 31 32 33 34 35 36 37 38 39 40 41 42 43 44 45 46 47 48 49 50 51 52 53 54 55 56 57 58 59 60 61 62 63 64 65 66 67 68 69 70 71 72 73 74 75

# Workstations
1 2 3 4 5 6 7 8 9 10 11 12 13 14 15 16 17 18 19 20 21 22 23 24 25 26 27 28 29 30 31 32 33 34 35 36 37 38 39 40 41 42 43 44 45 46 47 48 49 50 51 52 53 54 55 56 57 58 59 60 61 62 63 64 65 66 67 68 69 70 71 72 73 74 75

# Modes
1 2 3 4 5 6 7

# Processing Times
1 1 23
1 2 58
1 3 22
1 4 55
1 5 13
1 6 32
1 7 80
2 1 24
2 2 58
2 3 21
2 4 51
2 5 17
2 6 35
2 7 84
3 1 25
3 2 59
3 3 24
3 4 55
3 5 15
3 6 35
3 7 83
4 1 26
4 2 59
4 3 23
4 4 52
4 5 17
4 6 38
4 7 85
5 1 23
5 2 46
5 3 21
5 4 42
5 5 15
5 6 30
5 7 60
6 1 22
6 2 49
6 3 20
6 4 43
6 5 13
6 6 29
6 7 63
7 1 6
7 2 14
7 3 6
7 4 13
7 5 5
7 6 9
7 7 20
8 1 22
8 2 42
8 3 20
8 4 38
8 5 14
8 6 31
8 7 58
9 1 23
9 2 43
9 3 20
9 4 37
9 5 14
9 6 32
9 7 60
10 1 21
10 2 42
10 3 20
10 4 40
10 5 13
10 6 28
10 7 56
11 1 22
11 2 47
11 3 20
11 4 42
11 5 15
11 6 29
11 7 61
12 1 15
12 2 28
12 3 15
12 4 27
12 5 11
12 6 21
12 7 38
13 1 5
13 2 11
13 3 5
13 4 11
13 5 4
13 6 7
13 7 15
14 1 23
14 2 48
14 3 21
14 4 42
14 5 14
14 6 33
14 7 68
15 1 4
15 2 10
15 3 4
15 4 10
15 5 3
15 6 6
15 7 15
16 1 26
16 2 50
16 3 23
16 4 45
16 5 16
16 6 37
16 7 71
17 1 21
17 2 38
17 3 20
17 4 36
17 5 15
17 6 29
17 7 53
18 1 5
18 2 13
18 3 5
18 4 12
18 5 4
18 6 7
18 7 19
19 1 24
19 2 44
19 3 21
19 4 39
19 5 15
19 6 31
19 7 57
20 1 25
20 2 56
20 3 22
20 4 49
20 5 17
20 6 34
20 7 76
21 1 26
21 2 59
21 3 24
21 4 54
21 5 16
21 6 36
21 7 80
22 1 26
22 2 62
22 3 23
22 4 55
22 5 16
22 6 36
22 7 84
23 1 24
23 2 53
23 3 23
23 4 51
23 5 14
23 6 34
23 7 75
24 1 27
24 2 68
24 3 26
24 4 64
24 5 17
24 6 35
24 7 88
25 1 20
25 2 37
25 3 19
25 4 35
25 5 12
25 6 27
25 7 50
26 1 23
26 2 51
26 3 22
26 4 48
26 5 14
26 6 30
26 7 66
27 1 25
27 2 57
27 3 23
27 4 52
27 5 15
27 6 34
27 7 78
28 1 13
28 2 29
28 3 12
28 4 27
28 5 9
28 6 19
28 7 42
29 1 3
29 2 7
29 3 3
29 4 7
29 5 2
29 6 4
29 7 10
30 1 11
30 2 24
30 3 11
30 4 23
30 5 8
30 6 16
30 7 35
31 1 21
31 2 43
31 3 19
31 4 39
31 5 13
31 6 28
31 7 58
32 1 22
32 2 46
32 3 19
32 4 40
32 5 13
32 6 30
32 7 63
33 1 21
33 2 45
33 3 19
33 4 40
33 5 14
33 6 31
33 7 65
34 1 22
34 2 54
34 3 21
34 4 50
34 5 16
34 6 30
34 7 74
35 1 25
35 2 56
35 3 22
35 4 50
35 5 17
35 6 37
35 7 82
36 1 8
36 2 17
36 3 7
36 4 15
36 5 5
36 6 12
36 7 25
37 1 22
37 2 47
37 3 21
37 4 44
37 5 15
37 6 31
37 7 65
38 1 24
38 2 60
38 3 21
38 4 52
38 5 17
38 6 33
38 7 81
39 1 22
39 2 51
39 3 20
39 4 47
39 5 16
39 6 28
39 7 65
40 1 21
40 2 47
40 3 20
40 4 43
40 5 14
40 6 30
40 7 67
41 1 6
41 2 12
41 3 6
41 4 11
41 5 4
41 6 8
41 7 16
42 1 26
42 2 48
42 3 23
42 4 42
42 5 18
42 6 34
42 7 63
43 1 22
43 2 49
43 3 21
43 4 47
43 5 14
43 6 32
43 7 71
44 1 6
44 2 15
44 3 6
44 4 15
44 5 4
44 6 8
44 7 20
45 1 21
45 2 46
45 3 19
45 4 42
45 5 15
45 6 28
45 7 61
46 1 25
46 2 56
46 3 24
46 4 52
46 5 15
46 6 33
46 7 74
47 1 11
47 2 24
47 3 10
47 4 21
47 5 8
47 6 16
47 7 33
48 1 22
48 2 55
48 3 21
48 4 52
48 5 15
48 6 31
48 7 76
49 1 21
49 2 52
49 3 20
49 4 49
49 5 13
49 6 28
49 7 69
50 1 25
50 2 55
50 3 23
50 4 50
50 5 15
50 6 32
50 7 70
51 1 22
51 2 54
51 3 21
51 4 50
51 5 13
51 6 32
51 7 78
52 1 22
52 2 55
52 3 19
52 4 47
52 5 15
52 6 31
52 7 76
53 1 23
53 2 50
53 3 22
53 4 48
53 5 16
53 6 31
53 7 66
54 1 22
54 2 40
54 3 21
54 4 37
54 5 14
54 6 31
54 7 56
55 1 22
55 2 47
55 3 19
55 4 41
55 5 14
55 6 32
55 7 68
56 1 25
56 2 62
56 3 24
56 4 58
56 5 16
56 6 33
56 7 80
57 1 23
57 2 46
57 3 22
57 4 44
57 5 16
57 6 31
57 7 61
58 1 21
58 2 43
58 3 20
58 4 41
58 5 14
58 6 27
58 7 55
59 1 22
59 2 51
59 3 21
59 4 48
59 5 13
59 6 31
59 7 72
60 1 22
60 2 48
60 3 20
60 4 42
60 5 13
60 6 28
60 7 61
61 1 22
61 2 55
61 3 20
61 4 50
61 5 15
61 6 28
61 7 70
62 1 22
62 2 54
62 3 20
62 4 48
62 5 14
62 6 30
62 7 73
63 1 21
63 2 42
63 3 20
63 4 40
63 5 13
63 6 31
63 7 61
64 1 27
64 2 67
64 3 25
64 4 61
64 5 18
64 6 38
64 7 95
65 1 23
65 2 52
65 3 20
65 4 45
65 5 14
65 6 33
65 7 74
66 1 2
66 2 5
66 3 2
66 4 5
66 5 2
66 6 3
66 7 8
67 1 26
67 2 51
67 3 24
67 4 46
67 5 15
67 6 36
67 7 69
68 1 25
68 2 52
68 3 22
68 4 45
68 5 15
68 6 37
68 7 76
69 1 24
69 2 46
69 3 22
69 4 42
69 5 16
69 6 32
69 7 62
70 1 22
70 2 51
70 3 20
70 4 46
70 5 15
70 6 29
70 7 66
71 1 24
71 2 57
71 3 21
71 4 49
71 5 15
71 6 31
71 7 72
72 1 4
72 2 10
72 3 4
72 4 9
72 5 3
72 6 6
72 7 14
73 1 22
73 2 45
73 3 20
73 4 40
73 5 13
73 6 28
73 7 57
74 1 10
74 2 23
74 3 10
74 4 22
74 5 7
74 6 14
74 7 32
75 1 25
75 2 51
75 3 23
75 4 47
75 5 16
75 6 36
75 7 73

# Energy Consumption
1 1 0
1 2 17
1 3 0
1 4 11
1 5 3
1 6 0
1 7 10
2 1 0
2 2 14
2 3 0
2 4 10
2 5 3
2 6 0
2 7 13
3 1 0
3 2 15
3 3 0
3 4 12
3 5 3
3 6 0
3 7 12
4 1 0
4 2 15
4 3 0
4 4 11
4 5 3
4 6 0
4 7 11
5 1 0
5 2 12
5 3 0
5 4 9
5 5 3
5 6 0
5 7 8
6 1 0
6 2 12
6 3 0
6 4 10
6 5 2
6 6 0
6 7 9
7 1 0
7 2 4
7 3 0
7 4 3
7 5 1
7 6 0
7 7 3
8 1 0
8 2 11
8 3 0
8 4 9
8 5 2
8 6 0
8 7 9
9 1 0
9 2 10
9 3 0
9 4 8
9 5 3
9 6 0
9 7 8
10 1 0
10 2 11
10 3 0
10 4 9
10 5 2
10 6 0
10 7 7
11 1 0
11 2 12
11 3 0
11 4 8
11 5 3
11 6 0
11 7 8
12 1 0
12 2 7
12 3 0
12 4 6
12 5 2
12 6 0
12 7 5
13 1 0
13 2 4
13 3 0
13 4 3
13 5 1
13 6 0
13 7 3
14 1 0
14 2 14
14 3 0
14 4 8
14 5 3
14 6 0
14 7 10
15 1 0
15 2 3
15 3 0
15 4 2
15 5 1
15 6 0
15 7 2
16 1 0
16 2 12
16 3 0
16 4 10
16 5 3
16 6 0
16 7 9
17 1 0
17 2 10
17 3 0
17 4 7
17 5 3
17 6 0
17 7 7
18 1 0
18 2 4
18 3 0
18 4 3
18 5 1
18 6 0
18 7 3
19 1 0
19 2 12
19 3 0
19 4 8
19 5 3
19 6 0
19 7 8
20 1 0
20 2 15
20 3 0
20 4 10
20 5 3
20 6 0
20 7 11
21 1 0
21 2 16
21 3 0
21 4 12
21 5 3
21 6 0
21 7 12
22 1 0
22 2 19
22 3 0
22 4 11
22 5 3
22 6 0
22 7 11
23 1 0
23 2 15
23 3 0
23 4 12
23 5 2
23 6 0
23 7 10
24 1 0
24 2 17
24 3 0
24 4 13
24 5 3
24 6 0
24 7 13
25 1 0
25 2 11
25 3 0
25 4 7
25 5 2
25 6 0
25 7 8
26 1 0
26 2 14
26 3 0
26 4 9
26 5 3
26 6 0
26 7 10
27 1 0
27 2 14
27 3 0
27 4 10
27 5 3
27 6 0
27 7 11
28 1 0
28 2 8
28 3 0
28 4 6
28 5 2
28 6 0
28 7 7
29 1 0
29 2 2
29 3 0
29 4 2
29 5 1
29 6 0
29 7 2
30 1 0
30 2 6
30 3 0
30 4 5
30 5 2
30 6 0
30 7 5
31 1 0
31 2 13
31 3 0
31 4 8
31 5 3
31 6 0
31 7 9
32 1 0
32 2 12
32 3 0
32 4 8
32 5 2
32 6 0
32 7 9
33 1 0
33 2 12
33 3 0
33 4 9
33 5 3
33 6 0
33 7 9
34 1 0
34 2 15
34 3 0
34 4 11
34 5 3
34 6 0
34 7 11
35 1 0
35 2 17
35 3 0
35 4 10
35 5 3
35 6 0
35 7 11
36 1 0
36 2 5
36 3 0
36 4 3
36 5 1
36 6 0
36 7 4
37 1 0
37 2 12
37 3 0
37 4 9
37 5 3
37 6 0
37 7 10
38 1 0
38 2 18
38 3 0
38 4 12
38 5 3
38 6 0
38 7 12
39 1 0
39 2 16
39 3 0
39 4 10
39 5 3
39 6 0
39 7 9
40 1 0
40 2 12
40 3 0
40 4 9
40 5 3
40 6 0
40 7 10
41 1 0
41 2 4
41 3 0
41 4 3
41 5 1
41 6 0
41 7 3
42 1 0
42 2 14
42 3 0
42 4 9
42 5 3
42 6 0
42 7 9
43 1 0
43 2 14
43 3 0
43 4 10
43 5 3
43 6 0
43 7 11
44 1 0
44 2 5
44 3 0
44 4 3
44 5 1
44 6 0
44 7 3
45 1 0
45 2 11
45 3 0
45 4 9
45 5 3
45 6 0
45 7 9
46 1 0
46 2 16
46 3 0
46 4 11
46 5 3
46 6 0
46 7 11
47 1 0
47 2 6
47 3 0
47 4 5
47 5 2
47 6 0
47 7 5
48 1 0
48 2 15
48 3 0
48 4 12
48 5 3
48 6 0
48 7 12
49 1 0
49 2 15
49 3 0
49 4 10
49 5 2
49 6 0
49 7 10
50 1 0
50 2 17
50 3 0
50 4 10
50 5 3
50 6 0
50 7 10
51 1 0
51 2 16
51 3 0
51 4 11
51 5 3
51 6 0
51 7 10
52 1 0
52 2 14
52 3 0
52 4 9
52 5 3
52 6 0
52 7 10
53 1 0
53 2 13
53 3 0
53 4 10
53 5 3
53 6 0
53 7 10
54 1 0
54 2 10
54 3 0
54 4 8
54 5 3
54 6 0
54 7 8
55 1 0
55 2 12
55 3 0
55 4 8
55 5 2
55 6 0
55 7 11
56 1 0
56 2 16
56 3 0
56 4 12
56 5 3
56 6 0
56 7 10
57 1 0
57 2 12
57 3 0
57 4 10
57 5 3
57 6 0
57 7 9
58 1 0
58 2 11
58 3 0
58 4 8
58 5 3
58 6 0
58 7 8
59 1 0
59 2 14
59 3 0
59 4 9
59 5 3
59 6 0
59 7 10
60 1 0
60 2 14
60 3 0
60 4 8
60 5 3
60 6 0
60 7 8
61 1 0
61 2 15
61 3 0
61 4 10
61 5 3
61 6 0
61 7 9
62 1 0
62 2 13
62 3 0
62 4 10
62 5 3
62 6 0
62 7 10
63 1 0
63 2 12
63 3 0
63 4 9
63 5 3
63 6 0
63 7 9
64 1 0
64 2 18
64 3 0
64 4 12
64 5 3
64 6 0
64 7 14
65 1 0
65 2 12
65 3 0
65 4 9
65 5 3
65 6 0
65 7 11
66 1 0
66 2 2
66 3 0
66 4 1
66 5 1
66 6 0
66 7 2
67 1 0
67 2 14
67 3 0
67 4 11
67 5 3
67 6 0
67 7 11
68 1 0
68 2 15
68 3 0
68 4 10
68 5 3
68 6 0
68 7 11
69 1 0
69 2 11
69 3 0
69 4 9
69 5 3
69 6 0
69 7 10
70 1 0
70 2 14
70 3 0
70 4 10
70 5 3
70 6 0
70 7 8
71 1 0
71 2 16
71 3 0
71 4 10
71 5 3
71 6 0
71 7 9
72 1 0
72 2 3
72 3 0
72 4 2
72 5 1
72 6 0
72 7 3
73 1 0
73 2 11
73 3 0
73 4 9
73 5 3
73 6 0
73 7 8
74 1 0
74 2 7
74 3 0
74 4 5
74 5 2
74 6 0
74 7 5
75 1 0
75 2 12
75 3 0
75 4 11
75 5 3
75 6 0
75 7 10

# Precedence Relations
1 2
1 3
1 4
1 5
1 6
1 7
2 15
3 13
3 24
4 8
4 14
4 16
5 12
5 15
6 9
6 10
6 11
6 13
9 20
9 24
10 18
12 19
13 22
15 17
15 20
15 23
16 21
16 26
17 30
18 26
18 30
20 27
21 33
24 25
25 28
25 30
25 33
25 34
26 31
26 32
26 41
27 29
27 35
27 36
31 37
31 39
32 44
32 45
33 41
35 38
35 42
36 40
36 43
39 51
40 46
42 47
43 48
43 50
46 51
46 48
47 49
47 50
47 52
47 53
49 59
49 61
49 62
50 54
50 55
50 60
50 62
52 56
52 57
53 58
55 63
58 65
59 64
59 66
62 67
66 68
68 69
68 70
68 71
68 72
68 73
68 74
68 75

# Parameters
R_e = 0.0500
T = 39.0
C_s = 4.0
C_w = 36.0
C_c = 5.0
