# Tasks
1 2 3 4 5 6 7 8 9 10 11 12 13 14 15 16 17 18 19 20

# Workstations
1 2 3 4 5 6 7 8 9 10 11 12 13 14 15 16 17 18 19 20

# Modes
1 2 3 4 5 6 7

# Processing Times m=1,2,3,4,5,6,7
1 1 209
1 2 314
1 3 209
1 4 314
1 5 168
1 6 105
1 7 105
2 1 93
2 2 140
2 3 93
2 4 140
2 5 75
2 6 47
2 7 47
3 1 197
3 2 296
3 3 197
3 4 296
3 5 158
3 6 99
3 7 99
4 1 223
4 2 335
4 3 223
4 4 335
4 5 179
4 6 112
4 7 112
5 1 75
5 2 113
5 3 75
5 4 113
5 5 60
5 6 38
5 7 38
6 1 92
6 2 138
6 3 92
6 4 138
6 5 74
6 6 46
6 7 46
7 1 36
7 2 54
7 3 36
7 4 54
7 5 29
7 6 18
7 7 18
8 1 27
8 2 41
8 3 27
8 4 41
8 5 22
8 6 14
8 7 14
9 1 26
9 2 39
9 3 26
9 4 39
9 5 21
9 6 13
9 7 13
10 1 114
10 2 171
10 3 114
10 4 171
10 5 92
10 6 57
10 7 57
11 1 128
11 2 192
11 3 128
11 4 192
11 5 103
11 6 64
11 7 64
12 1 229
12 2 344
12 3 229
12 4 344
12 5 184
12 6 115
12 7 115
13 1 383
13 2 575
13 3 383
13 4 575
13 5 307
13 6 192
13 7 192
14 1 113
14 2 170
14 3 113
14 4 170
14 5 91
14 6 57
14 7 57
15 1 217
15 2 326
15 3 217
15 4 326
15 5 174
15 6 109
15 7 109
16 1 306
16 2 459
16 3 306
16 4 459
16 5 245
16 6 153
16 7 153
17 1 50
17 2 75
17 3 50
17 4 75
17 5 40
17 6 25
17 7 25
18 1 125
18 2 188
18 3 125
18 4 188
18 5 100
18 6 63
18 7 63
19 1 68
19 2 102
19 3 68
19 4 102
19 5 55
19 6 34
19 7 34
20 1 120
20 2 180
20 3 120
20 4 180
20 5 96
20 6 60
20 7 60

# Energy Consumption m=1,2,3,4,5,6,7
1 1 0
1 2 69
1 3 0
1 4 70
1 5 25
1 6 0
1 7 9
2 1 0
2 2 28
2 3 0
2 4 27
2 5 12
2 6 0
2 7 4
3 1 0
3 2 59
3 3 0
3 4 66
3 5 25
3 6 0
3 7 7
4 1 0
4 2 67
4 3 0
4 4 62
4 5 27
4 6 0
4 7 6
5 1 0
5 2 23
5 3 0
5 4 24
5 5 9
5 6 0
5 7 3
6 1 0
6 2 27
6 3 0
6 4 30
6 5 12
6 6 0
6 7 3
7 1 0
7 2 12
7 3 0
7 4 12
7 5 5
7 6 0
7 7 2
8 1 0
8 2 8
8 3 0
8 4 9
8 5 4
8 6 0
8 7 1
9 1 0
9 2 9
9 3 0
9 4 9
9 5 4
9 6 0
9 7 2
10 1 0
10 2 38
10 3 0
10 4 36
10 5 15
10 6 0
10 7 5
11 1 0
11 2 39
11 3 0
11 4 38
11 5 15
11 6 0
11 7 6
12 1 0
12 2 73
12 3 0
12 4 64
12 5 26
12 6 0
12 7 7
13 1 0
13 2 109
13 3 0
13 4 127
13 5 45
13 6 0
13 7 20
14 1 0
14 2 36
14 3 0
14 4 38
14 5 13
14 6 0
14 7 5
15 1 0
15 2 67
15 3 0
15 4 72
15 5 27
15 6 0
15 7 10
16 1 0
16 2 90
16 3 0
16 4 99
16 5 35
16 6 0
16 7 15
17 1 0
17 2 15
17 3 0
17 4 17
17 5 6
17 6 0
17 7 3
18 1 0
18 2 38
18 3 0
18 4 36
18 5 15
18 6 0
18 7 5
19 1 0
19 2 20
19 3 0
19 4 22
19 5 8
19 6 0
19 7 4
20 1 0
20 2 36
20 3 0
20 4 39
20 5 14
20 6 0
20 7 5

# Precedence Relations
1 10
2 10
4 9
6 7
6 8
7 10
8 10
9 11
9 12
9 13
9 14
10 15
10 16
10 17
10 18
10 19
18 20

# Parameters
R_e = 0.05
T = 1000
C_s = 4
C_w = 36
C_c = 5