# Tasks
1 2 3 4 5 6 7 8 9 10 11 12 13 14 15 16 17 18 19 20

# Workstations
1 2 3 4 5 6 7 8 9 10 11 12 13 14 15 16 17 18 19 20

# Modes
1 2 3 4 5 6 7

# Processing Times m=1,2,3,4,5,6,7
1 1 570
1 2 855
1 3 570
1 4 855
1 5 456
1 6 285
1 7 285
2 1 504
2 2 756
2 3 504
2 4 756
2 5 404
2 6 252
2 7 252
3 1 232
3 2 348
3 3 232
3 4 348
3 5 186
3 6 116
3 7 116
4 1 336
4 2 504
4 3 336
4 4 504
4 5 269
4 6 168
4 7 168
5 1 724
5 2 1086
5 3 724
5 4 1086
5 5 580
5 6 362
5 7 362
6 1 463
6 2 695
6 3 463
6 4 695
6 5 371
6 6 232
6 7 232
7 1 537
7 2 806
7 3 537
7 4 806
7 5 430
7 6 269
7 7 269
8 1 553
8 2 830
8 3 553
8 4 830
8 5 443
8 6 277
8 7 277
9 1 669
9 2 1004
9 3 669
9 4 1004
9 5 536
9 6 335
9 7 335
10 1 350
10 2 525
10 3 350
10 4 525
10 5 280
10 6 175
10 7 175
11 1 463
11 2 695
11 3 463
11 4 695
11 5 371
11 6 232
11 7 232
12 1 365
12 2 548
12 3 365
12 4 548
12 5 292
12 6 183
12 7 183
13 1 422
13 2 633
13 3 422
13 4 633
13 5 338
13 6 211
13 7 211
14 1 544
14 2 816
14 3 544
14 4 816
14 5 436
14 6 272
14 7 272
15 1 483
15 2 725
15 3 483
15 4 725
15 5 387
15 6 242
15 7 242
16 1 380
16 2 570
16 3 380
16 4 570
16 5 304
16 6 190
16 7 190
17 1 535
17 2 803
17 3 535
17 4 803
17 5 428
17 6 268
17 7 268
18 1 628
18 2 942
18 3 628
18 4 942
18 5 503
18 6 314
18 7 314
19 1 437
19 2 656
19 3 437
19 4 656
19 5 350
19 6 219
19 7 219
20 1 283
20 2 425
20 3 283
20 4 425
20 5 227
20 6 142
20 7 142

# Energy Consumption m=1,2,3,4,5,6,7
1 1 0
1 2 183
1 3 0
1 4 171
1 5 67
1 6 0
1 7 22
2 1 0
2 2 160
2 3 0
2 4 143
2 5 59
2 6 0
2 7 16
3 1 0
3 2 76
3 3 0
3 4 76
3 5 27
3 6 0
3 7 11
4 1 0
4 2 107
4 3 0
4 4 104
4 5 39
4 6 0
4 7 13
5 1 0
5 2 197
5 3 0
5 4 198
5 5 83
5 6 0
5 7 20
6 1 0
6 2 129
6 3 0
6 4 135
6 5 59
6 6 0
6 7 13
7 1 0
7 2 163
7 3 0
7 4 161
7 5 68
7 6 0
7 7 14
8 1 0
8 2 166
8 3 0
8 4 165
8 5 65
8 6 0
8 7 27
9 1 0
9 2 193
9 3 0
9 4 207
9 5 80
9 6 0
9 7 28
10 1 0
10 2 115
10 3 0
10 4 100
10 5 40
10 6 0
10 7 12
11 1 0
11 2 151
11 3 0
11 4 152
11 5 52
11 6 0
11 7 13
12 1 0
12 2 99
12 3 0
12 4 117
12 5 45
12 6 0
12 7 11
13 1 0
13 2 130
13 3 0
13 4 125
13 5 53
13 6 0
13 7 21
14 1 0
14 2 178
14 3 0
14 4 148
14 5 65
14 6 0
14 7 25
15 1 0
15 2 159
15 3 0
15 4 157
15 5 55
15 6 0
15 7 18
16 1 0
16 2 120
16 3 0
16 4 111
16 5 48
16 6 0
16 7 18
17 1 0
17 2 146
17 3 0
17 4 164
17 5 66
17 6 0
17 7 24
18 1 0
18 2 204
18 3 0
18 4 193
18 5 78
18 6 0
18 7 29
19 1 0
19 2 128
19 3 0
19 4 134
19 5 54
19 6 0
19 7 14
20 1 0
20 2 78
20 3 0
20 4 93
20 5 35
20 6 0
20 7 9

# Precedence Relations
1 10
2 10
3 10
4 6
4 8
4 12
5 7
5 9
5 10
5 11
6 10
7 18
8 11
9 12
9 17
9 18
10 13
10 14
10 15
10 16
11 17
11 18
13 20
14 17
15 17
16 18
17 19
17 20
18 19

# Parameters
R_e = 0.05
T = 1000
C_s = 4
C_w = 36
C_c = 5