# Tasks
1 2 3 4 5 6 7 8 9 10 11 12 13 14 15 16 17 18 19 20

# Workstations
1 2 3 4 5 6 7 8 9 10 11 12 13 14 15 16 17 18 19 20

# Modes
1 2 3 4 5 6 7

# Processing Times m=1,2,3,4,5,6,7
1 1 210
1 2 315
1 3 210
1 4 315
1 5 168
1 6 105
1 7 105
2 1 169
2 2 254
2 3 169
2 4 254
2 5 136
2 6 85
2 7 85
3 1 191
3 2 287
3 3 191
3 4 287
3 5 153
3 6 96
3 7 96
4 1 141
4 2 212
4 3 141
4 4 212
4 5 113
4 6 71
4 7 71
5 1 66
5 2 99
5 3 66
5 4 99
5 5 53
5 6 33
5 7 33
6 1 117
6 2 176
6 3 117
6 4 176
6 5 94
6 6 59
6 7 59
7 1 232
7 2 348
7 3 232
7 4 348
7 5 186
7 6 116
7 7 116
8 1 39
8 2 59
8 3 39
8 4 59
8 5 32
8 6 20
8 7 20
9 1 164
9 2 246
9 3 164
9 4 246
9 5 132
9 6 82
9 7 82
10 1 167
10 2 251
10 3 167
10 4 251
10 5 134
10 6 84
10 7 84
11 1 120
11 2 180
11 3 120
11 4 180
11 5 96
11 6 60
11 7 60
12 1 33
12 2 50
12 3 33
12 4 50
12 5 27
12 6 17
12 7 17
13 1 35
13 2 53
13 3 35
13 4 53
13 5 28
13 6 18
13 7 18
14 1 255
14 2 383
14 3 255
14 4 383
14 5 204
14 6 128
14 7 128
15 1 134
15 2 201
15 3 134
15 4 201
15 5 108
15 6 67
15 7 67
16 1 275
16 2 413
16 3 275
16 4 413
16 5 220
16 6 138
16 7 138
17 1 22
17 2 33
17 3 22
17 4 33
17 5 18
17 6 11
17 7 11
18 1 110
18 2 165
18 3 110
18 4 165
18 5 88
18 6 55
18 7 55
19 1 218
19 2 327
19 3 218
19 4 327
19 5 175
19 6 109
19 7 109
20 1 94
20 2 141
20 3 94
20 4 141
20 5 76
20 6 47
20 7 47

# Energy Consumption m=1,2,3,4,5,6,7
1 1 0
1 2 67
1 3 0
1 4 62
1 5 24
1 6 0
1 7 11
2 1 0
2 2 55
2 3 0
2 4 54
2 5 21
2 6 0
2 7 6
3 1 0
3 2 55
3 3 0
3 4 58
3 5 24
3 6 0
3 7 7
4 1 0
4 2 46
4 3 0
4 4 46
4 5 19
4 6 0
4 7 7
5 1 0
5 2 20
5 3 0
5 4 19
5 5 8
5 6 0
5 7 3
6 1 0
6 2 37
6 3 0
6 4 35
6 5 15
6 6 0
6 7 6
7 1 0
7 2 74
7 3 0
7 4 73
7 5 27
7 6 0
7 7 7
8 1 0
8 2 13
8 3 0
8 4 13
8 5 6
8 6 0
8 7 2
9 1 0
9 2 55
9 3 0
9 4 47
9 5 20
9 6 0
9 7 6
10 1 0
10 2 48
10 3 0
10 4 51
10 5 20
10 6 0
10 7 6
11 1 0
11 2 34
11 3 0
11 4 39
11 5 14
11 6 0
11 7 6
12 1 0
12 2 10
12 3 0
12 4 10
12 5 5
12 6 0
12 7 2
13 1 0
13 2 12
13 3 0
13 4 12
13 5 4
13 6 0
13 7 2
14 1 0
14 2 79
14 3 0
14 4 79
14 5 32
14 6 0
14 7 13
15 1 0
15 2 37
15 3 0
15 4 38
15 5 17
15 6 0
15 7 6
16 1 0
16 2 84
16 3 0
16 4 80
16 5 35
16 6 0
16 7 9
17 1 0
17 2 8
17 3 0
17 4 7
17 5 3
17 6 0
17 7 1
18 1 0
18 2 34
18 3 0
18 4 33
18 5 14
18 6 0
18 7 6
19 1 0
19 2 70
19 3 0
19 4 62
19 5 26
19 6 0
19 7 11
20 1 0
20 2 26
20 3 0
20 4 26
20 5 12
20 6 0
20 7 5

# Precedence Relations
1 9
2 3
2 4
2 5
3 9
4 7
4 8
5 6
6 9
7 9
8 10
8 11
8 12
9 13
9 14
9 15
9 16
9 17
13 20
14 18
15 19
16 18
16 19
17 19

# Parameters
R_e = 0.05
T = 1000
C_s = 4
C_w = 36
C_c = 5