# Tasks
1 2 3 4 5 6 7 8 9 10 11 12 13 14 15 16 17 18 19 20

# Workstations
1 2 3 4 5 6 7 8 9 10 11 12 13 14 15 16 17 18 19 20

# Modes
1 2 3 4 5 6 7

# Processing Times m=1,2,3,4,5,6,7
1 1 142
1 2 213
1 3 142
1 4 213
1 5 114
1 6 71
1 7 71
2 1 34
2 2 51
2 3 34
2 4 51
2 5 28
2 6 17
2 7 17
3 1 140
3 2 210
3 3 140
3 4 210
3 5 112
3 6 70
3 7 70
4 1 214
4 2 321
4 3 214
4 4 321
4 5 172
4 6 107
4 7 107
5 1 121
5 2 182
5 3 121
5 4 182
5 5 97
5 6 61
5 7 61
6 1 279
6 2 419
6 3 279
6 4 419
6 5 224
6 6 140
6 7 140
7 1 50
7 2 75
7 3 50
7 4 75
7 5 40
7 6 25
7 7 25
8 1 282
8 2 423
8 3 282
8 4 423
8 5 226
8 6 141
8 7 141
9 1 129
9 2 194
9 3 129
9 4 194
9 5 104
9 6 65
9 7 65
10 1 175
10 2 263
10 3 175
10 4 263
10 5 140
10 6 88
10 7 88
11 1 97
11 2 146
11 3 97
11 4 146
11 5 78
11 6 49
11 7 49
12 1 132
12 2 198
12 3 132
12 4 198
12 5 106
12 6 66
12 7 66
13 1 107
13 2 161
13 3 107
13 4 161
13 5 86
13 6 54
13 7 54
14 1 132
14 2 198
14 3 132
14 4 198
14 5 106
14 6 66
14 7 66
15 1 69
15 2 104
15 3 69
15 4 104
15 5 56
15 6 35
15 7 35
16 1 169
16 2 254
16 3 169
16 4 254
16 5 136
16 6 85
16 7 85
17 1 73
17 2 110
17 3 73
17 4 110
17 5 59
17 6 37
17 7 37
18 1 231
18 2 347
18 3 231
18 4 347
18 5 185
18 6 116
18 7 116
19 1 120
19 2 180
19 3 120
19 4 180
19 5 96
19 6 60
19 7 60
20 1 186
20 2 279
20 3 186
20 4 279
20 5 149
20 6 93
20 7 93

# Energy Consumption m=1,2,3,4,5,6,7
1 1 0
1 2 47
1 3 0
1 4 40
1 5 16
1 6 0
1 7 7
2 1 0
2 2 11
2 3 0
2 4 10
2 5 5
2 6 0
2 7 1
3 1 0
3 2 40
3 3 0
3 4 45
3 5 16
3 6 0
3 7 7
4 1 0
4 2 67
4 3 0
4 4 59
4 5 25
4 6 0
4 7 6
5 1 0
5 2 36
5 3 0
5 4 36
5 5 16
5 6 0
5 7 6
6 1 0
6 2 76
6 3 0
6 4 91
6 5 33
6 6 0
6 7 14
7 1 0
7 2 17
7 3 0
7 4 16
7 5 6
7 6 0
7 7 2
8 1 0
8 2 92
8 3 0
8 4 84
8 5 32
8 6 0
8 7 14
9 1 0
9 2 37
9 3 0
9 4 41
9 5 16
9 6 0
9 7 5
10 1 0
10 2 50
10 3 0
10 4 51
10 5 21
10 6 0
10 7 5
11 1 0
11 2 28
11 3 0
11 4 30
11 5 12
11 6 0
11 7 4
12 1 0
12 2 40
12 3 0
12 4 44
12 5 16
12 6 0
12 7 4
13 1 0
13 2 34
13 3 0
13 4 35
13 5 13
13 6 0
13 7 4
14 1 0
14 2 37
14 3 0
14 4 43
14 5 16
14 6 0
14 7 6
15 1 0
15 2 23
15 3 0
15 4 22
15 5 9
15 6 0
15 7 3
16 1 0
16 2 47
16 3 0
16 4 47
16 5 20
16 6 0
16 7 9
17 1 0
17 2 22
17 3 0
17 4 21
17 5 9
17 6 0
17 7 3
18 1 0
18 2 71
18 3 0
18 4 69
18 5 29
18 6 0
18 7 11
19 1 0
19 2 37
19 3 0
19 4 35
19 5 15
19 6 0
19 7 5
20 1 0
20 2 54
20 3 0
20 4 55
20 5 24
20 6 0
20 7 6

# Precedence Relations
1 6
2 7
4 8
5 9
6 10
7 11
8 12
10 13
11 13
12 14
12 15
13 16
13 17
13 18
14 20
15 19

# Parameters
R_e = 0.05
T = 1000
C_s = 4
C_w = 36
C_c = 5