# Tasks
1 2 3 4 5 6 7 8 9 10 11 12 13 14 15 16 17 18 19 20

# Workstations
1 2 3 4 5 6 7 8 9 10 11 12 13 14 15 16 17 18 19 20

# Modes
1 2 3 4 5 6 7

# Processing Times m=1,2,3,4,5,6,7
1 1 730
1 2 1095
1 3 730
1 4 1095
1 5 584
1 6 365
1 7 365
2 1 589
2 2 884
2 3 589
2 4 884
2 5 472
2 6 295
2 7 295
3 1 474
3 2 711
3 3 474
3 4 711
3 5 380
3 6 237
3 7 237
4 1 390
4 2 585
4 3 390
4 4 585
4 5 312
4 6 195
4 7 195
5 1 462
5 2 693
5 3 462
5 4 693
5 5 370
5 6 231
5 7 231
6 1 496
6 2 744
6 3 496
6 4 744
6 5 397
6 6 248
6 7 248
7 1 480
7 2 720
7 3 480
7 4 720
7 5 384
7 6 240
7 7 240
8 1 425
8 2 638
8 3 425
8 4 638
8 5 340
8 6 213
8 7 213
9 1 545
9 2 818
9 3 545
9 4 818
9 5 436
9 6 273
9 7 273
10 1 562
10 2 843
10 3 562
10 4 843
10 5 450
10 6 281
10 7 281
11 1 438
11 2 657
11 3 438
11 4 657
11 5 351
11 6 219
11 7 219
12 1 702
12 2 1053
12 3 702
12 4 1053
12 5 562
12 6 351
12 7 351
13 1 439
13 2 659
13 3 439
13 4 659
13 5 352
13 6 220
13 7 220
14 1 285
14 2 428
14 3 285
14 4 428
14 5 228
14 6 143
14 7 143
15 1 511
15 2 767
15 3 511
15 4 767
15 5 409
15 6 256
15 7 256
16 1 483
16 2 725
16 3 483
16 4 725
16 5 387
16 6 242
16 7 242
17 1 468
17 2 702
17 3 468
17 4 702
17 5 375
17 6 234
17 7 234
18 1 654
18 2 981
18 3 654
18 4 981
18 5 524
18 6 327
18 7 327
19 1 534
19 2 801
19 3 534
19 4 801
19 5 428
19 6 267
19 7 267
20 1 552
20 2 828
20 3 552
20 4 828
20 5 442
20 6 276
20 7 276

# Energy Consumption m=1,2,3,4,5,6,7
1 1 0
1 2 238
1 3 0
1 4 205
1 5 88
1 6 0
1 7 36
2 1 0
2 2 161
2 3 0
2 4 188
2 5 75
2 6 0
2 7 18
3 1 0
3 2 140
3 3 0
3 4 141
3 5 59
3 6 0
3 7 23
4 1 0
4 2 116
4 3 0
4 4 107
4 5 46
4 6 0
4 7 14
5 1 0
5 2 126
5 3 0
5 4 145
5 5 57
5 6 0
5 7 21
6 1 0
6 2 152
6 3 0
6 4 151
6 5 60
6 6 0
6 7 22
7 1 0
7 2 139
7 3 0
7 4 147
7 5 58
7 6 0
7 7 20
8 1 0
8 2 136
8 3 0
8 4 118
8 5 48
8 6 0
8 7 18
9 1 0
9 2 154
9 3 0
9 4 155
9 5 68
9 6 0
9 7 22
10 1 0
10 2 170
10 3 0
10 4 168
10 5 70
10 6 0
10 7 28
11 1 0
11 2 137
11 3 0
11 4 145
11 5 55
11 6 0
11 7 18
12 1 0
12 2 208
12 3 0
12 4 214
12 5 89
12 6 0
12 7 22
13 1 0
13 2 134
13 3 0
13 4 131
13 5 51
13 6 0
13 7 13
14 1 0
14 2 83
14 3 0
14 4 91
14 5 36
14 6 0
14 7 9
15 1 0
15 2 152
15 3 0
15 4 167
15 5 61
15 6 0
15 7 21
16 1 0
16 2 159
16 3 0
16 4 153
16 5 62
16 6 0
16 7 13
17 1 0
17 2 128
17 3 0
17 4 149
17 5 53
17 6 0
17 7 23
18 1 0
18 2 195
18 3 0
18 4 198
18 5 80
18 6 0
18 7 29
19 1 0
19 2 159
19 3 0
19 4 173
19 5 64
19 6 0
19 7 23
20 1 0
20 2 171
20 3 0
20 4 174
20 5 66
20 6 0
20 7 27

# Precedence Relations
1 13
2 3
2 4
2 5
2 6
3 13
4 13
5 7
5 8
6 9
6 14
7 13
8 9
8 10
8 11
8 12
9 13
10 20
11 13
11 14
11 15
12 13
13 16
13 17
13 18
13 19
14 20

# Parameters
R_e = 0.05
T = 1000
C_s = 4
C_w = 36
C_c = 5