# Tasks
1 2 3 4 5 6 7 8 9 10 11 12 13 14 15 16 17 18 19 20

# Workstations
1 2 3 4 5 6 7 8 9 10 11 12 13 14 15 16 17 18 19 20

# Modes
1 2 3 4 5 6 7

# Processing Times m=1,2,3,4,5,6,7
1 1 88
1 2 132
1 3 88
1 4 132
1 5 71
1 6 44
1 7 44
2 1 95
2 2 143
2 3 95
2 4 143
2 5 76
2 6 48
2 7 48
3 1 105
3 2 158
3 3 105
3 4 158
3 5 84
3 6 53
3 7 53
4 1 140
4 2 210
4 3 140
4 4 210
4 5 112
4 6 70
4 7 70
5 1 114
5 2 171
5 3 114
5 4 171
5 5 92
5 6 57
5 7 57
6 1 123
6 2 185
6 3 123
6 4 185
6 5 99
6 6 62
6 7 62
7 1 250
7 2 375
7 3 250
7 4 375
7 5 200
7 6 125
7 7 125
8 1 90
8 2 135
8 3 90
8 4 135
8 5 72
8 6 45
8 7 45
9 1 61
9 2 92
9 3 61
9 4 92
9 5 49
9 6 31
9 7 31
10 1 107
10 2 161
10 3 107
10 4 161
10 5 86
10 6 54
10 7 54
11 1 68
11 2 102
11 3 68
11 4 102
11 5 55
11 6 34
11 7 34
12 1 155
12 2 233
12 3 155
12 4 233
12 5 124
12 6 78
12 7 78
13 1 142
13 2 213
13 3 142
13 4 213
13 5 114
13 6 71
13 7 71
14 1 21
14 2 32
14 3 21
14 4 32
14 5 17
14 6 11
14 7 11
15 1 106
15 2 159
15 3 106
15 4 159
15 5 85
15 6 53
15 7 53
16 1 67
16 2 101
16 3 67
16 4 101
16 5 54
16 6 34
16 7 34
17 1 52
17 2 78
17 3 52
17 4 78
17 5 42
17 6 26
17 7 26
18 1 55
18 2 83
18 3 55
18 4 83
18 5 44
18 6 28
18 7 28
19 1 51
19 2 77
19 3 51
19 4 77
19 5 41
19 6 26
19 7 26
20 1 82
20 2 123
20 3 82
20 4 123
20 5 66
20 6 41
20 7 41

# Energy Consumption m=1,2,3,4,5,6,7
1 1 0
1 2 25
1 3 0
1 4 26
1 5 12
1 6 0
1 7 4
2 1 0
2 2 30
2 3 0
2 4 29
2 5 11
2 6 0
2 7 5
3 1 0
3 2 34
3 3 0
3 4 34
3 5 13
3 6 0
3 7 6
4 1 0
4 2 40
4 3 0
4 4 43
4 5 18
4 6 0
4 7 6
5 1 0
5 2 33
5 3 0
5 4 34
5 5 14
5 6 0
5 7 5
6 1 0
6 2 36
6 3 0
6 4 35
6 5 16
6 6 0
6 7 4
7 1 0
7 2 72
7 3 0
7 4 80
7 5 32
7 6 0
7 7 11
8 1 0
8 2 25
8 3 0
8 4 25
8 5 12
8 6 0
8 7 5
9 1 0
9 2 17
9 3 0
9 4 19
9 5 8
9 6 0
9 7 2
10 1 0
10 2 31
10 3 0
10 4 35
10 5 14
10 6 0
10 7 4
11 1 0
11 2 20
11 3 0
11 4 19
11 5 9
11 6 0
11 7 3
12 1 0
12 2 49
12 3 0
12 4 43
12 5 18
12 6 0
12 7 6
13 1 0
13 2 47
13 3 0
13 4 47
13 5 17
13 6 0
13 7 6
14 1 0
14 2 7
14 3 0
14 4 7
14 5 3
14 6 0
14 7 2
15 1 0
15 2 35
15 3 0
15 4 32
15 5 13
15 6 0
15 7 6
16 1 0
16 2 20
16 3 0
16 4 20
16 5 9
16 6 0
16 7 2
17 1 0
17 2 15
17 3 0
17 4 17
17 5 7
17 6 0
17 7 3
18 1 0
18 2 17
18 3 0
18 4 18
18 5 7
18 6 0
18 7 3
19 1 0
19 2 14
19 3 0
19 4 17
19 5 7
19 6 0
19 7 2
20 1 0
20 2 25
20 3 0
20 4 23
20 5 11
20 6 0
20 7 4

# Precedence Relations
1 4
2 6
3 5
3 6
4 7
5 7
5 8
6 7
7 9
7 11
7 12
8 10
8 11
8 20
9 13
10 16
12 14
12 15
12 19
13 17
14 20
15 18
16 19

# Parameters
R_e = 0.05
T = 1000
C_s = 4
C_w = 36
C_c = 5