# Tasks
1 2 3 4 5 6 7 8 9 10 11 12 13 14 15 16 17 18 19 20

# Workstations
1 2 3 4 5 6 7 8 9 10 11 12 13 14 15 16 17 18 19 20

# Modes
1 2 3 4 5 6 7

# Processing Times m=1,2,3,4,5,6,7
1 1 374
1 2 561
1 3 374
1 4 561
1 5 300
1 6 187
1 7 187
2 1 318
2 2 477
2 3 318
2 4 477
2 5 255
2 6 159
2 7 159
3 1 153
3 2 230
3 3 153
3 4 230
3 5 123
3 6 77
3 7 77
4 1 182
4 2 273
4 3 182
4 4 273
4 5 146
4 6 91
4 7 91
5 1 168
5 2 252
5 3 168
5 4 252
5 5 135
5 6 84
5 7 84
6 1 313
6 2 470
6 3 313
6 4 470
6 5 251
6 6 157
6 7 157
7 1 159
7 2 239
7 3 159
7 4 239
7 5 128
7 6 80
7 7 80
8 1 166
8 2 249
8 3 166
8 4 249
8 5 133
8 6 83
8 7 83
9 1 55
9 2 83
9 3 55
9 4 83
9 5 44
9 6 28
9 7 28
10 1 242
10 2 363
10 3 242
10 4 363
10 5 194
10 6 121
10 7 121
11 1 76
11 2 114
11 3 76
11 4 114
11 5 61
11 6 38
11 7 38
12 1 177
12 2 266
12 3 177
12 4 266
12 5 142
12 6 89
12 7 89
13 1 166
13 2 249
13 3 166
13 4 249
13 5 133
13 6 83
13 7 83
14 1 119
14 2 179
14 3 119
14 4 179
14 5 96
14 6 60
14 7 60
15 1 150
15 2 225
15 3 150
15 4 225
15 5 120
15 6 75
15 7 75
16 1 303
16 2 455
16 3 303
16 4 455
16 5 243
16 6 152
16 7 152
17 1 138
17 2 207
17 3 138
17 4 207
17 5 111
17 6 69
17 7 69
18 1 52
18 2 78
18 3 52
18 4 78
18 5 42
18 6 26
18 7 26
19 1 48
19 2 72
19 3 48
19 4 72
19 5 39
19 6 24
19 7 24
20 1 146
20 2 219
20 3 146
20 4 219
20 5 117
20 6 73
20 7 73

# Energy Consumption m=1,2,3,4,5,6,7
1 1 0
1 2 104
1 3 0
1 4 123
1 5 45
1 6 0
1 7 17
2 1 0
2 2 104
2 3 0
2 4 104
2 5 37
2 6 0
2 7 10
3 1 0
3 2 48
3 3 0
3 4 51
3 5 19
3 6 0
3 7 5
4 1 0
4 2 56
4 3 0
4 4 55
4 5 21
4 6 0
4 7 8
5 1 0
5 2 47
5 3 0
5 4 55
5 5 20
5 6 0
5 7 8
6 1 0
6 2 97
6 3 0
6 4 101
6 5 39
6 6 0
6 7 9
7 1 0
7 2 51
7 3 0
7 4 50
7 5 20
7 6 0
7 7 5
8 1 0
8 2 53
8 3 0
8 4 45
8 5 21
8 6 0
8 7 5
9 1 0
9 2 17
9 3 0
9 4 19
9 5 7
9 6 0
9 7 3
10 1 0
10 2 71
10 3 0
10 4 69
10 5 31
10 6 0
10 7 12
11 1 0
11 2 24
11 3 0
11 4 21
11 5 10
11 6 0
11 7 4
12 1 0
12 2 50
12 3 0
12 4 58
12 5 22
12 6 0
12 7 5
13 1 0
13 2 48
13 3 0
13 4 55
13 5 20
13 6 0
13 7 6
14 1 0
14 2 34
14 3 0
14 4 33
14 5 15
14 6 0
14 7 5
15 1 0
15 2 49
15 3 0
15 4 46
15 5 18
15 6 0
15 7 5
16 1 0
16 2 83
16 3 0
16 4 99
16 5 36
16 6 0
16 7 8
17 1 0
17 2 38
17 3 0
17 4 40
17 5 18
17 6 0
17 7 7
18 1 0
18 2 15
18 3 0
18 4 17
18 5 7
18 6 0
18 7 2
19 1 0
19 2 16
19 3 0
19 4 16
19 5 6
19 6 0
19 7 2
20 1 0
20 2 42
20 3 0
20 4 46
20 5 18
20 6 0
20 7 7

# Precedence Relations
1 11
2 4
2 5
2 6
3 4
3 6
3 7
4 11
5 8
5 9
5 10
6 20
7 12
7 13
7 18
8 11
9 11
10 12
10 13
11 14
11 15
11 16
11 17
11 18
13 19
15 19
15 20
17 19
17 20
18 19

# Parameters
R_e = 0.05
T = 1000
C_s = 4
C_w = 36
C_c = 5