# Tasks
1 2 3 4 5 6 7 8 9 10 11 12 13 14 15 16 17 18 19 20

# Workstations
1 2 3 4 5 6 7 8 9 10 11 12 13 14 15 16 17 18 19 20

# Modes
1 2 3 4 5 6 7

# Processing Times m=1,2,3,4,5,6,7
1 1 464
1 2 696
1 3 464
1 4 696
1 5 372
1 6 232
1 7 232
2 1 154
2 2 231
2 3 154
2 4 231
2 5 124
2 6 77
2 7 77
3 1 506
3 2 759
3 3 506
3 4 759
3 5 405
3 6 253
3 7 253
4 1 476
4 2 714
4 3 476
4 4 714
4 5 381
4 6 238
4 7 238
5 1 77
5 2 116
5 3 77
5 4 116
5 5 62
5 6 39
5 7 39
6 1 155
6 2 233
6 3 155
6 4 233
6 5 124
6 6 78
6 7 78
7 1 340
7 2 510
7 3 340
7 4 510
7 5 272
7 6 170
7 7 170
8 1 467
8 2 701
8 3 467
8 4 701
8 5 374
8 6 234
8 7 234
9 1 94
9 2 141
9 3 94
9 4 141
9 5 76
9 6 47
9 7 47
10 1 65
10 2 98
10 3 65
10 4 98
10 5 52
10 6 33
10 7 33
11 1 192
11 2 288
11 3 192
11 4 288
11 5 154
11 6 96
11 7 96
12 1 127
12 2 191
12 3 127
12 4 191
12 5 102
12 6 64
12 7 64
13 1 204
13 2 306
13 3 204
13 4 306
13 5 164
13 6 102
13 7 102
14 1 108
14 2 162
14 3 108
14 4 162
14 5 87
14 6 54
14 7 54
15 1 481
15 2 722
15 3 481
15 4 722
15 5 385
15 6 241
15 7 241
16 1 213
16 2 320
16 3 213
16 4 320
16 5 171
16 6 107
16 7 107
17 1 116
17 2 174
17 3 116
17 4 174
17 5 93
17 6 58
17 7 58
18 1 74
18 2 111
18 3 74
18 4 111
18 5 60
18 6 37
18 7 37
19 1 220
19 2 330
19 3 220
19 4 330
19 5 176
19 6 110
19 7 110
20 1 117
20 2 176
20 3 117
20 4 176
20 5 94
20 6 59
20 7 59

# Energy Consumption m=1,2,3,4,5,6,7
1 1 0
1 2 131
1 3 0
1 4 145
1 5 58
1 6 0
1 7 20
2 1 0
2 2 48
2 3 0
2 4 44
2 5 19
2 6 0
2 7 7
3 1 0
3 2 153
3 3 0
3 4 145
3 5 63
3 6 0
3 7 15
4 1 0
4 2 153
4 3 0
4 4 150
4 5 58
4 6 0
4 7 13
5 1 0
5 2 23
5 3 0
5 4 22
5 5 9
5 6 0
5 7 4
6 1 0
6 2 49
6 3 0
6 4 49
6 5 20
6 6 0
6 7 5
7 1 0
7 2 101
7 3 0
7 4 107
7 5 39
7 6 0
7 7 17
8 1 0
8 2 127
8 3 0
8 4 145
8 5 55
8 6 0
8 7 22
9 1 0
9 2 31
9 3 0
9 4 28
9 5 12
9 6 0
9 7 4
10 1 0
10 2 22
10 3 0
10 4 22
10 5 8
10 6 0
10 7 4
11 1 0
11 2 64
11 3 0
11 4 59
11 5 24
11 6 0
11 7 7
12 1 0
12 2 39
12 3 0
12 4 40
12 5 15
12 6 0
12 7 4
13 1 0
13 2 58
13 3 0
13 4 64
13 5 26
13 6 0
13 7 10
14 1 0
14 2 30
14 3 0
14 4 30
14 5 13
14 6 0
14 7 4
15 1 0
15 2 140
15 3 0
15 4 146
15 5 61
15 6 0
15 7 18
16 1 0
16 2 70
16 3 0
16 4 68
16 5 25
16 6 0
16 7 6
17 1 0
17 2 33
17 3 0
17 4 37
17 5 14
17 6 0
17 7 6
18 1 0
18 2 25
18 3 0
18 4 21
18 5 9
18 6 0
18 7 4
19 1 0
19 2 67
19 3 0
19 4 69
19 5 25
19 6 0
19 7 8
20 1 0
20 2 34
20 3 0
20 4 35
20 5 14
20 6 0
20 7 6

# Precedence Relations
1 9
2 9
3 9
4 9
5 11
5 12
8 10
9 13
9 14
9 15
9 16
14 17
15 18
17 20
18 19

# Parameters
R_e = 0.05
T = 1000
C_s = 4
C_w = 36
C_c = 5