# Tasks
1 2 3 4 5 6 7 8 9 10 11 12 13 14 15 16 17 18 19 20

# Workstations
1 2 3 4 5 6 7 8 9 10 11 12 13 14 15 16 17 18 19 20

# Modes
1 2 3 4 5 6 7

# Processing Times m=1,2,3,4,5,6,7
1 1 85
1 2 128
1 3 85
1 4 128
1 5 68
1 6 43
1 7 43
2 1 262
2 2 393
2 3 262
2 4 393
2 5 210
2 6 131
2 7 131
3 1 34
3 2 51
3 3 34
3 4 51
3 5 28
3 6 17
3 7 17
4 1 93
4 2 140
4 3 93
4 4 140
4 5 75
4 6 47
4 7 47
5 1 40
5 2 60
5 3 40
5 4 60
5 5 32
5 6 20
5 7 20
6 1 149
6 2 224
6 3 149
6 4 224
6 5 120
6 6 75
6 7 75
7 1 56
7 2 84
7 3 56
7 4 84
7 5 45
7 6 28
7 7 28
8 1 103
8 2 155
8 3 103
8 4 155
8 5 83
8 6 52
8 7 52
9 1 53
9 2 80
9 3 53
9 4 80
9 5 43
9 6 27
9 7 27
10 1 41
10 2 62
10 3 41
10 4 62
10 5 33
10 6 21
10 7 21
11 1 118
11 2 177
11 3 118
11 4 177
11 5 95
11 6 59
11 7 59
12 1 121
12 2 182
12 3 121
12 4 182
12 5 97
12 6 61
12 7 61
13 1 124
13 2 186
13 3 124
13 4 186
13 5 100
13 6 62
13 7 62
14 1 44
14 2 66
14 3 44
14 4 66
14 5 36
14 6 22
14 7 22
15 1 199
15 2 299
15 3 199
15 4 299
15 5 160
15 6 100
15 7 100
16 1 95
16 2 143
16 3 95
16 4 143
16 5 76
16 6 48
16 7 48
17 1 27
17 2 41
17 3 27
17 4 41
17 5 22
17 6 14
17 7 14
18 1 151
18 2 227
18 3 151
18 4 227
18 5 121
18 6 76
18 7 76
19 1 43
19 2 65
19 3 43
19 4 65
19 5 35
19 6 22
19 7 22
20 1 95
20 2 143
20 3 95
20 4 143
20 5 76
20 6 48
20 7 48

# Energy Consumption m=1,2,3,4,5,6,7
1 1 0
1 2 24
1 3 0
1 4 25
1 5 11
1 6 0
1 7 3
2 1 0
2 2 87
2 3 0
2 4 79
2 5 33
2 6 0
2 7 10
3 1 0
3 2 10
3 3 0
3 4 10
3 5 4
3 6 0
3 7 2
4 1 0
4 2 31
4 3 0
4 4 28
4 5 12
4 6 0
4 7 4
5 1 0
5 2 12
5 3 0
5 4 12
5 5 5
5 6 0
5 7 2
6 1 0
6 2 50
6 3 0
6 4 44
6 5 18
6 6 0
6 7 8
7 1 0
7 2 17
7 3 0
7 4 16
7 5 8
7 6 0
7 7 2
8 1 0
8 2 35
8 3 0
8 4 30
8 5 13
8 6 0
8 7 4
9 1 0
9 2 18
9 3 0
9 4 17
9 5 7
9 6 0
9 7 3
10 1 0
10 2 14
10 3 0
10 4 14
10 5 6
10 6 0
10 7 2
11 1 0
11 2 35
11 3 0
11 4 33
11 5 14
11 6 0
11 7 5
12 1 0
12 2 37
12 3 0
12 4 38
12 5 15
12 6 0
12 7 6
13 1 0
13 2 39
13 3 0
13 4 40
13 5 15
13 6 0
13 7 4
14 1 0
14 2 14
14 3 0
14 4 15
14 5 6
14 6 0
14 7 2
15 1 0
15 2 56
15 3 0
15 4 64
15 5 25
15 6 0
15 7 6
16 1 0
16 2 31
16 3 0
16 4 32
16 5 12
16 6 0
16 7 3
17 1 0
17 2 8
17 3 0
17 4 9
17 5 4
17 6 0
17 7 1
18 1 0
18 2 43
18 3 0
18 4 47
18 5 18
18 6 0
18 7 5
19 1 0
19 2 13
19 3 0
19 4 14
19 5 6
19 6 0
19 7 2
20 1 0
20 2 30
20 3 0
20 4 27
20 5 11
20 6 0
20 7 5

# Precedence Relations
1 11
2 11
3 4
3 5
4 11
5 6
5 7
5 8
5 9
5 10
6 11
7 11
8 20
9 12
10 12
11 13
11 14
11 15
11 16
12 19
14 18
14 20
15 17
16 19
16 20

# Parameters
R_e = 0.05
T = 1000
C_s = 4
C_w = 36
C_c = 5