# Tasks
1 2 3 4 5 6 7 8 9 10 11 12 13 14 15 16 17 18 19 20

# Workstations
1 2 3 4 5 6 7 8 9 10 11 12 13 14 15 16 17 18 19 20

# Modes
1 2 3 4 5 6 7

# Processing Times m=1,2,3,4,5,6,7
1 1 141
1 2 212
1 3 141
1 4 212
1 5 113
1 6 71
1 7 71
2 1 118
2 2 177
2 3 118
2 4 177
2 5 95
2 6 59
2 7 59
3 1 136
3 2 204
3 3 136
3 4 204
3 5 109
3 6 68
3 7 68
4 1 117
4 2 176
4 3 117
4 4 176
4 5 94
4 6 59
4 7 59
5 1 140
5 2 210
5 3 140
5 4 210
5 5 112
5 6 70
5 7 70
6 1 194
6 2 291
6 3 194
6 4 291
6 5 156
6 6 97
6 7 97
7 1 110
7 2 165
7 3 110
7 4 165
7 5 88
7 6 55
7 7 55
8 1 69
8 2 104
8 3 69
8 4 104
8 5 56
8 6 35
8 7 35
9 1 80
9 2 120
9 3 80
9 4 120
9 5 64
9 6 40
9 7 40
10 1 219
10 2 329
10 3 219
10 4 329
10 5 176
10 6 110
10 7 110
11 1 155
11 2 233
11 3 155
11 4 233
11 5 124
11 6 78
11 7 78
12 1 168
12 2 252
12 3 168
12 4 252
12 5 135
12 6 84
12 7 84
13 1 60
13 2 90
13 3 60
13 4 90
13 5 48
13 6 30
13 7 30
14 1 185
14 2 278
14 3 185
14 4 278
14 5 148
14 6 93
14 7 93
15 1 218
15 2 327
15 3 218
15 4 327
15 5 175
15 6 109
15 7 109
16 1 192
16 2 288
16 3 192
16 4 288
16 5 154
16 6 96
16 7 96
17 1 148
17 2 222
17 3 148
17 4 222
17 5 119
17 6 74
17 7 74
18 1 102
18 2 153
18 3 102
18 4 153
18 5 82
18 6 51
18 7 51
19 1 214
19 2 321
19 3 214
19 4 321
19 5 172
19 6 107
19 7 107
20 1 140
20 2 210
20 3 140
20 4 210
20 5 112
20 6 70
20 7 70

# Energy Consumption m=1,2,3,4,5,6,7
1 1 0
1 2 43
1 3 0
1 4 46
1 5 16
1 6 0
1 7 5
2 1 0
2 2 39
2 3 0
2 4 38
2 5 16
2 6 0
2 7 4
3 1 0
3 2 44
3 3 0
3 4 44
3 5 18
3 6 0
3 7 6
4 1 0
4 2 33
4 3 0
4 4 39
4 5 15
4 6 0
4 7 6
5 1 0
5 2 44
5 3 0
5 4 42
5 5 17
5 6 0
5 7 5
6 1 0
6 2 56
6 3 0
6 4 55
6 5 25
6 6 0
6 7 6
7 1 0
7 2 36
7 3 0
7 4 36
7 5 13
7 6 0
7 7 5
8 1 0
8 2 20
8 3 0
8 4 20
8 5 9
8 6 0
8 7 3
9 1 0
9 2 24
9 3 0
9 4 25
9 5 11
9 6 0
9 7 4
10 1 0
10 2 64
10 3 0
10 4 62
10 5 28
10 6 0
10 7 7
11 1 0
11 2 46
11 3 0
11 4 49
11 5 20
11 6 0
11 7 6
12 1 0
12 2 54
12 3 0
12 4 47
12 5 21
12 6 0
12 7 8
13 1 0
13 2 17
13 3 0
13 4 19
13 5 7
13 6 0
13 7 2
14 1 0
14 2 54
14 3 0
14 4 60
14 5 24
14 6 0
14 7 6
15 1 0
15 2 72
15 3 0
15 4 62
15 5 28
15 6 0
15 7 11
16 1 0
16 2 61
16 3 0
16 4 58
16 5 22
16 6 0
16 7 7
17 1 0
17 2 41
17 3 0
17 4 42
17 5 18
17 6 0
17 7 8
18 1 0
18 2 30
18 3 0
18 4 30
18 5 12
18 6 0
18 7 5
19 1 0
19 2 63
19 3 0
19 4 64
19 5 26
19 6 0
19 7 10
20 1 0
20 2 43
20 3 0
20 4 44
20 5 16
20 6 0
20 7 6

# Precedence Relations
1 5
2 7
3 6
3 10
4 8
4 9
4 10
5 13
6 11
7 12
8 18
9 15
10 13
11 15
12 15
13 14
13 15
14 16
15 17
15 18
15 19
16 20
17 20
18 20
19 20

# Parameters
R_e = 0.05
T = 1000
C_s = 4
C_w = 36
C_c = 5