# Tasks
1 2 3 4 5 6 7 8 9 10 11 12 13 14 15 16 17 18 19 20

# Workstations
1 2 3 4 5 6 7 8 9 10 11 12 13 14 15 16 17 18 19 20

# Modes
1 2 3 4 5 6 7

# Processing Times m=1,2,3,4,5,6,7
1 1 27
1 2 41
1 3 27
1 4 41
1 5 22
1 6 14
1 7 14
2 1 123
2 2 185
2 3 123
2 4 185
2 5 99
2 6 62
2 7 62
3 1 188
3 2 282
3 3 188
3 4 282
3 5 151
3 6 94
3 7 94
4 1 152
4 2 228
4 3 152
4 4 228
4 5 122
4 6 76
4 7 76
5 1 210
5 2 315
5 3 210
5 4 315
5 5 168
5 6 105
5 7 105
6 1 206
6 2 309
6 3 206
6 4 309
6 5 165
6 6 103
6 7 103
7 1 234
7 2 351
7 3 234
7 4 351
7 5 188
7 6 117
7 7 117
8 1 178
8 2 267
8 3 178
8 4 267
8 5 143
8 6 89
8 7 89
9 1 82
9 2 123
9 3 82
9 4 123
9 5 66
9 6 41
9 7 41
10 1 126
10 2 189
10 3 126
10 4 189
10 5 101
10 6 63
10 7 63
11 1 93
11 2 140
11 3 93
11 4 140
11 5 75
11 6 47
11 7 47
12 1 135
12 2 203
12 3 135
12 4 203
12 5 108
12 6 68
12 7 68
13 1 159
13 2 239
13 3 159
13 4 239
13 5 128
13 6 80
13 7 80
14 1 177
14 2 266
14 3 177
14 4 266
14 5 142
14 6 89
14 7 89
15 1 196
15 2 294
15 3 196
15 4 294
15 5 157
15 6 98
15 7 98
16 1 165
16 2 248
16 3 165
16 4 248
16 5 132
16 6 83
16 7 83
17 1 104
17 2 156
17 3 104
17 4 156
17 5 84
17 6 52
17 7 52
18 1 157
18 2 236
18 3 157
18 4 236
18 5 126
18 6 79
18 7 79
19 1 87
19 2 131
19 3 87
19 4 131
19 5 70
19 6 44
19 7 44
20 1 140
20 2 210
20 3 140
20 4 210
20 5 112
20 6 70
20 7 70

# Energy Consumption m=1,2,3,4,5,6,7
1 1 0
1 2 8
1 3 0
1 4 8
1 5 4
1 6 0
1 7 2
2 1 0
2 2 34
2 3 0
2 4 34
2 5 16
2 6 0
2 7 6
3 1 0
3 2 62
3 3 0
3 4 57
3 5 22
3 6 0
3 7 9
4 1 0
4 2 45
4 3 0
4 4 45
4 5 18
4 6 0
4 7 5
5 1 0
5 2 66
5 3 0
5 4 57
5 5 25
5 6 0
5 7 7
6 1 0
6 2 60
6 3 0
6 4 60
6 5 25
6 6 0
6 7 10
7 1 0
7 2 66
7 3 0
7 4 78
7 5 31
7 6 0
7 7 10
8 1 0
8 2 57
8 3 0
8 4 52
8 5 23
8 6 0
8 7 6
9 1 0
9 2 25
9 3 0
9 4 26
9 5 11
9 6 0
9 7 5
10 1 0
10 2 35
10 3 0
10 4 36
10 5 16
10 6 0
10 7 6
11 1 0
11 2 30
11 3 0
11 4 31
11 5 12
11 6 0
11 7 3
12 1 0
12 2 40
12 3 0
12 4 43
12 5 16
12 6 0
12 7 6
13 1 0
13 2 45
13 3 0
13 4 52
13 5 20
13 6 0
13 7 8
14 1 0
14 2 59
14 3 0
14 4 54
14 5 21
14 6 0
14 7 8
15 1 0
15 2 61
15 3 0
15 4 64
15 5 24
15 6 0
15 7 9
16 1 0
16 2 45
16 3 0
16 4 55
16 5 21
16 6 0
16 7 6
17 1 0
17 2 32
17 3 0
17 4 32
17 5 13
17 6 0
17 7 4
18 1 0
18 2 45
18 3 0
18 4 44
18 5 20
18 6 0
18 7 7
19 1 0
19 2 29
19 3 0
19 4 26
19 5 11
19 6 0
19 7 4
20 1 0
20 2 40
20 3 0
20 4 44
20 5 17
20 6 0
20 7 4

# Precedence Relations
1 9
2 9
3 9
4 7
5 6
5 8
6 9
7 9
8 10
8 11
9 12
9 13
9 14
9 15
10 17
12 17
13 16
16 19
16 20
17 18

# Parameters
R_e = 0.05
T = 1000
C_s = 4
C_w = 36
C_c = 5