# Tasks
1 2 3 4 5 6 7 8 9 10 11 12 13 14 15 16 17 18 19 20

# Workstations
1 2 3 4 5 6 7 8 9 10 11 12 13 14 15 16 17 18 19 20

# Modes
1 2 3 4 5 6 7

# Processing Times m=1,2,3,4,5,6,7
1 1 471
1 2 707
1 3 471
1 4 707
1 5 377
1 6 236
1 7 236
2 1 570
2 2 855
2 3 570
2 4 855
2 5 456
2 6 285
2 7 285
3 1 335
3 2 503
3 3 335
3 4 503
3 5 268
3 6 168
3 7 168
4 1 590
4 2 885
4 3 590
4 4 885
4 5 472
4 6 295
4 7 295
5 1 564
5 2 846
5 3 564
5 4 846
5 5 452
5 6 282
5 7 282
6 1 599
6 2 899
6 3 599
6 4 899
6 5 480
6 6 300
6 7 300
7 1 494
7 2 741
7 3 494
7 4 741
7 5 396
7 6 247
7 7 247
8 1 547
8 2 821
8 3 547
8 4 821
8 5 438
8 6 274
8 7 274
9 1 714
9 2 1071
9 3 714
9 4 1071
9 5 572
9 6 357
9 7 357
10 1 524
10 2 786
10 3 524
10 4 786
10 5 420
10 6 262
10 7 262
11 1 646
11 2 969
11 3 646
11 4 969
11 5 517
11 6 323
11 7 323
12 1 564
12 2 846
12 3 564
12 4 846
12 5 452
12 6 282
12 7 282
13 1 314
13 2 471
13 3 314
13 4 471
13 5 252
13 6 157
13 7 157
14 1 372
14 2 558
14 3 372
14 4 558
14 5 298
14 6 186
14 7 186
15 1 653
15 2 980
15 3 653
15 4 980
15 5 523
15 6 327
15 7 327
16 1 732
16 2 1098
16 3 732
16 4 1098
16 5 586
16 6 366
16 7 366
17 1 471
17 2 707
17 3 471
17 4 707
17 5 377
17 6 236
17 7 236
18 1 281
18 2 422
18 3 281
18 4 422
18 5 225
18 6 141
18 7 141
19 1 381
19 2 572
19 3 381
19 4 572
19 5 305
19 6 191
19 7 191
20 1 638
20 2 957
20 3 638
20 4 957
20 5 511
20 6 319
20 7 319

# Energy Consumption m=1,2,3,4,5,6,7
1 1 0
1 2 136
1 3 0
1 4 156
1 5 54
1 6 0
1 7 19
2 1 0
2 2 189
2 3 0
2 4 174
2 5 70
2 6 0
2 7 15
3 1 0
3 2 102
3 3 0
3 4 96
3 5 42
3 6 0
3 7 15
4 1 0
4 2 194
4 3 0
4 4 162
4 5 68
4 6 0
4 7 29
5 1 0
5 2 172
5 3 0
5 4 161
5 5 66
5 6 0
5 7 26
6 1 0
6 2 164
6 3 0
6 4 170
6 5 77
6 6 0
6 7 27
7 1 0
7 2 163
7 3 0
7 4 152
7 5 61
7 6 0
7 7 16
8 1 0
8 2 160
8 3 0
8 4 149
8 5 70
8 6 0
8 7 17
9 1 0
9 2 209
9 3 0
9 4 217
9 5 87
9 6 0
9 7 26
10 1 0
10 2 155
10 3 0
10 4 142
10 5 62
10 6 0
10 7 14
11 1 0
11 2 202
11 3 0
11 4 212
11 5 83
11 6 0
11 7 29
12 1 0
12 2 159
12 3 0
12 4 171
12 5 67
12 6 0
12 7 29
13 1 0
13 2 87
13 3 0
13 4 90
13 5 39
13 6 0
13 7 10
14 1 0
14 2 107
14 3 0
14 4 101
14 5 43
14 6 0
14 7 11
15 1 0
15 2 216
15 3 0
15 4 214
15 5 79
15 6 0
15 7 21
16 1 0
16 2 204
16 3 0
16 4 237
16 5 88
16 6 0
16 7 19
17 1 0
17 2 128
17 3 0
17 4 140
17 5 55
17 6 0
17 7 15
18 1 0
18 2 79
18 3 0
18 4 91
18 5 33
18 6 0
18 7 14
19 1 0
19 2 105
19 3 0
19 4 117
19 5 48
19 6 0
19 7 12
20 1 0
20 2 176
20 3 0
20 4 191
20 5 80
20 6 0
20 7 19

# Precedence Relations
1 5
1 6
2 5
3 4
4 14
5 7
5 8
5 9
7 10
7 11
8 12
8 13
10 14
11 14
12 14
13 15
14 16
14 17
14 18
14 19
14 20

# Parameters
R_e = 0.05
T = 1000
C_s = 4
C_w = 36
C_c = 5