# Tasks
1 2 3 4 5 6 7 8 9 10 11 12 13 14 15 16 17 18 19 20

# Workstations
1 2 3 4 5 6 7 8 9 10 11 12 13 14 15 16 17 18 19 20

# Modes
1 2 3 4 5 6 7

# Processing Times m=1,2,3,4,5,6,7
1 1 165
1 2 248
1 3 165
1 4 248
1 5 132
1 6 83
1 7 83
2 1 79
2 2 119
2 3 79
2 4 119
2 5 64
2 6 40
2 7 40
3 1 84
3 2 126
3 3 84
3 4 126
3 5 68
3 6 42
3 7 42
4 1 234
4 2 351
4 3 234
4 4 351
4 5 188
4 6 117
4 7 117
5 1 79
5 2 119
5 3 79
5 4 119
5 5 64
5 6 40
5 7 40
6 1 241
6 2 362
6 3 241
6 4 362
6 5 193
6 6 121
6 7 121
7 1 74
7 2 111
7 3 74
7 4 111
7 5 60
7 6 37
7 7 37
8 1 96
8 2 144
8 3 96
8 4 144
8 5 77
8 6 48
8 7 48
9 1 44
9 2 66
9 3 44
9 4 66
9 5 36
9 6 22
9 7 22
10 1 225
10 2 338
10 3 225
10 4 338
10 5 180
10 6 113
10 7 113
11 1 77
11 2 116
11 3 77
11 4 116
11 5 62
11 6 39
11 7 39
12 1 124
12 2 186
12 3 124
12 4 186
12 5 100
12 6 62
12 7 62
13 1 119
13 2 179
13 3 119
13 4 179
13 5 96
13 6 60
13 7 60
14 1 160
14 2 240
14 3 160
14 4 240
14 5 128
14 6 80
14 7 80
15 1 41
15 2 62
15 3 41
15 4 62
15 5 33
15 6 21
15 7 21
16 1 204
16 2 306
16 3 204
16 4 306
16 5 164
16 6 102
16 7 102
17 1 319
17 2 479
17 3 319
17 4 479
17 5 256
17 6 160
17 7 160
18 1 248
18 2 372
18 3 248
18 4 372
18 5 199
18 6 124
18 7 124
19 1 127
19 2 191
19 3 127
19 4 191
19 5 102
19 6 64
19 7 64
20 1 84
20 2 126
20 3 84
20 4 126
20 5 68
20 6 42
20 7 42

# Energy Consumption m=1,2,3,4,5,6,7
1 1 0
1 2 49
1 3 0
1 4 46
1 5 20
1 6 0
1 7 7
2 1 0
2 2 27
2 3 0
2 4 26
2 5 10
2 6 0
2 7 3
3 1 0
3 2 27
3 3 0
3 4 24
3 5 11
3 6 0
3 7 3
4 1 0
4 2 64
4 3 0
4 4 76
4 5 29
4 6 0
4 7 7
5 1 0
5 2 24
5 3 0
5 4 23
5 5 10
5 6 0
5 7 3
6 1 0
6 2 76
6 3 0
6 4 78
6 5 31
6 6 0
6 7 12
7 1 0
7 2 23
7 3 0
7 4 22
7 5 9
7 6 0
7 7 3
8 1 0
8 2 31
8 3 0
8 4 31
8 5 12
8 6 0
8 7 4
9 1 0
9 2 14
9 3 0
9 4 13
9 5 6
9 6 0
9 7 2
10 1 0
10 2 68
10 3 0
10 4 72
10 5 29
10 6 0
10 7 10
11 1 0
11 2 22
11 3 0
11 4 23
11 5 10
11 6 0
11 7 4
12 1 0
12 2 36
12 3 0
12 4 38
12 5 15
12 6 0
12 7 5
13 1 0
13 2 35
13 3 0
13 4 34
13 5 16
13 6 0
13 7 5
14 1 0
14 2 47
14 3 0
14 4 48
14 5 19
14 6 0
14 7 5
15 1 0
15 2 13
15 3 0
15 4 14
15 5 6
15 6 0
15 7 3
16 1 0
16 2 59
16 3 0
16 4 66
16 5 23
16 6 0
16 7 8
17 1 0
17 2 88
17 3 0
17 4 94
17 5 38
17 6 0
17 7 12
18 1 0
18 2 76
18 3 0
18 4 73
18 5 32
18 6 0
18 7 13
19 1 0
19 2 41
19 3 0
19 4 37
19 5 16
19 6 0
19 7 6
20 1 0
20 2 24
20 3 0
20 4 23
20 5 11
20 6 0
20 7 4

# Precedence Relations
1 11
2 7
3 6
3 7
4 5
4 6
5 11
7 8
7 9
7 10
8 11
9 11
10 12
10 13
11 14
11 15
11 16
11 17
15 19
15 20
16 18
17 19

# Parameters
R_e = 0.05
T = 1000
C_s = 4
C_w = 36
C_c = 5