# Tasks
1 2 3 4 5 6 7 8 9 10 11 12 13 14 15 16 17 18 19 20

# Workstations
1 2 3 4 5 6 7 8 9 10 11 12 13 14 15 16 17 18 19 20

# Modes
1 2 3 4 5 6 7

# Processing Times m=1,2,3,4,5,6,7
1 1 209
1 2 314
1 3 209
1 4 314
1 5 168
1 6 105
1 7 105
2 1 57
2 2 86
2 3 57
2 4 86
2 5 46
2 6 29
2 7 29
3 1 204
3 2 306
3 3 204
3 4 306
3 5 164
3 6 102
3 7 102
4 1 119
4 2 179
4 3 119
4 4 179
4 5 96
4 6 60
4 7 60
5 1 180
5 2 270
5 3 180
5 4 270
5 5 144
5 6 90
5 7 90
6 1 82
6 2 123
6 3 82
6 4 123
6 5 66
6 6 41
6 7 41
7 1 174
7 2 261
7 3 174
7 4 261
7 5 140
7 6 87
7 7 87
8 1 64
8 2 96
8 3 64
8 4 96
8 5 52
8 6 32
8 7 32
9 1 116
9 2 174
9 3 116
9 4 174
9 5 93
9 6 58
9 7 58
10 1 206
10 2 309
10 3 206
10 4 309
10 5 165
10 6 103
10 7 103
11 1 83
11 2 125
11 3 83
11 4 125
11 5 67
11 6 42
11 7 42
12 1 73
12 2 110
12 3 73
12 4 110
12 5 59
12 6 37
12 7 37
13 1 162
13 2 243
13 3 162
13 4 243
13 5 130
13 6 81
13 7 81
14 1 58
14 2 87
14 3 58
14 4 87
14 5 47
14 6 29
14 7 29
15 1 161
15 2 242
15 3 161
15 4 242
15 5 129
15 6 81
15 7 81
16 1 319
16 2 479
16 3 319
16 4 479
16 5 256
16 6 160
16 7 160
17 1 87
17 2 131
17 3 87
17 4 131
17 5 70
17 6 44
17 7 44
18 1 148
18 2 222
18 3 148
18 4 222
18 5 119
18 6 74
18 7 74
19 1 56
19 2 84
19 3 56
19 4 84
19 5 45
19 6 28
19 7 28
20 1 169
20 2 254
20 3 169
20 4 254
20 5 136
20 6 85
20 7 85

# Energy Consumption m=1,2,3,4,5,6,7
1 1 0
1 2 65
1 3 0
1 4 66
1 5 26
1 6 0
1 7 8
2 1 0
2 2 18
2 3 0
2 4 16
2 5 8
2 6 0
2 7 2
3 1 0
3 2 66
3 3 0
3 4 66
3 5 26
3 6 0
3 7 8
4 1 0
4 2 36
4 3 0
4 4 38
4 5 15
4 6 0
4 7 4
5 1 0
5 2 51
5 3 0
5 4 50
5 5 24
5 6 0
5 7 8
6 1 0
6 2 25
6 3 0
6 4 24
6 5 10
6 6 0
6 7 4
7 1 0
7 2 51
7 3 0
7 4 54
7 5 22
7 6 0
7 7 7
8 1 0
8 2 21
8 3 0
8 4 19
8 5 8
8 6 0
8 7 3
9 1 0
9 2 33
9 3 0
9 4 36
9 5 14
9 6 0
9 7 4
10 1 0
10 2 57
10 3 0
10 4 65
10 5 25
10 6 0
10 7 10
11 1 0
11 2 24
11 3 0
11 4 25
11 5 10
11 6 0
11 7 3
12 1 0
12 2 20
12 3 0
12 4 25
12 5 9
12 6 0
12 7 2
13 1 0
13 2 50
13 3 0
13 4 45
13 5 20
13 6 0
13 7 6
14 1 0
14 2 18
14 3 0
14 4 17
14 5 8
14 6 0
14 7 3
15 1 0
15 2 53
15 3 0
15 4 50
15 5 20
15 6 0
15 7 6
16 1 0
16 2 101
16 3 0
16 4 96
16 5 38
16 6 0
16 7 11
17 1 0
17 2 26
17 3 0
17 4 25
17 5 12
17 6 0
17 7 5
18 1 0
18 2 49
18 3 0
18 4 47
18 5 18
18 6 0
18 7 5
19 1 0
19 2 18
19 3 0
19 4 17
19 5 7
19 6 0
19 7 2
20 1 0
20 2 51
20 3 0
20 4 56
20 5 21
20 6 0
20 7 6

# Precedence Relations
1 7
2 7
3 4
3 5
3 6
4 7
5 7
6 8
6 9
6 10
6 16
6 18
7 11
7 12
7 13
7 14
8 15
8 19
9 17
10 17
11 17
12 16
12 18
14 19
16 20
17 19
17 20
18 19

# Parameters
R_e = 0.05
T = 1000
C_s = 4
C_w = 36
C_c = 5