# Tasks
1 2 3 4 5 6 7 8 9 10 11 12 13 14 15 16 17 18 19 20

# Workstations
1 2 3 4 5 6 7 8 9 10 11 12 13 14 15 16 17 18 19 20

# Modes
1 2 3 4 5 6 7

# Processing Times m=1,2,3,4,5,6,7
1 1 136
1 2 123
1 3 144
1 4 131
1 5 67
1 6 147
1 7 134
2 1 106
2 2 96
2 3 113
2 4 103
2 5 52
2 6 115
2 7 105
3 1 251
3 2 226
3 3 266
3 4 241
3 5 122
3 6 272
3 7 247
4 1 272
4 2 245
4 3 288
4 4 261
4 5 133
4 6 294
4 7 267
5 1 38
5 2 35
5 3 41
5 4 38
5 5 19
5 6 42
5 7 39
6 1 132
6 2 119
6 3 140
6 4 127
6 5 65
6 6 143
6 7 130
7 1 207
7 2 187
7 3 219
7 4 199
7 5 101
7 6 224
7 7 204
8 1 105
8 2 95
8 3 111
8 4 101
8 5 51
8 6 114
8 7 104
9 1 175
9 2 158
9 3 185
9 4 168
9 5 85
9 6 190
9 7 173
10 1 207
10 2 187
10 3 219
10 4 199
10 5 101
10 6 224
10 7 204
11 1 89
11 2 81
11 3 95
11 4 87
11 5 44
11 6 97
11 7 89
12 1 133
12 2 120
12 3 141
12 4 128
12 5 65
12 6 144
12 7 131
13 1 168
13 2 152
13 3 178
13 4 162
13 5 82
13 6 182
13 7 166
14 1 43
14 2 39
14 3 46
14 4 42
14 5 21
14 6 47
14 7 43
15 1 221
15 2 199
15 3 234
15 4 212
15 5 108
15 6 239
15 7 217
16 1 121
16 2 109
16 3 128
16 4 116
16 5 59
16 6 131
16 7 119
17 1 61
17 2 55
17 3 65
17 4 59
17 5 30
17 6 66
17 7 60
18 1 30
18 2 27
18 3 32
18 4 29
18 5 15
18 6 33
18 7 30
19 1 262
19 2 236
19 3 277
19 4 251
19 5 128
19 6 284
19 7 258
20 1 153
20 2 138
20 3 162
20 4 147
20 5 75
20 6 166
20 7 151

# Energy Consumption m=1,2,3,4,5,6,7
1 1 0
1 2 1212.17
1 3 0
1 4 915.22
1 5 311.49
1 6 0
1 7 569.84
2 1 0
2 2 873.86
2 3 0
2 4 868.12
2 5 303.53
2 6 0
2 7 464.38
3 1 0
3 2 2413.13
3 3 0
3 4 2330.54
3 5 495.92
3 6 0
3 7 1177.33
4 1 0
4 2 2170.17
4 3 0
4 4 2365.94
4 5 818.77
4 6 0
4 7 821.29
5 1 0
5 2 377.38
5 3 0
5 4 286.28
5 5 119.73
5 6 0
5 7 170.87
6 1 0
6 2 965.4
6 3 0
6 4 1073.6
6 5 335.54
6 6 0
6 7 443.91
7 1 0
7 2 2217.65
7 3 0
7 4 1891.1
7 5 476.62
7 6 0
7 7 943.52
8 1 0
8 2 770.93
8 3 0
8 4 1007.93
8 5 344.48
8 6 0
8 7 510.75
9 1 0
9 2 1448.78
9 3 0
9 4 1467.85
9 5 460.16
9 6 0
9 7 614.5
10 1 0
10 2 2084.01
10 3 0
10 4 1963.37
10 5 631.12
10 6 0
10 7 851.38
11 1 0
11 2 909.89
11 3 0
11 4 756.01
11 5 285.85
11 6 0
11 7 296.19
12 1 0
12 2 1419.57
12 3 0
12 4 1100.64
12 5 400.0
12 6 0
12 7 503.2
13 1 0
13 2 1296.42
13 3 0
13 4 1289.3
13 5 331.94
13 6 0
13 7 757.36
14 1 0
14 2 344.49
14 3 0
14 4 382.36
14 5 144.24
14 6 0
14 7 184.98
15 1 0
15 2 2109.5
15 3 0
15 4 1523.39
15 5 482.33
15 6 0
15 7 795.66
16 1 0
16 2 1278.51
16 3 0
16 4 930.72
16 5 354.08
16 6 0
16 7 468.6
17 1 0
17 2 542.7
17 3 0
17 4 371.75
17 5 124.67
17 6 0
17 7 293.98
18 1 0
18 2 247.27
18 3 0
18 4 176.14
18 5 92.96
18 6 0
18 7 128.08
19 1 0
19 2 2377.92
19 3 0
19 4 2071.99
19 5 568.94
19 6 0
19 7 1235.38
20 1 0
20 2 1552.37
20 3 0
20 4 1078.74
20 5 518.96
20 6 0
20 7 693.46

# Precedence Relations
1 7
2 6
2 15
3 11
4 8
5 8
6 10
7 9
8 11
9 12
10 13
11 14
11 15
12 17
13 17
14 16
15 17
16 18
17 18
17 19
17 20

# Parameters
R_e = 0.0300
T = 1000
C_s = 4
C_w = 36
C_c = 5
