# Tasks
1 2 3 4 5 6 7 8 9 10 11 12 13 14 15 16 17 18 19 20

# Workstations
1 2 3 4 5 6 7 8 9 10 11 12 13 14 15 16 17 18 19 20

# Modes
1 2 3 4 5 6 7

# Processing Times m=1,2,3,4,5,6,7
1 1 288
1 2 260
1 3 305
1 4 277
1 5 140
1 6 312
1 7 284
2 1 376
2 2 339
2 3 398
2 4 361
2 5 183
2 6 407
2 7 370
3 1 505
3 2 455
3 3 534
3 4 484
3 5 246
3 6 546
3 7 496
4 1 527
4 2 475
4 3 557
4 4 505
4 5 256
4 6 570
4 7 518
5 1 110
5 2 99
5 3 117
5 4 106
5 5 54
5 6 119
5 7 108
6 1 206
6 2 186
6 3 218
6 4 198
6 5 101
6 6 223
6 7 203
7 1 28
7 2 26
7 3 30
7 4 28
7 5 14
7 6 31
7 7 29
8 1 51
8 2 46
8 3 54
8 4 49
8 5 25
8 6 56
8 7 51
9 1 221
9 2 199
9 3 234
9 4 212
9 5 108
9 6 239
9 7 217
10 1 115
10 2 104
10 3 122
10 4 111
10 5 56
10 6 125
10 7 114
11 1 119
11 2 108
11 3 126
11 4 115
11 5 58
11 6 129
11 7 118
12 1 168
12 2 152
12 3 178
12 4 162
12 5 82
12 6 182
12 7 166
13 1 240
13 2 216
13 3 254
13 4 230
13 5 117
13 6 260
13 7 236
14 1 514
14 2 463
14 3 544
14 4 493
14 5 250
14 6 556
14 7 505
15 1 146
15 2 132
15 3 155
15 4 141
15 5 71
15 6 158
15 7 144
16 1 222
16 2 200
16 3 235
16 4 213
16 5 108
16 6 240
16 7 218
17 1 43
17 2 39
17 3 46
17 4 42
17 5 21
17 6 47
17 7 43
18 1 502
18 2 452
18 3 531
18 4 481
18 5 244
18 6 543
18 7 493
19 1 491
19 2 442
19 3 519
19 4 470
19 5 239
19 6 531
19 7 482
20 1 195
20 2 176
20 3 207
20 4 188
20 5 95
20 6 211
20 7 192

# Energy Consumption m=1,2,3,4,5,6,7
1 1 0
1 2 2964.7
1 3 0
1 4 1746.88
1 5 864.62
1 6 0
1 7 1151.07
2 1 0
2 2 2878.91
2 3 0
2 4 2613.74
2 5 1217.53
2 6 0
2 7 1399.4
3 1 0
3 2 4932.18
3 3 0
3 4 3180.38
3 5 1116.8
3 6 0
3 7 1831.4
4 1 0
4 2 5230.51
4 3 0
4 4 3112.36
4 5 1581.81
4 6 0
4 7 2509.22
5 1 0
5 2 1107.9
5 3 0
5 4 1046.46
5 5 260.23
5 6 0
5 7 535.35
6 1 0
6 2 2119.1
6 3 0
6 4 1523.89
6 5 658.69
6 6 0
6 7 870.45
7 1 0
7 2 219.69
7 3 0
7 4 195.47
7 5 92.4
7 6 0
7 7 137.75
8 1 0
8 2 487.32
8 3 0
8 4 478.02
8 5 111.92
8 6 0
8 7 176.25
9 1 0
9 2 1940.35
9 3 0
9 4 1755.13
9 5 731.76
9 6 0
9 7 897.28
10 1 0
10 2 934.73
10 3 0
10 4 796.56
10 5 306.33
10 6 0
10 7 508.24
11 1 0
11 2 915.98
11 3 0
11 4 859.9
11 5 275.42
11 6 0
11 7 377.22
12 1 0
12 2 1248.73
12 3 0
12 4 1520.38
12 5 488.65
12 6 0
12 7 533.97
13 1 0
13 2 2510.01
13 3 0
13 4 1446.08
13 5 537.41
13 6 0
13 7 741.06
14 1 0
14 2 4604.24
14 3 0
14 4 4020.19
14 5 1020.63
14 6 0
14 7 2447.42
15 1 0
15 2 1072.65
15 3 0
15 4 908.6
15 5 353.64
15 6 0
15 7 599.06
16 1 0
16 2 1868.77
16 3 0
16 4 1489.63
16 5 567.54
16 6 0
16 7 985.44
17 1 0
17 2 383.4
17 3 0
17 4 365.62
17 5 136.8
17 6 0
17 7 206.38
18 1 0
18 2 5042.84
18 3 0
18 4 4070.78
18 5 1435.48
18 6 0
18 7 2064.84
19 1 0
19 2 4064.44
19 3 0
19 4 4040.63
19 5 1425.56
19 6 0
19 7 2079.84
20 1 0
20 2 1893.77
20 3 0
20 4 1449.46
20 5 430.02
20 6 0
20 7 630.21

# Precedence Relations
1 4
1 5
2 5
3 4
4 6
5 6
6 7
6 8
6 9
8 11
8 13
9 10
9 11
10 12
10 13
11 12
12 16
13 14
13 15
14 18
15 17
15 18
16 17
16 18
17 19
18 20

# Parameters
R_e = 0.0300
T = 1000
C_s = 4
C_w = 36
C_c = 5
