# Tasks
1 2 3 4 5 6 7 8 9 10 11 12 13 14 15 16 17 18 19 20 21 22 23 24 25 26 27 28 29 30 31 32 33 34 35 36 37 38 39 40 41 42 43 44 45 46 47 48 49 50 51 52 53 54 55 56 57 58 59 60 61 62 63 64 65 66 67 68 69 70 71 72 73 74 75 76 77 78 79 80 81 82 83 84 85 86 87 88 89 90 91 92 93 94 95 96 97 98 99 100

# Workstations
1 2 3 4 5 6 7 8 9 10 11 12 13 14 15 16 17 18 19 20 21 22 23 24 25 26 27 28 29 30 31 32 33 34 35 36 37 38 39 40 41 42 43 44 45 46 47 48 49 50 51 52 53 54 55 56 57 58 59 60 61 62 63 64 65 66 67 68 69 70 71 72 73 74 75 76 77 78 79 80 81 82 83 84 85 86 87 88 89 90 91 92 93 94 95 96 97 98 99 100

# Modes
1 2 3 4 5 6 7

# Processing Times m=1,2,3,4,5,6,7
1 1 124
1 2 112
1 3 132
1 4 120
1 5 61
1 6 135
1 7 123
2 1 461
2 2 415
2 3 488
2 4 442
2 5 224
2 6 499
2 7 453
3 1 193
3 2 174
3 3 204
3 4 185
3 5 94
3 6 209
3 7 190
4 1 190
4 2 171
4 3 201
4 4 182
4 5 93
4 6 206
4 7 187
5 1 113
5 2 102
5 3 120
5 4 109
5 5 55
5 6 123
5 7 112
6 1 201
6 2 181
6 3 213
6 4 193
6 5 98
6 6 218
6 7 198
7 1 368
7 2 332
7 3 389
7 4 353
7 5 179
7 6 398
7 7 362
8 1 160
8 2 144
8 3 170
8 4 154
8 5 78
8 6 173
8 7 157
9 1 430
9 2 387
9 3 455
9 4 412
9 5 209
9 6 465
9 7 422
10 1 56
10 2 51
10 3 60
10 4 55
10 5 28
10 6 61
10 7 56
11 1 580
11 2 522
11 3 613
11 4 555
11 5 282
11 6 627
11 7 569
12 1 367
12 2 331
12 3 388
12 4 352
12 5 179
12 6 397
12 7 361
13 1 263
13 2 237
13 3 278
13 4 252
13 5 128
13 6 285
13 7 259
14 1 37
14 2 34
14 3 40
14 4 37
14 5 18
14 6 40
14 7 37
15 1 47
15 2 43
15 3 50
15 4 46
15 5 23
15 6 51
15 7 47
16 1 263
16 2 237
16 3 278
16 4 252
16 5 128
16 6 285
16 7 259
17 1 492
17 2 443
17 3 520
17 4 471
17 5 239
17 6 532
17 7 483
18 1 143
18 2 129
18 3 152
18 4 138
18 5 70
18 6 155
18 7 141
19 1 221
19 2 199
19 3 234
19 4 212
19 5 108
19 6 239
19 7 217
20 1 140
20 2 126
20 3 148
20 4 134
20 5 68
20 6 152
20 7 138
21 1 530
21 2 477
21 3 561
21 4 508
21 5 258
21 6 573
21 7 520
22 1 129
22 2 117
22 3 137
22 4 125
22 5 63
22 6 140
22 7 128
23 1 66
23 2 60
23 3 70
23 4 64
23 5 33
23 6 72
23 7 66
24 1 85
24 2 77
24 3 90
24 4 82
24 5 42
24 6 92
24 7 84
25 1 206
25 2 186
25 3 218
25 4 198
25 5 101
25 6 223
25 7 203
26 1 171
26 2 154
26 3 181
26 4 164
26 5 84
26 6 185
26 7 168
27 1 109
27 2 99
27 3 116
27 4 106
27 5 53
27 6 118
27 7 108
28 1 481
28 2 433
28 3 509
28 4 461
28 5 234
28 6 520
28 7 472
29 1 34
29 2 31
29 3 36
29 4 33
29 5 17
29 6 37
29 7 34
30 1 527
30 2 475
30 3 557
30 4 505
30 5 256
30 6 570
30 7 518
31 1 179
31 2 162
31 3 190
31 4 173
31 5 87
31 6 194
31 7 177
32 1 83
32 2 75
32 3 88
32 4 80
32 5 41
32 6 90
32 7 82
33 1 91
33 2 82
33 3 97
33 4 88
33 5 45
33 6 99
33 7 90
34 1 318
34 2 287
34 3 337
34 4 306
34 5 155
34 6 344
34 7 313
35 1 267
35 2 241
35 3 283
35 4 257
35 5 130
35 6 289
35 7 263
36 1 26
36 2 24
36 3 28
36 4 26
36 5 13
36 6 29
36 7 27
37 1 425
37 2 383
37 3 450
37 4 408
37 5 207
37 6 460
37 7 418
38 1 214
38 2 193
38 3 227
38 4 206
38 5 104
38 6 232
38 7 211
39 1 72
39 2 65
39 3 77
39 4 70
39 5 35
39 6 78
39 7 71
40 1 441
40 2 397
40 3 467
40 4 423
40 5 215
40 6 477
40 7 433
41 1 619
41 2 557
41 3 655
41 4 593
41 5 301
41 6 669
41 7 607
42 1 196
42 2 177
42 3 208
42 4 189
42 5 96
42 6 212
42 7 193
43 1 256
43 2 231
43 3 271
43 4 246
43 5 125
43 6 277
43 7 252
44 1 219
44 2 198
44 3 232
44 4 211
44 5 107
44 6 237
44 7 216
45 1 487
45 2 439
45 3 515
45 4 467
45 5 237
45 6 527
45 7 479
46 1 216
46 2 195
46 3 229
46 4 208
46 5 105
46 6 234
46 7 213
47 1 160
47 2 144
47 3 170
47 4 154
47 5 78
47 6 173
47 7 157
48 1 165
48 2 149
48 3 175
48 4 159
48 5 81
48 6 179
48 7 163
49 1 79
49 2 72
49 3 84
49 4 77
49 5 39
49 6 86
49 7 79
50 1 145
50 2 131
50 3 154
50 4 140
50 5 71
50 6 157
50 7 143
51 1 124
51 2 112
51 3 132
51 4 120
51 5 61
51 6 135
51 7 123
52 1 96
52 2 87
52 3 102
52 4 93
52 5 47
52 6 104
52 7 95
53 1 238
53 2 215
53 3 252
53 4 229
53 5 116
53 6 258
53 7 235
54 1 356
54 2 321
54 3 377
54 4 342
54 5 173
54 6 385
54 7 350
55 1 422
55 2 380
55 3 446
55 4 404
55 5 205
55 6 457
55 7 415
56 1 145
56 2 131
56 3 154
56 4 140
56 5 71
56 6 157
56 7 143
57 1 99
57 2 90
57 3 105
57 4 96
57 5 49
57 6 107
57 7 98
58 1 73
58 2 66
58 3 78
58 4 71
58 5 36
58 6 79
58 7 72
59 1 199
59 2 180
59 3 211
59 4 192
59 5 97
59 6 216
59 7 197
60 1 56
60 2 51
60 3 60
60 4 55
60 5 28
60 6 61
60 7 56
61 1 83
61 2 75
61 3 88
61 4 80
61 5 41
61 6 90
61 7 82
62 1 85
62 2 77
62 3 90
62 4 82
62 5 42
62 6 92
62 7 84
63 1 122
63 2 110
63 3 129
63 4 117
63 5 60
63 6 132
63 7 120
64 1 276
64 2 249
64 3 292
64 4 265
64 5 135
64 6 299
64 7 272
65 1 224
65 2 202
65 3 237
65 4 215
65 5 109
65 6 243
65 7 221
66 1 79
66 2 72
66 3 84
66 4 77
66 5 39
66 6 86
66 7 79
67 1 208
67 2 188
67 3 220
67 4 200
67 5 101
67 6 225
67 7 205
68 1 97
68 2 88
68 3 103
68 4 94
68 5 48
68 6 105
68 7 96
69 1 195
69 2 176
69 3 207
69 4 188
69 5 95
69 6 211
69 7 192
70 1 273
70 2 246
70 3 289
70 4 262
70 5 133
70 6 296
70 7 269
71 1 188
71 2 170
71 3 199
71 4 181
71 5 92
71 6 204
71 7 186
72 1 240
72 2 216
72 3 254
72 4 230
72 5 117
72 6 260
72 7 236
73 1 340
73 2 306
73 3 360
73 4 326
73 5 166
73 6 368
73 7 334
74 1 384
74 2 346
74 3 406
74 4 368
74 5 187
74 6 416
74 7 378
75 1 564
75 2 508
75 3 597
75 4 541
75 5 274
75 6 610
75 7 554
76 1 139
76 2 126
76 3 147
76 4 134
76 5 68
76 6 151
76 7 138
77 1 90
77 2 81
77 3 96
77 4 87
77 5 44
77 6 98
77 7 89
78 1 123
78 2 111
78 3 130
78 4 118
78 5 60
78 6 133
78 7 121
79 1 183
79 2 165
79 3 194
79 4 176
79 5 89
79 6 198
79 7 180
80 1 530
80 2 477
80 3 561
80 4 508
80 5 258
80 6 573
80 7 520
81 1 153
81 2 138
81 3 162
81 4 147
81 5 75
81 6 166
81 7 151
82 1 77
82 2 70
82 3 82
82 4 75
82 5 38
82 6 84
82 7 77
83 1 254
83 2 229
83 3 269
83 4 244
83 5 124
83 6 275
83 7 250
84 1 250
84 2 225
84 3 265
84 4 240
84 5 122
84 6 271
84 7 246
85 1 491
85 2 442
85 3 519
85 4 470
85 5 239
85 6 531
85 7 482
86 1 103
86 2 93
86 3 109
86 4 99
86 5 51
86 6 112
86 7 102
87 1 104
87 2 94
87 3 110
87 4 100
87 5 51
87 6 113
87 7 103
88 1 125
88 2 113
88 3 133
88 4 121
88 5 61
88 6 136
88 7 124
89 1 124
89 2 112
89 3 132
89 4 120
89 5 61
89 6 135
89 7 123
90 1 51
90 2 46
90 3 54
90 4 49
90 5 25
90 6 56
90 7 51
91 1 91
91 2 82
91 3 97
91 4 88
91 5 45
91 6 99
91 7 90
92 1 256
92 2 231
92 3 271
92 4 246
92 5 125
92 6 277
92 7 252
93 1 604
93 2 544
93 3 639
93 4 579
93 5 294
93 6 653
93 7 593
94 1 517
94 2 466
94 3 547
94 4 496
94 5 252
94 6 559
94 7 508
95 1 159
95 2 144
95 3 169
95 4 154
95 5 78
95 6 172
95 7 157
96 1 92
96 2 83
96 3 98
96 4 89
96 5 45
96 6 100
96 7 91
97 1 210
97 2 189
97 3 222
97 4 201
97 5 102
97 6 227
97 7 206
98 1 231
98 2 208
98 3 245
98 4 222
98 5 113
98 6 250
98 7 227
99 1 249
99 2 225
99 3 264
99 4 240
99 5 121
99 6 270
99 7 246
100 1 123
100 2 111
100 3 130
100 4 118
100 5 60
100 6 133
100 7 121

# Energy Consumption m=1,2,3,4,5,6,7
1 1 0
1 2 1104.19
1 3 0
1 4 905.4
1 5 259.57
1 6 0
1 7 408.87
2 1 0
2 2 4657.87
2 3 0
2 4 3040.21
2 5 1291.8
2 6 0
2 7 2129.0
3 1 0
3 2 1737.7
3 3 0
3 4 1222.15
3 5 502.24
3 6 0
3 7 878.06
4 1 0
4 2 1580.03
4 3 0
4 4 1456.79
4 5 433.29
4 6 0
4 7 927.84
5 1 0
5 2 1180.5
5 3 0
5 4 686.19
5 5 369.62
5 6 0
5 7 389.81
6 1 0
6 2 1907.75
6 3 0
6 4 1230.02
6 5 502.61
6 6 0
6 7 918.97
7 1 0
7 2 3849.39
7 3 0
7 4 2900.14
7 5 830.38
7 6 0
7 7 1571.52
8 1 0
8 2 1370.29
8 3 0
8 4 976.51
8 5 346.11
8 6 0
8 7 723.87
9 1 0
9 2 3895.17
9 3 0
9 4 3128.91
9 5 1165.69
9 6 0
9 7 1270.65
10 1 0
10 2 546.62
10 3 0
10 4 426.54
10 5 184.44
10 6 0
10 7 244.85
11 1 0
11 2 5979.35
11 3 0
11 4 5520.29
11 5 1340.19
11 6 0
11 7 2493.57
12 1 0
12 2 3828.53
12 3 0
12 4 3002.29
12 5 783.01
12 6 0
12 7 1663.86
13 1 0
13 2 2042.74
13 3 0
13 4 1596.77
13 5 657.91
13 6 0
13 7 1260.33
14 1 0
14 2 376.02
14 3 0
14 4 339.12
14 5 112.61
14 6 0
14 7 130.76
15 1 0
15 2 456.78
15 3 0
15 4 307.34
15 5 102.43
15 6 0
15 7 180.88
16 1 0
16 2 2394.2
16 3 0
16 4 1705.33
16 5 665.36
16 6 0
16 7 861.18
17 1 0
17 2 4391.79
17 3 0
17 4 4238.75
17 5 1266.11
17 6 0
17 7 1721.0
18 1 0
18 2 1545.62
18 3 0
18 4 1309.37
18 5 473.17
18 6 0
18 7 554.06
19 1 0
19 2 1885.97
19 3 0
19 4 2059.54
19 5 643.38
19 6 0
19 7 964.37
20 1 0
20 2 1332.48
20 3 0
20 4 1203.12
20 5 397.79
20 6 0
20 7 460.55
21 1 0
21 2 5475.41
21 3 0
21 4 3914.04
21 5 1674.11
21 6 0
21 7 2001.06
22 1 0
22 2 1012.09
22 3 0
22 4 806.81
22 5 392.65
22 6 0
22 7 571.68
23 1 0
23 2 635.11
23 3 0
23 4 614.7
23 5 183.45
23 6 0
23 7 295.6
24 1 0
24 2 737.9
24 3 0
24 4 574.6
24 5 286.87
24 6 0
24 7 406.86
25 1 0
25 2 2024.45
25 3 0
25 4 1584.2
25 5 652.14
25 6 0
25 7 750.57
26 1 0
26 2 1343.18
26 3 0
26 4 1521.73
26 5 570.23
26 6 0
26 7 525.78
27 1 0
27 2 1137.29
27 3 0
27 4 1000.92
27 5 294.02
27 6 0
27 7 463.78
28 1 0
28 2 4525.45
28 3 0
28 4 3519.41
28 5 1025.55
28 6 0
28 7 2156.28
29 1 0
29 2 329.97
29 3 0
29 4 320.91
29 5 96.6
29 6 0
29 7 147.5
30 1 0
30 2 5068.28
30 3 0
30 4 4372.75
30 5 1640.83
30 6 0
30 7 2540.73
31 1 0
31 2 1844.36
31 3 0
31 4 1303.72
31 5 494.31
31 6 0
31 7 544.63
32 1 0
32 2 781.24
32 3 0
32 4 694.81
32 5 220.83
32 6 0
32 7 400.13
33 1 0
33 2 816.1
33 3 0
33 4 845.2
33 5 204.67
33 6 0
33 7 396.04
34 1 0
34 2 2810.93
34 3 0
34 4 2700.0
34 5 674.92
34 6 0
34 7 1226.58
35 1 0
35 2 2240.98
35 3 0
35 4 2483.96
35 5 779.07
35 6 0
35 7 1196.63
36 1 0
36 2 208.53
36 3 0
36 4 216.43
36 5 55.89
36 6 0
36 7 119.54
37 1 0
37 2 4379.07
37 3 0
37 4 2846.41
37 5 1362.99
37 6 0
37 7 1959.37
38 1 0
38 2 1982.46
38 3 0
38 4 1324.72
38 5 672.31
38 6 0
38 7 928.68
39 1 0
39 2 750.85
39 3 0
39 4 676.86
39 5 188.47
39 6 0
39 7 345.88
40 1 0
40 2 3982.7
40 3 0
40 4 2598.57
40 5 1117.59
40 6 0
40 7 1722.32
41 1 0
41 2 5556.77
41 3 0
41 4 5166.91
41 5 2058.56
41 6 0
41 7 2479.45
42 1 0
42 2 1911.61
42 3 0
42 4 1457.04
42 5 409.95
42 6 0
42 7 734.57
43 1 0
43 2 1984.2
43 3 0
43 4 1782.96
43 5 738.44
43 6 0
43 7 1058.48
44 1 0
44 2 2254.19
44 3 0
44 4 1974.99
44 5 648.7
44 6 0
44 7 912.6
45 1 0
45 2 4935.36
45 3 0
45 4 3845.16
45 5 1216.78
45 6 0
45 7 1992.13
46 1 0
46 2 1575.76
46 3 0
46 4 1626.1
46 5 557.47
46 6 0
46 7 806.98
47 1 0
47 2 1532.37
47 3 0
47 4 1142.91
47 5 397.25
47 6 0
47 7 648.5
48 1 0
48 2 1414.91
48 3 0
48 4 995.97
48 5 404.03
48 6 0
48 7 737.91
49 1 0
49 2 665.39
49 3 0
49 4 490.97
49 5 240.0
49 6 0
49 7 249.3
50 1 0
50 2 1485.34
50 3 0
50 4 1222.44
50 5 387.53
50 6 0
50 7 574.12
51 1 0
51 2 931.02
51 3 0
51 4 923.99
51 5 286.8
51 6 0
51 7 588.19
52 1 0
52 2 935.09
52 3 0
52 4 739.72
52 5 251.05
52 6 0
52 7 414.77
53 1 0
53 2 2535.67
53 3 0
53 4 1523.77
53 5 756.92
53 6 0
53 7 1030.04
54 1 0
54 2 3612.24
54 3 0
54 4 3415.66
54 5 710.77
54 6 0
54 7 1713.77
55 1 0
55 2 3507.31
55 3 0
55 4 2458.67
55 5 1114.14
55 6 0
55 7 1893.84
56 1 0
56 2 1211.81
56 3 0
56 4 1166.74
56 5 393.22
56 6 0
56 7 700.79
57 1 0
57 2 860.99
57 3 0
57 4 588.93
57 5 294.24
57 6 0
57 7 356.95
58 1 0
58 2 734.72
58 3 0
58 4 428.89
58 5 199.64
58 6 0
58 7 303.13
59 1 0
59 2 1649.92
59 3 0
59 4 1806.87
59 5 558.08
59 6 0
59 7 946.76
60 1 0
60 2 474.09
60 3 0
60 4 417.79
60 5 178.04
60 6 0
60 7 175.27
61 1 0
61 2 843.9
61 3 0
61 4 763.13
61 5 249.86
61 6 0
61 7 391.42
62 1 0
62 2 796.46
62 3 0
62 4 768.52
62 5 267.16
62 6 0
62 7 267.2
63 1 0
63 2 1059.01
63 3 0
63 4 1021.85
63 5 413.14
63 6 0
63 7 487.67
64 1 0
64 2 2274.31
64 3 0
64 4 2271.11
64 5 731.76
64 6 0
64 7 1090.05
65 1 0
65 2 1712.16
65 3 0
65 4 1685.25
65 5 705.17
65 6 0
65 7 759.34
66 1 0
66 2 830.35
66 3 0
66 4 490.97
66 5 180.55
66 6 0
66 7 300.91
67 1 0
67 2 2007.12
67 3 0
67 4 1974.55
67 5 418.7
67 6 0
67 7 642.11
68 1 0
68 2 896.0
68 3 0
68 4 887.72
68 5 285.46
68 6 0
68 7 467.93
69 1 0
69 2 1914.6
69 3 0
69 4 1444.94
69 5 419.39
69 6 0
69 7 883.16
70 1 0
70 2 2913.49
70 3 0
70 4 1909.84
70 5 595.31
70 6 0
70 7 1092.04
71 1 0
71 2 1433.43
71 3 0
71 4 1741.24
71 5 641.91
71 6 0
71 7 573.0
72 1 0
72 2 2324.76
72 3 0
72 4 1791.56
72 5 547.62
72 6 0
72 7 777.18
73 1 0
73 2 2865.36
73 3 0
73 4 2088.31
73 5 867.88
73 6 0
73 7 1160.37
74 1 0
74 2 3427.35
74 3 0
74 4 3426.63
74 5 1057.45
74 6 0
74 7 1249.32
75 1 0
75 2 5936.72
75 3 0
75 4 5176.04
75 5 1336.61
75 6 0
75 7 2001.86
76 1 0
76 2 1380.36
76 3 0
76 4 1148.89
76 5 287.81
76 6 0
76 7 507.6
77 1 0
77 2 648.04
77 3 0
77 4 536.42
77 5 234.21
77 6 0
77 7 420.17
78 1 0
78 2 910.0
78 3 0
78 4 1133.55
78 5 386.22
78 6 0
78 7 399.84
79 1 0
79 2 1862.74
79 3 0
79 4 1661.43
79 5 586.97
79 6 0
79 7 588.78
80 1 0
80 2 5127.26
80 3 0
80 4 3761.37
80 5 1533.61
80 6 0
80 7 2250.41
81 1 0
81 2 1139.37
81 3 0
81 4 1416.42
81 5 334.67
81 6 0
81 7 738.51
82 1 0
82 2 701.2
82 3 0
82 4 599.63
82 5 221.62
82 6 0
82 7 282.28
83 1 0
83 2 1945.0
83 3 0
83 4 1559.73
83 5 852.27
83 6 0
83 7 1202.81
84 1 0
84 2 1945.67
84 3 0
84 4 1534.5
84 5 527.85
84 6 0
84 7 782.36
85 1 0
85 2 4526.21
85 3 0
85 4 3145.56
85 5 1283.68
85 6 0
85 7 2061.74
86 1 0
86 2 835.8
86 3 0
86 4 809.56
86 5 257.99
86 6 0
86 7 429.2
87 1 0
87 2 803.1
87 3 0
87 4 978.11
87 5 338.99
87 6 0
87 7 344.26
88 1 0
88 2 996.82
88 3 0
88 4 1021.32
88 5 295.59
88 6 0
88 7 441.42
89 1 0
89 2 1283.79
89 3 0
89 4 922.04
89 5 313.88
89 6 0
89 7 439.38
90 1 0
90 2 498.49
90 3 0
90 4 396.84
90 5 149.7
90 6 0
90 7 191.68
91 1 0
91 2 673.39
91 3 0
91 4 622.6
91 5 313.31
91 6 0
91 7 279.32
92 1 0
92 2 2499.15
92 3 0
92 4 2188.23
92 5 706.77
92 6 0
92 7 943.94
93 1 0
93 2 4613.9
93 3 0
93 4 4762.25
93 5 1586.64
93 6 0
93 7 2604.31
94 1 0
94 2 4603.75
94 3 0
94 4 3580.65
94 5 1124.7
94 6 0
94 7 1941.46
95 1 0
95 2 1424.05
95 3 0
95 4 1250.28
95 5 346.14
95 6 0
95 7 573.71
96 1 0
96 2 853.55
96 3 0
96 4 663.4
96 5 282.44
96 6 0
96 7 374.61
97 1 0
97 2 2087.83
97 3 0
97 4 1499.56
97 5 680.21
97 6 0
97 7 844.8
98 1 0
98 2 2025.7
98 3 0
98 4 1752.06
98 5 668.72
98 6 0
98 7 993.92
99 1 0
99 2 2032.34
99 3 0
99 4 1557.41
99 5 770.58
99 6 0
99 7 846.81
100 1 0
100 2 1048.03
100 3 0
100 4 842.38
100 5 331.79
100 6 0
100 7 503.76

# Precedence Relations
1 7
2 8
3 10
4 9
4 11
4 12
4 13
4 15
4 31
5 24
6 14
7 19
8 16
9 18
10 19
11 17
11 20
11 23
11 89
11 90
13 91
13 92
14 21
14 24
15 22
16 25
17 27
18 29
19 31
20 26
21 28
21 32
21 44
22 30
22 33
22 34
24 33
24 34
24 91
25 42
26 35
27 37
28 38
29 39
30 40
31 36
31 44
31 72
33 41
34 43
35 49
36 47
37 49
38 50
39 52
40 48
41 45
41 69
42 53
43 46
43 51
43 98
44 60
45 54
46 55
47 56
48 58
49 59
51 57
52 60
52 61
54 65
55 63
56 64
57 62
58 67
58 68
60 69
61 66
62 73
63 70
64 71
66 72
66 75
67 98
69 74
69 80
70 76
71 77
72 78
72 81
73 79
73 80
73 87
76 82
77 83
78 85
79 84
79 89
80 86
80 90
80 92
81 87
81 88
81 91
82 94
83 95
84 93
85 94
86 96
87 97
88 98
90 99
90 100

# Parameters
R_e = 0.0300
T = 1000
C_s = 4
C_w = 36
C_c = 5
