# Tasks
1 2 3 4 5 6 7 8 9 10 11 12 13 14 15 16 17 18 19 20 21 22 23 24 25 26 27 28 29 30 31 32 33 34 35 36 37 38 39 40 41 42 43 44 45 46 47 48 49 50 51 52 53 54 55 56 57 58 59 60 61 62 63 64 65 66 67 68 69 70 71 72 73 74 75 76 77 78 79 80 81 82 83 84 85 86 87 88 89 90 91 92 93 94 95 96 97 98 99 100

# Workstations
1 2 3 4 5 6 7 8 9 10 11 12 13 14 15 16 17 18 19 20 21 22 23 24 25 26 27 28 29 30 31 32 33 34 35 36 37 38 39 40 41 42 43 44 45 46 47 48 49 50 51 52 53 54 55 56 57 58 59 60 61 62 63 64 65 66 67 68 69 70 71 72 73 74 75 76 77 78 79 80 81 82 83 84 85 86 87 88 89 90 91 92 93 94 95 96 97 98 99 100

# Modes
1 2 3 4 5 6 7

# Processing Times m=1,2,3,4,5,6,7
1 1 533
1 2 480
1 3 564
1 4 511
1 5 259
1 6 577
1 7 524
2 1 258
2 2 233
2 3 273
2 4 248
2 5 126
2 6 279
2 7 254
3 1 95
3 2 86
3 3 101
3 4 92
3 5 47
3 6 103
3 7 94
4 1 26
4 2 24
4 3 28
4 4 26
4 5 13
4 6 29
4 7 27
5 1 46
5 2 42
5 3 49
5 4 45
5 5 23
5 6 50
5 7 46
6 1 96
6 2 87
6 3 102
6 4 93
6 5 47
6 6 104
6 7 95
7 1 72
7 2 65
7 3 77
7 4 70
7 5 35
7 6 78
7 7 71
8 1 273
8 2 246
8 3 289
8 4 262
8 5 133
8 6 296
8 7 269
9 1 130
9 2 117
9 3 138
9 4 125
9 5 64
9 6 141
9 7 128
10 1 222
10 2 200
10 3 235
10 4 213
10 5 108
10 6 240
10 7 218
11 1 77
11 2 70
11 3 82
11 4 75
11 5 38
11 6 84
11 7 77
12 1 164
12 2 148
12 3 174
12 4 158
12 5 80
12 6 178
12 7 162
13 1 84
13 2 76
13 3 89
13 4 81
13 5 41
13 6 91
13 7 83
14 1 108
14 2 98
14 3 115
14 4 105
14 5 53
14 6 117
14 7 107
15 1 199
15 2 180
15 3 211
15 4 192
15 5 97
15 6 216
15 7 197
16 1 190
16 2 171
16 3 201
16 4 182
16 5 93
16 6 206
16 7 187
17 1 63
17 2 57
17 3 67
17 4 61
17 5 31
17 6 69
17 7 63
18 1 235
18 2 212
18 3 249
18 4 226
18 5 115
18 6 254
18 7 231
19 1 508
19 2 458
19 3 537
19 4 487
19 5 247
19 6 550
19 7 500
20 1 69
20 2 63
20 3 73
20 4 67
20 5 34
20 6 75
20 7 69
21 1 25
21 2 23
21 3 27
21 4 25
21 5 13
21 6 28
21 7 26
22 1 162
22 2 146
22 3 172
22 4 156
22 5 79
22 6 176
22 7 160
23 1 214
23 2 193
23 3 227
23 4 206
23 5 104
23 6 232
23 7 211
24 1 137
24 2 124
24 3 145
24 4 132
24 5 67
24 6 149
24 7 136
25 1 57
25 2 52
25 3 61
25 4 56
25 5 28
25 6 62
25 7 57
26 1 518
26 2 467
26 3 548
26 4 497
26 5 252
26 6 560
26 7 509
27 1 88
27 2 80
27 3 93
27 4 85
27 5 43
27 6 96
27 7 88
28 1 245
28 2 221
28 3 259
28 4 235
28 5 119
28 6 265
28 7 241
29 1 116
29 2 105
29 3 123
29 4 112
29 5 57
29 6 126
29 7 115
30 1 40
30 2 36
30 3 43
30 4 39
30 5 20
30 6 44
30 7 40
31 1 234
31 2 211
31 3 248
31 4 225
31 5 114
31 6 253
31 7 230
32 1 490
32 2 441
32 3 518
32 4 469
32 5 238
32 6 530
32 7 481
33 1 81
33 2 73
33 3 86
33 4 78
33 5 40
33 6 88
33 7 80
34 1 334
34 2 301
34 3 353
34 4 320
34 5 163
34 6 361
34 7 328
35 1 505
35 2 455
35 3 534
35 4 484
35 5 246
35 6 546
35 7 496
36 1 255
36 2 230
36 3 270
36 4 245
36 5 124
36 6 276
36 7 251
37 1 205
37 2 185
37 3 217
37 4 197
37 5 100
37 6 222
37 7 202
38 1 170
38 2 153
38 3 180
38 4 163
38 5 83
38 6 184
38 7 167
39 1 215
39 2 194
39 3 228
39 4 207
39 5 105
39 6 233
39 7 212
40 1 185
40 2 167
40 3 196
40 4 178
40 5 90
40 6 200
40 7 182
41 1 247
41 2 223
41 3 262
41 4 238
41 5 120
41 6 267
41 7 243
42 1 148
42 2 134
42 3 157
42 4 143
42 5 72
42 6 160
42 7 146
43 1 174
43 2 157
43 3 184
43 4 167
43 5 85
43 6 189
43 7 172
44 1 359
44 2 324
44 3 380
44 4 345
44 5 175
44 6 388
44 7 353
45 1 149
45 2 135
45 3 158
45 4 144
45 5 73
45 6 162
45 7 148
46 1 507
46 2 457
46 3 536
46 4 486
46 5 247
46 6 548
46 7 498
47 1 238
47 2 215
47 3 252
47 4 229
47 5 116
47 6 258
47 7 235
48 1 198
48 2 179
48 3 210
48 4 191
48 5 97
48 6 214
48 7 195
49 1 127
49 2 115
49 3 135
49 4 123
49 5 62
49 6 138
49 7 126
50 1 306
50 2 276
50 3 324
50 4 294
50 5 149
50 6 331
50 7 301
51 1 109
51 2 99
51 3 116
51 4 106
51 5 53
51 6 118
51 7 108
52 1 39
52 2 36
52 3 42
52 4 39
52 5 19
52 6 43
52 7 40
53 1 137
53 2 124
53 3 145
53 4 132
53 5 67
53 6 149
53 7 136
54 1 51
54 2 46
54 3 54
54 4 49
54 5 25
54 6 56
54 7 51
55 1 567
55 2 511
55 3 600
55 4 544
55 5 276
55 6 613
55 7 557
56 1 493
56 2 444
56 3 521
56 4 472
56 5 240
56 6 533
56 7 484
57 1 121
57 2 109
57 3 128
57 4 116
57 5 59
57 6 131
57 7 119
58 1 245
58 2 221
58 3 259
58 4 235
58 5 119
58 6 265
58 7 241
59 1 229
59 2 207
59 3 242
59 4 220
59 5 112
59 6 248
59 7 226
60 1 120
60 2 108
60 3 127
60 4 115
60 5 59
60 6 130
60 7 118
61 1 88
61 2 80
61 3 93
61 4 85
61 5 43
61 6 96
61 7 88
62 1 175
62 2 158
62 3 185
62 4 168
62 5 85
62 6 190
62 7 173
63 1 39
63 2 36
63 3 42
63 4 39
63 5 19
63 6 43
63 7 40
64 1 272
64 2 245
64 3 288
64 4 261
64 5 133
64 6 294
64 7 267
65 1 28
65 2 26
65 3 30
65 4 28
65 5 14
65 6 31
65 7 29
66 1 253
66 2 228
66 3 268
66 4 243
66 5 123
66 6 274
66 7 249
67 1 280
67 2 252
67 3 296
67 4 268
67 5 136
67 6 303
67 7 275
68 1 299
68 2 270
68 3 316
68 4 287
68 5 146
68 6 324
68 7 295
69 1 55
69 2 50
69 3 59
69 4 54
69 5 27
69 6 60
69 7 55
70 1 177
70 2 160
70 3 188
70 4 171
70 5 86
70 6 192
70 7 175
71 1 194
71 2 175
71 3 206
71 4 187
71 5 95
71 6 210
71 7 191
72 1 165
72 2 149
72 3 175
72 4 159
72 5 81
72 6 179
72 7 163
73 1 154
73 2 139
73 3 163
73 4 148
73 5 75
73 6 167
73 7 152
74 1 219
74 2 198
74 3 232
74 4 211
74 5 107
74 6 237
74 7 216
75 1 289
75 2 261
75 3 306
75 4 278
75 5 141
75 6 313
75 7 285
76 1 578
76 2 521
76 3 611
76 4 554
76 5 281
76 6 625
76 7 568
77 1 160
77 2 144
77 3 170
77 4 154
77 5 78
77 6 173
77 7 157
78 1 90
78 2 81
78 3 96
78 4 87
78 5 44
78 6 98
78 7 89
79 1 119
79 2 108
79 3 126
79 4 115
79 5 58
79 6 129
79 7 118
80 1 298
80 2 269
80 3 315
80 4 286
80 5 145
80 6 323
80 7 294
81 1 62
81 2 56
81 3 66
81 4 60
81 5 31
81 6 68
81 7 62
82 1 39
82 2 36
82 3 42
82 4 39
82 5 19
82 6 43
82 7 40
83 1 496
83 2 447
83 3 525
83 4 476
83 5 241
83 6 537
83 7 488
84 1 531
84 2 478
84 3 562
84 4 509
84 5 258
84 6 574
84 7 521
85 1 105
85 2 95
85 3 111
85 4 101
85 5 51
85 6 114
85 7 104
86 1 190
86 2 171
86 3 201
86 4 182
86 5 93
86 6 206
86 7 187
87 1 514
87 2 463
87 3 544
87 4 493
87 5 250
87 6 556
87 7 505
88 1 50
88 2 45
88 3 53
88 4 48
88 5 25
88 6 55
88 7 50
89 1 29
89 2 27
89 3 31
89 4 29
89 5 15
89 6 32
89 7 30
90 1 103
90 2 93
90 3 109
90 4 99
90 5 51
90 6 112
90 7 102
91 1 241
91 2 217
91 3 255
91 4 231
91 5 118
91 6 261
91 7 237
92 1 54
92 2 49
92 3 58
92 4 53
92 5 27
92 6 59
92 7 54
93 1 77
93 2 70
93 3 82
93 4 75
93 5 38
93 6 84
93 7 77
94 1 160
94 2 144
94 3 170
94 4 154
94 5 78
94 6 173
94 7 157
95 1 45
95 2 41
95 3 48
95 4 44
95 5 22
95 6 49
95 7 45
96 1 171
96 2 154
96 3 181
96 4 164
96 5 84
96 6 185
96 7 168
97 1 49
97 2 45
97 3 52
97 4 48
97 5 24
97 6 53
97 7 49
98 1 120
98 2 108
98 3 127
98 4 115
98 5 59
98 6 130
98 7 118
99 1 125
99 2 113
99 3 133
99 4 121
99 5 61
99 6 136
99 7 124
100 1 182
100 2 164
100 3 193
100 4 175
100 5 89
100 6 197
100 7 179

# Energy Consumption m=1,2,3,4,5,6,7
1 1 0
1 2 5534.23
1 3 0
1 4 3913.17
1 5 1486.76
1 6 0
1 7 2365.96
2 1 0
2 2 2604.97
2 3 0
2 4 1829.03
2 5 791.36
2 6 0
2 7 1244.94
3 1 0
3 2 833.23
3 3 0
3 4 857.12
3 5 268.5
3 6 0
3 7 423.25
4 1 0
4 2 207.23
4 3 0
4 4 223.09
4 5 82.13
4 6 0
4 7 96.39
5 1 0
5 2 419.61
5 3 0
5 4 299.7
5 5 101.43
5 6 0
5 7 217.68
6 1 0
6 2 1023.18
6 3 0
6 4 898.73
6 5 218.58
6 6 0
6 7 405.21
7 1 0
7 2 684.14
7 3 0
7 4 472.9
7 5 217.74
7 6 0
7 7 235.34
8 1 0
8 2 2247.67
8 3 0
8 4 2285.14
8 5 623.17
8 6 0
8 7 1179.22
9 1 0
9 2 1146.87
9 3 0
9 4 810.49
9 5 348.39
9 6 0
9 7 574.02
10 1 0
10 2 1853.53
10 3 0
10 4 1949.47
10 5 482.09
10 6 0
10 7 709.83
11 1 0
11 2 602.74
11 3 0
11 4 702.92
11 5 228.6
11 6 0
11 7 241.52
12 1 0
12 2 1268.17
12 3 0
12 4 1501.56
12 5 468.86
12 6 0
12 7 709.83
13 1 0
13 2 623.33
13 3 0
13 4 570.63
13 5 195.26
13 6 0
13 7 381.0
14 1 0
14 2 945.86
14 3 0
14 4 887.28
14 5 212.85
14 6 0
14 7 518.64
15 1 0
15 2 1922.41
15 3 0
15 4 1755.1
15 5 406.86
15 6 0
15 7 768.47
16 1 0
16 2 1867.67
16 3 0
16 4 1618.06
16 5 491.64
16 6 0
16 7 926.28
17 1 0
17 2 605.23
17 3 0
17 4 495.64
17 5 144.86
17 6 0
17 7 267.95
18 1 0
18 2 1836.92
18 3 0
18 4 2093.8
18 5 622.58
18 6 0
18 7 1113.48
19 1 0
19 2 4551.32
19 3 0
19 4 3682.32
19 5 1427.35
19 6 0
19 7 1636.14
20 1 0
20 2 544.98
20 3 0
20 4 460.93
20 5 187.29
20 6 0
20 7 295.23
21 1 0
21 2 217.16
21 3 0
21 4 152.64
21 5 64.35
21 6 0
21 7 110.53
22 1 0
22 2 1622.17
22 3 0
22 4 960.24
22 5 442.04
22 6 0
22 7 585.77
23 1 0
23 2 2129.48
23 3 0
23 4 1939.42
23 5 597.71
23 6 0
23 7 905.85
24 1 0
24 2 1184.08
24 3 0
24 4 1054.3
24 5 283.11
24 6 0
24 7 644.26
25 1 0
25 2 553.02
25 3 0
25 4 375.99
25 5 160.18
25 6 0
25 7 262.55
26 1 0
26 2 4574.97
26 3 0
26 4 3466.07
26 5 1356.77
26 6 0
26 7 1881.19
27 1 0
27 2 877.79
27 3 0
27 4 656.09
27 5 296.57
27 6 0
27 7 378.3
28 1 0
28 2 2611.11
28 3 0
28 4 2101.37
28 5 596.55
28 6 0
28 7 1049.74
29 1 0
29 2 852.98
29 3 0
29 4 716.78
29 5 299.96
29 6 0
29 7 541.35
30 1 0
30 2 340.97
30 3 0
30 4 371.4
30 5 131.56
30 6 0
30 7 137.57
31 1 0
31 2 1798.93
31 3 0
31 4 2204.52
31 5 736.83
31 6 0
31 7 1058.54
32 1 0
32 2 4657.77
32 3 0
32 4 3209.45
32 5 1132.76
32 6 0
32 7 2280.61
33 1 0
33 2 860.11
33 3 0
33 4 552.79
33 5 173.05
33 6 0
33 7 349.15
34 1 0
34 2 2496.36
34 3 0
34 4 2742.19
34 5 1107.21
34 6 0
34 7 1610.52
35 1 0
35 2 5399.03
35 3 0
35 4 3708.77
35 5 1354.92
35 6 0
35 7 1545.5
36 1 0
36 2 2138.98
36 3 0
36 4 1728.9
36 5 836.18
36 6 0
36 7 931.76
37 1 0
37 2 1674.65
37 3 0
37 4 1608.9
37 5 432.45
37 6 0
37 7 621.74
38 1 0
38 2 1294.86
38 3 0
38 4 1455.37
38 5 481.05
38 6 0
38 7 665.65
39 1 0
39 2 2061.47
39 3 0
39 4 1689.98
39 5 626.27
39 6 0
39 7 696.14
40 1 0
40 2 1452.95
40 3 0
40 4 1681.94
40 5 555.83
40 6 0
40 7 637.61
41 1 0
41 2 2312.97
41 3 0
41 4 1750.61
41 5 722.8
41 6 0
41 7 903.02
42 1 0
42 2 1259.66
42 3 0
42 4 1241.47
42 5 323.28
42 6 0
42 7 589.57
43 1 0
43 2 1852.97
43 3 0
43 4 1649.6
43 5 433.26
43 6 0
43 7 647.83
44 1 0
44 2 3585.94
44 3 0
44 4 3260.7
44 5 971.44
44 6 0
44 7 1756.15
45 1 0
45 2 1263.01
45 3 0
45 4 1135.12
45 5 505.79
45 6 0
45 7 562.57
46 1 0
46 2 4545.73
46 3 0
46 4 3483.35
46 5 1560.06
46 6 0
46 7 1682.74
47 1 0
47 2 2410.44
47 3 0
47 4 1620.7
47 5 588.4
47 6 0
47 7 1128.37
48 1 0
48 2 1769.13
48 3 0
48 4 1762.24
48 5 427.85
48 6 0
48 7 915.48
49 1 0
49 2 1090.23
49 3 0
49 4 998.88
49 5 328.56
49 6 0
49 7 467.74
50 1 0
50 2 2345.61
50 3 0
50 4 2493.86
50 5 784.34
50 6 0
50 7 1042.23
51 1 0
51 2 983.11
51 3 0
51 4 645.48
51 5 222.77
51 6 0
51 7 349.49
52 1 0
52 2 381.79
52 3 0
52 4 381.9
52 5 103.26
52 6 0
52 7 162.25
53 1 0
53 2 1249.52
53 3 0
53 4 1035.68
53 5 337.15
53 6 0
53 7 491.55
54 1 0
54 2 373.72
54 3 0
54 4 454.89
54 5 128.65
54 6 0
54 7 164.88
55 1 0
55 2 4827.53
55 3 0
55 4 3474.15
55 5 1672.5
55 6 0
55 7 2177.34
56 1 0
56 2 4603.05
56 3 0
56 4 3469.96
56 5 1657.22
56 6 0
56 7 1468.83
57 1 0
57 2 1111.03
57 3 0
57 4 896.17
57 5 327.31
57 6 0
57 7 431.02
58 1 0
58 2 2552.7
58 3 0
58 4 1625.22
58 5 770.27
58 6 0
58 7 939.78
59 1 0
59 2 1923.81
59 3 0
59 4 1449.89
59 5 506.55
59 6 0
59 7 894.31
60 1 0
60 2 1226.07
60 3 0
60 4 952.78
60 5 286.68
60 6 0
60 7 497.57
61 1 0
61 2 901.82
61 3 0
61 4 603.49
61 5 232.38
61 6 0
61 7 284.99
62 1 0
62 2 1654.62
62 3 0
62 4 1518.67
62 5 428.87
62 6 0
62 7 585.14
63 1 0
63 2 368.25
63 3 0
63 4 236.28
63 5 130.17
63 6 0
63 7 131.07
64 1 0
64 2 2853.85
64 3 0
64 4 2179.76
64 5 616.27
64 6 0
64 7 1285.68
65 1 0
65 2 309.33
65 3 0
65 4 216.56
65 5 88.42
65 6 0
65 7 135.62
66 1 0
66 2 2546.27
66 3 0
66 4 1648.2
66 5 543.11
66 6 0
66 7 805.21
67 1 0
67 2 2739.74
67 3 0
67 4 2225.0
67 5 895.07
67 6 0
67 7 1094.73
68 1 0
68 2 2201.2
68 3 0
68 4 2008.91
68 5 721.93
68 6 0
68 7 1270.81
69 1 0
69 2 440.34
69 3 0
69 4 334.09
69 5 151.14
69 6 0
69 7 261.42
70 1 0
70 2 1534.33
70 3 0
70 4 1421.06
70 5 551.04
70 6 0
70 7 840.85
71 1 0
71 2 1880.48
71 3 0
71 4 1183.48
71 5 663.52
71 6 0
71 7 780.98
72 1 0
72 2 1328.62
72 3 0
72 4 1099.44
72 5 495.45
72 6 0
72 7 613.27
73 1 0
73 2 1328.05
73 3 0
73 4 1251.36
73 5 378.13
73 6 0
73 7 617.31
74 1 0
74 2 1748.34
74 3 0
74 4 2047.03
74 5 466.69
74 6 0
74 7 677.82
75 1 0
75 2 2166.43
75 3 0
75 4 2122.27
75 5 880.83
75 6 0
75 7 1374.67
76 1 0
76 2 5767.67
76 3 0
76 4 4447.28
76 5 1524.92
76 6 0
76 7 2833.15
77 1 0
77 2 1513.35
77 3 0
77 4 1291.62
77 5 347.53
77 6 0
77 7 665.03
78 1 0
78 2 886.25
78 3 0
78 4 738.68
78 5 178.12
78 6 0
78 7 374.78
79 1 0
79 2 947.1
79 3 0
79 4 831.3
79 5 319.09
79 6 0
79 7 427.52
80 1 0
80 2 2303.16
80 3 0
80 4 2738.5
80 5 743.68
80 6 0
80 7 1313.54
81 1 0
81 2 506.78
81 3 0
81 4 527.52
81 5 154.65
81 6 0
81 7 291.19
82 1 0
82 2 297.74
82 3 0
82 4 302.53
82 5 88.41
82 6 0
82 7 132.22
83 1 0
83 2 4414.17
83 3 0
83 4 4288.95
83 5 1002.5
83 6 0
83 7 2424.55
84 1 0
84 2 5154.81
84 3 0
84 4 3645.5
84 5 1509.68
84 6 0
84 7 1924.34
85 1 0
85 2 1052.99
85 3 0
85 4 813.53
85 5 224.87
85 6 0
85 7 353.52
86 1 0
86 2 1903.42
86 3 0
86 4 1668.51
86 5 429.56
86 6 0
86 7 827.99
87 1 0
87 2 3743.43
87 3 0
87 4 4355.76
87 5 1506.09
87 6 0
87 7 1958.3
88 1 0
88 2 472.93
88 3 0
88 4 295.43
88 5 174.5
88 6 0
88 7 173.07
89 1 0
89 2 286.57
89 3 0
89 4 215.16
89 5 71.34
89 6 0
89 7 147.35
90 1 0
90 2 1006.75
90 3 0
90 4 839.32
90 5 258.51
90 6 0
90 7 333.48
91 1 0
91 2 2104.76
91 3 0
91 4 1664.26
91 5 748.65
91 6 0
91 7 1001.06
92 1 0
92 2 468.7
92 3 0
92 4 480.48
92 5 141.85
92 6 0
92 7 166.19
93 1 0
93 2 584.19
93 3 0
93 4 673.3
93 5 159.01
93 6 0
93 7 239.3
94 1 0
94 2 1464.87
94 3 0
94 4 1537.57
94 5 479.74
94 6 0
94 7 544.78
95 1 0
95 2 372.47
95 3 0
95 4 324.67
95 5 94.12
95 6 0
95 7 210.86
96 1 0
96 2 1605.11
96 3 0
96 4 1168.65
96 5 375.0
96 6 0
96 7 720.26
97 1 0
97 2 428.28
97 3 0
97 4 329.63
97 5 102.47
97 6 0
97 7 236.81
98 1 0
98 2 947.7
98 3 0
98 4 1133.43
98 5 310.7
98 6 0
98 7 395.51
99 1 0
99 2 1244.27
99 3 0
99 4 1199.84
99 5 397.63
99 6 0
99 7 487.25
100 1 0
100 2 1862.87
100 3 0
100 4 1230.41
100 5 478.18
100 6 0
100 7 695.86

# Precedence Relations
1 71
2 33
3 33
4 6
4 7
4 8
5 6
5 7
5 8
6 33
7 60
8 9
8 10
8 11
8 12
8 13
9 60
10 60
11 60
12 89
13 14
13 15
13 16
13 17
13 18
13 19
14 33
15 72
16 60
17 60
18 20
18 21
18 22
18 28
18 29
18 30
18 31
19 20
19 21
19 22
19 23
19 24
19 25
20 72
21 72
22 60
23 60
24 26
24 27
24 28
24 29
24 30
24 31
25 26
25 27
25 28
25 29
25 30
25 31
26 33
27 72
28 60
29 89
30 32
30 33
30 34
30 35
30 36
30 37
30 38
31 32
31 33
31 34
31 35
31 36
31 37
31 38
32 71
33 39
33 40
33 41
33 42
33 43
33 44
33 45
33 46
34 72
35 72
36 72
37 60
38 45
38 46
39 47
39 48
39 49
39 50
39 51
40 47
40 48
40 49
40 50
40 51
41 47
41 48
41 49
41 53
41 58
42 48
42 49
42 50
43 47
43 48
43 49
43 50
43 51
44 47
44 48
44 52
44 53
44 54
44 55
45 47
45 48
45 49
45 50
45 51
46 47
46 48
46 51
47 71
48 60
49 60
50 89
51 52
51 53
51 54
51 55
52 72
53 72
54 89
55 56
55 57
55 58
56 60
57 59
57 61
57 62
58 59
58 60
58 61
59 72
60 62
60 63
60 64
60 65
60 66
60 67
60 68
60 69
60 70
61 63
61 70
61 71
62 71
63 72
64 71
65 74
65 91
66 73
66 74
66 91
67 73
68 71
68 72
69 71
70 72
70 73
70 74
70 87
71 75
71 76
71 77
71 78
71 79
71 80
71 81
71 82
71 87
71 88
72 83
72 84
72 85
72 86
73 89
75 89
75 90
75 91
78 89
78 90
79 90
80 91
81 90
82 91
84 90
84 91
85 89
85 90
85 91
87 89
88 91
89 92
89 93
89 94
89 95
89 96
89 97
89 98
89 99
89 100

# Parameters
R_e = 0.0300
T = 1000
C_s = 4
C_w = 36
C_c = 5
