# Tasks
1 2 3 4 5 6 7 8 9 10 11 12 13 14 15 16 17 18 19 20

# Workstations
1 2 3 4 5 6 7 8 9 10 11 12 13 14 15 16 17 18 19 20

# Modes
1 2 3 4 5 6 7

# Processing Times m=1,2,3,4,5,6,7
1 1 410
1 2 369
1 3 434
1 4 393
1 5 200
1 6 444
1 7 403
2 1 640
2 2 576
2 3 677
2 4 613
2 5 311
2 6 692
2 7 628
3 1 469
3 2 423
3 3 496
3 4 450
3 5 228
3 6 507
3 7 461
4 1 480
4 2 432
4 3 508
4 4 460
4 5 234
4 6 519
4 7 471
5 1 566
5 2 510
5 3 599
5 4 543
5 5 275
5 6 612
5 7 556
6 1 399
6 2 360
6 3 422
6 4 383
6 5 194
6 6 432
6 7 393
7 1 422
7 2 380
7 3 446
7 4 404
7 5 205
7 6 457
7 7 415
8 1 439
8 2 396
8 3 464
8 4 421
8 5 214
8 6 475
8 7 432
9 1 687
9 2 619
9 3 726
9 4 658
9 5 334
9 6 743
9 7 675
10 1 289
10 2 261
10 3 306
10 4 278
10 5 141
10 6 313
10 7 285
11 1 580
11 2 522
11 3 613
11 4 555
11 5 282
11 6 627
11 7 569
12 1 505
12 2 455
12 3 534
12 4 484
12 5 246
12 6 546
12 7 496
13 1 365
13 2 329
13 3 386
13 4 350
13 5 178
13 6 395
13 7 359
14 1 525
14 2 473
14 3 555
14 4 503
14 5 255
14 6 568
14 7 516
15 1 666
15 2 600
15 3 704
15 4 638
15 5 324
15 6 720
15 7 654
16 1 483
16 2 435
16 3 511
16 4 463
16 5 235
16 6 523
16 7 475
17 1 716
17 2 645
17 3 757
17 4 686
17 5 348
17 6 774
17 7 703
18 1 533
18 2 480
18 3 564
18 4 511
18 5 259
18 6 577
18 7 524
19 1 494
19 2 445
19 3 523
19 4 474
19 5 240
19 6 534
19 7 485
20 1 515
20 2 464
20 3 545
20 4 494
20 5 251
20 6 557
20 7 506

# Energy Consumption m=1,2,3,4,5,6,7
1 1 0
1 2 4129.29
1 3 0
1 4 3147.57
1 5 1218.0
1 6 0
1 7 2002.36
2 1 0
2 2 5460.7
2 3 0
2 4 5862.37
2 5 1990.53
2 6 0
2 7 2001.23
3 1 0
3 2 4750.98
3 3 0
3 4 2921.45
3 5 1079.06
3 6 0
3 7 2139.11
4 1 0
4 2 3778.35
4 3 0
4 4 4033.71
4 5 1325.91
4 6 0
4 7 1735.2
5 1 0
5 2 5935.64
5 3 0
5 4 4604.63
5 5 1290.56
5 6 0
5 7 2477.88
6 1 0
6 2 3200.54
6 3 0
6 4 3292.75
6 5 1164.45
6 6 0
6 7 1327.59
7 1 0
7 2 4396.98
7 3 0
7 4 3881.45
7 5 829.28
7 6 0
7 7 1441.7
8 1 0
8 2 4162.97
8 3 0
8 4 2672.33
8 5 1445.68
8 6 0
8 7 2149.88
9 1 0
9 2 7161.67
9 3 0
9 4 4562.9
9 5 2060.58
9 6 0
9 7 2286.84
10 1 0
10 2 3116.37
10 3 0
10 4 2735.17
10 5 753.67
10 6 0
10 7 1093.24
11 1 0
11 2 5739.89
11 3 0
11 4 5154.31
11 5 1777.3
11 6 0
11 7 2437.91
12 1 0
12 2 5087.96
12 3 0
12 4 4357.07
12 5 1516.37
12 6 0
12 7 1657.96
13 1 0
13 2 2818.18
13 3 0
13 4 2139.98
13 5 1211.33
13 6 0
13 7 1309.62
14 1 0
14 2 5461.41
14 3 0
14 4 4448.02
14 5 1273.56
14 6 0
14 7 2267.02
15 1 0
15 2 6222.67
15 3 0
15 4 6090.96
15 5 1688.57
15 6 0
15 7 3120.7
16 1 0
16 2 4494.39
16 3 0
16 4 4087.0
16 5 1474.53
16 6 0
16 7 1575.03
17 1 0
17 2 6955.59
17 3 0
17 4 4867.89
17 5 1832.04
17 6 0
17 7 3389.47
18 1 0
18 2 4229.01
18 3 0
18 4 4450.27
18 5 1799.82
18 6 0
18 7 1857.63
19 1 0
19 2 3971.38
19 3 0
19 4 2870.78
19 5 1440.99
19 6 0
19 7 1785.45
20 1 0
20 2 4544.03
20 3 0
20 4 4733.97
20 5 1724.46
20 6 0
20 7 1777.14

# Precedence Relations
1 8
2 8
3 4
3 5
3 6
3 7
4 8
5 8
6 20
7 8
7 9
7 10
7 11
8 12
8 13
8 14
8 15
8 16
9 17
10 17
10 18
11 19
12 17
12 18
17 19
17 20
18 20

# Parameters
R_e = 0.0300
T = 1000
C_s = 4
C_w = 36
C_c = 5
