# Tasks
1 2 3 4 5 6 7 8 9 10 11 12 13 14 15 16 17 18 19 20 21 22 23 24 25 26 27 28 29 30 31 32 33 34 35 36 37 38 39 40 41 42 43 44 45 46 47 48 49 50

# Workstations
1 2 3 4 5 6 7 8 9 10 11 12 13 14 15 16 17 18 19 20 21 22 23 24 25 26 27 28 29 30 31 32 33 34 35 36 37 38 39 40 41 42 43 44 45 46 47 48 49 50

# Modes
1 2 3 4 5 6 7

# Processing Times m=1,2,3,4,5,6,7
1 1 192
1 2 173
1 3 203
1 4 184
1 5 94
1 6 208
1 7 189
2 1 342
2 2 308
2 3 362
2 4 328
2 5 167
2 6 370
2 7 336
3 1 36
3 2 33
3 3 39
3 4 36
3 5 18
3 6 39
3 7 36
4 1 323
4 2 291
4 3 342
4 4 310
4 5 157
4 6 350
4 7 318
5 1 120
5 2 108
5 3 127
5 4 115
5 5 59
5 6 130
5 7 118
6 1 473
6 2 426
6 3 500
6 4 453
6 5 230
6 6 512
6 7 465
7 1 494
7 2 445
7 3 523
7 4 474
7 5 240
7 6 534
7 7 485
8 1 120
8 2 108
8 3 127
8 4 115
8 5 59
8 6 130
8 7 118
9 1 214
9 2 193
9 3 227
9 4 206
9 5 104
9 6 232
9 7 211
10 1 199
10 2 180
10 3 211
10 4 192
10 5 97
10 6 216
10 7 197
11 1 96
11 2 87
11 3 102
11 4 93
11 5 47
11 6 104
11 7 95
12 1 600
12 2 540
12 3 635
12 4 575
12 5 292
12 6 649
12 7 589
13 1 277
13 2 250
13 3 293
13 4 266
13 5 135
13 6 300
13 7 273
14 1 170
14 2 153
14 3 180
14 4 163
14 5 83
14 6 184
14 7 167
15 1 222
15 2 200
15 3 235
15 4 213
15 5 108
15 6 240
15 7 218
16 1 84
16 2 76
16 3 89
16 4 81
16 5 41
16 6 91
16 7 83
17 1 222
17 2 200
17 3 235
17 4 213
17 5 108
17 6 240
17 7 218
18 1 169
18 2 153
18 3 179
18 4 163
18 5 83
18 6 183
18 7 167
19 1 102
19 2 92
19 3 108
19 4 98
19 5 50
19 6 111
19 7 101
20 1 116
20 2 105
20 3 123
20 4 112
20 5 57
20 6 126
20 7 115
21 1 29
21 2 27
21 3 31
21 4 29
21 5 15
21 6 32
21 7 30
22 1 208
22 2 188
22 3 220
22 4 200
22 5 101
22 6 225
22 7 205
23 1 403
23 2 363
23 3 426
23 4 386
23 5 196
23 6 436
23 7 396
24 1 446
24 2 402
24 3 472
24 4 428
24 5 217
24 6 483
24 7 439
25 1 604
25 2 544
25 3 639
25 4 579
25 5 294
25 6 653
25 7 593
26 1 518
26 2 467
26 3 548
26 4 497
26 5 252
26 6 560
26 7 509
27 1 32
27 2 29
27 3 34
27 4 31
27 5 16
27 6 35
27 7 32
28 1 276
28 2 249
28 3 292
28 4 265
28 5 135
28 6 299
28 7 272
29 1 47
29 2 43
29 3 50
29 4 46
29 5 23
29 6 51
29 7 47
30 1 539
30 2 485
30 3 570
30 4 516
30 5 262
30 6 583
30 7 529
31 1 71
31 2 64
31 3 76
31 4 69
31 5 35
31 6 77
31 7 70
32 1 191
32 2 172
32 3 202
32 4 183
32 5 93
32 6 207
32 7 188
33 1 178
33 2 161
33 3 189
33 4 172
33 5 87
33 6 193
33 7 176
34 1 58
34 2 53
34 3 62
34 4 57
34 5 29
34 6 63
34 7 58
35 1 210
35 2 189
35 3 222
35 4 201
35 5 102
35 6 227
35 7 206
36 1 137
36 2 124
36 3 145
36 4 132
36 5 67
36 6 149
36 7 136
37 1 542
37 2 488
37 3 573
37 4 519
37 5 264
37 6 586
37 7 532
38 1 135
38 2 122
38 3 143
38 4 130
38 5 66
38 6 146
38 7 133
39 1 123
39 2 111
39 3 130
39 4 118
39 5 60
39 6 133
39 7 121
40 1 126
40 2 114
40 3 134
40 4 122
40 5 62
40 6 137
40 7 125
41 1 228
41 2 206
41 3 241
41 4 219
41 5 111
41 6 247
41 7 225
42 1 238
42 2 215
42 3 252
42 4 229
42 5 116
42 6 258
42 7 235
43 1 268
43 2 242
43 3 284
43 4 258
43 5 131
43 6 290
43 7 264
44 1 412
44 2 371
44 3 436
44 4 395
44 5 201
44 6 446
44 7 405
45 1 146
45 2 132
45 3 155
45 4 141
45 5 71
45 6 158
45 7 144
46 1 294
46 2 265
46 3 311
46 4 282
46 5 143
46 6 318
46 7 289
47 1 92
47 2 83
47 3 98
47 4 89
47 5 45
47 6 100
47 7 91
48 1 48
48 2 44
48 3 51
48 4 47
48 5 24
48 6 52
48 7 48
49 1 114
49 2 103
49 3 121
49 4 110
49 5 56
49 6 124
49 7 113
50 1 526
50 2 474
50 3 556
50 4 504
50 5 256
50 6 569
50 7 517

# Energy Consumption m=1,2,3,4,5,6,7
1 1 0
1 2 1948.25
1 3 0
1 4 1120.66
1 5 462.61
1 6 0
1 7 783.51
2 1 0
2 2 3207.31
2 3 0
2 4 3000.59
2 5 1086.74
2 6 0
2 7 1549.43
3 1 0
3 2 352.3
3 3 0
3 4 288.14
3 5 111.59
3 6 0
3 7 114.57
4 1 0
4 2 3309.85
4 3 0
4 4 1882.64
4 5 870.48
4 6 0
4 7 1454.3
5 1 0
5 2 955.58
5 3 0
5 4 690.43
5 5 408.42
5 6 0
5 7 469.03
6 1 0
6 2 3651.67
6 3 0
6 4 4429.93
6 5 1225.03
6 6 0
6 7 1943.64
7 1 0
7 2 5040.48
7 3 0
7 4 4045.54
7 5 1116.93
7 6 0
7 7 2103.35
8 1 0
8 2 902.11
8 3 0
8 4 1098.26
8 5 319.61
8 6 0
8 7 449.02
9 1 0
9 2 1921.66
9 3 0
9 4 1707.26
9 5 647.55
9 6 0
9 7 785.62
10 1 0
10 2 1869.93
10 3 0
10 4 1806.55
10 5 400.2
10 6 0
10 7 965.5
11 1 0
11 2 1037.56
11 3 0
11 4 814.87
11 5 295.88
11 6 0
11 7 314.34
12 1 0
12 2 4840.17
12 3 0
12 4 5683.03
12 5 1310.48
12 6 0
12 7 1954.36
13 1 0
13 2 2511.9
13 3 0
13 4 2217.82
13 5 543.14
13 6 0
13 7 1060.09
14 1 0
14 2 1444.71
14 3 0
14 4 1253.62
14 5 445.46
14 6 0
14 7 593.14
15 1 0
15 2 2115.04
15 3 0
15 4 1674.6
15 5 696.27
15 6 0
15 7 894.6
16 1 0
16 2 646.72
16 3 0
16 4 740.95
16 5 252.63
16 6 0
16 7 387.93
17 1 0
17 2 1899.3
17 3 0
17 4 1443.3
17 5 602.79
17 6 0
17 7 695.5
18 1 0
18 2 1435.74
18 3 0
18 4 1088.61
18 5 523.64
18 6 0
18 7 636.02
19 1 0
19 2 901.85
19 3 0
19 4 599.37
19 5 328.49
19 6 0
19 7 458.13
20 1 0
20 2 1094.67
20 3 0
20 4 672.07
20 5 244.61
20 6 0
20 7 394.16
21 1 0
21 2 219.54
21 3 0
21 4 202.45
21 5 72.0
21 6 0
21 7 91.08
22 1 0
22 2 1819.06
22 3 0
22 4 1557.67
22 5 553.9
22 6 0
22 7 818.91
23 1 0
23 2 4057.41
23 3 0
23 4 2786.37
23 5 953.92
23 6 0
23 7 1426.48
24 1 0
24 2 3890.42
24 3 0
24 4 3290.9
24 5 1046.22
24 6 0
24 7 1792.68
25 1 0
25 2 5559.36
25 3 0
25 4 3556.48
25 5 1421.44
25 6 0
25 7 2669.55
26 1 0
26 2 5389.31
26 3 0
26 4 3560.55
26 5 1679.87
26 6 0
26 7 2005.52
27 1 0
27 2 236.3
27 3 0
27 4 288.2
27 5 64.99
27 6 0
27 7 121.76
28 1 0
28 2 2982.2
28 3 0
28 4 2160.48
28 5 617.13
28 6 0
28 7 1279.5
29 1 0
29 2 359.1
29 3 0
29 4 364.45
29 5 119.47
29 6 0
29 7 188.93
30 1 0
30 2 5385.44
30 3 0
30 4 4455.64
30 5 1792.02
30 6 0
30 7 1878.61
31 1 0
31 2 580.19
31 3 0
31 4 543.04
31 5 200.69
31 6 0
31 7 348.52
32 1 0
32 2 1509.06
32 3 0
32 4 1242.38
32 5 616.66
32 6 0
32 7 855.75
33 1 0
33 2 1886.92
33 3 0
33 4 1390.8
33 5 517.39
33 6 0
33 7 853.53
34 1 0
34 2 472.46
34 3 0
34 4 485.03
34 5 122.21
34 6 0
34 7 274.2
35 1 0
35 2 1981.3
35 3 0
35 4 1511.29
35 5 481.32
35 6 0
35 7 693.45
36 1 0
36 2 1151.29
36 3 0
36 4 1298.95
36 5 462.15
36 6 0
36 7 643.93
37 1 0
37 2 4804.41
37 3 0
37 4 3619.56
37 5 1229.39
37 6 0
37 7 1790.83
38 1 0
38 2 1032.23
38 3 0
38 4 1101.01
38 5 268.71
38 6 0
38 7 552.91
39 1 0
39 2 931.43
39 3 0
39 4 878.67
39 5 344.35
39 6 0
39 7 445.48
40 1 0
40 2 968.69
40 3 0
40 4 794.54
40 5 385.9
40 6 0
40 7 482.41
41 1 0
41 2 2379.5
41 3 0
41 4 1890.58
41 5 536.63
41 6 0
41 7 777.49
42 1 0
42 2 2556.44
42 3 0
42 4 1930.02
42 5 582.12
42 6 0
42 7 1049.46
43 1 0
43 2 2247.78
43 3 0
43 4 1568.36
43 5 818.27
43 6 0
43 7 981.41
44 1 0
44 2 3951.14
44 3 0
44 4 3670.06
44 5 950.24
44 6 0
44 7 1355.32
45 1 0
45 2 1281.87
45 3 0
45 4 1323.38
45 5 421.38
45 6 0
45 7 599.56
46 1 0
46 2 3148.59
46 3 0
46 4 2104.55
46 5 682.3
46 6 0
46 7 919.86
47 1 0
47 2 858.5
47 3 0
47 4 782.31
47 5 310.16
47 6 0
47 7 435.66
48 1 0
48 2 473.33
48 3 0
48 4 465.09
48 5 161.65
48 6 0
48 7 230.48
49 1 0
49 2 1148.01
49 3 0
49 4 1077.89
49 5 278.13
49 6 0
49 7 344.47
50 1 0
50 2 4217.5
50 3 0
50 4 4344.46
50 5 1417.94
50 6 0
50 7 2459.42

# Precedence Relations
1 8
2 7
2 9
2 11
2 12
5 10
7 36
8 14
9 15
10 16
11 17
11 20
12 13
12 18
12 19
12 21
13 36
14 25
15 22
16 24
17 23
18 26
19 27
22 36
23 29
24 30
25 28
25 31
26 28
26 34
26 35
27 32
27 33
28 36
29 38
30 38
31 37
32 39
33 40
36 41
36 42
36 43
36 44
36 45
36 47
37 46
41 48
46 49
46 50

# Parameters
R_e = 0.0300
T = 1000
C_s = 4
C_w = 36
C_c = 5
