# Tasks
1 2 3 4 5 6 7 8 9 10 11 12 13 14 15 16 17 18 19 20

# Workstations
1 2 3 4 5 6 7 8 9 10 11 12 13 14 15 16 17 18 19 20

# Modes
1 2 3 4 5 6 7

# Processing Times m=1,2,3,4,5,6,7
1 1 260
1 2 234
1 3 275
1 4 249
1 5 127
1 6 282
1 7 256
2 1 482
2 2 434
2 3 510
2 4 462
2 5 235
2 6 521
2 7 473
3 1 250
3 2 225
3 3 265
3 4 240
3 5 122
3 6 271
3 7 246
4 1 119
4 2 108
4 3 126
4 4 115
4 5 58
4 6 129
4 7 118
5 1 324
5 2 292
5 3 343
5 4 311
5 5 158
5 6 351
5 7 319
6 1 357
6 2 322
6 3 378
6 4 343
6 5 174
6 6 386
6 7 351
7 1 292
7 2 263
7 3 309
7 4 280
7 5 142
7 6 316
7 7 287
8 1 323
8 2 291
8 3 342
8 4 310
8 5 157
8 6 350
8 7 318
9 1 119
9 2 108
9 3 126
9 4 115
9 5 58
9 6 129
9 7 118
10 1 179
10 2 162
10 3 190
10 4 173
10 5 87
10 6 194
10 7 177
11 1 166
11 2 150
11 3 176
11 4 160
11 5 81
11 6 180
11 7 164
12 1 62
12 2 56
12 3 66
12 4 60
12 5 31
12 6 68
12 7 62
13 1 298
13 2 269
13 3 315
13 4 286
13 5 145
13 6 323
13 7 294
14 1 311
14 2 280
14 3 329
14 4 298
14 5 151
14 6 337
14 7 306
15 1 539
15 2 485
15 3 570
15 4 516
15 5 262
15 6 583
15 7 529
16 1 188
16 2 170
16 3 199
16 4 181
16 5 92
16 6 204
16 7 186
17 1 113
17 2 102
17 3 120
17 4 109
17 5 55
17 6 123
17 7 112
18 1 168
18 2 152
18 3 178
18 4 162
18 5 82
18 6 182
18 7 166
19 1 334
19 2 301
19 3 353
19 4 320
19 5 163
19 6 361
19 7 328
20 1 142
20 2 128
20 3 151
20 4 137
20 5 69
20 6 154
20 7 140

# Energy Consumption m=1,2,3,4,5,6,7
1 1 0
1 2 2807.95
1 3 0
1 4 2082.82
1 5 630.94
1 6 0
1 7 1221.63
2 1 0
2 2 4167.68
2 3 0
2 4 2958.23
2 5 1241.22
2 6 0
2 7 1832.38
3 1 0
3 2 2053.52
3 3 0
3 4 2220.41
3 5 595.08
3 6 0
3 7 1110.34
4 1 0
4 2 1028.23
4 3 0
4 4 907.8
4 5 241.28
4 6 0
4 7 435.16
5 1 0
5 2 2915.66
5 3 0
5 4 2467.21
5 5 846.14
5 6 0
5 7 1533.07
6 1 0
6 2 2633.73
6 3 0
6 4 2600.48
6 5 943.51
6 6 0
6 7 1073.27
7 1 0
7 2 2372.53
7 3 0
7 4 2261.02
7 5 706.29
7 6 0
7 7 900.4
8 1 0
8 2 3194.12
8 3 0
8 4 2703.07
8 5 997.96
8 6 0
8 7 1361.19
9 1 0
9 2 1175.14
9 3 0
9 4 809.63
9 5 299.26
9 6 0
9 7 539.44
10 1 0
10 2 1422.3
10 3 0
10 4 1147.68
10 5 591.78
10 6 0
10 7 556.27
11 1 0
11 2 1325.41
11 3 0
11 4 1069.31
11 5 352.88
11 6 0
11 7 692.85
12 1 0
12 2 559.75
12 3 0
12 4 445.15
12 5 203.45
12 6 0
12 7 213.36
13 1 0
13 2 2461.92
13 3 0
13 4 2224.29
13 5 590.65
13 6 0
13 7 1220.07
14 1 0
14 2 2258.83
14 3 0
14 4 1840.53
14 5 779.13
14 6 0
14 7 1323.39
15 1 0
15 2 5622.04
15 3 0
15 4 4477.77
15 5 1768.07
15 6 0
15 7 1714.69
16 1 0
16 2 1797.15
16 3 0
16 4 1194.56
16 5 603.99
16 6 0
16 7 863.11
17 1 0
17 2 995.96
17 3 0
17 4 659.99
17 5 304.32
17 6 0
17 7 377.37
18 1 0
18 2 1221.87
18 3 0
18 4 1440.46
18 5 348.11
18 6 0
18 7 817.74
19 1 0
19 2 3290.79
19 3 0
19 4 3054.27
19 5 838.52
19 6 0
19 7 1263.7
20 1 0
20 2 1128.73
20 3 0
20 4 960.01
20 5 415.65
20 6 0
20 7 600.03

# Precedence Relations
1 4
2 5
2 6
3 5
3 6
4 7
5 8
5 9
6 8
6 9
7 11
8 10
8 12
8 13
8 16
9 13
9 16
10 14
11 16
12 15
13 17
13 19
14 18
15 18
16 19
17 18
17 20

# Parameters
R_e = 0.0300
T = 1000
C_s = 4
C_w = 36
C_c = 5
