# Tasks
1 2 3 4 5 6 7 8 9 10 11 12 13 14 15 16 17 18 19 20 21 22 23 24 25 26 27 28 29 30 31 32 33 34 35 36 37 38 39 40 41 42 43 44 45 46 47 48 49 50

# Workstations
1 2 3 4 5 6 7 8 9 10 11 12 13 14 15 16 17 18 19 20 21 22 23 24 25 26 27 28 29 30 31 32 33 34 35 36 37 38 39 40 41 42 43 44 45 46 47 48 49 50

# Modes
1 2 3 4 5 6 7

# Processing Times m=1,2,3,4,5,6,7
1 1 44
1 2 40
1 3 47
1 4 43
1 5 22
1 6 48
1 7 44
2 1 83
2 2 75
2 3 88
2 4 80
2 5 41
2 6 90
2 7 82
3 1 495
3 2 446
3 3 524
3 4 475
3 5 241
3 6 535
3 7 486
4 1 256
4 2 231
4 3 271
4 4 246
4 5 125
4 6 277
4 7 252
5 1 109
5 2 99
5 3 116
5 4 106
5 5 53
5 6 118
5 7 108
6 1 224
6 2 202
6 3 237
6 4 215
6 5 109
6 6 243
6 7 221
7 1 297
7 2 268
7 3 314
7 4 285
7 5 145
7 6 321
7 7 292
8 1 30
8 2 27
8 3 32
8 4 29
8 5 15
8 6 33
8 7 30
9 1 105
9 2 95
9 3 111
9 4 101
9 5 51
9 6 114
9 7 104
10 1 432
10 2 389
10 3 457
10 4 414
10 5 210
10 6 467
10 7 424
11 1 264
11 2 238
11 3 279
11 4 253
11 5 129
11 6 286
11 7 260
12 1 104
12 2 94
12 3 110
12 4 100
12 5 51
12 6 113
12 7 103
13 1 240
13 2 216
13 3 254
13 4 230
13 5 117
13 6 260
13 7 236
14 1 128
14 2 116
14 3 136
14 4 124
14 5 63
14 6 139
14 7 127
15 1 92
15 2 83
15 3 98
15 4 89
15 5 45
15 6 100
15 7 91
16 1 69
16 2 63
16 3 73
16 4 67
16 5 34
16 6 75
16 7 69
17 1 110
17 2 99
17 3 117
17 4 106
17 5 54
17 6 119
17 7 108
18 1 335
18 2 302
18 3 355
18 4 322
18 5 163
18 6 363
18 7 330
19 1 109
19 2 99
19 3 116
19 4 106
19 5 53
19 6 118
19 7 108
20 1 26
20 2 24
20 3 28
20 4 26
20 5 13
20 6 29
20 7 27
21 1 158
21 2 143
21 3 167
21 4 152
21 5 77
21 6 171
21 7 156
22 1 66
22 2 60
22 3 70
22 4 64
22 5 33
22 6 72
22 7 66
23 1 480
23 2 432
23 3 508
23 4 460
23 5 234
23 6 519
23 7 471
24 1 53
24 2 48
24 3 57
24 4 52
24 5 26
24 6 58
24 7 53
25 1 578
25 2 521
25 3 611
25 4 554
25 5 281
25 6 625
25 7 568
26 1 292
26 2 263
26 3 309
26 4 280
26 5 142
26 6 316
26 7 287
27 1 188
27 2 170
27 3 199
27 4 181
27 5 92
27 6 204
27 7 186
28 1 94
28 2 85
28 3 100
28 4 91
28 5 46
28 6 102
28 7 93
29 1 150
29 2 135
29 3 159
29 4 144
29 5 73
29 6 163
29 7 148
30 1 179
30 2 162
30 3 190
30 4 173
30 5 87
30 6 194
30 7 177
31 1 442
31 2 398
31 3 468
31 4 424
31 5 215
31 6 478
31 7 434
32 1 193
32 2 174
32 3 204
32 4 185
32 5 94
32 6 209
32 7 190
33 1 49
33 2 45
33 3 52
33 4 48
33 5 24
33 6 53
33 7 49
34 1 143
34 2 129
34 3 152
34 4 138
34 5 70
34 6 155
34 7 141
35 1 89
35 2 81
35 3 95
35 4 87
35 5 44
35 6 97
35 7 89
36 1 259
36 2 234
36 3 274
36 4 249
36 5 126
36 6 280
36 7 255
37 1 185
37 2 167
37 3 196
37 4 178
37 5 90
37 6 200
37 7 182
38 1 280
38 2 252
38 3 296
38 4 268
38 5 136
38 6 303
38 7 275
39 1 424
39 2 382
39 3 449
39 4 407
39 5 206
39 6 459
39 7 417
40 1 33
40 2 30
40 3 35
40 4 32
40 5 17
40 6 36
40 7 33
41 1 172
41 2 155
41 3 182
41 4 165
41 5 84
41 6 186
41 7 169
42 1 171
42 2 154
42 3 181
42 4 164
42 5 84
42 6 185
42 7 168
43 1 169
43 2 153
43 3 179
43 4 163
43 5 83
43 6 183
43 7 167
44 1 327
44 2 295
44 3 346
44 4 314
44 5 159
44 6 354
44 7 322
45 1 482
45 2 434
45 3 510
45 4 462
45 5 235
45 6 521
45 7 473
46 1 287
46 2 259
46 3 304
46 4 276
46 5 140
46 6 311
46 7 283
47 1 83
47 2 75
47 3 88
47 4 80
47 5 41
47 6 90
47 7 82
48 1 425
48 2 383
48 3 450
48 4 408
48 5 207
48 6 460
48 7 418
49 1 152
49 2 137
49 3 161
49 4 146
49 5 74
49 6 165
49 7 150
50 1 374
50 2 337
50 3 396
50 4 359
50 5 182
50 6 405
50 7 368

# Energy Consumption m=1,2,3,4,5,6,7
1 1 0
1 2 414.21
1 3 0
1 4 301.2
1 5 107.88
1 6 0
1 7 196.96
2 1 0
2 2 712.25
2 3 0
2 4 700.16
2 5 244.77
2 6 0
2 7 397.07
3 1 0
3 2 4793.6
3 3 0
3 4 4430.04
3 5 1574.59
3 6 0
3 7 1468.92
4 1 0
4 2 2149.5
4 3 0
4 4 2138.8
4 5 768.1
4 6 0
4 7 1196.95
5 1 0
5 2 895.61
5 3 0
5 4 827.32
5 5 266.25
5 6 0
5 7 376.67
6 1 0
6 2 1786.84
6 3 0
6 4 1612.27
6 5 536.76
6 6 0
6 7 851.99
7 1 0
7 2 3123.77
7 3 0
7 4 1845.23
7 5 933.17
7 6 0
7 7 990.4
8 1 0
8 2 296.65
8 3 0
8 4 207.24
8 5 72.78
8 6 0
8 7 111.27
9 1 0
9 2 780.39
9 3 0
9 4 703.28
9 5 294.62
9 6 0
9 7 482.38
10 1 0
10 2 3210.33
10 3 0
10 4 3814.98
10 5 1227.16
10 6 0
10 7 2001.72
11 1 0
11 2 2695.46
11 3 0
11 4 1750.14
11 5 626.98
11 6 0
11 7 1234.0
12 1 0
12 2 787.84
12 3 0
12 4 610.48
12 5 313.02
12 6 0
12 7 405.6
13 1 0
13 2 2015.7
13 3 0
13 4 2091.55
13 5 539.07
13 6 0
13 7 959.29
14 1 0
14 2 1235.45
14 3 0
14 4 1059.7
14 5 356.76
14 6 0
14 7 456.03
15 1 0
15 2 815.69
15 3 0
15 4 847.53
15 5 192.29
15 6 0
15 7 391.96
16 1 0
16 2 601.5
16 3 0
16 4 548.1
16 5 216.64
16 6 0
16 7 219.19
17 1 0
17 2 1009.48
17 3 0
17 4 872.4
17 5 270.27
17 6 0
17 7 462.05
18 1 0
18 2 3346.77
18 3 0
18 4 2015.72
18 5 1007.62
18 6 0
18 7 1018.32
19 1 0
19 2 1035.09
19 3 0
19 4 848.9
19 5 319.89
19 6 0
19 7 421.14
20 1 0
20 2 279.47
20 3 0
20 4 217.21
20 5 77.24
20 6 0
20 7 95.74
21 1 0
21 2 1430.28
21 3 0
21 4 1457.93
21 5 530.25
21 6 0
21 7 776.04
22 1 0
22 2 499.35
22 3 0
22 4 393.21
22 5 183.12
22 6 0
22 7 257.49
23 1 0
23 2 3949.27
23 3 0
23 4 3376.25
23 5 1578.22
23 6 0
23 7 2116.23
24 1 0
24 2 573.87
24 3 0
24 4 371.52
24 5 141.61
24 6 0
24 7 234.08
25 1 0
25 2 4845.83
25 3 0
25 4 5018.5
25 5 1924.0
25 6 0
25 7 2751.63
26 1 0
26 2 2288.38
26 3 0
26 4 2039.57
26 5 726.8
26 6 0
26 7 947.26
27 1 0
27 2 1587.52
27 3 0
27 4 1237.79
27 5 558.61
27 6 0
27 7 812.39
28 1 0
28 2 877.27
28 3 0
28 4 714.17
28 5 296.27
28 6 0
28 7 303.96
29 1 0
29 2 1107.82
29 3 0
29 4 892.16
29 5 348.33
29 6 0
29 7 591.02
30 1 0
30 2 1823.53
30 3 0
30 4 1160.77
30 5 442.15
30 6 0
30 7 670.75
31 1 0
31 2 3685.97
31 3 0
31 4 3993.7
31 5 1447.98
31 6 0
31 7 2107.87
32 1 0
32 2 1461.65
32 3 0
32 4 1494.74
32 5 497.8
32 6 0
32 7 765.47
33 1 0
33 2 503.82
33 3 0
33 4 341.16
33 5 119.47
33 6 0
33 7 181.7
34 1 0
34 2 1411.99
34 3 0
34 4 976.04
34 5 362.11
34 6 0
34 7 666.42
35 1 0
35 2 695.15
35 3 0
35 4 754.81
35 5 297.93
35 6 0
35 7 292.81
36 1 0
36 2 2662.24
36 3 0
36 4 1819.49
36 5 593.0
36 6 0
36 7 882.34
37 1 0
37 2 1352.46
37 3 0
37 4 1575.52
37 5 421.61
37 6 0
37 7 668.58
38 1 0
38 2 2167.16
38 3 0
38 4 2371.4
38 5 667.5
38 6 0
38 7 1060.77
39 1 0
39 2 4344.14
39 3 0
39 4 3081.09
39 5 1335.3
39 6 0
39 7 1626.53
40 1 0
40 2 291.58
40 3 0
40 4 209.42
40 5 76.55
40 6 0
40 7 150.8
41 1 0
41 2 1495.97
41 3 0
41 4 1161.01
41 5 428.2
41 6 0
41 7 843.63
42 1 0
42 2 1478.09
42 3 0
42 4 1525.04
42 5 411.33
42 6 0
42 7 689.63
43 1 0
43 2 1473.35
43 3 0
43 4 1124.73
43 5 347.64
43 6 0
43 7 801.72
44 1 0
44 2 2767.65
44 3 0
44 4 2511.68
44 5 843.69
44 6 0
44 7 968.5
45 1 0
45 2 3886.1
45 3 0
45 4 3678.02
45 5 1488.03
45 6 0
45 7 1939.31
46 1 0
46 2 2790.18
46 3 0
46 4 2227.07
46 5 779.98
46 6 0
46 7 985.19
47 1 0
47 2 877.95
47 3 0
47 4 690.82
47 5 268.12
47 6 0
47 7 312.79
48 1 0
48 2 3861.86
48 3 0
48 4 2609.14
48 5 1144.59
48 6 0
48 7 1907.03
49 1 0
49 2 1633.38
49 3 0
49 4 1062.1
49 5 488.9
49 6 0
49 7 512.25
50 1 0
50 2 2965.0
50 3 0
50 4 2807.63
50 5 1194.34
50 6 0
50 7 1129.2

# Precedence Relations
1 16
2 12
3 7
3 8
3 10
4 11
5 6
5 9
6 20
7 20
9 13
9 18
9 19
11 14
11 16
11 17
12 15
13 20
14 20
15 21
15 22
15 24
18 23
18 25
20 26
20 27
20 28
20 29
20 30
20 49
21 32
22 33
23 31
24 34
26 36
27 39
31 35
32 37
33 38
35 42
36 41
37 40
38 43
38 44
40 45
41 46
42 49
42 50
43 47
44 48

# Parameters
R_e = 0.0300
T = 1000
C_s = 4
C_w = 36
C_c = 5
