# Tasks
1 2 3 4 5 6 7 8 9 10 11 12 13 14 15 16 17 18 19 20

# Workstations
1 2 3 4 5 6 7 8 9 10 11 12 13 14 15 16 17 18 19 20

# Modes
1 2 3 4 5 6 7

# Processing Times m=1,2,3,4,5,6,7
1 1 46
1 2 42
1 3 49
1 4 45
1 5 23
1 6 50
1 7 46
2 1 135
2 2 122
2 3 143
2 4 130
2 5 66
2 6 146
2 7 133
3 1 114
3 2 103
3 3 121
3 4 110
3 5 56
3 6 124
3 7 113
4 1 140
4 2 126
4 3 148
4 4 134
4 5 68
4 6 152
4 7 138
5 1 58
5 2 53
5 3 62
5 4 57
5 5 29
5 6 63
5 7 58
6 1 244
6 2 220
6 3 258
6 4 234
6 5 119
6 6 264
6 7 240
7 1 158
7 2 143
7 3 167
7 4 152
7 5 77
7 6 171
7 7 156
8 1 27
8 2 25
8 3 29
8 4 27
8 5 14
8 6 30
8 7 28
9 1 142
9 2 128
9 3 151
9 4 137
9 5 69
9 6 154
9 7 140
10 1 190
10 2 171
10 3 201
10 4 182
10 5 93
10 6 206
10 7 187
11 1 31
11 2 28
11 3 33
11 4 30
11 5 16
11 6 34
11 7 31
12 1 120
12 2 108
12 3 127
12 4 115
12 5 59
12 6 130
12 7 118
13 1 186
13 2 168
13 3 197
13 4 179
13 5 91
13 6 202
13 7 184
14 1 67
14 2 61
14 3 71
14 4 65
14 5 33
14 6 73
14 7 67
15 1 300
15 2 270
15 3 318
15 4 288
15 5 146
15 6 325
15 7 295
16 1 147
16 2 133
16 3 156
16 4 142
16 5 72
16 6 159
16 7 145
17 1 276
17 2 249
17 3 292
17 4 265
17 5 135
17 6 299
17 7 272
18 1 146
18 2 132
18 3 155
18 4 141
18 5 71
18 6 158
18 7 144
19 1 52
19 2 47
19 3 55
19 4 50
19 5 26
19 6 57
19 7 52
20 1 93
20 2 84
20 3 99
20 4 90
20 5 46
20 6 101
20 7 92

# Energy Consumption m=1,2,3,4,5,6,7
1 1 0
1 2 393.24
1 3 0
1 4 435.38
1 5 144.81
1 6 0
1 7 154.43
2 1 0
2 2 1162.5
2 3 0
2 4 803.17
2 5 273.18
2 6 0
2 7 470.39
3 1 0
3 2 1032.25
3 3 0
3 4 740.63
3 5 248.08
3 6 0
3 7 507.99
4 1 0
4 2 1269.64
4 3 0
4 4 839.35
4 5 405.3
4 6 0
4 7 525.06
5 1 0
5 2 545.97
5 3 0
5 4 464.31
5 5 168.64
5 6 0
5 7 256.89
6 1 0
6 2 1881.45
6 3 0
6 4 1784.04
6 5 815.98
6 6 0
6 7 930.9
7 1 0
7 2 1640.09
7 3 0
7 4 1130.73
7 5 517.09
7 6 0
7 7 568.96
8 1 0
8 2 232.27
8 3 0
8 4 215.61
8 5 73.63
8 6 0
8 7 100.49
9 1 0
9 2 1242.56
9 3 0
9 4 1243.15
9 5 475.25
9 6 0
9 7 514.23
10 1 0
10 2 1865.57
10 3 0
10 4 1602.7
10 5 419.32
10 6 0
10 7 654.87
11 1 0
11 2 302.2
11 3 0
11 4 253.51
11 5 69.06
11 6 0
11 7 153.29
12 1 0
12 2 1204.29
12 3 0
12 4 844.49
12 5 284.58
12 6 0
12 7 534.15
13 1 0
13 2 1874.17
13 3 0
13 4 1165.14
13 5 442.38
13 6 0
13 7 753.73
14 1 0
14 2 558.99
14 3 0
14 4 565.74
14 5 196.24
14 6 0
14 7 327.48
15 1 0
15 2 2506.16
15 3 0
15 4 1906.86
15 5 636.41
15 6 0
15 7 1277.76
16 1 0
16 2 1213.67
16 3 0
16 4 1273.61
16 5 322.86
16 6 0
16 7 460.63
17 1 0
17 2 2767.49
17 3 0
17 4 2546.84
17 5 928.18
17 6 0
17 7 1065.52
18 1 0
18 2 1498.89
18 3 0
18 4 1114.88
18 5 399.23
18 6 0
18 7 521.34
19 1 0
19 2 497.09
19 3 0
19 4 328.63
19 5 104.78
19 6 0
19 7 206.26
20 1 0
20 2 729.8
20 3 0
20 4 666.96
20 5 245.47
20 6 0
20 7 380.28

# Precedence Relations
1 5
2 6
3 7
5 11
6 8
6 9
6 10
6 12
8 15
9 13
10 14
11 16
12 17
13 18
14 19
15 20

# Parameters
R_e = 0.0300
T = 1000
C_s = 4
C_w = 36
C_c = 5
