# Tasks
1 2 3 4 5 6 7 8 9 10 11 12 13 14 15 16 17 18 19 20 21 22 23 24 25 26 27 28 29 30 31 32 33 34 35 36 37 38 39 40 41 42 43 44 45 46 47 48 49 50 51 52 53 54 55 56 57 58 59 60 61 62 63 64 65 66 67 68 69 70 71 72 73 74 75 76 77 78 79 80 81 82 83 84 85 86 87 88 89 90 91 92 93 94 95 96 97 98 99 100

# Workstations
1 2 3 4 5 6 7 8 9 10 11 12 13 14 15 16 17 18 19 20 21 22 23 24 25 26 27 28 29 30 31 32 33 34 35 36 37 38 39 40 41 42 43 44 45 46 47 48 49 50 51 52 53 54 55 56 57 58 59 60 61 62 63 64 65 66 67 68 69 70 71 72 73 74 75 76 77 78 79 80 81 82 83 84 85 86 87 88 89 90 91 92 93 94 95 96 97 98 99 100

# Modes
1 2 3 4 5 6 7

# Processing Times m=1,2,3,4,5,6,7
1 1 113
1 2 102
1 3 120
1 4 109
1 5 55
1 6 123
1 7 112
2 1 98
2 2 89
2 3 104
2 4 95
2 5 48
2 6 106
2 7 97
3 1 238
3 2 215
3 3 252
3 4 229
3 5 116
3 6 258
3 7 235
4 1 175
4 2 158
4 3 185
4 4 168
4 5 85
4 6 190
4 7 173
5 1 99
5 2 90
5 3 105
5 4 96
5 5 49
5 6 107
5 7 98
6 1 188
6 2 170
6 3 199
6 4 181
6 5 92
6 6 204
6 7 186
7 1 207
7 2 187
7 3 219
7 4 199
7 5 101
7 6 224
7 7 204
8 1 125
8 2 113
8 3 133
8 4 121
8 5 61
8 6 136
8 7 124
9 1 126
9 2 114
9 3 134
9 4 122
9 5 62
9 6 137
9 7 125
10 1 106
10 2 96
10 3 113
10 4 103
10 5 52
10 6 115
10 7 105
11 1 43
11 2 39
11 3 46
11 4 42
11 5 21
11 6 47
11 7 43
12 1 175
12 2 158
12 3 185
12 4 168
12 5 85
12 6 190
12 7 173
13 1 53
13 2 48
13 3 57
13 4 52
13 5 26
13 6 58
13 7 53
14 1 29
14 2 27
14 3 31
14 4 29
14 5 15
14 6 32
14 7 30
15 1 181
15 2 163
15 3 192
15 4 174
15 5 88
15 6 196
15 7 178
16 1 164
16 2 148
16 3 174
16 4 158
16 5 80
16 6 178
16 7 162
17 1 230
17 2 207
17 3 244
17 4 221
17 5 112
17 6 249
17 7 226
18 1 134
18 2 121
18 3 142
18 4 129
18 5 66
18 6 145
18 7 132
19 1 186
19 2 168
19 3 197
19 4 179
19 5 91
19 6 202
19 7 184
20 1 150
20 2 135
20 3 159
20 4 144
20 5 73
20 6 163
20 7 148
21 1 86
21 2 78
21 3 91
21 4 83
21 5 42
21 6 93
21 7 85
22 1 182
22 2 164
22 3 193
22 4 175
22 5 89
22 6 197
22 7 179
23 1 184
23 2 166
23 3 195
23 4 177
23 5 90
23 6 199
23 7 181
24 1 131
24 2 118
24 3 139
24 4 126
24 5 64
24 6 142
24 7 129
25 1 197
25 2 178
25 3 209
25 4 190
25 5 96
25 6 213
25 7 194
26 1 115
26 2 104
26 3 122
26 4 111
26 5 56
26 6 125
26 7 114
27 1 198
27 2 179
27 3 210
27 4 191
27 5 97
27 6 214
27 7 195
28 1 125
28 2 113
28 3 133
28 4 121
28 5 61
28 6 136
28 7 124
29 1 31
29 2 28
29 3 33
29 4 30
29 5 16
29 6 34
29 7 31
30 1 80
30 2 72
30 3 85
30 4 77
30 5 39
30 6 87
30 7 79
31 1 79
31 2 72
31 3 84
31 4 77
31 5 39
31 6 86
31 7 79
32 1 240
32 2 216
32 3 254
32 4 230
32 5 117
32 6 260
32 7 236
33 1 80
33 2 72
33 3 85
33 4 77
33 5 39
33 6 87
33 7 79
34 1 235
34 2 212
34 3 249
34 4 226
34 5 115
34 6 254
34 7 231
35 1 43
35 2 39
35 3 46
35 4 42
35 5 21
35 6 47
35 7 43
36 1 348
36 2 314
36 3 368
36 4 334
36 5 169
36 6 377
36 7 343
37 1 113
37 2 102
37 3 120
37 4 109
37 5 55
37 6 123
37 7 112
38 1 64
38 2 58
38 3 68
38 4 62
38 5 32
38 6 70
38 7 64
39 1 94
39 2 85
39 3 100
39 4 91
39 5 46
39 6 102
39 7 93
40 1 126
40 2 114
40 3 134
40 4 122
40 5 62
40 6 137
40 7 125
41 1 218
41 2 197
41 3 231
41 4 210
41 5 106
41 6 236
41 7 215
42 1 98
42 2 89
42 3 104
42 4 95
42 5 48
42 6 106
42 7 97
43 1 34
43 2 31
43 3 36
43 4 33
43 5 17
43 6 37
43 7 34
44 1 117
44 2 106
44 3 124
44 4 113
44 5 57
44 6 127
44 7 116
45 1 172
45 2 155
45 3 182
45 4 165
45 5 84
45 6 186
45 7 169
46 1 144
46 2 130
46 3 153
46 4 139
46 5 70
46 6 156
46 7 142
47 1 198
47 2 179
47 3 210
47 4 191
47 5 97
47 6 214
47 7 195
48 1 29
48 2 27
48 3 31
48 4 29
48 5 15
48 6 32
48 7 30
49 1 76
49 2 69
49 3 81
49 4 74
49 5 37
49 6 83
49 7 76
50 1 68
50 2 62
50 3 72
50 4 66
50 5 34
50 6 74
50 7 68
51 1 41
51 2 37
51 3 44
51 4 40
51 5 20
51 6 45
51 7 41
52 1 224
52 2 202
52 3 237
52 4 215
52 5 109
52 6 243
52 7 221
53 1 119
53 2 108
53 3 126
53 4 115
53 5 58
53 6 129
53 7 118
54 1 263
54 2 237
54 3 278
54 4 252
54 5 128
54 6 285
54 7 259
55 1 90
55 2 81
55 3 96
55 4 87
55 5 44
55 6 98
55 7 89
56 1 26
56 2 24
56 3 28
56 4 26
56 5 13
56 6 29
56 7 27
57 1 202
57 2 182
57 3 214
57 4 194
57 5 99
57 6 219
57 7 199
58 1 90
58 2 81
58 3 96
58 4 87
58 5 44
58 6 98
58 7 89
59 1 59
59 2 54
59 3 63
59 4 58
59 5 29
59 6 64
59 7 59
60 1 257
60 2 232
60 3 272
60 4 247
60 5 125
60 6 278
60 7 253
61 1 229
61 2 207
61 3 242
61 4 220
61 5 112
61 6 248
61 7 226
62 1 21
62 2 19
62 3 23
62 4 21
62 5 11
62 6 23
62 7 21
63 1 162
63 2 146
63 3 172
63 4 156
63 5 79
63 6 176
63 7 160
64 1 79
64 2 72
64 3 84
64 4 77
64 5 39
64 6 86
64 7 79
65 1 257
65 2 232
65 3 272
65 4 247
65 5 125
65 6 278
65 7 253
66 1 195
66 2 176
66 3 207
66 4 188
66 5 95
66 6 211
66 7 192
67 1 316
67 2 285
67 3 334
67 4 303
67 5 154
67 6 342
67 7 311
68 1 67
68 2 61
68 3 71
68 4 65
68 5 33
68 6 73
68 7 67
69 1 104
69 2 94
69 3 110
69 4 100
69 5 51
69 6 113
69 7 103
70 1 157
70 2 142
70 3 166
70 4 151
70 5 77
70 6 170
70 7 155
71 1 69
71 2 63
71 3 73
71 4 67
71 5 34
71 6 75
71 7 69
72 1 190
72 2 171
72 3 201
72 4 182
72 5 93
72 6 206
72 7 187
73 1 75
73 2 68
73 3 80
73 4 73
73 5 37
73 6 82
73 7 75
74 1 281
74 2 253
74 3 297
74 4 269
74 5 137
74 6 304
74 7 276
75 1 60
75 2 54
75 3 64
75 4 58
75 5 30
75 6 65
75 7 59
76 1 67
76 2 61
76 3 71
76 4 65
76 5 33
76 6 73
76 7 67
77 1 265
77 2 239
77 3 281
77 4 255
77 5 129
77 6 287
77 7 261
78 1 195
78 2 176
78 3 207
78 4 188
78 5 95
78 6 211
78 7 192
79 1 231
79 2 208
79 3 245
79 4 222
79 5 113
79 6 250
79 7 227
80 1 152
80 2 137
80 3 161
80 4 146
80 5 74
80 6 165
80 7 150
81 1 417
81 2 376
81 3 441
81 4 400
81 5 203
81 6 451
81 7 410
82 1 104
82 2 94
82 3 110
82 4 100
82 5 51
82 6 113
82 7 103
83 1 118
83 2 107
83 3 125
83 4 114
83 5 58
83 6 128
83 7 117
84 1 154
84 2 139
84 3 163
84 4 148
84 5 75
84 6 167
84 7 152
85 1 202
85 2 182
85 3 214
85 4 194
85 5 99
85 6 219
85 7 199
86 1 164
86 2 148
86 3 174
86 4 158
86 5 80
86 6 178
86 7 162
87 1 153
87 2 138
87 3 162
87 4 147
87 5 75
87 6 166
87 7 151
88 1 194
88 2 175
88 3 206
88 4 187
88 5 95
88 6 210
88 7 191
89 1 196
89 2 177
89 3 208
89 4 189
89 5 96
89 6 212
89 7 193
90 1 144
90 2 130
90 3 153
90 4 139
90 5 70
90 6 156
90 7 142
91 1 47
91 2 43
91 3 50
91 4 46
91 5 23
91 6 51
91 7 47
92 1 217
92 2 196
92 3 230
92 4 209
92 5 106
92 6 235
92 7 214
93 1 41
93 2 37
93 3 44
93 4 40
93 5 20
93 6 45
93 7 41
94 1 200
94 2 180
94 3 212
94 4 192
94 5 98
94 6 217
94 7 197
95 1 144
95 2 130
95 3 153
95 4 139
95 5 70
95 6 156
95 7 142
96 1 114
96 2 103
96 3 121
96 4 110
96 5 56
96 6 124
96 7 113
97 1 165
97 2 149
97 3 175
97 4 159
97 5 81
97 6 179
97 7 163
98 1 29
98 2 27
98 3 31
98 4 29
98 5 15
98 6 32
98 7 30
99 1 36
99 2 33
99 3 39
99 4 36
99 5 18
99 6 39
99 7 36
100 1 77
100 2 70
100 3 82
100 4 75
100 5 38
100 6 84
100 7 77

# Energy Consumption m=1,2,3,4,5,6,7
1 1 0
1 2 895.65
1 3 0
1 4 679.03
1 5 319.51
1 6 0
1 7 479.64
2 1 0
2 2 982.32
2 3 0
2 4 702.83
2 5 195.27
2 6 0
2 7 335.89
3 1 0
3 2 1858.17
3 3 0
3 4 1768.45
3 5 475.37
3 6 0
3 7 842.89
4 1 0
4 2 1845.3
4 3 0
4 4 1336.14
4 5 479.46
4 6 0
4 7 546.51
5 1 0
5 2 769.92
5 3 0
5 4 698.59
5 5 230.21
5 6 0
5 7 361.27
6 1 0
6 2 1762.19
6 3 0
6 4 1715.2
6 5 564.09
6 6 0
6 7 590.4
7 1 0
7 2 1598.77
7 3 0
7 4 1923.94
7 5 705.87
7 6 0
7 7 713.85
8 1 0
8 2 919.67
8 3 0
8 4 789.46
8 5 266.9
8 6 0
8 7 415.74
9 1 0
9 2 1177.21
9 3 0
9 4 1181.71
9 5 391.81
9 6 0
9 7 464.67
10 1 0
10 2 1114.63
10 3 0
10 4 862.04
10 5 363.66
10 6 0
10 7 469.39
11 1 0
11 2 328.44
11 3 0
11 4 274.21
11 5 108.82
11 6 0
11 7 180.12
12 1 0
12 2 1451.86
12 3 0
12 4 1276.14
12 5 399.26
12 6 0
12 7 734.41
13 1 0
13 2 461.23
13 3 0
13 4 469.83
13 5 121.6
13 6 0
13 7 246.72
14 1 0
14 2 237.15
14 3 0
14 4 257.85
14 5 67.23
14 6 0
14 7 92.25
15 1 0
15 2 1567.52
15 3 0
15 4 1267.29
15 5 521.41
15 6 0
15 7 676.22
16 1 0
16 2 1652.01
16 3 0
16 4 1296.32
16 5 445.18
16 6 0
16 7 493.28
17 1 0
17 2 2412.62
17 3 0
17 4 1478.06
17 5 682.0
17 6 0
17 7 1078.55
18 1 0
18 2 1213.5
18 3 0
18 4 843.47
18 5 291.38
18 6 0
18 7 609.89
19 1 0
19 2 1742.75
19 3 0
19 4 1461.52
19 5 623.96
19 6 0
19 7 605.76
20 1 0
20 2 1374.56
20 3 0
20 4 1205.17
20 5 423.25
20 6 0
20 7 479.28
21 1 0
21 2 650.43
21 3 0
21 4 655.33
21 5 211.14
21 6 0
21 7 305.79
22 1 0
22 2 1671.8
22 3 0
22 4 1331.03
22 5 549.82
22 6 0
22 7 622.62
23 1 0
23 2 1760.81
23 3 0
23 4 1409.19
23 5 402.37
23 6 0
23 7 563.21
24 1 0
24 2 1167.88
24 3 0
24 4 844.3
24 5 343.32
24 6 0
24 7 499.68
25 1 0
25 2 2135.66
25 3 0
25 4 1498.44
25 5 577.18
25 6 0
25 7 923.53
26 1 0
26 2 1140.84
26 3 0
26 4 831.9
26 5 227.92
26 6 0
26 7 436.1
27 1 0
27 2 1475.18
27 3 0
27 4 1365.35
27 5 626.85
27 6 0
27 7 587.34
28 1 0
28 2 1231.94
28 3 0
28 4 887.03
28 5 262.86
28 6 0
28 7 523.35
29 1 0
29 2 271.78
29 3 0
29 4 259.5
29 5 89.41
29 6 0
29 7 126.06
30 1 0
30 2 649.77
30 3 0
30 4 748.35
30 5 258.29
30 6 0
30 7 237.08
31 1 0
31 2 801.38
31 3 0
31 4 527.13
31 5 181.77
31 6 0
31 7 354.29
32 1 0
32 2 2036.36
32 3 0
32 4 1895.86
32 5 808.35
32 6 0
32 7 1074.06
33 1 0
33 2 701.56
33 3 0
33 4 485.22
33 5 161.86
33 6 0
33 7 353.81
34 1 0
34 2 2116.67
34 3 0
34 4 1856.37
34 5 557.84
34 6 0
34 7 1087.88
35 1 0
35 2 463.44
35 3 0
35 4 355.66
35 5 109.11
35 6 0
35 7 169.7
36 1 0
36 2 2619.08
36 3 0
36 4 2565.25
36 5 963.1
36 6 0
36 7 1236.5
37 1 0
37 2 921.71
37 3 0
37 4 773.47
37 5 376.89
37 6 0
37 7 370.98
38 1 0
38 2 636.23
38 3 0
38 4 379.78
38 5 186.11
38 6 0
38 7 258.57
39 1 0
39 2 866.32
39 3 0
39 4 777.15
39 5 287.74
39 6 0
39 7 405.88
40 1 0
40 2 1068.0
40 3 0
40 4 961.81
40 5 274.22
40 6 0
40 7 609.64
41 1 0
41 2 1945.05
41 3 0
41 4 1568.63
41 5 494.7
41 6 0
41 7 861.66
42 1 0
42 2 797.92
42 3 0
42 4 593.78
42 5 234.07
42 6 0
42 7 372.94
43 1 0
43 2 302.75
43 3 0
43 4 328.2
43 5 100.15
43 6 0
43 7 124.43
44 1 0
44 2 873.92
44 3 0
44 4 748.47
44 5 382.57
44 6 0
44 7 437.06
45 1 0
45 2 1752.66
45 3 0
45 4 1335.82
45 5 451.18
45 6 0
45 7 581.21
46 1 0
46 2 1180.25
46 3 0
46 4 981.52
46 5 450.46
46 6 0
46 7 588.54
47 1 0
47 2 1652.37
47 3 0
47 4 1371.24
47 5 676.41
47 6 0
47 7 725.32
48 1 0
48 2 307.2
48 3 0
48 4 280.02
48 5 94.07
48 6 0
48 7 110.03
49 1 0
49 2 695.67
49 3 0
49 4 560.57
49 5 204.76
49 6 0
49 7 330.49
50 1 0
50 2 515.75
50 3 0
50 4 447.38
50 5 202.56
50 6 0
50 7 297.26
51 1 0
51 2 378.86
51 3 0
51 4 278.73
51 5 84.06
51 6 0
51 7 192.83
52 1 0
52 2 1691.63
52 3 0
52 4 1853.57
52 5 682.29
52 6 0
52 7 856.24
53 1 0
53 2 1177.41
53 3 0
53 4 693.58
53 5 354.79
53 6 0
53 7 358.21
54 1 0
54 2 1925.67
54 3 0
54 4 1861.42
54 5 557.1
54 6 0
54 7 1139.07
55 1 0
55 2 879.05
55 3 0
55 4 719.82
55 5 262.21
55 6 0
55 7 367.86
56 1 0
56 2 286.59
56 3 0
56 4 245.08
56 5 83.99
56 6 0
56 7 131.38
57 1 0
57 2 2051.31
57 3 0
57 4 1835.8
57 5 409.02
57 6 0
57 7 716.19
58 1 0
58 2 678.66
58 3 0
58 4 817.71
58 5 303.73
58 6 0
58 7 323.83
59 1 0
59 2 504.83
59 3 0
59 4 570.41
59 5 131.47
59 6 0
59 7 272.57
60 1 0
60 2 2114.31
60 3 0
60 4 1817.3
60 5 689.64
60 6 0
60 7 1139.95
61 1 0
61 2 1769.61
61 3 0
61 4 1871.46
61 5 570.83
61 6 0
61 7 1118.46
62 1 0
62 2 190.66
62 3 0
62 4 170.83
62 5 49.28
62 6 0
62 7 96.62
63 1 0
63 2 1640.36
63 3 0
63 4 1071.5
63 5 341.47
63 6 0
63 7 617.46
64 1 0
64 2 809.77
64 3 0
64 4 597.92
64 5 223.79
64 6 0
64 7 331.91
65 1 0
65 2 2583.16
65 3 0
65 4 2333.79
65 5 738.06
65 6 0
65 7 919.33
66 1 0
66 2 1700.42
66 3 0
66 4 1345.48
66 5 569.16
66 6 0
66 7 796.2
67 1 0
67 2 3219.27
67 3 0
67 4 2895.4
67 5 870.13
67 6 0
67 7 963.55
68 1 0
68 2 639.58
68 3 0
68 4 590.23
68 5 229.49
68 6 0
68 7 250.81
69 1 0
69 2 962.49
69 3 0
69 4 675.54
69 5 300.38
69 6 0
69 7 480.18
70 1 0
70 2 1345.48
70 3 0
70 4 1257.73
70 5 538.29
70 6 0
70 7 698.2
71 1 0
71 2 530.25
71 3 0
71 4 506.47
71 5 145.96
71 6 0
71 7 268.43
72 1 0
72 2 1768.69
72 3 0
72 4 1638.52
72 5 516.65
72 6 0
72 7 879.84
73 1 0
73 2 629.65
73 3 0
73 4 592.75
73 5 223.56
73 6 0
73 7 274.86
74 1 0
74 2 2267.34
74 3 0
74 4 1635.22
74 5 745.27
74 6 0
74 7 879.7
75 1 0
75 2 552.47
75 3 0
75 4 529.83
75 5 205.44
75 6 0
75 7 222.49
76 1 0
76 2 491.12
76 3 0
76 4 434.22
76 5 150.34
76 6 0
76 7 231.77
77 1 0
77 2 2091.25
77 3 0
77 4 1684.44
77 5 567.85
77 6 0
77 7 856.34
78 1 0
78 2 1447.53
78 3 0
78 4 1238.55
78 5 414.03
78 6 0
78 7 630.9
79 1 0
79 2 1976.51
79 3 0
79 4 1598.42
79 5 534.2
79 6 0
79 7 772.89
80 1 0
80 2 1605.9
80 3 0
80 4 1108.96
80 5 329.63
80 6 0
80 7 697.47
81 1 0
81 2 3491.44
81 3 0
81 4 3203.25
81 5 876.87
81 6 0
81 7 1297.34
82 1 0
82 2 818.19
82 3 0
82 4 892.82
82 5 309.15
82 6 0
82 7 392.8
83 1 0
83 2 896.35
83 3 0
83 4 1048.75
83 5 322.79
83 6 0
83 7 499.88
84 1 0
84 2 1446.44
84 3 0
84 4 1113.32
84 5 416.1
84 6 0
84 7 507.21
85 1 0
85 2 2180.84
85 3 0
85 4 1205.63
85 5 527.77
85 6 0
85 7 818.09
86 1 0
86 2 1231.37
86 3 0
86 4 1526.7
86 5 554.15
86 6 0
86 7 644.39
87 1 0
87 2 1345.63
87 3 0
87 4 1244.82
87 5 311.73
87 6 0
87 7 562.17
88 1 0
88 2 1543.53
88 3 0
88 4 1623.63
88 5 381.48
88 6 0
88 7 766.69
89 1 0
89 2 1774.51
89 3 0
89 4 1497.44
89 5 424.07
89 6 0
89 7 595.33
90 1 0
90 2 1302.87
90 3 0
90 4 1307.44
90 5 316.1
90 6 0
90 7 644.95
91 1 0
91 2 451.22
91 3 0
91 4 426.12
91 5 160.25
91 6 0
91 7 211.51
92 1 0
92 2 1936.71
92 3 0
92 4 1517.49
92 5 561.73
92 6 0
92 7 877.63
93 1 0
93 2 308.4
93 3 0
93 4 388.51
93 5 124.43
93 6 0
93 7 144.39
94 1 0
94 2 1725.77
94 3 0
94 4 1331.67
94 5 460.08
94 6 0
94 7 942.57
95 1 0
95 2 1278.11
95 3 0
95 4 872.8
95 5 420.27
95 6 0
95 7 589.28
96 1 0
96 2 932.43
96 3 0
96 4 744.87
96 5 316.78
96 6 0
96 7 460.16
97 1 0
97 2 1530.38
97 3 0
97 4 1466.19
97 5 455.83
97 6 0
97 7 780.19
98 1 0
98 2 305.97
98 3 0
98 4 263.89
98 5 88.1
98 6 0
98 7 96.07
99 1 0
99 2 317.19
99 3 0
99 4 248.76
99 5 95.59
99 6 0
99 7 157.58
100 1 0
100 2 667.33
100 3 0
100 4 623.15
100 5 188.31
100 6 0
100 7 282.07

# Precedence Relations
1 41
2 41
3 34
4 10
4 14
5 15
6 16
6 17
6 18
7 13
8 11
8 12
9 19
10 41
11 34
12 34
13 34
14 29
15 22
15 27
16 23
16 26
16 28
16 31
17 24
18 20
18 21
18 25
18 30
20 41
21 41
22 41
23 34
24 34
25 34
26 34
27 35
28 36
29 37
30 32
30 33
30 38
31 39
31 40
32 41
33 41
34 42
34 43
34 44
34 45
35 47
36 46
37 48
41 49
41 50
41 51
41 52
44 56
46 53
48 54
48 55
48 57
49 58
49 59
49 60
50 62
53 61
57 63
58 64
59 65
60 66
61 67
62 68
62 69
62 70
64 73
65 75
66 71
67 72
69 78
70 74
70 76
70 77
70 79
71 82
72 81
74 80
74 84
74 85
79 83
80 87
81 86
82 90
83 88
83 89
83 91
83 92
84 93
86 94
87 96
88 95
90 98
90 100
91 97
92 99

# Parameters
R_e = 0.0300
T = 1000
C_s = 4
C_w = 36
C_c = 5
