# Tasks
1 2 3 4 5 6 7 8 9 10 11 12 13 14 15 16 17 18 19 20 21 22 23 24 25 26 27 28 29 30 31 32 33 34 35 36 37 38 39 40 41 42 43 44 45 46 47 48 49 50

# Workstations
1 2 3 4 5 6 7 8 9 10 11 12 13 14 15 16 17 18 19 20 21 22 23 24 25 26 27 28 29 30 31 32 33 34 35 36 37 38 39 40 41 42 43 44 45 46 47 48 49 50

# Modes
1 2 3 4 5 6 7

# Processing Times m=1,2,3,4,5,6,7
1 1 68
1 2 62
1 3 72
1 4 66
1 5 34
1 6 74
1 7 68
2 1 348
2 2 314
2 3 368
2 4 334
2 5 169
2 6 377
2 7 343
3 1 107
3 2 97
3 3 114
3 4 104
3 5 52
3 6 116
3 7 106
4 1 110
4 2 99
4 3 117
4 4 106
4 5 54
4 6 119
4 7 108
5 1 49
5 2 45
5 3 52
5 4 48
5 5 24
5 6 53
5 7 49
6 1 124
6 2 112
6 3 132
6 4 120
6 5 61
6 6 135
6 7 123
7 1 197
7 2 178
7 3 209
7 4 190
7 5 96
7 6 213
7 7 194
8 1 289
8 2 261
8 3 306
8 4 278
8 5 141
8 6 313
8 7 285
9 1 76
9 2 69
9 3 81
9 4 74
9 5 37
9 6 83
9 7 76
10 1 163
10 2 147
10 3 173
10 4 157
10 5 80
10 6 177
10 7 161
11 1 193
11 2 174
11 3 204
11 4 185
11 5 94
11 6 209
11 7 190
12 1 34
12 2 31
12 3 36
12 4 33
12 5 17
12 6 37
12 7 34
13 1 208
13 2 188
13 3 220
13 4 200
13 5 101
13 6 225
13 7 205
14 1 148
14 2 134
14 3 157
14 4 143
14 5 72
14 6 160
14 7 146
15 1 197
15 2 178
15 3 209
15 4 190
15 5 96
15 6 213
15 7 194
16 1 129
16 2 117
16 3 137
16 4 125
16 5 63
16 6 140
16 7 128
17 1 187
17 2 169
17 3 198
17 4 180
17 5 91
17 6 203
17 7 185
18 1 105
18 2 95
18 3 111
18 4 101
18 5 51
18 6 114
18 7 104
19 1 114
19 2 103
19 3 121
19 4 110
19 5 56
19 6 124
19 7 113
20 1 24
20 2 22
20 3 26
20 4 24
20 5 12
20 6 26
20 7 24
21 1 200
21 2 180
21 3 212
21 4 192
21 5 98
21 6 217
21 7 197
22 1 132
22 2 119
22 3 140
22 4 127
22 5 65
22 6 143
22 7 130
23 1 184
23 2 166
23 3 195
23 4 177
23 5 90
23 6 199
23 7 181
24 1 307
24 2 277
24 3 325
24 4 295
24 5 150
24 6 332
24 7 302
25 1 266
25 2 240
25 3 282
25 4 256
25 5 130
25 6 288
25 7 262
26 1 96
26 2 87
26 3 102
26 4 93
26 5 47
26 6 104
26 7 95
27 1 262
27 2 236
27 3 277
27 4 251
27 5 128
27 6 284
27 7 258
28 1 122
28 2 110
28 3 129
28 4 117
28 5 60
28 6 132
28 7 120
29 1 65
29 2 59
29 3 69
29 4 63
29 5 32
29 6 71
29 7 65
30 1 271
30 2 244
30 3 287
30 4 260
30 5 132
30 6 293
30 7 266
31 1 202
31 2 182
31 3 214
31 4 194
31 5 99
31 6 219
31 7 199
32 1 26
32 2 24
32 3 28
32 4 26
32 5 13
32 6 29
32 7 27
33 1 57
33 2 52
33 3 61
33 4 56
33 5 28
33 6 62
33 7 57
34 1 220
34 2 198
34 3 233
34 4 211
34 5 107
34 6 238
34 7 216
35 1 119
35 2 108
35 3 126
35 4 115
35 5 58
35 6 129
35 7 118
36 1 198
36 2 179
36 3 210
36 4 191
36 5 97
36 6 214
36 7 195
37 1 253
37 2 228
37 3 268
37 4 243
37 5 123
37 6 274
37 7 249
38 1 209
38 2 189
38 3 221
38 4 201
38 5 102
38 6 226
38 7 206
39 1 110
39 2 99
39 3 117
39 4 106
39 5 54
39 6 119
39 7 108
40 1 33
40 2 30
40 3 35
40 4 32
40 5 17
40 6 36
40 7 33
41 1 93
41 2 84
41 3 99
41 4 90
41 5 46
41 6 101
41 7 92
42 1 66
42 2 60
42 3 70
42 4 64
42 5 33
42 6 72
42 7 66
43 1 93
43 2 84
43 3 99
43 4 90
43 5 46
43 6 101
43 7 92
44 1 58
44 2 53
44 3 62
44 4 57
44 5 29
44 6 63
44 7 58
45 1 223
45 2 201
45 3 236
45 4 214
45 5 109
45 6 242
45 7 220
46 1 40
46 2 36
46 3 43
46 4 39
46 5 20
46 6 44
46 7 40
47 1 298
47 2 269
47 3 315
47 4 286
47 5 145
47 6 323
47 7 294
48 1 239
48 2 216
48 3 253
48 4 230
48 5 117
48 6 259
48 7 236
49 1 170
49 2 153
49 3 180
49 4 163
49 5 83
49 6 184
49 7 167
50 1 27
50 2 25
50 3 29
50 4 27
50 5 14
50 6 30
50 7 28

# Energy Consumption m=1,2,3,4,5,6,7
1 1 0
1 2 736.72
1 3 0
1 4 440.38
1 5 144.49
1 6 0
1 7 243.33
2 1 0
2 2 3580.8
2 3 0
2 4 2016.76
2 5 882.69
2 6 0
2 7 1439.22
3 1 0
3 2 813.15
3 3 0
3 4 642.32
3 5 269.65
3 6 0
3 7 379.34
4 1 0
4 2 896.0
4 3 0
4 4 824.65
4 5 330.96
4 6 0
4 7 466.9
5 1 0
5 2 466.08
5 3 0
5 4 333.6
5 5 97.48
5 6 0
5 7 210.24
6 1 0
6 2 1156.5
6 3 0
6 4 732.53
6 5 296.82
6 6 0
6 7 441.58
7 1 0
7 2 1457.89
7 3 0
7 4 1224.1
7 5 644.35
7 6 0
7 7 693.19
8 1 0
8 2 2960.86
8 3 0
8 4 2729.02
8 5 733.21
8 6 0
8 7 1401.51
9 1 0
9 2 776.19
9 3 0
9 4 483.43
9 5 200.78
9 6 0
9 7 279.0
10 1 0
10 2 1404.46
10 3 0
10 4 1450.63
10 5 344.88
10 6 0
10 7 798.03
11 1 0
11 2 1652.44
11 3 0
11 4 1781.95
11 5 617.78
11 6 0
11 7 753.36
12 1 0
12 2 345.25
12 3 0
12 4 249.88
12 5 108.12
12 6 0
12 7 108.02
13 1 0
13 2 1659.16
13 3 0
13 4 1603.67
13 5 654.32
13 6 0
13 7 941.77
14 1 0
14 2 1493.34
14 3 0
14 4 1170.32
14 5 480.96
14 6 0
14 7 548.78
15 1 0
15 2 1783.37
15 3 0
15 4 1291.23
15 5 613.35
15 6 0
15 7 598.76
16 1 0
16 2 1220.14
16 3 0
16 4 879.53
16 5 323.0
16 6 0
16 7 527.02
17 1 0
17 2 1796.41
17 3 0
17 4 1431.41
17 5 418.5
17 6 0
17 7 615.05
18 1 0
18 2 810.37
18 3 0
18 4 772.62
18 5 348.22
18 6 0
18 7 470.09
19 1 0
19 2 1148.68
19 3 0
19 4 1016.47
19 5 339.55
19 6 0
19 7 456.26
20 1 0
20 2 215.86
20 3 0
20 4 170.52
20 5 82.27
20 6 0
20 7 93.5
21 1 0
21 2 1662.95
21 3 0
21 4 1585.17
21 5 629.77
21 6 0
21 7 761.25
22 1 0
22 2 1119.78
22 3 0
22 4 1156.3
22 5 316.91
22 6 0
22 7 562.09
23 1 0
23 2 1942.5
23 3 0
23 4 1088.07
23 5 466.64
23 6 0
23 7 805.37
24 1 0
24 2 2607.49
24 3 0
24 4 2138.91
24 5 790.04
24 6 0
24 7 920.42
25 1 0
25 2 2363.58
25 3 0
25 4 2282.89
25 5 566.57
25 6 0
25 7 1194.35
26 1 0
26 2 1002.38
26 3 0
26 4 673.51
26 5 264.34
26 6 0
26 7 417.0
27 1 0
27 2 2455.76
27 3 0
27 4 2314.18
27 5 840.39
27 6 0
27 7 797.72
28 1 0
28 2 1241.12
28 3 0
28 4 729.99
28 5 274.39
28 6 0
28 7 577.23
29 1 0
29 2 666.21
29 3 0
29 4 431.54
29 5 183.04
29 6 0
29 7 234.24
30 1 0
30 2 2757.31
30 3 0
30 4 1738.51
30 5 589.09
30 6 0
30 7 1266.92
31 1 0
31 2 1700.42
31 3 0
31 4 1223.6
31 5 535.07
31 6 0
31 7 861.48
32 1 0
32 2 225.91
32 3 0
32 4 182.51
32 5 54.39
32 6 0
32 7 119.86
33 1 0
33 2 444.62
33 3 0
33 4 336.42
33 5 175.69
33 6 0
33 7 232.5
34 1 0
34 2 1848.22
34 3 0
34 4 1633.03
34 5 676.79
34 6 0
34 7 901.15
35 1 0
35 2 1129.41
35 3 0
35 4 1147.04
35 5 403.69
35 6 0
35 7 498.59
36 1 0
36 2 1623.08
36 3 0
36 4 1388.5
36 5 618.41
36 6 0
36 7 862.2
37 1 0
37 2 2614.44
37 3 0
37 4 1958.5
37 5 805.34
37 6 0
37 7 759.08
38 1 0
38 2 1630.27
38 3 0
38 4 2002.67
38 5 618.1
38 6 0
38 7 690.9
39 1 0
39 2 876.97
39 3 0
39 4 888.65
39 5 361.83
39 6 0
39 7 387.99
40 1 0
40 2 276.93
40 3 0
40 4 270.3
40 5 68.73
40 6 0
40 7 137.21
41 1 0
41 2 941.86
41 3 0
41 4 856.71
41 5 276.59
41 6 0
41 7 287.23
42 1 0
42 2 668.33
42 3 0
42 4 436.36
42 5 176.93
42 6 0
42 7 292.41
43 1 0
43 2 849.87
43 3 0
43 4 795.35
43 5 294.41
43 6 0
43 7 390.39
44 1 0
44 2 616.12
44 3 0
44 4 416.93
44 5 140.43
44 6 0
44 7 185.96
45 1 0
45 2 1749.01
45 3 0
45 4 1346.18
45 5 632.11
45 6 0
45 7 1099.64
46 1 0
46 2 415.99
46 3 0
46 4 338.44
46 5 125.44
46 6 0
46 7 198.36
47 1 0
47 2 3159.72
47 3 0
47 4 1756.78
47 5 927.22
47 6 0
47 7 976.37
48 1 0
48 2 2454.49
48 3 0
48 4 2006.51
48 5 816.19
48 6 0
48 7 938.02
49 1 0
49 2 1694.43
49 3 0
49 4 1547.85
49 5 374.77
49 6 0
49 7 511.34
50 1 0
50 2 245.95
50 3 0
50 4 233.29
50 5 68.27
50 6 0
50 7 119.31

# Precedence Relations
1 9
2 8
2 12
3 7
3 11
4 6
5 10
5 16
6 32
7 32
8 13
9 14
10 23
11 15
12 16
12 17
12 18
12 19
13 21
14 20
15 22
15 23
15 26
18 24
18 25
20 32
21 27
22 28
24 31
25 29
26 30
27 32
28 34
29 33
29 35
30 36
30 37
32 38
32 39
32 40
32 41
33 43
34 42
35 44
37 45
38 48
41 49
42 46
43 47
45 48
45 50

# Parameters
R_e = 0.0300
T = 1000
C_s = 4
C_w = 36
C_c = 5
