# Tasks
1 2 3 4 5 6 7 8 9 10 11 12 13 14 15 16 17 18 19 20

# Workstations
1 2 3 4 5 6 7 8 9 10 11 12 13 14 15 16 17 18 19 20

# Modes
1 2 3 4 5 6 7

# Processing Times m=1,2,3,4,5,6,7
1 1 22
1 2 20
1 3 24
1 4 22
1 5 11
1 6 24
1 7 22
2 1 128
2 2 116
2 3 136
2 4 124
2 5 63
2 6 139
2 7 127
3 1 104
3 2 94
3 3 110
3 4 100
3 5 51
3 6 113
3 7 103
4 1 54
4 2 49
4 3 58
4 4 53
4 5 27
4 6 59
4 7 54
5 1 133
5 2 120
5 3 141
5 4 128
5 5 65
5 6 144
5 7 131
6 1 78
6 2 71
6 3 83
6 4 76
6 5 38
6 6 85
6 7 78
7 1 89
7 2 81
7 3 95
7 4 87
7 5 44
7 6 97
7 7 89
8 1 252
8 2 227
8 3 267
8 4 242
8 5 123
8 6 273
8 7 248
9 1 274
9 2 247
9 3 290
9 4 263
9 5 134
9 6 297
9 7 270
10 1 134
10 2 121
10 3 142
10 4 129
10 5 66
10 6 145
10 7 132
11 1 212
11 2 191
11 3 225
11 4 204
11 5 103
11 6 230
11 7 209
12 1 95
12 2 86
12 3 101
12 4 92
12 5 47
12 6 103
12 7 94
13 1 288
13 2 260
13 3 305
13 4 277
13 5 140
13 6 312
13 7 284
14 1 225
14 2 203
14 3 238
14 4 216
14 5 110
14 6 244
14 7 222
15 1 146
15 2 132
15 3 155
15 4 141
15 5 71
15 6 158
15 7 144
16 1 82
16 2 74
16 3 87
16 4 79
16 5 40
16 6 89
16 7 81
17 1 110
17 2 99
17 3 117
17 4 106
17 5 54
17 6 119
17 7 108
18 1 198
18 2 179
18 3 210
18 4 191
18 5 97
18 6 214
18 7 195
19 1 125
19 2 113
19 3 133
19 4 121
19 5 61
19 6 136
19 7 124
20 1 26
20 2 24
20 3 28
20 4 26
20 5 13
20 6 29
20 7 27

# Energy Consumption m=1,2,3,4,5,6,7
1 1 0
1 2 208.61
1 3 0
1 4 144.35
1 5 76.97
1 6 0
1 7 67.92
2 1 0
2 2 1183.04
2 3 0
2 4 770.2
2 5 358.78
2 6 0
2 7 479.61
3 1 0
3 2 1097.61
3 3 0
3 4 708.99
3 5 305.94
3 6 0
3 7 458.92
4 1 0
4 2 554.67
4 3 0
4 4 450.35
4 5 173.24
4 6 0
4 7 228.11
5 1 0
5 2 1235.0
5 3 0
5 4 912.8
5 5 376.66
5 6 0
5 7 594.57
6 1 0
6 2 760.49
6 3 0
6 4 579.49
6 5 162.02
6 6 0
6 7 281.06
7 1 0
7 2 813.35
7 3 0
7 4 802.71
7 5 307.16
7 6 0
7 7 283.81
8 1 0
8 2 2144.41
8 3 0
8 4 2081.22
8 5 555.36
8 6 0
8 7 970.17
9 1 0
9 2 2815.82
9 3 0
9 4 1876.05
9 5 856.37
9 6 0
9 7 1019.32
10 1 0
10 2 1252.84
10 3 0
10 4 842.27
10 5 305.99
10 6 0
10 7 583.72
11 1 0
11 2 1572.08
11 3 0
11 4 1247.93
11 5 687.53
11 6 0
11 7 755.22
12 1 0
12 2 874.17
12 3 0
12 4 627.32
12 5 270.74
12 6 0
12 7 463.85
13 1 0
13 2 3031.48
13 3 0
13 4 2654.03
13 5 850.38
13 6 0
13 7 1056.07
14 1 0
14 2 1634.6
14 3 0
14 4 2028.48
14 5 614.52
14 6 0
14 7 804.48
15 1 0
15 2 1516.3
15 3 0
15 4 869.9
15 5 411.24
15 6 0
15 7 625.92
16 1 0
16 2 806.78
16 3 0
16 4 574.68
16 5 275.56
16 6 0
16 7 256.44
17 1 0
17 2 1041.51
17 3 0
17 4 966.2
17 5 377.89
17 6 0
17 7 453.12
18 1 0
18 2 1783.16
18 3 0
18 4 1687.8
18 5 539.56
18 6 0
18 7 647.3
19 1 0
19 2 1307.9
19 3 0
19 4 785.27
19 5 294.71
19 6 0
19 7 545.17
20 1 0
20 2 197.85
20 3 0
20 4 174.15
20 5 90.73
20 6 0
20 7 104.8

# Precedence Relations
1 2
1 3
1 4
2 5
2 6
3 5
3 6
4 7
5 7
5 8
6 7
6 8
6 9
7 10
7 11
8 10
9 11
10 12
10 13
11 12
11 14
12 15
12 16
13 14
13 15
14 17
14 18
15 18
17 19
17 20

# Parameters
R_e = 0.0300
T = 1000
C_s = 4
C_w = 36
C_c = 5
