# Tasks
1 2 3 4 5 6 7 8 9 10 11 12 13 14 15 16 17 18 19 20

# Workstations
1 2 3 4 5 6 7 8 9 10 11 12 13 14 15 16 17 18 19 20

# Modes
1 2 3 4 5 6 7

# Processing Times
1 1 730
1 2 1009
1 3 776
1 4 1073
1 5 457
1 6 770
1 7 1064
2 1 589
2 2 888
2 3 620
2 4 934
2 5 351
2 6 628
2 7 946
3 1 474
3 2 581
3 3 515
3 4 631
3 5 317
3 6 498
3 7 611
4 1 390
4 2 556
4 3 417
4 4 594
4 5 260
4 6 425
4 7 606
5 1 462
5 2 644
5 3 494
5 4 689
5 5 267
5 6 478
5 7 666
6 1 496
6 2 752
6 3 538
6 4 816
6 5 311
6 6 525
6 7 795
7 1 480
7 2 731
7 3 526
7 4 801
7 5 284
7 6 514
7 7 783
8 1 425
8 2 655
8 3 461
8 4 711
8 5 294
8 6 460
8 7 709
9 1 545
9 2 718
9 3 600
9 4 790
9 5 314
9 6 549
9 7 724
10 1 562
10 2 839
10 3 603
10 4 900
10 5 354
10 6 569
10 7 849
11 1 438
11 2 674
11 3 479
11 4 737
11 5 264
11 6 471
11 7 725
12 1 702
12 2 1020
12 3 744
12 4 1081
12 5 439
12 6 725
12 7 1054
13 1 439
13 2 646
13 3 475
13 4 698
13 5 274
13 6 476
13 7 701
14 1 285
14 2 379
14 3 305
14 4 405
14 5 185
14 6 295
14 7 392
15 1 511
15 2 665
15 3 560
15 4 728
15 5 300
15 6 514
15 7 669
16 1 483
16 2 598
16 3 524
16 4 648
16 5 322
16 6 511
16 7 633
17 1 468
17 2 662
17 3 492
17 4 696
17 5 328
17 6 473
17 7 669
18 1 654
18 2 941
18 3 697
18 4 1003
18 5 375
18 6 718
18 7 1033
19 1 534
19 2 747
19 3 580
19 4 811
19 5 330
19 6 569
19 7 796
20 1 552
20 2 717
20 3 589
20 4 765
20 5 322
20 6 592
20 7 769

# Energy Consumption
1 1 0
1 2 242
1 3 0
1 4 222
1 5 71
1 6 0
1 7 153
2 1 0
2 2 224
2 3 0
2 4 185
2 5 53
2 6 0
2 7 134
3 1 0
3 2 162
3 3 0
3 4 124
3 5 50
3 6 0
3 7 83
4 1 0
4 2 139
4 3 0
4 4 131
4 5 37
4 6 0
4 7 87
5 1 0
5 2 157
5 3 0
5 4 145
5 5 42
5 6 0
5 7 92
6 1 0
6 2 166
6 3 0
6 4 174
6 5 47
6 6 0
6 7 110
7 1 0
7 2 164
7 3 0
7 4 173
7 5 41
7 6 0
7 7 111
8 1 0
8 2 167
8 3 0
8 4 149
8 5 44
8 6 0
8 7 100
9 1 0
9 2 191
9 3 0
9 4 169
9 5 50
9 6 0
9 7 109
10 1 0
10 2 240
10 3 0
10 4 186
10 5 53
10 6 0
10 7 120
11 1 0
11 2 150
11 3 0
11 4 136
11 5 41
11 6 0
11 7 105
12 1 0
12 2 259
12 3 0
12 4 236
12 5 63
12 6 0
12 7 145
13 1 0
13 2 155
13 3 0
13 4 140
13 5 41
13 6 0
13 7 96
14 1 0
14 2 113
14 3 0
14 4 83
14 5 29
14 6 0
14 7 53
15 1 0
15 2 170
15 3 0
15 4 135
15 5 46
15 6 0
15 7 82
16 1 0
16 2 169
16 3 0
16 4 138
16 5 50
16 6 0
16 7 81
17 1 0
17 2 179
17 3 0
17 4 153
17 5 51
17 6 0
17 7 85
18 1 0
18 2 228
18 3 0
18 4 201
18 5 58
18 6 0
18 7 128
19 1 0
19 2 206
19 3 0
19 4 166
19 5 52
19 6 0
19 7 119
20 1 0
20 2 184
20 3 0
20 4 168
20 5 50
20 6 0
20 7 97

# Precedence Relations
1 13
2 3
2 4
2 5
2 6
3 13
4 13
5 7
5 8
6 9
6 14
7 13
8 9
8 10
8 11
8 12
9 13
10 20
11 13
11 14
11 15
12 13
13 16
13 17
13 18
13 19
14 20

# Parameters
R_e = 0.0500
T = 1000.0
C_s = 4.0
C_w = 36.0
C_c = 5.0
