# Tasks
1 2 3 4 5 6 7 8 9 10 11 12 13 14 15 16 17 18 19 20

# Workstations
1 2 3 4 5 6 7 8 9 10 11 12 13 14 15 16 17 18 19 20

# Modes
1 2 3 4 5 6 7

# Processing Times
1 1 85
1 2 73
1 3 94
1 4 81
1 5 80
1 6 120
1 7 103
2 1 262
2 2 224
2 3 288
2 4 247
2 5 246
2 6 368
2 7 315
3 1 34
3 2 29
3 3 38
3 4 32
3 5 32
3 6 48
3 7 41
4 1 93
4 2 80
4 3 103
4 4 88
4 5 88
4 6 131
4 7 113
5 1 40
5 2 35
5 3 44
5 4 39
5 5 38
5 6 57
5 7 50
6 1 149
6 2 128
6 3 164
6 4 141
6 5 140
6 6 210
6 7 180
7 1 56
7 2 48
7 3 62
7 4 53
7 5 53
7 6 79
7 7 68
8 1 103
8 2 88
8 3 114
8 4 97
8 5 97
8 6 145
8 7 124
9 1 53
9 2 46
9 3 59
9 4 51
9 5 50
9 6 75
9 7 65
10 1 41
10 2 35
10 3 46
10 4 39
10 5 39
10 6 58
10 7 50
11 1 118
11 2 101
11 3 130
11 4 111
11 5 111
11 6 166
11 7 142
12 1 121
12 2 104
12 3 133
12 4 115
12 5 114
12 6 170
12 7 147
13 1 124
13 2 106
13 3 137
13 4 117
13 5 117
13 6 175
13 7 149
14 1 44
14 2 38
14 3 49
14 4 42
14 5 42
14 6 62
14 7 54
15 1 199
15 2 170
15 3 219
15 4 187
15 5 187
15 6 280
15 7 239
16 1 95
16 2 82
16 3 105
16 4 91
16 5 90
16 6 134
16 7 116
17 1 27
17 2 24
17 3 30
17 4 27
17 5 26
17 6 38
17 7 34
18 1 151
18 2 129
18 3 166
18 4 142
18 5 142
18 6 213
18 7 182
19 1 43
19 2 37
19 3 48
19 4 41
19 5 41
19 6 61
19 7 52
20 1 95
20 2 82
20 3 105
20 4 91
20 5 90
20 6 134
20 7 116

# Energy Consumption
1 1 0
1 2 17
1 3 0
1 4 18
1 5 13
1 6 0
1 7 15
2 1 0
2 2 60
2 3 0
2 4 54
2 5 38
2 6 0
2 7 45
3 1 0
3 2 7
3 3 0
3 4 7
3 5 5
3 6 0
3 7 6
4 1 0
4 2 24
4 3 0
4 4 17
4 5 13
4 6 0
4 7 15
5 1 0
5 2 9
5 3 0
5 4 8
5 5 7
5 6 0
5 7 7
6 1 0
6 2 32
6 3 0
6 4 27
6 5 23
6 6 0
6 7 25
7 1 0
7 2 14
7 3 0
7 4 11
7 5 9
7 6 0
7 7 11
8 1 0
8 2 23
8 3 0
8 4 20
8 5 16
8 6 0
8 7 16
9 1 0
9 2 13
9 3 0
9 4 11
9 5 8
9 6 0
9 7 8
10 1 0
10 2 9
10 3 0
10 4 9
10 5 6
10 6 0
10 7 7
11 1 0
11 2 26
11 3 0
11 4 21
11 5 16
11 6 0
11 7 20
12 1 0
12 2 24
12 3 0
12 4 26
12 5 18
12 6 0
12 7 19
13 1 0
13 2 29
13 3 0
13 4 22
13 5 18
13 6 0
13 7 21
14 1 0
14 2 11
14 3 0
14 4 9
14 5 7
14 6 0
14 7 8
15 1 0
15 2 47
15 3 0
15 4 41
15 5 29
15 6 0
15 7 32
16 1 0
16 2 24
16 3 0
16 4 18
16 5 15
16 6 0
16 7 17
17 1 0
17 2 6
17 3 0
17 4 6
17 5 5
17 6 0
17 7 6
18 1 0
18 2 35
18 3 0
18 4 29
18 5 22
18 6 0
18 7 23
19 1 0
19 2 9
19 3 0
19 4 9
19 5 7
19 6 0
19 7 7
20 1 0
20 2 21
20 3 0
20 4 20
20 5 13
20 6 0
20 7 16

# Precedence Relations
1 11
2 11
3 4
3 5
4 11
5 6
5 7
5 8
5 9
5 10
6 11
7 11
8 20
9 12
10 12
11 13
11 14
11 15
11 16
12 19
14 18
14 20
15 17
16 19
16 20

# Parameters
R_e = 0.0500
T = 1000.0
C_s = 4.0
C_w = 36.0
C_c = 5.0
