# Tasks
1 2 3 4 5 6 7 8 9 10 11 12 13 14 15 16 17 18 19 20 21 22 23 24 25 26 27 28 29 30 31 32 33 34 35 36 37 38 39 40 41 42 43 44 45 46 47 48 49 50 51 52 53 54 55 56 57 58 59 60 61 62 63 64 65 66 67 68 69 70 71 72 73 74 75 76 77 78 79 80 81 82 83 84 85 86 87 88 89 90 91 92 93 94 95 96 97 98 99 100 101 102 103 104 105 106 107 108 109 110 111

# Workstations
1 2 3 4 5 6 7 8 9 10 11 12 13 14 15 16 17 18 19 20 21 22 23 24 25 26 27 28 29 30 31 32 33 34 35 36 37 38 39 40 41 42 43 44 45 46 47 48 49 50 51 52 53 54 55 56 57 58 59 60 61 62 63 64 65 66 67 68 69 70 71 72 73 74 75 76 77 78 79 80 81 82 83 84 85 86 87 88 89 90 91 92 93 94 95 96 97 98 99 100 101 102 103 104 105 106 107 108 109 110 111

# Modes
1 2 3 4 5 6 7

# Processing Times
1 1 1960
1 2 1672
1 3 2154
1 4 1838
1 5 1838
1 6 2753
1 7 2348
2 1 1715
2 2 1463
2 3 1885
2 4 1608
2 5 1608
2 6 2409
2 7 2055
3 1 735
3 2 627
3 3 808
3 4 689
3 5 689
3 6 1033
3 7 881
4 1 1715
4 2 1463
4 3 1885
4 4 1608
4 5 1608
4 6 2409
4 7 2055
5 1 490
5 2 418
5 3 539
5 4 460
5 5 460
5 6 689
5 7 587
6 1 1225
6 2 1045
6 3 1347
6 4 1149
6 5 1149
6 6 1721
6 7 1468
7 1 169
7 2 145
7 3 186
7 4 160
7 5 159
7 6 238
7 7 204
8 1 2252
8 2 1921
8 3 2475
8 4 2111
8 5 2111
8 6 3163
8 7 2698
9 1 1225
9 2 1045
9 3 1347
9 4 1149
9 5 1149
9 6 1721
9 7 1468
10 1 2319
10 2 1978
10 3 2549
10 4 2174
10 5 2174
10 6 3257
10 7 2778
11 1 1715
11 2 1463
11 3 1885
11 4 1608
11 5 1608
11 6 2409
11 7 2055
12 1 980
12 2 836
12 3 1077
12 4 919
12 5 919
12 6 1377
12 7 1174
13 1 735
13 2 627
13 3 808
13 4 689
13 5 689
13 6 1033
13 7 881
14 1 2281
14 2 1946
14 3 2507
14 4 2139
14 5 2138
14 6 3204
14 7 2733
15 1 2750
15 2 2346
15 3 3022
15 4 2578
15 5 2578
15 6 3862
15 7 3295
16 1 77
16 2 66
16 3 85
16 4 73
16 5 73
16 6 109
16 7 93
17 1 89
17 2 76
17 3 98
17 4 84
17 5 84
17 6 125
17 7 107
18 1 51
18 2 44
18 3 57
18 4 49
18 5 48
18 6 72
18 7 62
19 1 364
19 2 311
19 3 400
19 4 342
19 5 342
19 6 512
19 7 437
20 1 405
20 2 346
20 3 446
20 4 381
20 5 380
20 6 569
20 7 486
21 1 3060
21 2 2610
21 3 3363
21 4 2868
21 5 2869
21 6 4298
21 7 3666
22 1 125
22 2 107
22 3 138
22 4 118
22 5 118
22 6 176
22 7 151
23 1 3429
23 2 2925
23 3 3768
23 4 3214
23 5 3215
23 6 4816
23 7 4108
24 1 43
24 2 37
24 3 48
24 4 41
24 5 41
24 6 61
24 7 52
25 1 3430
25 2 2926
25 3 3769
25 4 3216
25 5 3215
25 6 4817
25 7 4109
26 1 1960
26 2 1672
26 3 2154
26 4 1838
26 5 1838
26 6 2753
26 7 2348
27 1 29
27 2 25
27 3 32
27 4 28
27 5 28
27 6 41
27 7 36
28 1 27
28 2 24
28 3 30
28 4 27
28 5 26
28 6 38
28 7 34
29 1 15
29 2 13
29 3 17
29 4 15
29 5 15
29 6 22
29 7 19
30 1 121
30 2 104
30 3 133
30 4 115
30 5 114
30 6 170
30 7 147
31 1 1715
31 2 1463
31 3 1885
31 4 1608
31 5 1608
31 6 2409
31 7 2055
32 1 2127
32 2 1814
32 3 2338
32 4 1994
32 5 1994
32 6 2987
32 7 2548
33 1 1470
33 2 1254
33 3 1616
33 4 1378
33 5 1378
33 6 2065
33 7 1761
34 1 4037
34 2 3443
34 3 4436
34 4 3784
34 5 3784
34 6 5670
34 7 4836
35 1 68
35 2 58
35 3 75
35 4 64
35 5 64
35 6 96
35 7 82
36 1 62
36 2 53
36 3 69
36 4 59
36 5 59
36 6 88
36 7 75
37 1 42
37 2 36
37 3 47
37 4 40
37 5 40
37 6 59
37 7 51
38 1 364
38 2 311
38 3 400
38 4 342
38 5 342
38 6 512
38 7 437
39 1 4998
39 2 4263
39 3 5492
39 4 4685
39 5 4685
39 6 7019
39 7 5987
40 1 1470
40 2 1254
40 3 1616
40 4 1378
40 5 1378
40 6 2065
40 7 1761
41 1 2963
41 2 2527
41 3 3256
41 4 2777
41 5 2778
41 6 4161
41 7 3549
42 1 5689
42 2 4852
42 3 6252
42 4 5332
42 5 5333
42 6 7990
42 7 6814
43 1 68
43 2 58
43 3 75
43 4 64
43 5 64
43 6 96
43 7 82
44 1 18
44 2 16
44 3 20
44 4 18
44 5 17
44 6 26
44 7 23
45 1 10
45 2 9
45 3 11
45 4 10
45 5 10
45 6 15
45 7 13
46 1 81
46 2 70
46 3 90
46 4 77
46 5 76
46 6 114
46 7 99
47 1 5200
47 2 4435
47 3 5714
47 4 4874
47 5 4874
47 6 7303
47 7 6229
48 1 39
48 2 34
48 3 43
48 4 38
48 5 37
48 6 55
48 7 48
49 1 67
49 2 58
49 3 74
49 4 64
49 5 63
49 6 95
49 7 82
50 1 27
50 2 24
50 3 30
50 4 27
50 5 26
50 6 38
50 7 34
51 1 15
51 2 13
51 3 17
51 4 15
51 5 15
51 6 22
51 7 19
52 1 121
52 2 104
52 3 133
52 4 115
52 5 114
52 6 170
52 7 147
53 1 58
53 2 50
53 3 64
53 4 55
53 5 55
53 6 82
53 7 71
54 1 1715
54 2 1463
54 3 1885
54 4 1608
54 5 1608
54 6 2409
54 7 2055
55 1 125
55 2 107
55 3 138
55 4 118
55 5 118
55 6 176
55 7 151
56 1 4010
56 2 3420
56 3 4407
56 4 3758
56 5 3759
56 6 5632
56 7 4803
57 1 1470
57 2 1254
57 3 1616
57 4 1378
57 5 1378
57 6 2065
57 7 1761
58 1 1470
58 2 1254
58 3 1616
58 4 1378
58 5 1378
58 6 2065
58 7 1761
59 1 2303
59 2 1964
59 3 2531
59 4 2159
59 5 2159
59 6 3235
59 7 2759
60 1 1960
60 2 1672
60 3 2154
60 4 1838
60 5 1838
60 6 2753
60 7 2348
61 1 2205
61 2 1881
61 3 2423
61 4 2067
61 5 2067
61 6 3097
61 7 2642
62 1 4018
62 2 3427
62 3 4415
62 4 3766
62 5 3767
62 6 5643
62 7 4813
63 1 2744
63 2 2341
63 3 3016
63 4 2573
63 5 2572
63 6 3854
63 7 3288
64 1 2999
64 2 2558
64 3 3296
64 4 2811
64 5 2811
64 6 4212
64 7 3593
65 1 735
65 2 627
65 3 808
65 4 689
65 5 689
65 6 1033
65 7 881
66 1 735
66 2 627
66 3 808
66 4 689
66 5 689
66 6 1033
66 7 881
67 1 735
67 2 627
67 3 808
67 4 689
67 5 689
67 6 1033
67 7 881
68 1 735
68 2 627
68 3 808
68 4 689
68 5 689
68 6 1033
68 7 881
69 1 545
69 2 465
69 3 599
69 4 511
69 5 511
69 6 766
69 7 653
70 1 3386
70 2 2888
70 3 3721
70 4 3174
70 5 3174
70 6 4755
70 7 4056
71 1 3234
71 2 2758
71 3 3554
71 4 3031
71 5 3032
71 6 4542
71 7 3874
72 1 2205
72 2 1881
72 3 2423
72 4 2067
72 5 2067
72 6 3097
72 7 2642
73 1 2206
73 2 1882
73 3 2424
73 4 2068
73 5 2068
73 6 3098
73 7 2643
74 1 490
74 2 418
74 3 539
74 4 460
74 5 460
74 6 689
74 7 587
75 1 825
75 2 704
75 3 907
75 4 774
75 5 774
75 6 1159
75 7 989
76 1 3528
76 2 3009
76 3 3877
76 4 3307
76 5 3307
76 6 4955
76 7 4226
77 1 3568
77 2 3043
77 3 3921
77 4 3344
77 5 3345
77 6 5011
77 7 4274
78 1 1200
78 2 1024
78 3 1319
78 4 1126
78 5 1125
78 6 1686
78 7 1439
79 1 618
79 2 528
79 3 680
79 4 581
79 5 580
79 6 868
79 7 742
80 1 1470
80 2 1254
80 3 1616
80 4 1378
80 5 1378
80 6 2065
80 7 1761
81 1 1715
81 2 1463
81 3 1885
81 4 1608
81 5 1608
81 6 2409
81 7 2055
82 1 735
82 2 627
82 3 808
82 4 689
82 5 689
82 6 1033
82 7 881
83 1 1960
83 2 1672
83 3 2154
83 4 1838
83 5 1838
83 6 2753
83 7 2348
84 1 2889
84 2 2464
84 3 3175
84 4 2708
84 5 2708
84 6 4058
84 7 3461
85 1 618
85 2 528
85 3 680
85 4 581
85 5 580
85 6 868
85 7 742
86 1 490
86 2 418
86 3 539
86 4 460
86 5 460
86 6 689
86 7 587
87 1 735
87 2 627
87 3 808
87 4 689
87 5 689
87 6 1033
87 7 881
88 1 490
88 2 418
88 3 539
88 4 460
88 5 460
88 6 689
88 7 587
89 1 921
89 2 786
89 3 1012
89 4 864
89 5 864
89 6 1294
89 7 1104
90 1 326
90 2 279
90 3 359
90 4 307
90 5 306
90 6 458
90 7 392
91 1 5390
91 2 4597
91 3 5923
91 4 5052
91 5 5053
91 6 7570
91 7 6456
92 1 243
92 2 208
92 3 268
92 4 229
92 5 228
92 6 342
92 7 293
93 1 371
93 2 317
93 3 408
93 4 349
93 5 348
93 6 521
93 7 446
94 1 58
94 2 50
94 3 64
94 4 55
94 5 55
94 6 82
94 7 71
95 1 5059
95 2 4315
95 3 5559
95 4 4742
95 5 4742
95 6 7105
95 7 6060
96 1 1225
96 2 1045
96 3 1347
96 4 1149
96 5 1149
96 6 1721
96 7 1468
97 1 769
97 2 656
97 3 845
97 4 721
97 5 721
97 6 1080
97 7 922
98 1 768
98 2 655
98 3 844
98 4 720
98 5 720
98 6 1079
98 7 920
99 1 1670
99 2 1425
99 3 1835
99 4 1566
99 5 1566
99 6 2346
99 7 2002
100 1 1670
100 2 1425
100 3 1835
100 4 1566
100 5 1566
100 6 2346
100 7 2002
101 1 490
101 2 418
101 3 539
101 4 460
101 5 460
101 6 689
101 7 587
102 1 202
102 2 173
102 3 222
102 4 191
102 5 190
102 6 284
102 7 243
103 1 203
103 2 174
103 3 224
103 4 192
103 5 191
103 6 286
103 7 245
104 1 202
104 2 173
104 3 222
104 4 191
104 5 190
104 6 284
104 7 243
105 1 2744
105 2 2341
105 3 3016
105 4 2573
105 5 2572
105 6 3854
105 7 3288
106 1 162
106 2 139
106 3 179
106 4 153
106 5 152
106 6 228
106 7 196
107 1 324
107 2 277
107 3 357
107 4 305
107 5 304
107 6 455
107 7 389
108 1 162
108 2 139
108 3 179
108 4 153
108 5 152
108 6 228
108 7 196
109 1 121
109 2 104
109 3 133
109 4 115
109 5 114
109 6 170
109 7 147
110 1 162
110 2 139
110 3 179
110 4 153
110 5 152
110 6 228
110 7 196
111 1 91
111 2 78
111 3 100
111 4 86
111 5 86
111 6 128
111 7 110

# Energy Consumption
1 1 0
1 2 370
1 3 0
1 4 399
1 5 294
1 6 0
1 7 337
2 1 0
2 2 392
2 3 0
2 4 351
2 5 247
2 6 0
2 7 288
3 1 0
3 2 139
3 3 0
3 4 135
3 5 100
3 6 0
3 7 110
4 1 0
4 2 434
4 3 0
4 4 309
4 5 232
4 6 0
4 7 265
5 1 0
5 2 105
5 3 0
5 4 94
5 5 74
5 6 0
5 7 79
6 1 0
6 2 254
6 3 0
6 4 215
6 5 181
6 6 0
6 7 202
7 1 0
7 2 42
7 3 0
7 4 32
7 5 25
7 6 0
7 7 31
8 1 0
8 2 493
8 3 0
8 4 433
8 5 332
8 6 0
8 7 343
9 1 0
9 2 283
9 3 0
9 4 247
9 5 179
9 6 0
9 7 180
10 1 0
10 2 486
10 3 0
10 4 477
10 5 333
10 6 0
10 7 354
11 1 0
11 2 372
11 3 0
11 4 296
11 5 226
11 6 0
11 7 286
12 1 0
12 2 189
12 3 0
12 4 202
12 5 142
12 6 0
12 7 151
13 1 0
13 2 167
13 3 0
13 4 130
13 5 106
13 6 0
13 7 123
14 1 0
14 2 527
14 3 0
14 4 414
14 5 342
14 6 0
14 7 359
15 1 0
15 2 644
15 3 0
15 4 555
15 5 394
15 6 0
15 7 428
16 1 0
16 2 19
16 3 0
16 4 14
16 5 12
16 6 0
16 7 14
17 1 0
17 2 19
17 3 0
17 4 18
17 5 14
17 6 0
17 7 16
18 1 0
18 2 12
18 3 0
18 4 10
18 5 8
18 6 0
18 7 8
19 1 0
19 2 70
19 3 0
19 4 68
19 5 51
19 6 0
19 7 54
20 1 0
20 2 86
20 3 0
20 4 80
20 5 55
20 6 0
20 7 67
21 1 0
21 2 711
21 3 0
21 4 581
21 5 436
21 6 0
21 7 534
22 1 0
22 2 28
22 3 0
22 4 25
22 5 18
22 6 0
22 7 23
23 1 0
23 2 803
23 3 0
23 4 675
23 5 503
23 6 0
23 7 552
24 1 0
24 2 10
24 3 0
24 4 8
24 5 7
24 6 0
24 7 7
25 1 0
25 2 775
25 3 0
25 4 676
25 5 451
25 6 0
25 7 519
26 1 0
26 2 478
26 3 0
26 4 403
26 5 281
26 6 0
26 7 303
27 1 0
27 2 7
27 3 0
27 4 6
27 5 5
27 6 0
27 7 6
28 1 0
28 2 6
28 3 0
28 4 6
28 5 4
28 6 0
28 7 5
29 1 0
29 2 4
29 3 0
29 4 3
29 5 3
29 6 0
29 7 3
30 1 0
30 2 29
30 3 0
30 4 24
30 5 18
30 6 0
30 7 18
31 1 0
31 2 392
31 3 0
31 4 290
31 5 239
31 6 0
31 7 307
32 1 0
32 2 507
32 3 0
32 4 363
32 5 310
32 6 0
32 7 322
33 1 0
33 2 374
33 3 0
33 4 263
33 5 216
33 6 0
33 7 247
34 1 0
34 2 999
34 3 0
34 4 784
34 5 554
34 6 0
34 7 594
35 1 0
35 2 16
35 3 0
35 4 14
35 5 10
35 6 0
35 7 11
36 1 0
36 2 13
36 3 0
36 4 12
36 5 10
36 6 0
36 7 11
37 1 0
37 2 10
37 3 0
37 4 9
37 5 7
37 6 0
37 7 7
38 1 0
38 2 70
38 3 0
38 4 71
38 5 53
38 6 0
38 7 55
39 1 0
39 2 1247
39 3 0
39 4 985
39 5 666
39 6 0
39 7 745
40 1 0
40 2 343
40 3 0
40 4 249
40 5 214
40 6 0
40 7 235
41 1 0
41 2 617
41 3 0
41 4 556
41 5 397
41 6 0
41 7 468
42 1 0
42 2 1116
42 3 0
42 4 1051
42 5 769
42 6 0
42 7 871
43 1 0
43 2 13
43 3 0
43 4 14
43 5 10
43 6 0
43 7 12
44 1 0
44 2 4
44 3 0
44 4 4
44 5 3
44 6 0
44 7 4
45 1 0
45 2 3
45 3 0
45 4 2
45 5 2
45 6 0
45 7 2
46 1 0
46 2 21
46 3 0
46 4 17
46 5 11
46 6 0
46 7 14
47 1 0
47 2 1058
47 3 0
47 4 997
47 5 774
47 6 0
47 7 832
48 1 0
48 2 11
48 3 0
48 4 8
48 5 6
48 6 0
48 7 7
49 1 0
49 2 15
49 3 0
49 4 14
49 5 10
49 6 0
49 7 12
50 1 0
50 2 7
50 3 0
50 4 6
50 5 4
50 6 0
50 7 5
51 1 0
51 2 4
51 3 0
51 4 4
51 5 3
51 6 0
51 7 3
52 1 0
52 2 29
52 3 0
52 4 23
52 5 17
52 6 0
52 7 21
53 1 0
53 2 15
53 3 0
53 4 12
53 5 9
53 6 0
53 7 10
54 1 0
54 2 350
54 3 0
54 4 334
54 5 257
54 6 0
54 7 277
55 1 0
55 2 31
55 3 0
55 4 23
55 5 19
55 6 0
55 7 22
56 1 0
56 2 966
56 3 0
56 4 822
56 5 546
56 6 0
56 7 686
57 1 0
57 2 305
57 3 0
57 4 284
57 5 203
57 6 0
57 7 243
58 1 0
58 2 352
58 3 0
58 4 275
58 5 204
58 6 0
58 7 262
59 1 0
59 2 531
59 3 0
59 4 412
59 5 320
59 6 0
59 7 364
60 1 0
60 2 427
60 3 0
60 4 382
60 5 278
60 6 0
60 7 336
61 1 0
61 2 446
61 3 0
61 4 454
61 5 292
61 6 0
61 7 371
62 1 0
62 2 792
62 3 0
62 4 688
62 5 531
62 6 0
62 7 598
63 1 0
63 2 538
63 3 0
63 4 513
63 5 364
63 6 0
63 7 478
64 1 0
64 2 650
64 3 0
64 4 574
64 5 448
64 6 0
64 7 530
65 1 0
65 2 147
65 3 0
65 4 135
65 5 99
65 6 0
65 7 111
66 1 0
66 2 139
66 3 0
66 4 126
66 5 101
66 6 0
66 7 114
67 1 0
67 2 165
67 3 0
67 4 143
67 5 103
67 6 0
67 7 113
68 1 0
68 2 152
68 3 0
68 4 137
68 5 103
68 6 0
68 7 128
69 1 0
69 2 116
69 3 0
69 4 97
69 5 77
69 6 0
69 7 80
70 1 0
70 2 808
70 3 0
70 4 619
70 5 467
70 6 0
70 7 551
71 1 0
71 2 620
71 3 0
71 4 605
71 5 438
71 6 0
71 7 573
72 1 0
72 2 521
72 3 0
72 4 389
72 5 327
72 6 0
72 7 379
73 1 0
73 2 462
73 3 0
73 4 431
73 5 312
73 6 0
73 7 375
74 1 0
74 2 94
74 3 0
74 4 87
74 5 69
74 6 0
74 7 84
75 1 0
75 2 160
75 3 0
75 4 151
75 5 116
75 6 0
75 7 144
76 1 0
76 2 765
76 3 0
76 4 647
76 5 518
76 6 0
76 7 582
77 1 0
77 2 869
77 3 0
77 4 728
77 5 472
77 6 0
77 7 630
78 1 0
78 2 291
78 3 0
78 4 224
78 5 167
78 6 0
78 7 209
79 1 0
79 2 147
79 3 0
79 4 106
79 5 89
79 6 0
79 7 100
80 1 0
80 2 293
80 3 0
80 4 280
80 5 194
80 6 0
80 7 214
81 1 0
81 2 364
81 3 0
81 4 348
81 5 253
81 6 0
81 7 292
82 1 0
82 2 152
82 3 0
82 4 133
82 5 109
82 6 0
82 7 114
83 1 0
83 2 487
83 3 0
83 4 399
83 5 279
83 6 0
83 7 332
84 1 0
84 2 585
84 3 0
84 4 562
84 5 405
84 6 0
84 7 423
85 1 0
85 2 155
85 3 0
85 4 109
85 5 91
85 6 0
85 7 98
86 1 0
86 2 107
86 3 0
86 4 86
86 5 71
86 6 0
86 7 81
87 1 0
87 2 188
87 3 0
87 4 134
87 5 98
87 6 0
87 7 112
88 1 0
88 2 94
88 3 0
88 4 101
88 5 66
88 6 0
88 7 76
89 1 0
89 2 204
89 3 0
89 4 185
89 5 137
89 6 0
89 7 135
90 1 0
90 2 82
90 3 0
90 4 63
90 5 47
90 6 0
90 7 59
91 1 0
91 2 1378
91 3 0
91 4 1066
91 5 797
91 6 0
91 7 922
92 1 0
92 2 50
92 3 0
92 4 50
92 5 33
92 6 0
92 7 43
93 1 0
93 2 80
93 3 0
93 4 72
93 5 51
93 6 0
93 7 63
94 1 0
94 2 12
94 3 0
94 4 12
94 5 9
94 6 0
94 7 10
95 1 0
95 2 1214
95 3 0
95 4 952
95 5 673
95 6 0
95 7 894
96 1 0
96 2 254
96 3 0
96 4 208
96 5 179
96 6 0
96 7 188
97 1 0
97 2 176
97 3 0
97 4 156
97 5 110
97 6 0
97 7 131
98 1 0
98 2 172
98 3 0
98 4 145
98 5 114
98 6 0
98 7 138
99 1 0
99 2 384
99 3 0
99 4 332
99 5 224
99 6 0
99 7 257
100 1 0
100 2 343
100 3 0
100 4 345
100 5 228
100 6 0
100 7 243
101 1 0
101 2 119
101 3 0
101 4 83
101 5 70
101 6 0
101 7 87
102 1 0
102 2 39
102 3 0
102 4 36
102 5 30
102 6 0
102 7 32
103 1 0
103 2 44
103 3 0
103 4 37
103 5 28
103 6 0
103 7 33
104 1 0
104 2 47
104 3 0
104 4 35
104 5 28
104 6 0
104 7 33
105 1 0
105 2 570
105 3 0
105 4 514
105 5 366
105 6 0
105 7 409
106 1 0
106 2 42
106 3 0
106 4 33
106 5 22
106 6 0
106 7 26
107 1 0
107 2 76
107 3 0
107 4 64
107 5 48
107 6 0
107 7 56
108 1 0
108 2 31
108 3 0
108 4 33
108 5 25
108 6 0
108 7 29
109 1 0
109 2 31
109 3 0
109 4 25
109 5 18
109 6 0
109 7 21
110 1 0
110 2 37
110 3 0
110 4 30
110 5 22
110 6 0
110 7 28
111 1 0
111 2 18
111 3 0
111 4 18
111 5 14
111 6 0
111 7 14

# Precedence Relations
1 2
2 3
3 4
4 5
4 6
4 7
4 8
4 9
4 10
5 39
6 39
7 83
8 71
9 32
10 11
10 12
11 13
11 14
11 15
11 16
11 17
11 18
11 19
11 20
11 21
12 13
12 14
12 15
12 16
12 17
12 18
12 19
12 20
12 21
13 71
14 22
14 23
14 24
14 25
15 26
16 27
17 28
18 29
19 30
20 91
21 111
22 31
22 83
23 32
23 33
24 69
24 70
25 34
26 82
27 35
28 36
29 37
30 38
31 39
32 41
33 111
34 42
35 43
36 44
36 91
37 45
37 91
38 46
38 91
39 40
40 111
41 69
41 70
42 47
43 48
43 49
44 50
45 51
46 52
47 54
47 55
47 56
47 57
47 58
47 59
47 60
48 53
49 91
50 111
51 111
52 111
53 111
54 69
54 70
55 61
55 62
55 63
56 63
56 64
57 65
57 91
58 66
58 91
59 67
59 91
60 68
60 91
61 69
61 70
62 71
63 111
64 72
65 111
66 111
67 111
68 111
69 77
69 78
70 73
71 91
72 74
73 75
74 76
75 77
75 78
75 79
76 80
76 81
76 82
77 83
78 84
79 85
80 86
80 91
81 87
81 91
82 111
83 91
84 88
84 89
84 91
85 111
86 111
87 90
88 105
89 105
90 111
91 92
91 93
91 94
92 95
93 95
94 95
95 96
95 97
95 98
95 99
95 100
95 104
96 101
97 102
98 103
99 111
100 111
101 105
102 106
102 107
103 107
103 108
104 111
105 111
106 109
107 111
108 110
109 111
110 111

# Parameters
R_e = 0.0500
T = 8389.5
C_s = 4.0
C_w = 36.0
C_c = 5.0
