# Tasks
1 2 3 4 5 6 7 8 9 10 11 12 13 14 15 16 17 18 19 20

# Workstations
1 2 3 4 5 6 7 8 9 10 11 12 13 14 15 16 17 18 19 20

# Modes
1 2 3 4 5 6 7

# Processing Times
1 1 209
1 2 318
1 3 212
1 4 322
1 5 91
1 6 280
1 7 427
2 1 93
2 2 121
2 3 96
2 4 125
2 5 37
2 6 118
2 7 153
3 1 197
3 2 301
3 3 196
3 4 300
3 5 71
3 6 269
3 7 411
4 1 223
4 2 312
4 3 221
4 4 309
4 5 97
4 6 314
4 7 439
5 1 75
5 2 110
5 3 75
5 4 110
5 5 27
5 6 108
5 7 158
6 1 92
6 2 115
6 3 89
6 4 111
6 5 29
6 6 123
6 7 153
7 1 36
7 2 45
7 3 36
7 4 45
7 5 12
7 6 50
7 7 62
8 1 27
8 2 36
8 3 28
8 4 37
8 5 12
8 6 38
8 7 51
9 1 26
9 2 41
9 3 26
9 4 40
9 5 12
9 6 37
9 7 58
10 1 114
10 2 152
10 3 115
10 4 153
10 5 43
10 6 159
10 7 212
11 1 128
11 2 187
11 3 130
11 4 190
11 5 53
11 6 173
11 7 252
12 1 229
12 2 331
12 3 238
12 4 343
12 5 77
12 6 322
12 7 466
13 1 383
13 2 566
13 3 392
13 4 579
13 5 130
13 6 494
13 7 730
14 1 113
14 2 179
14 3 114
14 4 180
14 5 46
14 6 158
14 7 250
15 1 217
15 2 326
15 3 227
15 4 340
15 5 68
15 6 305
15 7 458
16 1 306
16 2 463
16 3 307
16 4 464
16 5 105
16 6 411
16 7 621
17 1 50
17 2 79
17 3 51
17 4 80
17 5 19
17 6 70
17 7 111
18 1 125
18 2 171
18 3 128
18 4 175
18 5 51
18 6 168
18 7 230
19 1 68
19 2 104
19 3 68
19 4 103
19 5 23
19 6 92
19 7 140
20 1 120
20 2 171
20 3 119
20 4 169
20 5 45
20 6 168
20 7 239

# Energy Consumption
1 1 0
1 2 73
1 3 0
1 4 65
1 5 14
1 6 0
1 7 60
2 1 0
2 2 27
2 3 0
2 4 26
2 5 6
2 6 0
2 7 20
3 1 0
3 2 88
3 3 0
3 4 56
3 5 12
3 6 0
3 7 50
4 1 0
4 2 74
4 3 0
4 4 66
4 5 14
4 6 0
4 7 61
5 1 0
5 2 30
5 3 0
5 4 21
5 5 5
5 6 0
5 7 22
6 1 0
6 2 32
6 3 0
6 4 24
6 5 5
6 6 0
6 7 21
7 1 0
7 2 13
7 3 0
7 4 10
7 5 2
7 6 0
7 7 9
8 1 0
8 2 10
8 3 0
8 4 8
8 5 2
8 6 0
8 7 7
9 1 0
9 2 10
9 3 0
9 4 8
9 5 2
9 6 0
9 7 8
10 1 0
10 2 39
10 3 0
10 4 30
10 5 7
10 6 0
10 7 30
11 1 0
11 2 54
11 3 0
11 4 35
11 5 8
11 6 0
11 7 35
12 1 0
12 2 83
12 3 0
12 4 72
12 5 12
12 6 0
12 7 57
13 1 0
13 2 143
13 3 0
13 4 121
13 5 21
13 6 0
13 7 100
14 1 0
14 2 43
14 3 0
14 4 35
14 5 7
14 6 0
14 7 38
15 1 0
15 2 89
15 3 0
15 4 66
15 5 10
15 6 0
15 7 66
16 1 0
16 2 105
16 3 0
16 4 89
16 5 17
16 6 0
16 7 76
17 1 0
17 2 24
17 3 0
17 4 16
17 5 3
17 6 0
17 7 17
18 1 0
18 2 41
18 3 0
18 4 39
18 5 9
18 6 0
18 7 29
19 1 0
19 2 30
19 3 0
19 4 20
19 5 4
19 6 0
19 7 21
20 1 0
20 2 51
20 3 0
20 4 35
20 5 8
20 6 0
20 7 30

# Precedence Relations
1 10
2 10
4 9
6 7
6 8
7 10
8 10
9 11
9 12
9 13
9 14
10 15
10 16
10 17
10 18
10 19
18 20

# Parameters
R_e = 0.0500
T = 1000.0
C_s = 4.0
C_w = 36.0
C_c = 5.0
