# Tasks
1 2 3 4 5 6 7 8 9 10 11 12 13 14 15 16 17 18 19 20 21 22 23 24 25 26 27 28 29 30 31 32

# Workstations
1 2 3 4 5 6 7 8 9 10 11 12 13 14 15 16 17 18 19 20 21 22 23 24 25 26 27 28 29 30 31 32

# Modes
1 2 3 4 5 6 7

# Processing Times
1 1 458
1 2 1138
1 3 417
1 4 1036
1 5 284
1 6 594
1 7 1474
2 1 276
2 2 666
2 3 258
2 4 621
2 5 190
2 6 356
2 7 857
3 1 520
3 2 1213
3 3 453
3 4 1055
3 5 335
3 6 695
3 7 1620
4 1 1400
4 2 3124
4 3 1245
4 4 2777
4 5 857
4 6 1787
4 7 3986
5 1 352
5 2 698
5 3 305
5 4 604
5 5 219
5 6 452
5 7 895
6 1 196
6 2 430
6 3 180
6 4 395
6 5 136
6 6 250
6 7 548
7 1 214
7 2 479
7 3 200
7 4 447
7 5 140
7 6 304
7 7 679
8 1 456
8 2 871
8 3 432
8 4 824
8 5 293
8 6 641
8 7 1224
9 1 646
9 2 1198
9 3 571
9 4 1058
9 5 364
9 6 929
9 7 1722
10 1 512
10 2 1024
10 3 469
10 4 938
10 5 285
10 6 658
10 7 1316
11 1 408
11 2 861
11 3 361
11 4 762
11 5 259
11 6 513
11 7 1081
12 1 262
12 2 484
12 3 224
12 4 413
12 5 178
12 6 355
12 7 655
13 1 544
13 2 1097
13 3 516
13 4 1041
13 5 344
13 6 787
13 7 1586
14 1 202
14 2 419
14 3 179
14 4 370
14 5 129
14 6 285
14 7 591
15 1 458
15 2 1140
15 3 419
15 4 1042
15 5 288
15 6 577
15 7 1436
16 1 694
16 2 1321
16 3 631
16 4 1202
16 5 486
16 6 965
16 7 1836
17 1 616
17 2 1113
17 3 539
17 4 974
17 5 427
17 6 879
17 7 1588
18 1 678
18 2 1672
18 3 640
18 4 1577
18 5 429
18 6 974
18 7 2402
19 1 328
19 2 593
19 3 290
19 4 524
19 5 225
19 6 456
19 7 824
20 1 324
20 2 723
20 3 280
20 4 624
20 5 225
20 6 442
20 7 986
21 1 100
21 2 225
21 3 89
21 4 199
21 5 63
21 6 142
21 7 319
22 1 352
22 2 838
22 3 328
22 4 781
22 5 195
22 6 476
22 7 1132
23 1 544
23 2 1189
23 3 513
23 4 1121
23 5 338
23 6 692
23 7 1513
24 1 500
24 2 1245
24 3 463
24 4 1152
24 5 345
24 6 704
24 7 1752
25 1 382
25 2 688
25 3 329
25 4 593
25 5 225
25 6 496
25 7 893
26 1 858
26 2 1882
26 3 810
26 4 1777
26 5 517
26 6 1192
26 7 2614
27 1 388
27 2 874
27 3 341
27 4 767
27 5 255
27 6 550
27 7 1239
28 1 352
28 2 765
28 3 329
28 4 715
28 5 223
28 6 465
28 7 1011
29 1 428
29 2 931
29 3 386
29 4 839
29 5 297
29 6 558
29 7 1214
30 1 238
30 2 514
30 3 209
30 4 451
30 5 164
30 6 304
30 7 655
31 1 258
31 2 517
31 3 240
31 4 481
31 5 153
31 6 358
31 7 718
32 1 196
32 2 405
32 3 173
32 4 357
32 5 136
32 6 273
32 7 563

# Energy Consumption
1 1 0
1 2 324
1 3 0
1 4 200
1 5 46
1 6 0
1 7 180
2 1 0
2 2 156
2 3 0
2 4 118
2 5 28
2 6 0
2 7 125
3 1 0
3 2 304
3 3 0
3 4 213
3 5 47
3 6 0
3 7 222
4 1 0
4 2 768
4 3 0
4 4 567
4 5 129
4 6 0
4 7 506
5 1 0
5 2 169
5 3 0
5 4 127
5 5 32
5 6 0
5 7 114
6 1 0
6 2 105
6 3 0
6 4 87
6 5 21
6 6 0
6 7 71
7 1 0
7 2 121
7 3 0
7 4 92
7 5 22
7 6 0
7 7 95
8 1 0
8 2 228
8 3 0
8 4 175
8 5 42
8 6 0
8 7 178
9 1 0
9 2 267
9 3 0
9 4 204
9 5 56
9 6 0
9 7 209
10 1 0
10 2 263
10 3 0
10 4 197
10 5 43
10 6 0
10 7 161
11 1 0
11 2 207
11 3 0
11 4 145
11 5 37
11 6 0
11 7 135
12 1 0
12 2 121
12 3 0
12 4 80
12 5 27
12 6 0
12 7 79
13 1 0
13 2 321
13 3 0
13 4 196
13 5 53
13 6 0
13 7 222
14 1 0
14 2 121
14 3 0
14 4 71
14 5 21
14 6 0
14 7 85
15 1 0
15 2 263
15 3 0
15 4 199
15 5 45
15 6 0
15 7 184
16 1 0
16 2 316
16 3 0
16 4 259
16 5 70
16 6 0
16 7 222
17 1 0
17 2 293
17 3 0
17 4 188
17 5 63
17 6 0
17 7 192
18 1 0
18 2 427
18 3 0
18 4 296
18 5 66
18 6 0
18 7 340
19 1 0
19 2 156
19 3 0
19 4 95
19 5 36
19 6 0
19 7 116
20 1 0
20 2 187
20 3 0
20 4 117
20 5 32
20 6 0
20 7 141
21 1 0
21 2 59
21 3 0
21 4 44
21 5 10
21 6 0
21 7 45
22 1 0
22 2 245
22 3 0
22 4 156
22 5 28
22 6 0
22 7 145
23 1 0
23 2 329
23 3 0
23 4 245
23 5 49
23 6 0
23 7 193
24 1 0
24 2 294
24 3 0
24 4 219
24 5 50
24 6 0
24 7 258
25 1 0
25 2 191
25 3 0
25 4 110
25 5 33
25 6 0
25 7 128
26 1 0
26 2 494
26 3 0
26 4 330
26 5 76
26 6 0
26 7 377
27 1 0
27 2 206
27 3 0
27 4 142
27 5 41
27 6 0
27 7 172
28 1 0
28 2 187
28 3 0
28 4 142
28 5 33
28 6 0
28 7 151
29 1 0
29 2 260
29 3 0
29 4 167
29 5 42
29 6 0
29 7 150
30 1 0
30 2 116
30 3 0
30 4 86
30 5 24
30 6 0
30 7 85
31 1 0
31 2 150
31 3 0
31 4 96
31 5 25
31 6 0
31 7 103
32 1 0
32 2 105
32 3 0
32 4 68
32 5 21
32 6 0
32 7 74

# Precedence Relations
1 5
2 6
3 9
4 15
5 6
6 7
6 8
6 9
7 21
8 21
9 10
9 11
10 16
11 12
12 13
13 14
13 15
14 16
14 17
15 17
16 18
17 19
18 21
19 20
20 21
21 22
21 23
21 24
22 25
23 32
24 32
25 26
26 27
27 28
28 29
29 30
30 31
31 32

# Parameters
R_e = 0.0500
T = 1894.0
C_s = 4.0
C_w = 36.0
C_c = 5.0
