# Tasks
1 2 3 4 5 6 7 8 9 10 11 12 13 14 15 16 17 18 19 20 21 22 23 24 25 26 27 28 29 30 31 32 33 34 35 36 37 38 39 40 41 42 43 44 45 46 47 48 49 50 51 52 53 54 55 56 57 58 59 60 61 62 63 64 65 66 67 68 69 70 71 72 73 74 75 76 77 78 79 80 81 82 83 84 85 86 87 88 89 90 91 92 93 94 95 96 97 98 99 100 101 102 103 104 105 106 107 108 109 110 111

# Workstations
1 2 3 4 5 6 7 8 9 10 11 12 13 14 15 16 17 18 19 20 21 22 23 24 25 26 27 28 29 30 31 32 33 34 35 36 37 38 39 40 41 42 43 44 45 46 47 48 49 50 51 52 53 54 55 56 57 58 59 60 61 62 63 64 65 66 67 68 69 70 71 72 73 74 75 76 77 78 79 80 81 82 83 84 85 86 87 88 89 90 91 92 93 94 95 96 97 98 99 100 101 102 103 104 105 106 107 108 109 110 111

# Modes
1 2 3 4 5 6 7

# Processing Times
1 1 1960
1 2 4870
1 3 1736
1 4 4314
1 5 1283
1 6 2838
1 7 7051
2 1 1715
2 2 4135
2 3 1628
2 4 3924
2 5 1170
2 6 2396
2 7 5775
3 1 735
3 2 1714
3 3 668
3 4 1556
3 5 508
3 6 1044
3 7 2433
4 1 1715
4 2 3827
4 3 1559
4 4 3477
4 5 1122
4 6 2237
4 7 4991
5 1 490
5 2 972
5 3 464
5 4 919
5 5 311
5 6 629
5 7 1247
6 1 1225
6 2 2683
6 3 1131
6 4 2476
6 5 828
6 6 1710
6 7 3745
7 1 169
7 2 378
7 3 159
7 4 356
7 5 106
7 6 236
7 7 528
8 1 2252
8 2 4298
8 3 1968
8 4 3756
8 5 1276
8 6 2865
8 7 5468
9 1 1225
9 2 2271
9 3 1062
9 4 1969
9 5 819
9 6 1704
9 7 3159
10 1 2319
10 2 4637
10 3 2140
10 4 4278
10 5 1359
10 6 2995
10 7 5988
11 1 1715
11 2 3619
11 3 1559
11 4 3290
11 5 1122
11 6 2160
11 7 4556
12 1 980
12 2 1811
12 3 895
12 4 1653
12 5 662
12 6 1350
12 7 2494
13 1 735
13 2 1482
13 3 653
13 4 1316
13 5 444
13 6 975
13 7 1965
14 1 2281
14 2 4726
14 3 1989
14 4 4121
14 5 1347
14 6 3165
14 7 6556
15 1 2750
15 2 6844
15 3 2481
15 4 6174
15 5 1562
15 6 3821
15 7 9510
16 1 77
16 2 147
16 3 70
16 4 133
16 5 51
16 6 101
16 7 193
17 1 89
17 2 161
17 3 83
17 4 150
17 5 59
17 6 117
17 7 212
18 1 51
18 2 126
18 3 49
18 4 120
18 5 32
18 6 74
18 7 182
19 1 364
19 2 658
19 3 338
19 4 610
19 5 227
19 6 479
19 7 865
20 1 405
20 2 903
20 3 370
20 4 824
20 5 251
20 6 521
20 7 1162
21 1 3060
21 2 6862
21 3 2814
21 4 6309
21 5 2104
21 6 4407
21 7 9882
22 1 125
22 2 298
22 3 109
22 4 258
22 5 83
22 6 166
22 7 396
23 1 3429
23 2 7494
23 3 3091
23 4 6756
23 5 1961
23 6 4341
23 7 9486
24 1 43
24 2 108
24 3 39
24 4 98
24 5 25
24 6 60
24 7 149
25 1 3430
25 2 6177
25 3 3095
25 4 5574
25 5 2241
25 6 4323
25 7 7785
26 1 1960
26 2 4298
26 3 1813
26 4 3976
26 5 1160
26 6 2842
26 7 6232
27 1 29
27 2 66
27 3 26
27 4 58
27 5 18
27 6 42
27 7 95
28 1 27
28 2 59
28 3 24
28 4 53
28 5 18
28 6 38
28 7 82
29 1 15
29 2 33
29 3 14
29 4 29
29 5 9
29 6 22
29 7 47
30 1 121
30 2 262
30 3 110
30 4 237
30 5 67
30 6 161
30 7 347
31 1 1715
31 2 3437
31 3 1608
31 4 3223
31 5 944
31 6 2356
31 7 4722
32 1 2127
32 2 4389
32 3 1863
32 4 3844
32 5 1220
32 6 2663
32 7 5494
33 1 1470
33 2 3115
33 3 1391
33 4 2946
33 5 950
33 6 2023
33 7 4285
34 1 4037
34 2 9852
34 3 3592
34 4 8766
34 5 2717
34 6 5510
34 7 13446
35 1 68
35 2 152
35 3 62
35 4 138
35 5 41
35 6 96
35 7 214
36 1 62
36 2 130
36 3 59
36 4 123
36 5 36
36 6 81
36 7 169
37 1 42
37 2 90
37 3 38
37 4 82
37 5 24
37 6 61
37 7 131
38 1 364
38 2 899
38 3 346
38 4 853
38 5 231
38 6 471
38 7 1163
39 1 4998
39 2 11397
39 3 4728
39 4 10780
39 5 3006
39 6 6386
39 7 14561
40 1 1470
40 2 3269
40 3 1342
40 4 2984
40 5 993
40 6 2109
40 7 4689
41 1 2963
41 2 5516
41 3 2650
41 4 4932
41 5 1731
41 6 3731
41 7 6946
42 1 5689
42 2 10365
42 3 4877
42 4 8885
42 5 3799
42 6 7848
42 7 14298
43 1 68
43 2 149
43 3 64
43 4 139
43 5 40
43 6 93
43 7 203
44 1 18
44 2 44
44 3 16
44 4 38
44 5 12
44 6 24
44 7 59
45 1 10
45 2 22
45 3 9
45 4 20
45 5 6
45 6 14
45 7 31
46 1 81
46 2 179
46 3 77
46 4 170
46 5 49
46 6 111
46 7 245
47 1 5200
47 2 11225
47 3 4514
47 4 9743
47 5 3190
47 6 7016
47 7 15144
48 1 39
48 2 98
48 3 35
48 4 87
48 5 22
48 6 56
48 7 139
49 1 67
49 2 166
49 3 59
49 4 147
49 5 46
49 6 96
49 7 237
50 1 27
50 2 59
50 3 25
50 4 54
50 5 17
50 6 39
50 7 84
51 1 15
51 2 37
51 3 14
51 4 34
51 5 11
51 6 21
51 7 52
52 1 121
52 2 299
52 3 107
52 4 265
52 5 84
52 6 158
52 7 391
53 1 58
53 2 125
53 3 50
53 4 107
53 5 34
53 6 80
53 7 172
54 1 1715
54 2 3108
54 3 1613
54 4 2923
54 5 1131
54 6 2164
54 7 3922
55 1 125
55 2 266
55 3 114
55 4 243
55 5 75
55 6 173
55 7 368
56 1 4010
56 2 9827
56 3 3519
56 4 8623
56 5 2710
56 6 5668
56 7 13889
57 1 1470
57 2 2906
57 3 1358
57 4 2685
57 5 809
57 6 1868
57 7 3692
58 1 1470
58 2 3002
58 3 1393
58 4 2844
58 5 864
58 6 1848
58 7 3773
59 1 2303
59 2 5298
59 3 1997
59 4 4593
59 5 1347
59 6 3282
59 7 7549
60 1 1960
60 2 4271
60 3 1736
60 4 3782
60 5 1270
60 6 2563
60 7 5584
61 1 2205
61 2 5436
61 3 1896
61 4 4673
61 5 1292
61 6 2992
61 7 7376
62 1 4018
62 2 9795
62 3 3723
62 4 9075
62 5 2782
62 6 5233
62 7 12757
63 1 2744
63 2 5462
63 3 2353
63 4 4684
63 5 1834
63 6 3668
63 7 7300
64 1 2999
64 2 7382
64 3 2563
64 4 6309
64 5 2026
64 6 4049
64 7 9966
65 1 735
65 2 1633
65 3 657
65 4 1459
65 5 493
65 6 1004
65 7 2230
66 1 735
66 2 1745
66 3 696
66 4 1651
66 5 460
66 6 926
66 7 2198
67 1 735
67 2 1424
67 3 682
67 4 1321
67 5 479
67 6 945
67 7 1830
68 1 735
68 2 1522
68 3 687
68 4 1422
68 5 494
68 6 936
68 7 1938
69 1 545
69 2 1037
69 3 518
69 4 985
69 5 375
69 6 773
69 7 1470
70 1 3386
70 2 7703
70 3 3042
70 4 6921
70 5 2124
70 6 4494
70 7 10222
71 1 3234
71 2 7677
71 3 3063
71 4 7271
71 5 1845
71 6 4550
71 7 10801
72 1 2205
72 2 5445
72 3 1960
72 4 4839
72 5 1307
72 6 2900
72 7 7161
73 1 2206
73 2 4474
73 3 1910
73 4 3874
73 5 1440
73 6 3191
73 7 6472
74 1 490
74 2 1108
74 3 420
74 4 948
74 5 289
74 6 659
74 7 1489
75 1 825
75 2 1682
75 3 760
75 4 1550
75 5 455
75 6 1091
75 7 2223
76 1 3528
76 2 6401
76 3 3005
76 4 5451
76 5 2383
76 6 4836
76 7 8773
77 1 3568
77 2 8884
77 3 3230
77 4 8042
77 5 2020
77 6 4762
77 7 11855
78 1 1200
78 2 2434
78 3 1119
78 4 2269
78 5 763
78 6 1580
78 7 3204
79 1 618
79 2 1388
79 3 555
79 4 1246
79 5 399
79 6 894
79 7 2008
80 1 1470
80 2 3255
80 3 1268
80 4 2808
80 5 833
80 6 2074
80 7 4592
81 1 1715
81 2 3380
81 3 1462
81 4 2880
81 5 964
81 6 2327
81 7 4585
82 1 735
82 2 1802
82 3 651
82 4 1595
82 5 513
82 6 970
82 7 2376
83 1 1960
83 2 3970
83 3 1788
83 4 3621
83 5 1341
83 6 2591
83 7 5247
84 1 2889
84 2 5445
84 3 2499
84 4 4710
84 5 1807
84 6 3975
84 7 7492
85 1 618
85 2 1246
85 3 534
85 4 1075
85 5 412
85 6 848
85 7 1708
86 1 490
86 2 1161
86 3 444
86 4 1052
86 5 281
86 6 656
86 7 1555
87 1 735
87 2 1798
87 3 627
87 4 1533
87 5 502
87 6 1042
87 7 2549
88 1 490
88 2 1141
88 3 465
88 4 1081
88 5 335
88 6 653
88 7 1520
89 1 921
89 2 1730
89 3 822
89 4 1544
89 5 570
89 6 1306
89 7 2453
90 1 326
90 2 802
90 3 281
90 4 690
90 5 214
90 6 451
90 7 1108
91 1 5390
91 2 10707
91 3 4668
91 4 9272
91 5 2997
91 6 7206
91 7 14314
92 1 243
92 2 581
92 3 219
92 4 524
92 5 169
92 6 314
92 7 750
93 1 371
93 2 800
93 3 335
93 4 722
93 5 244
93 6 465
93 7 1002
94 1 58
94 2 115
94 3 54
94 4 108
94 5 33
94 6 76
94 7 151
95 1 5059
95 2 11915
95 3 4334
95 4 10206
95 5 3426
95 6 6632
95 7 15619
96 1 1225
96 2 2467
96 3 1120
96 4 2256
96 5 834
96 6 1538
96 7 3097
97 1 769
97 2 1506
97 3 721
97 4 1411
97 5 522
97 6 1077
97 7 2110
98 1 768
98 2 1480
98 3 660
98 4 1272
98 5 510
98 6 992
98 7 1911
99 1 1670
99 2 3503
99 3 1526
99 4 3199
99 5 979
99 6 2263
99 7 4746
100 1 1670
100 2 3158
100 3 1493
100 4 2823
100 5 1032
100 6 2372
100 7 4484
101 1 490
101 2 938
101 3 465
101 4 890
101 5 287
101 6 625
101 7 1196
102 1 202
102 2 380
102 3 178
102 4 335
102 5 136
102 6 281
102 7 528
103 1 203
103 2 484
103 3 190
103 4 451
103 5 129
103 6 279
103 7 664
104 1 202
104 2 474
104 3 175
104 4 409
104 5 114
104 6 269
104 7 631
105 1 2744
105 2 6737
105 3 2552
105 4 6265
105 5 1770
105 6 3683
105 7 9043
106 1 162
106 2 312
106 3 142
106 4 272
106 5 102
106 6 219
106 7 421
107 1 324
107 2 590
107 3 297
107 4 541
107 5 184
107 6 408
107 7 743
108 1 162
108 2 350
108 3 147
108 4 317
108 5 100
108 6 222
108 7 479
109 1 121
109 2 301
109 3 114
109 4 283
109 5 73
109 6 153
109 7 380
110 1 162
110 2 383
110 3 153
110 4 362
110 5 91
110 6 211
110 7 497
111 1 91
111 2 167
111 3 83
111 4 152
111 5 57
111 6 117
111 7 214

# Energy Consumption
1 1 0
1 2 1384
1 3 0
1 4 831
1 5 204
1 6 0
1 7 860
2 1 0
2 2 964
2 3 0
2 4 743
2 5 172
2 6 0
2 7 837
3 1 0
3 2 430
3 3 0
3 4 314
3 5 72
3 6 0
3 7 333
4 1 0
4 2 940
4 3 0
4 4 710
4 5 169
4 6 0
4 7 633
5 1 0
5 2 235
5 3 0
5 4 193
5 5 46
5 6 0
5 7 158
6 1 0
6 2 651
6 3 0
6 4 543
6 5 124
6 6 0
6 7 486
7 1 0
7 2 96
7 3 0
7 4 74
7 5 17
7 6 0
7 7 74
8 1 0
8 2 1124
8 3 0
8 4 796
8 5 182
8 6 0
8 7 795
9 1 0
9 2 505
9 3 0
9 4 379
9 5 125
9 6 0
9 7 382
10 1 0
10 2 1190
10 3 0
10 4 897
10 5 205
10 6 0
10 7 731
11 1 0
11 2 867
11 3 0
11 4 623
11 5 160
11 6 0
11 7 566
12 1 0
12 2 451
12 3 0
12 4 319
12 5 98
12 6 0
12 7 301
13 1 0
13 2 434
13 3 0
13 4 248
13 5 68
13 6 0
13 7 275
14 1 0
14 2 1363
14 3 0
14 4 782
14 5 211
14 6 0
14 7 937
15 1 0
15 2 1579
15 3 0
15 4 1174
15 5 239
15 6 0
15 7 1218
16 1 0
16 2 36
16 3 0
16 4 29
16 5 8
16 6 0
16 7 24
17 1 0
17 2 43
17 3 0
17 4 29
17 5 9
17 6 0
17 7 26
18 1 0
18 2 33
18 3 0
18 4 23
18 5 5
18 6 0
18 7 26
19 1 0
19 2 173
19 3 0
19 4 110
19 5 37
19 6 0
19 7 122
20 1 0
20 2 233
20 3 0
20 4 154
20 5 36
20 6 0
20 7 166
21 1 0
21 2 1771
21 3 0
21 4 1373
21 5 310
21 6 0
21 7 1366
22 1 0
22 2 87
22 3 0
22 4 52
22 5 12
22 6 0
22 7 51
23 1 0
23 2 2072
23 3 0
23 4 1471
23 5 280
23 6 0
23 7 1210
24 1 0
24 2 26
24 3 0
24 4 19
24 5 4
24 6 0
24 7 22
25 1 0
25 2 1710
25 3 0
25 4 1032
25 5 327
25 6 0
25 7 1116
26 1 0
26 2 1128
26 3 0
26 4 738
26 5 171
26 6 0
26 7 899
27 1 0
27 2 16
27 3 0
27 4 11
27 5 3
27 6 0
27 7 14
28 1 0
28 2 15
28 3 0
28 4 11
28 5 3
28 6 0
28 7 13
29 1 0
29 2 10
29 3 0
29 4 6
29 5 2
29 6 0
29 7 6
30 1 0
30 2 60
30 3 0
30 4 45
30 5 10
30 6 0
30 7 45
31 1 0
31 2 997
31 3 0
31 4 641
31 5 150
31 6 0
31 7 672
32 1 0
32 2 1131
32 3 0
32 4 730
32 5 187
32 6 0
32 7 720
33 1 0
33 2 818
33 3 0
33 4 628
33 5 141
33 6 0
33 7 569
34 1 0
34 2 2690
34 3 0
34 4 1878
34 5 411
34 6 0
34 7 1878
35 1 0
35 2 45
35 3 0
35 4 26
35 5 7
35 6 0
35 7 29
36 1 0
36 2 38
36 3 0
36 4 23
36 5 6
36 6 0
36 7 21
37 1 0
37 2 22
37 3 0
37 4 16
37 5 4
37 6 0
37 7 20
38 1 0
38 2 266
38 3 0
38 4 186
38 5 35
38 6 0
38 7 167
39 1 0
39 2 3413
39 3 0
39 4 2212
39 5 476
39 6 0
39 7 1907
40 1 0
40 2 819
40 3 0
40 4 613
40 5 155
40 6 0
40 7 683
41 1 0
41 2 1546
41 3 0
41 4 1048
41 5 264
41 6 0
41 7 944
42 1 0
42 2 2894
42 3 0
42 4 1781
42 5 576
42 6 0
42 7 2005
43 1 0
43 2 42
43 3 0
43 4 30
43 5 7
43 6 0
43 7 30
44 1 0
44 2 13
44 3 0
44 4 8
44 5 2
44 6 0
44 7 8
45 1 0
45 2 5
45 3 0
45 4 4
45 5 1
45 6 0
45 7 5
46 1 0
46 2 49
46 3 0
46 4 36
46 5 8
46 6 0
46 7 36
47 1 0
47 2 2615
47 3 0
47 4 1975
47 5 496
47 6 0
47 7 2236
48 1 0
48 2 25
48 3 0
48 4 19
48 5 4
48 6 0
48 7 21
49 1 0
49 2 48
49 3 0
49 4 29
49 5 7
49 6 0
49 7 34
50 1 0
50 2 18
50 3 0
50 4 11
50 5 3
50 6 0
50 7 11
51 1 0
51 2 11
51 3 0
51 4 8
51 5 2
51 6 0
51 7 7
52 1 0
52 2 71
52 3 0
52 4 50
52 5 13
52 6 0
52 7 49
53 1 0
53 2 31
53 3 0
53 4 22
53 5 6
53 6 0
53 7 26
54 1 0
54 2 724
54 3 0
54 4 621
54 5 174
54 6 0
54 7 549
55 1 0
55 2 64
55 3 0
55 4 46
55 5 11
55 6 0
55 7 56
56 1 0
56 2 2413
56 3 0
56 4 1770
56 5 431
56 6 0
56 7 1673
57 1 0
57 2 698
57 3 0
57 4 576
57 5 116
57 6 0
57 7 509
58 1 0
58 2 709
58 3 0
58 4 545
58 5 131
58 6 0
58 7 494
59 1 0
59 2 1390
59 3 0
59 4 845
59 5 213
59 6 0
59 7 996
60 1 0
60 2 1215
60 3 0
60 4 694
60 5 198
60 6 0
60 7 673
61 1 0
61 2 1403
61 3 0
61 4 894
61 5 194
61 6 0
61 7 948
62 1 0
62 2 2236
62 3 0
62 4 1823
62 5 424
62 6 0
62 7 1736
63 1 0
63 2 1467
63 3 0
63 4 988
63 5 285
63 6 0
63 7 1010
64 1 0
64 2 1965
64 3 0
64 4 1227
64 5 289
64 6 0
64 7 1441
65 1 0
65 2 370
65 3 0
65 4 286
65 5 74
65 6 0
65 7 325
66 1 0
66 2 414
66 3 0
66 4 317
66 5 72
66 6 0
66 7 312
67 1 0
67 2 365
67 3 0
67 4 291
67 5 73
67 6 0
67 7 267
68 1 0
68 2 439
68 3 0
68 4 296
68 5 79
68 6 0
68 7 277
69 1 0
69 2 243
69 3 0
69 4 199
69 5 59
69 6 0
69 7 217
70 1 0
70 2 2105
70 3 0
70 4 1366
70 5 333
70 6 0
70 7 1228
71 1 0
71 2 2040
71 3 0
71 4 1341
71 5 292
71 6 0
71 7 1323
72 1 0
72 2 1549
72 3 0
72 4 935
72 5 192
72 6 0
72 7 1055
73 1 0
73 2 1053
73 3 0
73 4 824
73 5 231
73 6 0
73 7 859
74 1 0
74 2 323
74 3 0
74 4 206
74 5 43
74 6 0
74 7 209
75 1 0
75 2 387
75 3 0
75 4 334
75 5 65
75 6 0
75 7 295
76 1 0
76 2 1896
76 3 0
76 4 1001
76 5 360
76 6 0
76 7 1288
77 1 0
77 2 2217
77 3 0
77 4 1598
77 5 317
77 6 0
77 7 1584
78 1 0
78 2 625
78 3 0
78 4 419
78 5 112
78 6 0
78 7 400
79 1 0
79 2 359
79 3 0
79 4 244
79 5 63
79 6 0
79 7 243
80 1 0
80 2 908
80 3 0
80 4 561
80 5 131
80 6 0
80 7 585
81 1 0
81 2 1004
81 3 0
81 4 627
81 5 143
81 6 0
81 7 681
82 1 0
82 2 492
82 3 0
82 4 299
82 5 75
82 6 0
82 7 328
83 1 0
83 2 986
83 3 0
83 4 724
83 5 212
83 6 0
83 7 641
84 1 0
84 2 1577
84 3 0
84 4 908
84 5 280
84 6 0
84 7 967
85 1 0
85 2 277
85 3 0
85 4 214
85 5 64
85 6 0
85 7 227
86 1 0
86 2 316
86 3 0
86 4 211
86 5 40
86 6 0
86 7 191
87 1 0
87 2 451
87 3 0
87 4 310
87 5 77
87 6 0
87 7 367
88 1 0
88 2 285
88 3 0
88 4 212
88 5 51
88 6 0
88 7 183
89 1 0
89 2 455
89 3 0
89 4 323
89 5 90
89 6 0
89 7 329
90 1 0
90 2 192
90 3 0
90 4 145
90 5 34
90 6 0
90 7 142
91 1 0
91 2 2534
91 3 0
91 4 1956
91 5 423
91 6 0
91 7 1722
92 1 0
92 2 137
92 3 0
92 4 108
92 5 24
92 6 0
92 7 103
93 1 0
93 2 218
93 3 0
93 4 134
93 5 39
93 6 0
93 7 139
94 1 0
94 2 31
94 3 0
94 4 21
94 5 6
94 6 0
94 7 22
95 1 0
95 2 3529
95 3 0
95 4 2243
95 5 540
95 6 0
95 7 1960
96 1 0
96 2 660
96 3 0
96 4 409
96 5 129
96 6 0
96 7 392
97 1 0
97 2 339
97 3 0
97 4 264
97 5 74
97 6 0
97 7 311
98 1 0
98 2 343
98 3 0
98 4 268
98 5 73
98 6 0
98 7 255
99 1 0
99 2 898
99 3 0
99 4 628
99 5 153
99 6 0
99 7 661
100 1 0
100 2 883
100 3 0
100 4 528
100 5 147
100 6 0
100 7 649
101 1 0
101 2 260
101 3 0
101 4 169
101 5 44
101 6 0
101 7 169
102 1 0
102 2 94
102 3 0
102 4 66
102 5 20
102 6 0
102 7 66
103 1 0
103 2 129
103 3 0
103 4 90
103 5 20
103 6 0
103 7 98
104 1 0
104 2 124
104 3 0
104 4 78
104 5 18
104 6 0
104 7 91
105 1 0
105 2 1684
105 3 0
105 4 1143
105 5 267
105 6 0
105 7 1317
106 1 0
106 2 70
106 3 0
106 4 58
106 5 15
106 6 0
106 7 60
107 1 0
107 2 159
107 3 0
107 4 114
107 5 28
107 6 0
107 7 110
108 1 0
108 2 92
108 3 0
108 4 66
108 5 15
108 6 0
108 7 60
109 1 0
109 2 74
109 3 0
109 4 59
109 5 11
109 6 0
109 7 48
110 1 0
110 2 92
110 3 0
110 4 69
110 5 14
110 6 0
110 7 70
111 1 0
111 2 47
111 3 0
111 4 33
111 5 9
111 6 0
111 7 32

# Precedence Relations
1 2
2 3
3 4
4 5
4 6
4 7
4 8
4 9
4 10
5 39
6 39
7 83
8 71
9 32
10 11
10 12
11 13
11 14
11 15
11 16
11 17
11 18
11 19
11 20
11 21
12 13
12 14
12 15
12 16
12 17
12 18
12 19
12 20
12 21
13 71
14 22
14 23
14 24
14 25
15 26
16 27
17 28
18 29
19 30
20 91
21 111
22 31
22 83
23 32
23 33
24 69
24 70
25 34
26 82
27 35
28 36
29 37
30 38
31 39
32 41
33 111
34 42
35 43
36 44
36 91
37 45
37 91
38 46
38 91
39 40
40 111
41 69
41 70
42 47
43 48
43 49
44 50
45 51
46 52
47 54
47 55
47 56
47 57
47 58
47 59
47 60
48 53
49 91
50 111
51 111
52 111
53 111
54 69
54 70
55 61
55 62
55 63
56 63
56 64
57 65
57 91
58 66
58 91
59 67
59 91
60 68
60 91
61 69
61 70
62 71
63 111
64 72
65 111
66 111
67 111
68 111
69 77
69 78
70 73
71 91
72 74
73 75
74 76
75 77
75 78
75 79
76 80
76 81
76 82
77 83
78 84
79 85
80 86
80 91
81 87
81 91
82 111
83 91
84 88
84 89
84 91
85 111
86 111
87 90
88 105
89 105
90 111
91 92
91 93
91 94
92 95
93 95
94 95
95 96
95 97
95 98
95 99
95 100
95 104
96 101
97 102
98 103
99 111
100 111
101 105
102 106
102 107
103 107
103 108
104 111
105 111
106 109
107 111
108 110
109 111
110 111

# Parameters
R_e = 0.0500
T = 16399.95
C_s = 4.0
C_w = 36.0
C_c = 5.0
