# Tasks
1 2 3 4 5 6 7 8 9 10 11 12 13 14 15 16 17 18 19 20

# Workstations
1 2 3 4 5 6 7 8 9 10 11 12 13 14 15 16 17 18 19 20

# Modes
1 2 3 4 5 6 7

# Processing Times
1 1 471
1 2 988
1 3 468
1 4 982
1 5 421
1 6 515
1 7 1080
2 1 570
2 2 1195
2 3 567
2 4 1188
2 5 509
2 6 623
2 7 1306
3 1 335
3 2 703
3 3 333
3 4 699
3 5 300
3 6 367
3 7 769
4 1 590
4 2 1237
4 3 587
4 4 1230
4 5 527
4 6 645
4 7 1352
5 1 564
5 2 1183
5 3 561
5 4 1176
5 5 504
5 6 617
5 7 1293
6 1 599
6 2 1256
6 3 596
6 4 1248
6 5 535
6 6 655
6 7 1373
7 1 494
7 2 1036
7 3 491
7 4 1030
7 5 441
7 6 540
7 7 1132
8 1 547
8 2 1147
8 3 544
8 4 1140
8 5 489
8 6 598
8 7 1254
9 1 714
9 2 1497
9 3 710
9 4 1488
9 5 638
9 6 781
9 7 1636
10 1 524
10 2 1099
10 3 521
10 4 1092
10 5 468
10 6 573
10 7 1201
11 1 646
11 2 1355
11 3 642
11 4 1347
11 5 577
11 6 706
11 7 1481
12 1 564
12 2 1183
12 3 561
12 4 1176
12 5 504
12 6 617
12 7 1293
13 1 314
13 2 659
13 3 312
13 4 655
13 5 281
13 6 344
13 7 721
14 1 372
14 2 780
14 3 370
14 4 776
14 5 333
14 6 407
14 7 853
15 1 653
15 2 1369
15 3 649
15 4 1361
15 5 583
15 6 714
15 7 1496
16 1 732
16 2 1535
16 3 728
16 4 1526
16 5 654
16 6 800
16 7 1678
17 1 471
17 2 988
17 3 468
17 4 982
17 5 421
17 6 515
17 7 1080
18 1 281
18 2 590
18 3 280
18 4 587
18 5 251
18 6 308
18 7 645
19 1 381
19 2 799
19 3 379
19 4 794
19 5 341
19 6 417
19 7 873
20 1 638
20 2 1338
20 3 634
20 4 1330
20 5 570
20 6 698
20 7 1462

# Energy Consumption
1 1 0
1 2 251
1 3 0
1 4 202
1 5 63
1 6 0
1 7 160
2 1 0
2 2 301
2 3 0
2 4 255
2 5 81
2 6 0
2 7 185
3 1 0
3 2 181
3 3 0
3 4 146
3 5 48
3 6 0
3 7 97
4 1 0
4 2 332
4 3 0
4 4 249
4 5 81
4 6 0
4 7 167
5 1 0
5 2 287
5 3 0
5 4 212
5 5 81
5 6 0
5 7 157
6 1 0
6 2 339
6 3 0
6 4 235
6 5 80
6 6 0
6 7 177
7 1 0
7 2 257
7 3 0
7 4 189
7 5 68
7 6 0
7 7 170
8 1 0
8 2 336
8 3 0
8 4 237
8 5 74
8 6 0
8 7 179
9 1 0
9 2 427
9 3 0
9 4 279
9 5 92
9 6 0
9 7 218
10 1 0
10 2 317
10 3 0
10 4 233
10 5 73
10 6 0
10 7 170
11 1 0
11 2 299
11 3 0
11 4 283
11 5 92
11 6 0
11 7 179
12 1 0
12 2 277
12 3 0
12 4 259
12 5 81
12 6 0
12 7 177
13 1 0
13 2 189
13 3 0
13 4 121
13 5 44
13 6 0
13 7 107
14 1 0
14 2 200
14 3 0
14 4 143
14 5 52
14 6 0
14 7 104
15 1 0
15 2 354
15 3 0
15 4 266
15 5 90
15 6 0
15 7 190
16 1 0
16 2 392
16 3 0
16 4 297
16 5 95
16 6 0
16 7 214
17 1 0
17 2 261
17 3 0
17 4 187
17 5 68
17 6 0
17 7 130
18 1 0
18 2 172
18 3 0
18 4 119
18 5 38
18 6 0
18 7 92
19 1 0
19 2 233
19 3 0
19 4 144
19 5 51
19 6 0
19 7 131
20 1 0
20 2 319
20 3 0
20 4 266
20 5 81
20 6 0
20 7 218

# Precedence Relations
1 5
1 6
2 5
3 4
4 14
5 7
5 8
5 9
7 10
7 11
8 12
8 13
10 14
11 14
12 14
13 15
14 16
14 17
14 18
14 19
14 20

# Parameters
R_e = 0.0500
T = 1761.9
C_s = 4.0
C_w = 36.0
C_c = 5.0
