# Tasks
1 2 3 4 5 6 7 8 9 10 11 12 13 14 15 16 17 18 19 20

# Workstations
1 2 3 4 5 6 7 8 9 10 11 12 13 14 15 16 17 18 19 20

# Modes
1 2 3 4 5 6 7

# Processing Times
1 1 374
1 2 569
1 3 378
1 4 575
1 5 163
1 6 502
1 7 763
2 1 318
2 2 414
2 3 327
2 4 426
2 5 124
2 6 401
2 7 522
3 1 153
3 2 234
3 3 153
3 4 233
3 5 55
3 6 209
3 7 320
4 1 182
4 2 255
4 3 181
4 4 253
4 5 79
4 6 256
4 7 359
5 1 168
5 2 246
5 3 168
5 4 246
5 5 59
5 6 241
5 7 353
6 1 313
6 2 392
6 3 300
6 4 376
6 5 98
6 6 417
6 7 522
7 1 159
7 2 197
7 3 157
7 4 194
7 5 52
7 6 220
7 7 272
8 1 166
8 2 222
8 3 167
8 4 223
8 5 72
8 6 233
8 7 312
9 1 55
9 2 86
9 3 54
9 4 83
9 5 24
9 6 78
9 7 121
10 1 242
10 2 322
10 3 243
10 4 324
10 5 92
10 6 338
10 7 449
11 1 76
11 2 111
11 3 77
11 4 113
11 5 31
11 6 103
11 7 150
12 1 177
12 2 256
12 3 184
12 4 266
12 5 59
12 6 249
12 7 360
13 1 166
13 2 246
13 3 170
13 4 252
13 5 57
13 6 214
13 7 317
14 1 119
14 2 189
14 3 120
14 4 190
14 5 49
14 6 166
14 7 264
15 1 150
15 2 226
15 3 157
15 4 236
15 5 47
15 6 211
15 7 317
16 1 303
16 2 459
16 3 304
16 4 460
16 5 104
16 6 407
16 7 616
17 1 138
17 2 217
17 3 140
17 4 219
17 5 52
17 6 193
17 7 304
18 1 52
18 2 72
18 3 54
18 4 74
18 5 21
18 6 70
18 7 97
19 1 48
19 2 73
19 3 48
19 4 73
19 5 17
19 6 65
19 7 99
20 1 146
20 2 207
20 3 144
20 4 205
20 5 55
20 6 205
20 7 290

# Energy Consumption
1 1 0
1 2 130
1 3 0
1 4 115
1 5 24
1 6 0
1 7 107
2 1 0
2 2 93
2 3 0
2 4 87
2 5 19
2 6 0
2 7 68
3 1 0
3 2 68
3 3 0
3 4 44
3 5 9
3 6 0
3 7 39
4 1 0
4 2 60
4 3 0
4 4 54
4 5 12
4 6 0
4 7 50
5 1 0
5 2 67
5 3 0
5 4 47
5 5 10
5 6 0
5 7 49
6 1 0
6 2 108
6 3 0
6 4 80
6 5 15
6 6 0
6 7 70
7 1 0
7 2 54
7 3 0
7 4 42
7 5 9
7 6 0
7 7 37
8 1 0
8 2 61
8 3 0
8 4 49
8 5 11
8 6 0
8 7 39
9 1 0
9 2 21
9 3 0
9 4 16
9 5 4
9 6 0
9 7 16
10 1 0
10 2 81
10 3 0
10 4 63
10 5 14
10 6 0
10 7 64
11 1 0
11 2 32
11 3 0
11 4 21
11 5 5
11 6 0
11 7 21
12 1 0
12 2 65
12 3 0
12 4 56
12 5 9
12 6 0
12 7 44
13 1 0
13 2 62
13 3 0
13 4 53
13 5 10
13 6 0
13 7 44
14 1 0
14 2 45
14 3 0
14 4 36
14 5 8
14 6 0
14 7 40
15 1 0
15 2 62
15 3 0
15 4 46
15 5 7
15 6 0
15 7 46
16 1 0
16 2 104
16 3 0
16 4 89
16 5 17
16 6 0
16 7 75
17 1 0
17 2 65
17 3 0
17 4 42
17 5 8
17 6 0
17 7 45
18 1 0
18 2 18
18 3 0
18 4 17
18 5 4
18 6 0
18 7 13
19 1 0
19 2 21
19 3 0
19 4 15
19 5 3
19 6 0
19 7 15
20 1 0
20 2 62
20 3 0
20 4 42
20 5 9
20 6 0
20 7 36

# Precedence Relations
1 11
2 4
2 5
2 6
3 4
3 6
3 7
4 11
5 8
5 9
5 10
6 20
7 12
7 13
7 18
8 11
9 11
10 12
10 13
11 14
11 15
11 16
11 17
11 18
13 19
15 19
15 20
17 19
17 20
18 19

# Parameters
R_e = 0.0500
T = 1000.0
C_s = 4.0
C_w = 36.0
C_c = 5.0
