# Tasks
1 2 3 4 5 6 7 8 9 10 11 12 13 14 15 16 17 18 19 20 21 22 23 24 25 26 27 28 29 30 31 32 33 34 35 36 37 38 39 40 41 42 43 44 45 46 47 48 49 50 51 52 53

# Workstations
1 2 3 4 5 6 7 8 9 10 11 12 13 14 15 16 17 18 19 20 21 22 23 24 25 26 27 28 29 30 31 32 33 34 35 36 37 38 39 40 41 42 43 44 45 46 47 48 49 50 51 52 53

# Modes
1 2 3 4 5 6 7

# Processing Times
1 1 971
1 2 955
1 3 1000
1 4 983
1 5 577
1 6 1077
1 7 1059
2 1 142
2 2 140
2 3 147
2 4 145
2 5 85
2 6 158
2 7 156
3 1 142
3 2 140
3 3 147
3 4 145
3 5 85
3 6 158
3 7 156
4 1 142
4 2 140
4 3 147
4 4 145
4 5 85
4 6 158
4 7 156
5 1 103
5 2 102
5 3 107
5 4 105
5 5 62
5 6 115
5 7 114
6 1 96
6 2 95
6 3 99
6 4 98
6 5 58
6 6 107
6 7 106
7 1 99
7 2 98
7 3 102
7 4 101
7 5 59
7 6 110
7 7 109
8 1 1207
8 2 1187
8 3 1243
8 4 1222
8 5 717
8 6 1338
8 7 1316
9 1 160
9 2 158
9 3 165
9 4 163
9 5 96
9 6 178
9 7 176
10 1 180
10 2 178
10 3 186
10 4 184
10 5 107
10 6 200
10 7 198
11 1 82
11 2 81
11 3 85
11 4 84
11 5 49
11 6 91
11 7 90
12 1 60
12 2 60
12 3 62
12 4 62
12 5 36
12 6 67
12 7 67
13 1 112
13 2 111
13 3 116
13 4 115
13 5 67
13 6 125
13 7 124
14 1 420
14 2 414
14 3 433
14 4 427
14 5 250
14 6 466
14 7 459
15 1 1556
15 2 1531
15 3 1602
15 4 1576
15 5 925
15 6 1725
15 7 1697
16 1 236
16 2 233
16 3 243
16 4 240
16 5 141
16 6 262
16 7 259
17 1 259
17 2 255
17 3 267
17 4 263
17 5 154
17 6 288
17 7 283
18 1 125
18 2 123
18 3 129
18 4 127
18 5 75
18 6 139
18 7 137
19 1 601
19 2 592
19 3 619
19 4 610
19 5 357
19 6 667
19 7 657
20 1 80
20 2 79
20 3 83
20 4 82
20 5 48
20 6 89
20 7 88
21 1 80
21 2 79
21 3 83
21 4 82
21 5 48
21 6 89
21 7 88
22 1 70
22 2 69
22 3 73
22 4 72
22 5 42
22 6 78
22 7 77
23 1 89
23 2 88
23 3 92
23 4 91
23 5 53
23 6 99
23 7 98
24 1 89
24 2 88
24 3 92
24 4 91
24 5 53
24 6 99
24 7 98
25 1 105
25 2 104
25 3 109
25 4 108
25 5 63
25 6 117
25 7 116
26 1 330
26 2 325
26 3 340
26 4 335
26 5 197
26 6 366
26 7 361
27 1 132
27 2 130
27 3 136
27 4 134
27 5 79
27 6 147
27 7 145
28 1 69
28 2 68
28 3 72
28 4 70
28 5 41
28 6 77
28 7 76
29 1 99
29 2 98
29 3 102
29 4 101
29 5 59
29 6 110
29 7 109
30 1 70
30 2 69
30 3 73
30 4 72
30 5 42
30 6 78
30 7 77
31 1 70
31 2 69
31 3 73
31 4 72
31 5 42
31 6 78
31 7 77
32 1 158
32 2 156
32 3 163
32 4 161
32 5 94
32 6 176
32 7 173
33 1 191
33 2 188
33 3 197
33 4 194
33 5 114
33 6 212
33 7 209
34 1 70
34 2 69
34 3 73
34 4 72
34 5 42
34 6 78
34 7 77
35 1 53
35 2 53
35 3 55
35 4 55
35 5 32
35 6 59
35 7 59
36 1 50
36 2 50
36 3 52
36 4 52
36 5 30
36 6 56
36 7 56
37 1 125
37 2 123
37 3 129
37 4 127
37 5 75
37 6 139
37 7 137
38 1 353
38 2 348
38 3 364
38 4 359
38 5 210
38 6 392
38 7 386
39 1 70
39 2 69
39 3 73
39 4 72
39 5 42
39 6 78
39 7 77
40 1 128
40 2 126
40 3 132
40 4 130
40 5 77
40 6 142
40 7 140
41 1 65
41 2 64
41 3 67
41 4 66
41 5 39
41 6 73
41 7 71
42 1 1775
42 2 1746
42 3 1828
42 4 1798
42 5 1055
42 6 1968
42 7 1936
43 1 91
43 2 90
43 3 94
43 4 93
43 5 55
43 6 101
43 7 100
44 1 91
44 2 90
44 3 94
44 4 93
44 5 55
44 6 101
44 7 100
45 1 113
45 2 112
45 3 117
45 4 116
45 5 68
45 6 126
45 7 125
46 1 487
46 2 479
46 3 502
46 4 494
46 5 290
46 6 540
46 7 531
47 1 138
47 2 136
47 3 143
47 4 140
47 5 82
47 6 153
47 7 151
48 1 80
48 2 79
48 3 83
48 4 82
48 5 48
48 6 89
48 7 88
49 1 80
49 2 79
49 3 83
49 4 82
49 5 48
49 6 89
49 7 88
50 1 65
50 2 64
50 3 67
50 4 66
50 5 39
50 6 73
50 7 71
51 1 40
51 2 40
51 3 42
51 4 42
51 5 24
51 6 45
51 7 45
52 1 742
52 2 730
52 3 764
52 4 752
52 5 441
52 6 823
52 7 810
53 1 1085
53 2 1067
53 3 1117
53 4 1099
53 5 645
53 6 1203
53 7 1183

# Energy Consumption
1 1 0
1 2 251
1 3 0
1 4 189
1 5 90
1 6 0
1 7 129
2 1 0
2 2 34
2 3 0
2 4 32
2 5 13
2 6 0
2 7 20
3 1 0
3 2 37
3 3 0
3 4 31
3 5 13
3 6 0
3 7 23
4 1 0
4 2 42
4 3 0
4 4 28
4 5 13
4 6 0
4 7 22
5 1 0
5 2 24
5 3 0
5 4 21
5 5 10
5 6 0
5 7 15
6 1 0
6 2 23
6 3 0
6 4 20
6 5 9
6 6 0
6 7 14
7 1 0
7 2 22
7 3 0
7 4 19
7 5 9
7 6 0
7 7 14
8 1 0
8 2 351
8 3 0
8 4 253
8 5 115
8 6 0
8 7 193
9 1 0
9 2 43
9 3 0
9 4 36
9 5 16
9 6 0
9 7 24
10 1 0
10 2 50
10 3 0
10 4 38
10 5 17
10 6 0
10 7 26
11 1 0
11 2 22
11 3 0
11 4 16
11 5 8
11 6 0
11 7 13
12 1 0
12 2 16
12 3 0
12 4 13
12 5 6
12 6 0
12 7 9
13 1 0
13 2 32
13 3 0
13 4 25
13 5 10
13 6 0
13 7 17
14 1 0
14 2 123
14 3 0
14 4 85
14 5 38
14 6 0
14 7 69
15 1 0
15 2 455
15 3 0
15 4 299
15 5 137
15 6 0
15 7 245
16 1 0
16 2 59
16 3 0
16 4 52
16 5 22
16 6 0
16 7 37
17 1 0
17 2 67
17 3 0
17 4 55
17 5 23
17 6 0
17 7 37
18 1 0
18 2 33
18 3 0
18 4 25
18 5 12
18 6 0
18 7 20
19 1 0
19 2 134
19 3 0
19 4 122
19 5 54
19 6 0
19 7 93
20 1 0
20 2 22
20 3 0
20 4 17
20 5 8
20 6 0
20 7 11
21 1 0
21 2 23
21 3 0
21 4 16
21 5 8
21 6 0
21 7 13
22 1 0
22 2 19
22 3 0
22 4 15
22 5 7
22 6 0
22 7 12
23 1 0
23 2 24
23 3 0
23 4 18
23 5 9
23 6 0
23 7 13
24 1 0
24 2 24
24 3 0
24 4 20
24 5 9
24 6 0
24 7 14
25 1 0
25 2 28
25 3 0
25 4 21
25 5 10
25 6 0
25 7 15
26 1 0
26 2 97
26 3 0
26 4 65
26 5 29
26 6 0
26 7 50
27 1 0
27 2 33
27 3 0
27 4 25
27 5 12
27 6 0
27 7 18
28 1 0
28 2 20
28 3 0
28 4 15
28 5 7
28 6 0
28 7 12
29 1 0
29 2 26
29 3 0
29 4 22
29 5 10
29 6 0
29 7 15
30 1 0
30 2 20
30 3 0
30 4 14
30 5 7
30 6 0
30 7 11
31 1 0
31 2 17
31 3 0
31 4 15
31 5 7
31 6 0
31 7 12
32 1 0
32 2 40
32 3 0
32 4 31
32 5 15
32 6 0
32 7 23
33 1 0
33 2 49
33 3 0
33 4 40
33 5 18
33 6 0
33 7 27
34 1 0
34 2 16
34 3 0
34 4 16
34 5 7
34 6 0
34 7 10
35 1 0
35 2 12
35 3 0
35 4 11
35 5 5
35 6 0
35 7 8
36 1 0
36 2 12
36 3 0
36 4 10
36 5 5
36 6 0
36 7 9
37 1 0
37 2 32
37 3 0
37 4 27
37 5 11
37 6 0
37 7 17
38 1 0
38 2 93
38 3 0
38 4 77
38 5 32
38 6 0
38 7 48
39 1 0
39 2 19
39 3 0
39 4 14
39 5 7
39 6 0
39 7 11
40 1 0
40 2 30
40 3 0
40 4 25
40 5 12
40 6 0
40 7 19
41 1 0
41 2 17
41 3 0
41 4 15
41 5 6
41 6 0
41 7 10
42 1 0
42 2 434
42 3 0
42 4 338
42 5 149
42 6 0
42 7 278
43 1 0
43 2 22
43 3 0
43 4 20
43 5 9
43 6 0
43 7 14
44 1 0
44 2 23
44 3 0
44 4 18
44 5 8
44 6 0
44 7 14
45 1 0
45 2 34
45 3 0
45 4 26
45 5 10
45 6 0
45 7 18
46 1 0
46 2 114
46 3 0
46 4 94
46 5 46
46 6 0
46 7 66
47 1 0
47 2 33
47 3 0
47 4 28
47 5 12
47 6 0
47 7 21
48 1 0
48 2 21
48 3 0
48 4 18
48 5 8
48 6 0
48 7 14
49 1 0
49 2 22
49 3 0
49 4 17
49 5 8
49 6 0
49 7 13
50 1 0
50 2 19
50 3 0
50 4 13
50 5 6
50 6 0
50 7 10
51 1 0
51 2 12
51 3 0
51 4 8
51 5 4
51 6 0
51 7 6
52 1 0
52 2 166
52 3 0
52 4 139
52 5 64
52 6 0
52 7 107
53 1 0
53 2 289
53 3 0
53 4 229
53 5 91
53 6 0
53 7 168

# Precedence Relations
1 2
1 3
1 4
1 5
1 6
1 7
2 36
3 36
4 9
5 9
6 9
7 9
8 9
9 10
10 11
11 12
12 13
12 14
12 15
13 16
13 17
13 18
14 22
15 16
15 17
16 29
16 30
16 31
17 19
18 42
19 20
19 21
19 22
20 23
21 24
22 25
23 36
24 36
25 26
26 27
27 28
28 29
28 30
28 31
28 32
28 33
28 34
29 35
30 35
31 35
32 35
33 35
34 35
35 36
36 37
37 38
37 39
37 40
38 41
39 41
40 41
41 42
42 43
42 44
42 45
42 46
42 47
43 48
44 49
45 51
45 52
46 50
47 51
47 52
48 51
48 52
49 51
49 52
50 51
50 52
51 53
52 53

# Parameters
R_e = 0.0500
T = 10000.0
C_s = 4.0
C_w = 36.0
C_c = 5.0
