# Tasks
1 2 3 4 5 6 7 8 9 10 11 12 13 14 15 16 17 18 19 20

# Workstations
1 2 3 4 5 6 7 8 9 10 11 12 13 14 15 16 17 18 19 20

# Modes
1 2 3 4 5 6 7

# Processing Times
1 1 209
1 2 220
1 3 181
1 4 191
1 5 78
1 6 211
1 7 222
2 1 93
2 2 101
2 3 87
2 4 94
2 5 37
2 6 102
2 7 110
3 1 197
3 2 205
3 3 172
3 4 179
3 5 64
3 6 201
3 7 210
4 1 223
4 2 222
4 3 199
4 4 198
4 5 68
4 6 234
4 7 233
5 1 75
5 2 82
5 3 71
5 4 77
5 5 31
5 6 80
5 7 88
6 1 92
6 2 82
6 3 84
6 4 75
6 5 37
6 6 95
6 7 85
7 1 36
7 2 33
7 3 34
7 4 31
7 5 11
7 6 39
7 7 36
8 1 27
8 2 27
8 3 25
8 4 25
8 5 11
8 6 29
8 7 29
9 1 26
9 2 27
9 3 25
9 4 26
9 5 10
9 6 27
9 7 29
10 1 114
10 2 98
10 3 106
10 4 92
10 5 41
10 6 117
10 7 100
11 1 128
11 2 118
11 3 119
11 4 110
11 5 47
11 6 133
11 7 123
12 1 229
12 2 245
12 3 216
12 4 231
12 5 90
12 6 240
12 7 257
13 1 383
13 2 376
13 3 342
13 4 336
13 5 155
13 6 384
13 7 377
14 1 113
14 2 109
14 3 101
14 4 98
14 5 49
14 6 119
14 7 115
15 1 217
15 2 209
15 3 190
15 4 183
15 5 86
15 6 223
15 7 214
16 1 306
16 2 274
16 3 265
16 4 238
16 5 125
16 6 311
16 7 279
17 1 50
17 2 46
17 3 44
17 4 40
17 5 19
17 6 53
17 7 49
18 1 125
18 2 135
18 3 107
18 4 116
18 5 43
18 6 136
18 7 146
19 1 68
19 2 73
19 3 59
19 4 64
19 5 24
19 6 72
19 7 77
20 1 120
20 2 122
20 3 103
20 4 105
20 5 53
20 6 124
20 7 126

# Energy Consumption
1 1 0
1 2 55
1 3 0
1 4 38
1 5 12
1 6 0
1 7 32
2 1 0
2 2 24
2 3 0
2 4 20
2 5 6
2 6 0
2 7 16
3 1 0
3 2 50
3 3 0
3 4 33
3 5 10
3 6 0
3 7 31
4 1 0
4 2 65
4 3 0
4 4 37
4 5 11
4 6 0
4 7 34
5 1 0
5 2 25
5 3 0
5 4 16
5 5 5
5 6 0
5 7 13
6 1 0
6 2 24
6 3 0
6 4 15
6 5 6
6 6 0
6 7 12
7 1 0
7 2 8
7 3 0
7 4 7
7 5 2
7 6 0
7 7 6
8 1 0
8 2 8
8 3 0
8 4 6
8 5 2
8 6 0
8 7 4
9 1 0
9 2 7
9 3 0
9 4 6
9 5 2
9 6 0
9 7 5
10 1 0
10 2 25
10 3 0
10 4 20
10 5 6
10 6 0
10 7 14
11 1 0
11 2 28
11 3 0
11 4 24
11 5 8
11 6 0
11 7 18
12 1 0
12 2 61
12 3 0
12 4 49
12 5 14
12 6 0
12 7 38
13 1 0
13 2 92
13 3 0
13 4 66
13 5 25
13 6 0
13 7 49
14 1 0
14 2 27
14 3 0
14 4 19
14 5 8
14 6 0
14 7 14
15 1 0
15 2 62
15 3 0
15 4 40
15 5 14
15 6 0
15 7 27
16 1 0
16 2 62
16 3 0
16 4 45
16 5 18
16 6 0
16 7 37
17 1 0
17 2 13
17 3 0
17 4 9
17 5 3
17 6 0
17 7 8
18 1 0
18 2 31
18 3 0
18 4 25
18 5 7
18 6 0
18 7 20
19 1 0
19 2 17
19 3 0
19 4 14
19 5 4
19 6 0
19 7 12
20 1 0
20 2 33
20 3 0
20 4 21
20 5 8
20 6 0
20 7 19

# Precedence Relations
1 10
2 10
4 9
6 7
6 8
7 10
8 10
9 11
9 12
9 13
9 14
10 15
10 16
10 17
10 18
10 19
18 20

# Parameters
R_e = 0.0500
T = 1000.0
C_s = 4.0
C_w = 36.0
C_c = 5.0
