# Tasks
1 2 3 4 5 6 7 8 9 10 11 12 13 14 15 16 17 18 19 20

# Workstations
1 2 3 4 5 6 7 8 9 10 11 12 13 14 15 16 17 18 19 20

# Modes
1 2 3 4 5 6 7

# Processing Times
1 1 88
1 2 87
1 3 91
1 4 90
1 5 53
1 6 98
1 7 97
2 1 95
2 2 94
2 3 98
2 4 97
2 5 57
2 6 106
2 7 105
3 1 105
3 2 104
3 3 109
3 4 108
3 5 63
3 6 117
3 7 116
4 1 140
4 2 138
4 3 145
4 4 143
4 5 84
4 6 156
4 7 153
5 1 114
5 2 113
5 3 118
5 4 117
5 5 68
5 6 127
5 7 126
6 1 123
6 2 121
6 3 127
6 4 125
6 5 74
6 6 137
6 7 135
7 1 250
7 2 246
7 3 258
7 4 254
7 5 149
7 6 278
7 7 273
8 1 90
8 2 89
8 3 93
8 4 92
8 5 54
8 6 100
8 7 99
9 1 61
9 2 60
9 3 63
9 4 62
9 5 37
9 6 68
9 7 67
10 1 107
10 2 106
10 3 111
10 4 110
10 5 64
10 6 119
10 7 118
11 1 68
11 2 67
11 3 70
11 4 69
11 5 41
11 6 76
11 7 75
12 1 155
12 2 153
12 3 160
12 4 158
12 5 93
12 6 172
12 7 170
13 1 142
13 2 140
13 3 147
13 4 145
13 5 85
13 6 158
13 7 156
14 1 21
14 2 21
14 3 22
14 4 22
14 5 13
14 6 24
14 7 24
15 1 106
15 2 105
15 3 110
15 4 109
15 5 63
15 6 118
15 7 117
16 1 67
16 2 66
16 3 69
16 4 68
16 5 40
16 6 75
16 7 74
17 1 52
17 2 52
17 3 54
17 4 54
17 5 31
17 6 58
17 7 58
18 1 55
18 2 55
18 3 57
18 4 57
18 5 33
18 6 61
18 7 61
19 1 51
19 2 51
19 3 53
19 4 53
19 5 31
19 6 57
19 7 57
20 1 82
20 2 81
20 3 85
20 4 84
20 5 49
20 6 91
20 7 90

# Energy Consumption
1 1 0
1 2 23
1 3 0
1 4 18
1 5 9
1 6 0
1 7 12
2 1 0
2 2 23
2 3 0
2 4 22
2 5 9
2 6 0
2 7 13
3 1 0
3 2 27
3 3 0
3 4 23
3 5 10
3 6 0
3 7 18
4 1 0
4 2 41
4 3 0
4 4 28
4 5 13
4 6 0
4 7 22
5 1 0
5 2 27
5 3 0
5 4 23
5 5 11
5 6 0
5 7 17
6 1 0
6 2 30
6 3 0
6 4 25
6 5 12
6 6 0
6 7 17
7 1 0
7 2 55
7 3 0
7 4 48
7 5 22
7 6 0
7 7 35
8 1 0
8 2 27
8 3 0
8 4 19
8 5 9
8 6 0
8 7 15
9 1 0
9 2 17
9 3 0
9 4 14
9 5 6
9 6 0
9 7 9
10 1 0
10 2 30
10 3 0
10 4 23
10 5 10
10 6 0
10 7 16
11 1 0
11 2 18
11 3 0
11 4 14
11 5 7
11 6 0
11 7 11
12 1 0
12 2 41
12 3 0
12 4 33
12 5 15
12 6 0
12 7 23
13 1 0
13 2 40
13 3 0
13 4 31
13 5 13
13 6 0
13 7 21
14 1 0
14 2 7
14 3 0
14 4 5
14 5 2
14 6 0
14 7 4
15 1 0
15 2 32
15 3 0
15 4 21
15 5 10
15 6 0
15 7 17
16 1 0
16 2 17
16 3 0
16 4 15
16 5 7
16 6 0
16 7 11
17 1 0
17 2 14
17 3 0
17 4 12
17 5 5
17 6 0
17 7 8
18 1 0
18 2 15
18 3 0
18 4 12
18 5 6
18 6 0
18 7 9
19 1 0
19 2 12
19 3 0
19 4 11
19 5 5
19 6 0
19 7 8
20 1 0
20 2 23
20 3 0
20 4 17
20 5 8
20 6 0
20 7 12

# Precedence Relations
1 4
2 6
3 5
3 6
4 7
5 7
5 8
6 7
7 9
7 11
7 12
8 10
8 11
8 20
9 13
10 16
12 14
12 15
12 19
13 17
14 20
15 18
16 19

# Parameters
R_e = 0.0500
T = 1000.0
C_s = 4.0
C_w = 36.0
C_c = 5.0
