# Tasks
1 2 3 4 5 6 7 8 9 10 11 12 13 14 15 16 17 18 19 20

# Workstations
1 2 3 4 5 6 7 8 9 10 11 12 13 14 15 16 17 18 19 20

# Modes
1 2 3 4 5 6 7

# Processing Times
1 1 141
1 2 275
1 3 140
1 4 272
1 5 132
1 6 149
1 7 290
2 1 118
2 2 234
2 3 123
2 4 243
2 5 112
2 6 123
2 7 244
3 1 136
3 2 279
3 3 132
3 4 270
3 5 129
3 6 147
3 7 302
4 1 117
4 2 262
4 3 120
4 4 267
4 5 101
4 6 119
4 7 265
5 1 140
5 2 260
5 3 143
5 4 265
5 5 119
5 6 153
5 7 284
6 1 194
6 2 427
6 3 188
6 4 414
6 5 175
6 6 202
6 7 444
7 1 110
7 2 230
7 3 107
7 4 224
7 5 103
7 6 112
7 7 235
8 1 69
8 2 148
8 3 71
8 4 151
8 5 58
8 6 72
8 7 154
9 1 80
9 2 165
9 3 79
9 4 163
9 5 65
9 6 85
9 7 175
10 1 219
10 2 475
10 3 227
10 4 492
10 5 179
10 6 228
10 7 494
11 1 155
11 2 353
11 3 157
11 4 358
11 5 137
11 6 164
11 7 374
12 1 168
12 2 370
12 3 166
12 4 366
12 5 149
12 6 169
12 7 371
13 1 60
13 2 140
13 3 62
13 4 143
13 5 55
13 6 66
13 7 153
14 1 185
14 2 339
14 3 177
14 4 324
14 5 162
14 6 196
14 7 359
15 1 218
15 2 513
15 3 228
15 4 535
15 5 204
15 6 226
15 7 532
16 1 192
16 2 477
16 3 200
16 4 495
16 5 178
16 6 198
16 7 491
17 1 148
17 2 270
17 3 151
17 4 274
17 5 125
17 6 158
17 7 288
18 1 102
18 2 248
18 3 103
18 4 249
18 5 93
18 6 103
18 7 251
19 1 214
19 2 433
19 3 217
19 4 438
19 5 192
19 6 219
19 7 442
20 1 140
20 2 307
20 3 137
20 4 300
20 5 132
20 6 153
20 7 334

# Energy Consumption
1 1 0
1 2 70
1 3 0
1 4 56
1 5 20
1 6 0
1 7 43
2 1 0
2 2 59
2 3 0
2 4 53
2 5 18
2 6 0
2 7 35
3 1 0
3 2 72
3 3 0
3 4 57
3 5 21
3 6 0
3 7 38
4 1 0
4 2 71
4 3 0
4 4 54
4 5 16
4 6 0
4 7 33
5 1 0
5 2 64
5 3 0
5 4 48
5 5 19
5 6 0
5 7 35
6 1 0
6 2 115
6 3 0
6 4 78
6 5 27
6 6 0
6 7 58
7 1 0
7 2 57
7 3 0
7 4 42
7 5 16
7 6 0
7 7 36
8 1 0
8 2 44
8 3 0
8 4 32
8 5 9
8 6 0
8 7 22
9 1 0
9 2 47
9 3 0
9 4 31
9 5 10
9 6 0
9 7 24
10 1 0
10 2 137
10 3 0
10 4 105
10 5 28
10 6 0
10 7 70
11 1 0
11 2 78
11 3 0
11 4 76
11 5 22
11 6 0
11 7 46
12 1 0
12 2 87
12 3 0
12 4 81
12 5 24
12 6 0
12 7 51
13 1 0
13 2 41
13 3 0
13 4 27
13 5 9
13 6 0
13 7 23
14 1 0
14 2 87
14 3 0
14 4 60
14 5 26
14 6 0
14 7 44
15 1 0
15 2 133
15 3 0
15 4 105
15 5 32
15 6 0
15 7 68
16 1 0
16 2 122
16 3 0
16 4 97
16 5 26
16 6 0
16 7 63
17 1 0
17 2 72
17 3 0
17 4 53
17 5 20
17 6 0
17 7 35
18 1 0
18 2 73
18 3 0
18 4 51
18 5 14
18 6 0
18 7 36
19 1 0
19 2 127
19 3 0
19 4 80
19 5 29
19 6 0
19 7 67
20 1 0
20 2 74
20 3 0
20 4 60
20 5 19
20 6 0
20 7 50

# Precedence Relations
1 5
2 7
3 6
3 10
4 8
4 9
4 10
5 13
6 11
7 12
8 18
9 15
10 13
11 15
12 15
13 14
13 15
14 16
15 17
15 18
15 19
16 20
17 20
18 20
19 20

# Parameters
R_e = 0.0500
T = 1000.0
C_s = 4.0
C_w = 36.0
C_c = 5.0
