# Tasks
1 2 3 4 5 6 7 8 9 10 11 12 13 14 15 16 17 18 19 20

# Workstations
1 2 3 4 5 6 7 8 9 10 11 12 13 14 15 16 17 18 19 20

# Modes
1 2 3 4 5 6 7

# Processing Times
1 1 165
1 2 215
1 3 180
1 4 234
1 5 107
1 6 178
1 7 232
2 1 79
2 2 103
2 3 86
2 4 112
2 5 52
2 6 86
2 7 111
3 1 84
3 2 109
3 3 92
3 4 119
3 5 55
3 6 91
3 7 118
4 1 234
4 2 304
4 3 255
4 4 331
4 5 152
4 6 253
4 7 328
5 1 79
5 2 103
5 3 86
5 4 112
5 5 52
5 6 86
5 7 111
6 1 241
6 2 313
6 3 262
6 4 340
6 5 157
6 6 260
6 7 338
7 1 74
7 2 96
7 3 81
7 4 105
7 5 48
7 6 80
7 7 104
8 1 96
8 2 125
8 3 105
8 4 136
8 5 63
8 6 104
8 7 135
9 1 44
9 2 58
9 3 48
9 4 63
9 5 29
9 6 48
9 7 63
10 1 225
10 2 292
10 3 245
10 4 318
10 5 146
10 6 243
10 7 315
11 1 77
11 2 100
11 3 84
11 4 109
11 5 50
11 6 83
11 7 108
12 1 124
12 2 161
12 3 135
12 4 175
12 5 81
12 6 134
12 7 174
13 1 119
13 2 155
13 3 130
13 4 169
13 5 78
13 6 129
13 7 167
14 1 160
14 2 208
14 3 174
14 4 226
14 5 104
14 6 173
14 7 225
15 1 41
15 2 54
15 3 45
15 4 59
15 5 27
15 6 45
15 7 59
16 1 204
16 2 265
16 3 222
16 4 288
16 5 133
16 6 220
16 7 286
17 1 319
17 2 414
17 3 347
17 4 450
17 5 207
17 6 344
17 7 446
18 1 248
18 2 322
18 3 270
18 4 350
18 5 161
18 6 268
18 7 347
19 1 127
19 2 165
19 3 138
19 4 180
19 5 83
19 6 137
19 7 178
20 1 84
20 2 109
20 3 92
20 4 119
20 5 55
20 6 91
20 7 118

# Energy Consumption
1 1 0
1 2 52
1 3 0
1 4 49
1 5 17
1 6 0
1 7 34
2 1 0
2 2 26
2 3 0
2 4 23
2 5 8
2 6 0
2 7 16
3 1 0
3 2 31
3 3 0
3 4 24
3 5 9
3 6 0
3 7 17
4 1 0
4 2 76
4 3 0
4 4 73
4 5 22
4 6 0
4 7 48
5 1 0
5 2 25
5 3 0
5 4 24
5 5 9
5 6 0
5 7 16
6 1 0
6 2 70
6 3 0
6 4 73
6 5 24
6 6 0
6 7 47
7 1 0
7 2 22
7 3 0
7 4 23
7 5 7
7 6 0
7 7 15
8 1 0
8 2 32
8 3 0
8 4 29
8 5 10
8 6 0
8 7 19
9 1 0
9 2 16
9 3 0
9 4 14
9 5 5
9 6 0
9 7 10
10 1 0
10 2 84
10 3 0
10 4 66
10 5 22
10 6 0
10 7 45
11 1 0
11 2 23
11 3 0
11 4 21
11 5 8
11 6 0
11 7 16
12 1 0
12 2 41
12 3 0
12 4 39
12 5 12
12 6 0
12 7 24
13 1 0
13 2 38
13 3 0
13 4 34
13 5 12
13 6 0
13 7 23
14 1 0
14 2 62
14 3 0
14 4 46
14 5 17
14 6 0
14 7 30
15 1 0
15 2 14
15 3 0
15 4 11
15 5 5
15 6 0
15 7 8
16 1 0
16 2 75
16 3 0
16 4 62
16 5 21
16 6 0
16 7 37
17 1 0
17 2 112
17 3 0
17 4 99
17 5 32
17 6 0
17 7 57
18 1 0
18 2 78
18 3 0
18 4 70
18 5 25
18 6 0
18 7 43
19 1 0
19 2 46
19 3 0
19 4 37
19 5 13
19 6 0
19 7 27
20 1 0
20 2 28
20 3 0
20 4 27
20 5 9
20 6 0
20 7 15

# Precedence Relations
1 11
2 7
3 6
3 7
4 5
4 6
5 11
7 8
7 9
7 10
8 11
9 11
10 12
10 13
11 14
11 15
11 16
11 17
15 19
15 20
16 18
17 19

# Parameters
R_e = 0.0500
T = 1000.0
C_s = 4.0
C_w = 36.0
C_c = 5.0
