# Tasks
1 2 3 4 5 6 7 8 9 10 11 12 13 14 15 16 17 18 19 20

# Workstations
1 2 3 4 5 6 7 8 9 10 11 12 13 14 15 16 17 18 19 20

# Modes
1 2 3 4 5 6 7

# Processing Times
1 1 260
1 2 360
1 3 277
1 4 383
1 5 163
1 6 275
1 7 380
2 1 482
2 2 727
2 3 507
2 4 765
2 5 287
2 6 514
2 7 774
3 1 250
3 2 306
3 3 272
3 4 332
3 5 168
3 6 263
3 7 322
4 1 119
4 2 170
4 3 128
4 4 182
4 5 80
4 6 130
4 7 186
5 1 324
5 2 451
5 3 347
5 4 482
5 5 187
5 6 336
5 7 467
6 1 357
6 2 542
6 3 388
6 4 588
6 5 224
6 6 378
6 7 573
7 1 292
7 2 445
7 3 320
7 4 488
7 5 173
7 6 313
7 7 477
8 1 323
8 2 498
8 3 351
8 4 541
8 5 223
8 6 350
8 7 539
9 1 119
9 2 157
9 3 131
9 4 173
9 5 69
9 6 120
9 7 159
10 1 179
10 2 267
10 3 193
10 4 287
10 5 113
10 6 181
10 7 270
11 1 166
11 2 256
11 3 182
11 4 280
11 5 100
11 6 179
11 7 276
12 1 62
12 2 91
12 3 66
12 4 97
12 5 39
12 6 65
12 7 94
13 1 298
13 2 439
13 3 322
13 4 475
13 5 186
13 6 323
13 7 476
14 1 311
14 2 413
14 3 332
14 4 441
14 5 202
14 6 322
14 7 427
15 1 539
15 2 701
15 3 590
15 4 767
15 5 316
15 6 542
15 7 705
16 1 188
16 2 233
16 3 204
16 4 253
16 5 126
16 6 199
16 7 247
17 1 113
17 2 160
17 3 119
17 4 169
17 5 79
17 6 115
17 7 162
18 1 168
18 2 242
18 3 179
18 4 258
18 5 97
18 6 185
18 7 266
19 1 334
19 2 467
19 3 363
19 4 507
19 5 207
19 6 356
19 7 498
20 1 142
20 2 185
20 3 152
20 4 198
20 5 83
20 6 153
20 7 199

# Energy Consumption
1 1 0
1 2 87
1 3 0
1 4 79
1 5 26
1 6 0
1 7 55
2 1 0
2 2 183
2 3 0
2 4 152
2 5 44
2 6 0
2 7 110
3 1 0
3 2 86
3 3 0
3 4 65
3 5 27
3 6 0
3 7 44
4 1 0
4 2 43
4 3 0
4 4 41
4 5 12
4 6 0
4 7 27
5 1 0
5 2 110
5 3 0
5 4 101
5 5 30
5 6 0
5 7 64
6 1 0
6 2 120
6 3 0
6 4 125
6 5 34
6 6 0
6 7 79
7 1 0
7 2 100
7 3 0
7 4 106
7 5 25
7 6 0
7 7 68
8 1 0
8 2 127
8 3 0
8 4 114
8 5 33
8 6 0
8 7 76
9 1 0
9 2 42
9 3 0
9 4 37
9 5 11
9 6 0
9 7 24
10 1 0
10 2 77
10 3 0
10 4 60
10 5 17
10 6 0
10 7 39
11 1 0
11 2 57
11 3 0
11 4 52
11 5 16
11 6 0
11 7 40
12 1 0
12 2 24
12 3 0
12 4 22
12 5 6
12 6 0
12 7 13
13 1 0
13 2 106
13 3 0
13 4 95
13 5 28
13 6 0
13 7 66
14 1 0
14 2 123
14 3 0
14 4 90
14 5 32
14 6 0
14 7 57
15 1 0
15 2 179
15 3 0
15 4 142
15 5 49
15 6 0
15 7 87
16 1 0
16 2 66
16 3 0
16 4 54
16 5 20
16 6 0
16 7 32
17 1 0
17 2 44
17 3 0
17 4 37
17 5 13
17 6 0
17 7 21
18 1 0
18 2 59
18 3 0
18 4 52
18 5 15
18 6 0
18 7 33
19 1 0
19 2 129
19 3 0
19 4 104
19 5 33
19 6 0
19 7 75
20 1 0
20 2 48
20 3 0
20 4 44
20 5 13
20 6 0
20 7 25

# Precedence Relations
1 4
2 5
2 6
3 5
3 6
4 7
5 8
5 9
6 8
6 9
7 11
8 10
8 12
8 13
8 16
9 13
9 16
10 14
11 16
12 15
13 17
13 19
14 18
15 18
16 19
17 18
17 20

# Parameters
R_e = 0.0500
T = 1000.0
C_s = 4.0
C_w = 36.0
C_c = 5.0
