# Tasks
1 2 3 4 5 6 7 8 9 10 11 12 13 14 15 16 17 18 19 20

# Workstations
1 2 3 4 5 6 7 8 9 10 11 12 13 14 15 16 17 18 19 20

# Modes
1 2 3 4 5 6 7

# Processing Times
1 1 22
1 2 34
1 3 23
1 4 35
1 5 10
1 6 30
1 7 46
2 1 128
2 2 167
2 3 132
2 4 172
2 5 50
2 6 162
2 7 211
3 1 104
3 2 159
3 3 104
3 4 159
3 5 38
3 6 142
3 7 217
4 1 54
4 2 76
4 3 54
4 4 76
4 5 24
4 6 76
4 7 107
5 1 133
5 2 195
5 3 133
5 4 195
5 5 47
5 6 191
5 7 280
6 1 78
6 2 98
6 3 75
6 4 94
6 5 25
6 6 104
6 7 131
7 1 89
7 2 111
7 3 88
7 4 110
7 5 29
7 6 123
7 7 153
8 1 252
8 2 336
8 3 253
8 4 337
8 5 109
8 6 354
8 7 471
9 1 274
9 2 428
9 3 265
9 4 413
9 5 119
9 6 385
9 7 601
10 1 134
10 2 179
10 3 135
10 4 180
10 5 51
10 6 187
10 7 250
11 1 212
11 2 309
11 3 215
11 4 313
11 5 87
11 6 286
11 7 416
12 1 95
12 2 137
12 3 99
12 4 142
12 5 32
12 6 134
12 7 193
13 1 288
13 2 426
13 3 295
13 4 436
13 5 98
13 6 372
13 7 549
14 1 225
14 2 356
14 3 226
14 4 357
14 5 92
14 6 314
14 7 497
15 1 146
15 2 220
15 3 153
15 4 230
15 5 46
15 6 205
15 7 309
16 1 82
16 2 124
16 3 83
16 4 125
16 5 28
16 6 110
16 7 167
17 1 110
17 2 173
17 3 111
17 4 175
17 5 42
17 6 154
17 7 242
18 1 198
18 2 271
18 3 202
18 4 277
18 5 80
18 6 266
18 7 364
19 1 125
19 2 190
19 3 124
19 4 188
19 5 42
19 6 169
19 7 256
20 1 26
20 2 37
20 3 26
20 4 37
20 5 10
20 6 37
20 7 52

# Energy Consumption
1 1 0
1 2 8
1 3 0
1 4 7
1 5 2
1 6 0
1 7 7
2 1 0
2 2 38
2 3 0
2 4 35
2 5 8
2 6 0
2 7 28
3 1 0
3 2 46
3 3 0
3 4 30
3 5 6
3 6 0
3 7 27
4 1 0
4 2 18
4 3 0
4 4 17
4 5 4
4 6 0
4 7 15
5 1 0
5 2 53
5 3 0
5 4 37
5 5 8
5 6 0
5 7 39
6 1 0
6 2 27
6 3 0
6 4 20
6 5 4
6 6 0
6 7 18
7 1 0
7 2 31
7 3 0
7 4 24
7 5 5
7 6 0
7 7 21
8 1 0
8 2 92
8 3 0
8 4 73
8 5 17
8 6 0
8 7 59
9 1 0
9 2 105
9 3 0
9 4 77
9 5 17
9 6 0
9 7 77
10 1 0
10 2 45
10 3 0
10 4 35
10 5 8
10 6 0
10 7 36
11 1 0
11 2 89
11 3 0
11 4 58
11 5 13
11 6 0
11 7 58
12 1 0
12 2 35
12 3 0
12 4 30
12 5 5
12 6 0
12 7 24
13 1 0
13 2 107
13 3 0
13 4 91
13 5 16
13 6 0
13 7 75
14 1 0
14 2 85
14 3 0
14 4 68
14 5 14
14 6 0
14 7 74
15 1 0
15 2 60
15 3 0
15 4 45
15 5 7
15 6 0
15 7 45
16 1 0
16 2 28
16 3 0
16 4 24
16 5 5
16 6 0
16 7 21
17 1 0
17 2 52
17 3 0
17 4 34
17 5 7
17 6 0
17 7 36
18 1 0
18 2 65
18 3 0
18 4 61
18 5 13
18 6 0
18 7 46
19 1 0
19 2 54
19 3 0
19 4 37
19 5 7
19 6 0
19 7 37
20 1 0
20 2 12
20 3 0
20 4 8
20 5 2
20 6 0
20 7 7

# Precedence Relations
1 2
1 3
1 4
2 5
2 6
3 5
3 6
4 7
5 7
5 8
6 7
6 8
6 9
7 10
7 11
8 10
9 11
10 12
10 13
11 12
11 14
12 15
12 16
13 14
13 15
14 17
14 18
15 18
17 19
17 20

# Parameters
R_e = 0.0500
T = 1000.0
C_s = 4.0
C_w = 36.0
C_c = 5.0
