# Tasks
1 2 3 4 5 6 7 8 9 10 11 12 13 14 15 16 17 18 19 20 21 22 23 24 25 26 27 28 29 30 31 32 33 34 35 36 37 38 39 40 41 42 43 44 45 46 47 48 49 50 51 52 53 54 55 56 57 58 59 60 61 62 63 64 65 66 67 68 69 70 71 72 73 74 75 76 77 78 79 80 81 82 83 84 85 86 87 88 89 90 91 92 93 94 95 96 97 98 99 100

# Workstations
1 2 3 4 5 6 7 8 9 10 11 12 13 14 15 16 17 18 19 20 21 22 23 24 25 26 27 28 29 30 31 32 33 34 35 36 37 38 39 40 41 42 43 44 45 46 47 48 49 50 51 52 53 54 55 56 57 58 59 60 61 62 63 64 65 66 67 68 69 70 71 72 73 74 75 76 77 78 79 80 81 82 83 84 85 86 87 88 89 90 91 92 93 94 95 96 97 98 99 100

# Modes
1 2 3 4 5 6 7

# Processing Times
1 1 113
1 2 117
1 3 117
1 4 122
1 5 80
1 6 141
1 7 146
2 1 98
2 2 99
2 3 103
2 4 104
2 5 62
2 6 121
2 7 122
3 1 238
3 2 244
3 3 231
3 4 237
3 5 150
3 6 284
3 7 291
4 1 175
4 2 151
4 3 169
4 4 146
4 5 117
4 6 209
4 7 181
5 1 99
5 2 86
5 3 104
5 4 91
5 5 68
5 6 113
5 7 98
6 1 188
6 2 205
6 3 187
6 4 203
6 5 118
6 6 219
6 7 239
7 1 207
7 2 189
7 3 197
7 4 180
7 5 136
7 6 242
7 7 221
8 1 125
8 2 122
8 3 130
8 4 127
8 5 87
8 6 148
8 7 144
9 1 126
9 2 113
9 3 130
9 4 116
9 5 86
9 6 153
9 7 137
10 1 106
10 2 103
10 3 103
10 4 100
10 5 65
10 6 131
10 7 127
11 1 43
11 2 38
11 3 42
11 4 37
11 5 27
11 6 50
11 7 44
12 1 175
12 2 193
12 3 182
12 4 200
12 5 104
12 6 198
12 7 219
13 1 53
13 2 55
13 3 54
13 4 56
13 5 34
13 6 63
13 7 65
14 1 29
14 2 30
14 3 30
14 4 31
14 5 20
14 6 37
14 7 38
15 1 181
15 2 171
15 3 187
15 4 177
15 5 100
15 6 219
15 7 207
16 1 164
16 2 168
16 3 156
16 4 160
16 5 97
16 6 186
16 7 190
17 1 230
17 2 223
17 3 226
17 4 219
17 5 154
17 6 275
17 7 267
18 1 134
18 2 143
18 3 138
18 4 148
18 5 85
18 6 159
18 7 170
19 1 186
19 2 163
19 3 193
19 4 169
19 5 112
19 6 213
19 7 186
20 1 150
20 2 151
20 3 144
20 4 145
20 5 87
20 6 181
20 7 183
21 1 86
21 2 87
21 3 88
21 4 89
21 5 48
21 6 97
21 7 98
22 1 182
22 2 173
22 3 191
22 4 181
22 5 101
22 6 207
22 7 197
23 1 184
23 2 181
23 3 192
23 4 189
23 5 109
23 6 215
23 7 212
24 1 131
24 2 114
24 3 137
24 4 119
24 5 82
24 6 164
24 7 143
25 1 197
25 2 208
25 3 189
25 4 199
25 5 121
25 6 234
25 7 247
26 1 115
26 2 109
26 3 121
26 4 115
26 5 70
26 6 141
26 7 134
27 1 198
27 2 196
27 3 201
27 4 199
27 5 124
27 6 223
27 7 221
28 1 125
28 2 121
28 3 130
28 4 126
28 5 88
28 6 141
28 7 137
29 1 31
29 2 31
29 3 31
29 4 31
29 5 18
29 6 37
29 7 37
30 1 80
30 2 83
30 3 78
30 4 81
30 5 48
30 6 89
30 7 92
31 1 79
31 2 84
31 3 83
31 4 88
31 5 50
31 6 98
31 7 105
32 1 240
32 2 246
32 3 232
32 4 238
32 5 144
32 6 295
32 7 302
33 1 80
33 2 72
33 3 83
33 4 75
33 5 53
33 6 90
33 7 81
34 1 235
34 2 247
34 3 233
34 4 245
34 5 155
34 6 272
34 7 285
35 1 43
35 2 46
35 3 45
35 4 48
35 5 30
35 6 50
35 7 54
36 1 348
36 2 308
36 3 354
36 4 313
36 5 206
36 6 421
36 7 373
37 1 113
37 2 123
37 3 112
37 4 122
37 5 79
37 6 136
37 7 149
38 1 64
38 2 56
38 3 63
38 4 55
38 5 43
38 6 80
38 7 70
39 1 94
39 2 103
39 3 97
39 4 106
39 5 61
39 6 109
39 7 119
40 1 126
40 2 138
40 3 126
40 4 138
40 5 76
40 6 154
40 7 169
41 1 218
41 2 196
41 3 218
41 4 196
41 5 138
41 6 266
41 7 240
42 1 98
42 2 106
42 3 96
42 4 103
42 5 66
42 6 110
42 7 119
43 1 34
43 2 31
43 3 35
43 4 32
43 5 21
43 6 39
43 7 36
44 1 117
44 2 121
44 3 123
44 4 127
44 5 76
44 6 131
44 7 136
45 1 172
45 2 159
45 3 179
45 4 166
45 5 101
45 6 191
45 7 176
46 1 144
46 2 145
46 3 146
46 4 147
46 5 81
46 6 160
46 7 161
47 1 198
47 2 213
47 3 196
47 4 211
47 5 114
47 6 237
47 7 255
48 1 29
48 2 28
48 3 30
48 4 29
48 5 19
48 6 33
48 7 32
49 1 76
49 2 76
49 3 76
49 4 76
49 5 46
49 6 85
49 7 85
50 1 68
50 2 60
50 3 69
50 4 61
50 5 42
50 6 84
50 7 74
51 1 41
51 2 37
51 3 42
51 4 38
51 5 23
51 6 47
51 7 43
52 1 224
52 2 238
52 3 235
52 4 250
52 5 130
52 6 274
52 7 291
53 1 119
53 2 126
53 3 125
53 4 133
53 5 77
53 6 136
53 7 144
54 1 263
54 2 270
54 3 276
54 4 283
54 5 157
54 6 313
54 7 321
55 1 90
55 2 95
55 3 93
55 4 98
55 5 56
55 6 113
55 7 119
56 1 26
56 2 24
56 3 27
56 4 25
56 5 16
56 6 30
56 7 28
57 1 202
57 2 220
57 3 211
57 4 229
57 5 119
57 6 240
57 7 261
58 1 90
58 2 78
58 3 88
58 4 76
58 5 62
58 6 111
58 7 97
59 1 59
59 2 65
59 3 57
59 4 63
59 5 39
59 6 68
59 7 75
60 1 257
60 2 276
60 3 246
60 4 264
60 5 175
60 6 303
60 7 325
61 1 229
61 2 243
61 3 225
61 4 238
61 5 138
61 6 270
61 7 286
62 1 21
62 2 20
62 3 22
62 4 21
62 5 15
62 6 25
62 7 24
63 1 162
63 2 141
63 3 157
63 4 137
63 5 107
63 6 191
63 7 166
64 1 79
64 2 80
64 3 82
64 4 83
64 5 47
64 6 89
64 7 91
65 1 257
65 2 245
65 3 264
65 4 252
65 5 180
65 6 293
65 7 279
66 1 195
66 2 197
66 3 195
66 4 197
66 5 127
66 6 242
66 7 244
67 1 316
67 2 345
67 3 321
67 4 350
67 5 191
67 6 364
67 7 397
68 1 67
68 2 59
68 3 65
68 4 57
68 5 43
68 6 84
68 7 74
69 1 104
69 2 90
69 3 102
69 4 88
69 5 65
69 6 126
69 7 109
70 1 157
70 2 169
70 3 151
70 4 162
70 5 100
70 6 190
70 7 205
71 1 69
71 2 76
71 3 68
71 4 75
71 5 48
71 6 80
71 7 88
72 1 190
72 2 181
72 3 191
72 4 182
72 5 132
72 6 219
72 7 209
73 1 75
73 2 65
73 3 75
73 4 65
73 5 43
73 6 93
73 7 80
74 1 281
74 2 258
74 3 268
74 4 246
74 5 182
74 6 348
74 7 320
75 1 60
75 2 57
75 3 60
75 4 57
75 5 34
75 6 72
75 7 68
76 1 67
76 2 72
76 3 67
76 4 72
76 5 42
76 6 75
76 7 80
77 1 265
77 2 283
77 3 266
77 4 284
77 5 180
77 6 303
77 7 323
78 1 195
78 2 208
78 3 195
78 4 208
78 5 125
78 6 234
78 7 249
79 1 231
79 2 238
79 3 243
79 4 250
79 5 128
79 6 258
79 7 266
80 1 152
80 2 148
80 3 159
80 4 155
80 5 92
80 6 175
80 7 171
81 1 417
81 2 364
81 3 420
81 4 367
81 5 269
81 6 495
81 7 432
82 1 104
82 2 100
82 3 104
82 4 100
82 5 69
82 6 129
82 7 124
83 1 118
83 2 109
83 3 122
83 4 112
83 5 76
83 6 138
83 7 128
84 1 154
84 2 141
84 3 162
84 4 148
84 5 93
84 6 182
84 7 166
85 1 202
85 2 195
85 3 196
85 4 189
85 5 114
85 6 227
85 7 220
86 1 164
86 2 156
86 3 169
86 4 161
86 5 110
86 6 202
86 7 192
87 1 153
87 2 133
87 3 154
87 4 134
87 5 103
87 6 172
87 7 150
88 1 194
88 2 210
88 3 201
88 4 218
88 5 120
88 6 223
88 7 241
89 1 196
89 2 194
89 3 189
89 4 187
89 5 114
89 6 229
89 7 226
90 1 144
90 2 138
90 3 141
90 4 135
90 5 90
90 6 163
90 7 156
91 1 47
91 2 47
91 3 46
91 4 46
91 5 31
91 6 59
91 7 59
92 1 217
92 2 224
92 3 219
92 4 226
92 5 151
92 6 256
92 7 264
93 1 41
93 2 43
93 3 41
93 4 43
93 5 24
93 6 50
93 7 52
94 1 200
94 2 192
94 3 205
94 4 196
94 5 114
94 6 235
94 7 226
95 1 144
95 2 155
95 3 138
95 4 148
95 5 85
95 6 164
95 7 176
96 1 114
96 2 122
96 3 120
96 4 128
96 5 69
96 6 126
96 7 135
97 1 165
97 2 158
97 3 158
97 4 151
97 5 92
97 6 201
97 7 193
98 1 29
98 2 26
98 3 30
98 4 27
98 5 21
98 6 34
98 7 30
99 1 36
99 2 39
99 3 36
99 4 38
99 5 24
99 6 41
99 7 44
100 1 77
100 2 76
100 3 79
100 4 78
100 5 54
100 6 85
100 7 84

# Energy Consumption
1 1 0
1 2 31
1 3 0
1 4 24
1 5 13
1 6 0
1 7 18
2 1 0
2 2 24
2 3 0
2 4 23
2 5 10
2 6 0
2 7 16
3 1 0
3 2 64
3 3 0
3 4 50
3 5 23
3 6 0
3 7 43
4 1 0
4 2 45
4 3 0
4 4 28
4 5 18
4 6 0
4 7 26
5 1 0
5 2 21
5 3 0
5 4 18
5 5 11
5 6 0
5 7 13
6 1 0
6 2 50
6 3 0
6 4 41
6 5 19
6 6 0
6 7 30
7 1 0
7 2 42
7 3 0
7 4 34
7 5 20
7 6 0
7 7 28
8 1 0
8 2 37
8 3 0
8 4 27
8 5 14
8 6 0
8 7 22
9 1 0
9 2 31
9 3 0
9 4 26
9 5 14
9 6 0
9 7 19
10 1 0
10 2 29
10 3 0
10 4 21
10 5 10
10 6 0
10 7 17
11 1 0
11 2 10
11 3 0
11 4 7
11 5 4
11 6 0
11 7 7
12 1 0
12 2 51
12 3 0
12 4 42
12 5 17
12 6 0
12 7 29
13 1 0
13 2 16
13 3 0
13 4 12
13 5 5
13 6 0
13 7 9
14 1 0
14 2 9
14 3 0
14 4 7
14 5 3
14 6 0
14 7 6
15 1 0
15 2 51
15 3 0
15 4 34
15 5 15
15 6 0
15 7 30
16 1 0
16 2 43
16 3 0
16 4 35
16 5 15
16 6 0
16 7 27
17 1 0
17 2 59
17 3 0
17 4 46
17 5 23
17 6 0
17 7 35
18 1 0
18 2 39
18 3 0
18 4 29
18 5 14
18 6 0
18 7 25
19 1 0
19 2 37
19 3 0
19 4 34
19 5 17
19 6 0
19 7 27
20 1 0
20 2 42
20 3 0
20 4 30
20 5 14
20 6 0
20 7 23
21 1 0
21 2 25
21 3 0
21 4 17
21 5 8
21 6 0
21 7 15
22 1 0
22 2 47
22 3 0
22 4 37
22 5 16
22 6 0
22 7 29
23 1 0
23 2 48
23 3 0
23 4 36
23 5 18
23 6 0
23 7 28
24 1 0
24 2 31
24 3 0
24 4 26
24 5 13
24 6 0
24 7 20
25 1 0
25 2 55
25 3 0
25 4 37
25 5 18
25 6 0
25 7 31
26 1 0
26 2 33
26 3 0
26 4 23
26 5 11
26 6 0
26 7 19
27 1 0
27 2 50
27 3 0
27 4 37
27 5 19
27 6 0
27 7 28
28 1 0
28 2 35
28 3 0
28 4 26
28 5 14
28 6 0
28 7 21
29 1 0
29 2 9
29 3 0
29 4 7
29 5 3
29 6 0
29 7 5
30 1 0
30 2 24
30 3 0
30 4 16
30 5 8
30 6 0
30 7 13
31 1 0
31 2 20
31 3 0
31 4 18
31 5 8
31 6 0
31 7 16
32 1 0
32 2 63
32 3 0
32 4 46
32 5 23
32 6 0
32 7 39
33 1 0
33 2 19
33 3 0
33 4 16
33 5 9
33 6 0
33 7 11
34 1 0
34 2 57
34 3 0
34 4 54
34 5 25
34 6 0
34 7 37
35 1 0
35 2 11
35 3 0
35 4 9
35 5 5
35 6 0
35 7 7
36 1 0
36 2 69
36 3 0
36 4 60
36 5 32
36 6 0
36 7 55
37 1 0
37 2 32
37 3 0
37 4 26
37 5 12
37 6 0
37 7 18
38 1 0
38 2 15
38 3 0
38 4 12
38 5 7
38 6 0
38 7 9
39 1 0
39 2 28
39 3 0
39 4 21
39 5 10
39 6 0
39 7 17
40 1 0
40 2 32
40 3 0
40 4 26
40 5 12
40 6 0
40 7 23
41 1 0
41 2 50
41 3 0
41 4 44
41 5 21
41 6 0
41 7 31
42 1 0
42 2 27
42 3 0
42 4 20
42 5 10
42 6 0
42 7 18
43 1 0
43 2 8
43 3 0
43 4 7
43 5 4
43 6 0
43 7 5
44 1 0
44 2 30
44 3 0
44 4 24
44 5 11
44 6 0
44 7 18
45 1 0
45 2 48
45 3 0
45 4 37
45 5 15
45 6 0
45 7 26
46 1 0
46 2 35
46 3 0
46 4 28
46 5 13
46 6 0
46 7 20
47 1 0
47 2 52
47 3 0
47 4 41
47 5 17
47 6 0
47 7 35
48 1 0
48 2 8
48 3 0
48 4 7
48 5 3
48 6 0
48 7 5
49 1 0
49 2 21
49 3 0
49 4 16
49 5 8
49 6 0
49 7 12
50 1 0
50 2 18
50 3 0
50 4 12
50 5 7
50 6 0
50 7 10
51 1 0
51 2 11
51 3 0
51 4 8
51 5 4
51 6 0
51 7 6
52 1 0
52 2 54
52 3 0
52 4 46
52 5 19
52 6 0
52 7 39
53 1 0
53 2 35
53 3 0
53 4 28
53 5 11
53 6 0
53 7 21
54 1 0
54 2 80
54 3 0
54 4 53
54 5 23
54 6 0
54 7 46
55 1 0
55 2 24
55 3 0
55 4 20
55 5 9
55 6 0
55 7 17
56 1 0
56 2 8
56 3 0
56 4 6
56 5 3
56 6 0
56 7 4
57 1 0
57 2 53
57 3 0
57 4 44
57 5 19
57 6 0
57 7 33
58 1 0
58 2 19
58 3 0
58 4 16
58 5 10
58 6 0
58 7 13
59 1 0
59 2 17
59 3 0
59 4 13
59 5 7
59 6 0
59 7 11
60 1 0
60 2 66
60 3 0
60 4 51
60 5 27
60 6 0
60 7 46
61 1 0
61 2 66
61 3 0
61 4 49
61 5 21
61 6 0
61 7 41
62 1 0
62 2 5
62 3 0
62 4 4
62 5 3
62 6 0
62 7 4
63 1 0
63 2 40
63 3 0
63 4 28
63 5 17
63 6 0
63 7 24
64 1 0
64 2 19
64 3 0
64 4 18
64 5 8
64 6 0
64 7 12
65 1 0
65 2 71
65 3 0
65 4 46
65 5 27
65 6 0
65 7 40
66 1 0
66 2 49
66 3 0
66 4 42
66 5 19
66 6 0
66 7 32
67 1 0
67 2 84
67 3 0
67 4 76
67 5 29
67 6 0
67 7 48
68 1 0
68 2 13
68 3 0
68 4 12
68 5 7
68 6 0
68 7 11
69 1 0
69 2 22
69 3 0
69 4 18
69 5 10
69 6 0
69 7 17
70 1 0
70 2 45
70 3 0
70 4 31
70 5 16
70 6 0
70 7 30
71 1 0
71 2 21
71 3 0
71 4 14
71 5 8
71 6 0
71 7 12
72 1 0
72 2 45
72 3 0
72 4 34
72 5 20
72 6 0
72 7 28
73 1 0
73 2 15
73 3 0
73 4 14
73 5 7
73 6 0
73 7 12
74 1 0
74 2 69
74 3 0
74 4 54
74 5 29
74 6 0
74 7 42
75 1 0
75 2 16
75 3 0
75 4 13
75 5 6
75 6 0
75 7 10
76 1 0
76 2 20
76 3 0
76 4 14
76 5 7
76 6 0
76 7 11
77 1 0
77 2 85
77 3 0
77 4 63
77 5 29
77 6 0
77 7 44
78 1 0
78 2 55
78 3 0
78 4 42
78 5 20
78 6 0
78 7 33
79 1 0
79 2 57
79 3 0
79 4 47
79 5 21
79 6 0
79 7 37
80 1 0
80 2 44
80 3 0
80 4 30
80 5 14
80 6 0
80 7 25
81 1 0
81 2 93
81 3 0
81 4 68
81 5 42
81 6 0
81 7 65
82 1 0
82 2 29
82 3 0
82 4 21
82 5 10
82 6 0
82 7 16
83 1 0
83 2 29
83 3 0
83 4 22
83 5 11
83 6 0
83 7 17
84 1 0
84 2 36
84 3 0
84 4 33
84 5 14
84 6 0
84 7 22
85 1 0
85 2 58
85 3 0
85 4 35
85 5 16
85 6 0
85 7 28
86 1 0
86 2 38
86 3 0
86 4 34
86 5 17
86 6 0
86 7 26
87 1 0
87 2 40
87 3 0
87 4 25
87 5 16
87 6 0
87 7 20
88 1 0
88 2 52
88 3 0
88 4 44
88 5 19
88 6 0
88 7 32
89 1 0
89 2 55
89 3 0
89 4 40
89 5 18
89 6 0
89 7 31
90 1 0
90 2 36
90 3 0
90 4 27
90 5 14
90 6 0
90 7 20
91 1 0
91 2 11
91 3 0
91 4 10
91 5 5
91 6 0
91 7 9
92 1 0
92 2 60
92 3 0
92 4 48
92 5 22
92 6 0
92 7 38
93 1 0
93 2 12
93 3 0
93 4 8
93 5 4
93 6 0
93 7 7
94 1 0
94 2 54
94 3 0
94 4 40
94 5 19
94 6 0
94 7 33
95 1 0
95 2 36
95 3 0
95 4 31
95 5 14
95 6 0
95 7 25
96 1 0
96 2 31
96 3 0
96 4 26
96 5 10
96 6 0
96 7 17
97 1 0
97 2 45
97 3 0
97 4 29
97 5 15
97 6 0
97 7 29
98 1 0
98 2 8
98 3 0
98 4 6
98 5 4
98 6 0
98 7 4
99 1 0
99 2 10
99 3 0
99 4 7
99 5 4
99 6 0
99 7 7
100 1 0
100 2 20
100 3 0
100 4 15
100 5 9
100 6 0
100 7 11

# Precedence Relations
1 41
2 41
3 34
4 10
4 14
5 15
6 16
6 17
6 18
7 13
8 11
8 12
9 19
10 41
11 34
12 34
13 34
14 29
15 22
15 27
16 23
16 26
16 28
16 31
17 24
18 20
18 21
18 25
18 30
20 41
21 41
22 41
23 34
24 34
25 34
26 34
27 35
28 36
29 37
30 32
30 33
30 38
31 39
31 40
32 41
33 41
34 42
34 43
34 44
34 45
35 47
36 46
37 48
41 49
41 50
41 51
41 52
44 56
46 53
48 54
48 55
48 57
49 58
49 59
49 60
50 62
53 61
57 63
58 64
59 65
60 66
61 67
62 68
62 69
62 70
64 73
65 75
66 71
67 72
69 78
70 74
70 76
70 77
70 79
71 82
72 81
74 80
74 84
74 85
79 83
80 87
81 86
82 90
83 88
83 89
83 91
83 92
84 93
86 94
87 96
88 95
90 98
90 100
91 97
92 99

# Parameters
R_e = 0.0500
T = 1000.0
C_s = 4.0
C_w = 36.0
C_c = 5.0
