# Tasks
1 2 3 4 5 6 7 8 9 10 11 12 13 14 15 16 17 18 19 20

# Workstations
1 2 3 4 5 6 7 8 9 10 11 12 13 14 15 16 17 18 19 20

# Modes
1 2 3 4 5 6 7

# Processing Times
1 1 209
1 2 259
1 3 203
1 4 252
1 5 78
1 6 290
1 7 359
2 1 57
2 2 71
2 3 56
2 4 69
2 5 22
2 6 79
2 7 99
3 1 204
3 2 253
3 3 198
3 4 246
3 5 76
3 6 283
3 7 351
4 1 119
4 2 148
4 3 116
4 4 144
4 5 45
4 6 165
4 7 205
5 1 180
5 2 224
5 3 175
5 4 218
5 5 67
5 6 250
5 7 311
6 1 82
6 2 102
6 3 80
6 4 99
6 5 31
6 6 114
6 7 142
7 1 174
7 2 216
7 3 169
7 4 210
7 5 65
7 6 241
7 7 300
8 1 64
8 2 80
8 3 63
8 4 78
8 5 24
8 6 89
8 7 111
9 1 116
9 2 144
9 3 113
9 4 140
9 5 44
9 6 161
9 7 200
10 1 206
10 2 256
10 3 200
10 4 249
10 5 77
10 6 286
10 7 355
11 1 83
11 2 103
11 3 81
11 4 100
11 5 31
11 6 115
11 7 143
12 1 73
12 2 91
12 3 71
12 4 89
12 5 28
12 6 102
12 7 127
13 1 162
13 2 201
13 3 158
13 4 195
13 5 61
13 6 225
13 7 279
14 1 58
14 2 72
14 3 57
14 4 70
14 5 22
14 6 81
14 7 100
15 1 161
15 2 200
15 3 157
15 4 194
15 5 60
15 6 223
15 7 277
16 1 319
16 2 396
16 3 310
16 4 384
16 5 119
16 6 442
16 7 549
17 1 87
17 2 108
17 3 85
17 4 105
17 5 33
17 6 121
17 7 150
18 1 148
18 2 184
18 3 144
18 4 179
18 5 56
18 6 205
18 7 255
19 1 56
19 2 70
19 3 55
19 4 68
19 5 21
19 6 78
19 7 97
20 1 169
20 2 210
20 3 164
20 4 204
20 5 63
20 6 235
20 7 291

# Energy Consumption
1 1 0
1 2 60
1 3 0
1 4 51
1 5 12
1 6 0
1 7 51
2 1 0
2 2 16
2 3 0
2 4 14
2 5 4
2 6 0
2 7 13
3 1 0
3 2 74
3 3 0
3 4 46
3 5 12
3 6 0
3 7 43
4 1 0
4 2 35
4 3 0
4 4 31
4 5 7
4 6 0
4 7 29
5 1 0
5 2 61
5 3 0
5 4 42
5 5 11
5 6 0
5 7 43
6 1 0
6 2 28
6 3 0
6 4 21
6 5 5
6 6 0
6 7 19
7 1 0
7 2 59
7 3 0
7 4 46
7 5 11
7 6 0
7 7 40
8 1 0
8 2 22
8 3 0
8 4 17
8 5 4
8 6 0
8 7 14
9 1 0
9 2 36
9 3 0
9 4 27
9 5 7
9 6 0
9 7 26
10 1 0
10 2 65
10 3 0
10 4 48
10 5 12
10 6 0
10 7 50
11 1 0
11 2 30
11 3 0
11 4 19
11 5 5
11 6 0
11 7 20
12 1 0
12 2 23
12 3 0
12 4 19
12 5 5
12 6 0
12 7 16
13 1 0
13 2 51
13 3 0
13 4 41
13 5 10
13 6 0
13 7 38
14 1 0
14 2 18
14 3 0
14 4 14
14 5 4
14 6 0
14 7 15
15 1 0
15 2 55
15 3 0
15 4 38
15 5 9
15 6 0
15 7 40
16 1 0
16 2 90
16 3 0
16 4 74
16 5 19
16 6 0
16 7 67
17 1 0
17 2 32
17 3 0
17 4 20
17 5 5
17 6 0
17 7 22
18 1 0
18 2 44
18 3 0
18 4 40
18 5 9
18 6 0
18 7 32
19 1 0
19 2 20
19 3 0
19 4 14
19 5 4
19 6 0
19 7 14
20 1 0
20 2 63
20 3 0
20 4 42
20 5 11
20 6 0
20 7 36

# Precedence Relations
1 7
2 7
3 4
3 5
3 6
4 7
5 7
6 8
6 9
6 10
6 16
6 18
7 11
7 12
7 13
7 14
8 15
8 19
9 17
10 17
11 17
12 16
12 18
14 19
16 20
17 19
17 20
18 19

# Parameters
R_e = 0.0500
T = 1000.0
C_s = 4.0
C_w = 36.0
C_c = 5.0
