# Tasks
1 2 3 4 5 6 7 8 9 10 11 12 13 14 15 16 17 18 19 20 21 22 23 24 25 26 27 28 29 30 31 32 33 34 35 36 37 38 39 40 41 42 43 44 45 46 47 48 49 50 51 52 53 54 55 56 57 58 59 60 61 62 63 64 65 66 67 68 69 70 71 72 73 74 75

# Workstations
1 2 3 4 5 6 7 8 9 10 11 12 13 14 15 16 17 18 19 20 21 22 23 24 25 26 27 28 29 30 31 32 33 34 35 36 37 38 39 40 41 42 43 44 45 46 47 48 49 50 51 52 53 54 55 56 57 58 59 60 61 62 63 64 65 66 67 68 69 70 71 72 73 74 75

# Modes
1 2 3 4 5 6 7

# Processing Times
1 1 23
1 2 20
1 3 26
1 4 22
1 5 22
1 6 33
1 7 29
2 1 24
2 2 21
2 3 27
2 4 24
2 5 23
2 6 34
2 7 30
3 1 25
3 2 22
3 3 28
3 4 25
3 5 24
3 6 36
3 7 31
4 1 26
4 2 23
4 3 29
4 4 26
4 5 25
4 6 37
4 7 33
5 1 23
5 2 20
5 3 26
5 4 22
5 5 22
5 6 33
5 7 29
6 1 22
6 2 19
6 3 25
6 4 21
6 5 21
6 6 31
6 7 27
7 1 6
7 2 6
7 3 7
7 4 7
7 5 6
7 6 9
7 7 9
8 1 22
8 2 19
8 3 25
8 4 21
8 5 21
8 6 31
8 7 27
9 1 23
9 2 20
9 3 26
9 4 22
9 5 22
9 6 33
9 7 29
10 1 21
10 2 18
10 3 24
10 4 20
10 5 20
10 6 30
10 7 26
11 1 22
11 2 19
11 3 25
11 4 21
11 5 21
11 6 31
11 7 27
12 1 15
12 2 13
12 3 17
12 4 15
12 5 15
12 6 22
12 7 19
13 1 5
13 2 5
13 3 6
13 4 6
13 5 5
13 6 8
13 7 8
14 1 23
14 2 20
14 3 26
14 4 22
14 5 22
14 6 33
14 7 29
15 1 4
15 2 4
15 3 5
15 4 5
15 5 4
15 6 6
15 7 6
16 1 26
16 2 23
16 3 29
16 4 26
16 5 25
16 6 37
16 7 33
17 1 21
17 2 18
17 3 24
17 4 20
17 5 20
17 6 30
17 7 26
18 1 5
18 2 5
18 3 6
18 4 6
18 5 5
18 6 8
18 7 8
19 1 24
19 2 21
19 3 27
19 4 24
19 5 23
19 6 34
19 7 30
20 1 25
20 2 22
20 3 28
20 4 25
20 5 24
20 6 36
20 7 31
21 1 26
21 2 23
21 3 29
21 4 26
21 5 25
21 6 37
21 7 33
22 1 26
22 2 23
22 3 29
22 4 26
22 5 25
22 6 37
22 7 33
23 1 24
23 2 21
23 3 27
23 4 24
23 5 23
23 6 34
23 7 30
24 1 27
24 2 24
24 3 30
24 4 27
24 5 26
24 6 38
24 7 34
25 1 20
25 2 18
25 3 22
25 4 20
25 5 19
25 6 29
25 7 26
26 1 23
26 2 20
26 3 26
26 4 22
26 5 22
26 6 33
26 7 29
27 1 25
27 2 22
27 3 28
27 4 25
27 5 24
27 6 36
27 7 31
28 1 13
28 2 12
28 3 15
28 4 14
28 5 13
28 6 19
28 7 17
29 1 3
29 2 3
29 3 4
29 4 4
29 5 3
29 6 5
29 7 5
30 1 11
30 2 10
30 3 13
30 4 11
30 5 11
30 6 16
30 7 15
31 1 21
31 2 18
31 3 24
31 4 20
31 5 20
31 6 30
31 7 26
32 1 22
32 2 19
32 3 25
32 4 21
32 5 21
32 6 31
32 7 27
33 1 21
33 2 18
33 3 24
33 4 20
33 5 20
33 6 30
33 7 26
34 1 22
34 2 19
34 3 25
34 4 21
34 5 21
34 6 31
34 7 27
35 1 25
35 2 22
35 3 28
35 4 25
35 5 24
35 6 36
35 7 31
36 1 8
36 2 7
36 3 9
36 4 8
36 5 8
36 6 12
36 7 10
37 1 22
37 2 19
37 3 25
37 4 21
37 5 21
37 6 31
37 7 27
38 1 24
38 2 21
38 3 27
38 4 24
38 5 23
38 6 34
38 7 30
39 1 22
39 2 19
39 3 25
39 4 21
39 5 21
39 6 31
39 7 27
40 1 21
40 2 18
40 3 24
40 4 20
40 5 20
40 6 30
40 7 26
41 1 6
41 2 6
41 3 7
41 4 7
41 5 6
41 6 9
41 7 9
42 1 26
42 2 23
42 3 29
42 4 26
42 5 25
42 6 37
42 7 33
43 1 22
43 2 19
43 3 25
43 4 21
43 5 21
43 6 31
43 7 27
44 1 6
44 2 6
44 3 7
44 4 7
44 5 6
44 6 9
44 7 9
45 1 21
45 2 18
45 3 24
45 4 20
45 5 20
45 6 30
45 7 26
46 1 25
46 2 22
46 3 28
46 4 25
46 5 24
46 6 36
46 7 31
47 1 11
47 2 10
47 3 13
47 4 11
47 5 11
47 6 16
47 7 15
48 1 22
48 2 19
48 3 25
48 4 21
48 5 21
48 6 31
48 7 27
49 1 21
49 2 18
49 3 24
49 4 20
49 5 20
49 6 30
49 7 26
50 1 25
50 2 22
50 3 28
50 4 25
50 5 24
50 6 36
50 7 31
51 1 22
51 2 19
51 3 25
51 4 21
51 5 21
51 6 31
51 7 27
52 1 22
52 2 19
52 3 25
52 4 21
52 5 21
52 6 31
52 7 27
53 1 23
53 2 20
53 3 26
53 4 22
53 5 22
53 6 33
53 7 29
54 1 22
54 2 19
54 3 25
54 4 21
54 5 21
54 6 31
54 7 27
55 1 22
55 2 19
55 3 25
55 4 21
55 5 21
55 6 31
55 7 27
56 1 25
56 2 22
56 3 28
56 4 25
56 5 24
56 6 36
56 7 31
57 1 23
57 2 20
57 3 26
57 4 22
57 5 22
57 6 33
57 7 29
58 1 21
58 2 18
58 3 24
58 4 20
58 5 20
58 6 30
58 7 26
59 1 22
59 2 19
59 3 25
59 4 21
59 5 21
59 6 31
59 7 27
60 1 22
60 2 19
60 3 25
60 4 21
60 5 21
60 6 31
60 7 27
61 1 22
61 2 19
61 3 25
61 4 21
61 5 21
61 6 31
61 7 27
62 1 22
62 2 19
62 3 25
62 4 21
62 5 21
62 6 31
62 7 27
63 1 21
63 2 18
63 3 24
63 4 20
63 5 20
63 6 30
63 7 26
64 1 27
64 2 24
64 3 30
64 4 27
64 5 26
64 6 38
64 7 34
65 1 23
65 2 20
65 3 26
65 4 22
65 5 22
65 6 33
65 7 29
66 1 2
66 2 2
66 3 3
66 4 3
66 5 2
66 6 3
66 7 3
67 1 26
67 2 23
67 3 29
67 4 26
67 5 25
67 6 37
67 7 33
68 1 25
68 2 22
68 3 28
68 4 25
68 5 24
68 6 36
68 7 31
69 1 24
69 2 21
69 3 27
69 4 24
69 5 23
69 6 34
69 7 30
70 1 22
70 2 19
70 3 25
70 4 21
70 5 21
70 6 31
70 7 27
71 1 24
71 2 21
71 3 27
71 4 24
71 5 23
71 6 34
71 7 30
72 1 4
72 2 4
72 3 5
72 4 5
72 5 4
72 6 6
72 7 6
73 1 22
73 2 19
73 3 25
73 4 21
73 5 21
73 6 31
73 7 27
74 1 10
74 2 9
74 3 11
74 4 10
74 5 10
74 6 15
74 7 13
75 1 25
75 2 22
75 3 28
75 4 25
75 5 24
75 6 36
75 7 31

# Energy Consumption
1 1 0
1 2 5
1 3 0
1 4 5
1 5 4
1 6 0
1 7 5
2 1 0
2 2 6
2 3 0
2 4 6
2 5 4
2 6 0
2 7 5
3 1 0
3 2 5
3 3 0
3 4 5
3 5 4
3 6 0
3 7 4
4 1 0
4 2 7
4 3 0
4 4 5
4 5 4
4 6 0
4 7 5
5 1 0
5 2 6
5 3 0
5 4 5
5 5 4
5 6 0
5 7 4
6 1 0
6 2 5
6 3 0
6 4 4
6 5 4
6 6 0
6 7 4
7 1 0
7 2 2
7 3 0
7 4 2
7 5 1
7 6 0
7 7 2
8 1 0
8 2 5
8 3 0
8 4 5
8 5 4
8 6 0
8 7 4
9 1 0
9 2 6
9 3 0
9 4 5
9 5 4
9 6 0
9 7 4
10 1 0
10 2 5
10 3 0
10 4 5
10 5 4
10 6 0
10 7 4
11 1 0
11 2 5
11 3 0
11 4 4
11 5 3
11 6 0
11 7 4
12 1 0
12 2 3
12 3 0
12 4 4
12 5 3
12 6 0
12 7 3
13 1 0
13 2 2
13 3 0
13 4 2
13 5 1
13 6 0
13 7 2
14 1 0
14 2 6
14 3 0
14 4 5
14 5 4
14 6 0
14 7 4
15 1 0
15 2 2
15 3 0
15 4 2
15 5 1
15 6 0
15 7 1
16 1 0
16 2 7
16 3 0
16 4 5
16 5 4
16 6 0
16 7 5
17 1 0
17 2 5
17 3 0
17 4 5
17 5 4
17 6 0
17 7 4
18 1 0
18 2 2
18 3 0
18 4 2
18 5 1
18 6 0
18 7 1
19 1 0
19 2 5
19 3 0
19 4 5
19 5 4
19 6 0
19 7 4
20 1 0
20 2 6
20 3 0
20 4 6
20 5 4
20 6 0
20 7 5
21 1 0
21 2 7
21 3 0
21 4 6
21 5 4
21 6 0
21 7 5
22 1 0
22 2 6
22 3 0
22 4 6
22 5 4
22 6 0
22 7 5
23 1 0
23 2 6
23 3 0
23 4 6
23 5 4
23 6 0
23 7 5
24 1 0
24 2 7
24 3 0
24 4 6
24 5 5
24 6 0
24 7 5
25 1 0
25 2 5
25 3 0
25 4 5
25 5 3
25 6 0
25 7 4
26 1 0
26 2 6
26 3 0
26 4 5
26 5 4
26 6 0
26 7 4
27 1 0
27 2 6
27 3 0
27 4 5
27 5 4
27 6 0
27 7 5
28 1 0
28 2 3
28 3 0
28 4 3
28 5 2
28 6 0
28 7 3
29 1 0
29 2 1
29 3 0
29 4 1
29 5 1
29 6 0
29 7 1
30 1 0
30 2 3
30 3 0
30 4 3
30 5 2
30 6 0
30 7 2
31 1 0
31 2 5
31 3 0
31 4 4
31 5 3
31 6 0
31 7 4
32 1 0
32 2 6
32 3 0
32 4 4
32 5 4
32 6 0
32 7 4
33 1 0
33 2 6
33 3 0
33 4 4
33 5 4
33 6 0
33 7 4
34 1 0
34 2 6
34 3 0
34 4 5
34 5 4
34 6 0
34 7 4
35 1 0
35 2 6
35 3 0
35 4 6
35 5 4
35 6 0
35 7 4
36 1 0
36 2 2
36 3 0
36 4 2
36 5 2
36 6 0
36 7 2
37 1 0
37 2 6
37 3 0
37 4 5
37 5 4
37 6 0
37 7 4
38 1 0
38 2 5
38 3 0
38 4 5
38 5 4
38 6 0
38 7 4
39 1 0
39 2 6
39 3 0
39 4 5
39 5 3
39 6 0
39 7 4
40 1 0
40 2 5
40 3 0
40 4 4
40 5 4
40 6 0
40 7 4
41 1 0
41 2 2
41 3 0
41 4 2
41 5 1
41 6 0
41 7 2
42 1 0
42 2 6
42 3 0
42 4 6
42 5 4
42 6 0
42 7 5
43 1 0
43 2 5
43 3 0
43 4 5
43 5 4
43 6 0
43 7 4
44 1 0
44 2 2
44 3 0
44 4 2
44 5 1
44 6 0
44 7 2
45 1 0
45 2 5
45 3 0
45 4 4
45 5 3
45 6 0
45 7 4
46 1 0
46 2 7
46 3 0
46 4 6
46 5 4
46 6 0
46 7 5
47 1 0
47 2 3
47 3 0
47 4 3
47 5 2
47 6 0
47 7 3
48 1 0
48 2 6
48 3 0
48 4 5
48 5 4
48 6 0
48 7 4
49 1 0
49 2 5
49 3 0
49 4 5
49 5 4
49 6 0
49 7 4
50 1 0
50 2 7
50 3 0
50 4 6
50 5 4
50 6 0
50 7 5
51 1 0
51 2 6
51 3 0
51 4 5
51 5 3
51 6 0
51 7 4
52 1 0
52 2 6
52 3 0
52 4 5
52 5 4
52 6 0
52 7 4
53 1 0
53 2 6
53 3 0
53 4 5
53 5 4
53 6 0
53 7 5
54 1 0
54 2 5
54 3 0
54 4 5
54 5 4
54 6 0
54 7 4
55 1 0
55 2 6
55 3 0
55 4 5
55 5 4
55 6 0
55 7 4
56 1 0
56 2 7
56 3 0
56 4 6
56 5 4
56 6 0
56 7 5
57 1 0
57 2 5
57 3 0
57 4 5
57 5 4
57 6 0
57 7 4
58 1 0
58 2 6
58 3 0
58 4 4
58 5 3
58 6 0
58 7 4
59 1 0
59 2 6
59 3 0
59 4 5
59 5 4
59 6 0
59 7 4
60 1 0
60 2 5
60 3 0
60 4 5
60 5 4
60 6 0
60 7 4
61 1 0
61 2 5
61 3 0
61 4 5
61 5 3
61 6 0
61 7 4
62 1 0
62 2 5
62 3 0
62 4 4
62 5 3
62 6 0
62 7 4
63 1 0
63 2 5
63 3 0
63 4 4
63 5 3
63 6 0
63 7 4
64 1 0
64 2 7
64 3 0
64 4 6
64 5 5
64 6 0
64 7 6
65 1 0
65 2 5
65 3 0
65 4 5
65 5 4
65 6 0
65 7 4
66 1 0
66 2 1
66 3 0
66 4 1
66 5 1
66 6 0
66 7 1
67 1 0
67 2 7
67 3 0
67 4 6
67 5 4
67 6 0
67 7 5
68 1 0
68 2 6
68 3 0
68 4 5
68 5 4
68 6 0
68 7 5
69 1 0
69 2 6
69 3 0
69 4 5
69 5 4
69 6 0
69 7 4
70 1 0
70 2 6
70 3 0
70 4 5
70 5 4
70 6 0
70 7 4
71 1 0
71 2 5
71 3 0
71 4 5
71 5 4
71 6 0
71 7 5
72 1 0
72 2 2
72 3 0
72 4 1
72 5 1
72 6 0
72 7 1
73 1 0
73 2 5
73 3 0
73 4 5
73 5 4
73 6 0
73 7 4
74 1 0
74 2 3
74 3 0
74 4 2
74 5 2
74 6 0
74 7 2
75 1 0
75 2 5
75 3 0
75 4 5
75 5 4
75 6 0
75 7 5

# Precedence Relations
1 2
1 3
1 4
1 5
1 6
1 7
2 15
3 13
3 24
4 8
4 14
4 16
5 12
5 15
6 9
6 10
6 11
6 13
9 20
9 24
10 18
12 19
13 22
15 17
15 20
15 23
16 21
16 26
17 30
18 26
18 30
20 27
21 33
24 25
25 28
25 30
25 33
25 34
26 31
26 32
26 41
27 29
27 35
27 36
31 37
31 39
32 44
32 45
33 41
35 38
35 42
36 40
36 43
39 51
40 46
42 47
43 48
43 50
46 51
46 48
47 49
47 50
47 52
47 53
49 59
49 61
49 62
50 54
50 55
50 60
50 62
52 56
52 57
53 58
55 63
58 65
59 64
59 66
62 67
66 68
68 69
68 70
68 71
68 72
68 73
68 74
68 75

# Parameters
R_e = 0.0500
T = 600.0
C_s = 4.0
C_w = 36.0
C_c = 5.0
