# Tasks
1 2 3 4 5 6 7 8 9 10 11 12 13 14 15 16 17 18 19 20

# Workstations
1 2 3 4 5 6 7 8 9 10 11 12 13 14 15 16 17 18 19 20

# Modes
1 2 3 4 5 6 7

# Processing Times
1 1 88
1 2 122
1 3 94
1 4 130
1 5 56
1 6 93
1 7 129
2 1 95
2 2 144
2 3 100
2 4 152
2 5 57
2 6 102
2 7 154
3 1 105
3 2 129
3 3 114
3 4 140
3 5 71
3 6 111
3 7 136
4 1 140
4 2 200
4 3 150
4 4 214
4 5 94
4 6 153
4 7 218
5 1 114
5 2 159
5 3 122
5 4 170
5 5 66
5 6 118
5 7 165
6 1 123
6 2 187
6 3 134
6 4 203
6 5 78
6 6 131
6 7 198
7 1 250
7 2 381
7 3 274
7 4 417
7 5 148
7 6 268
7 7 408
8 1 90
8 2 139
8 3 98
8 4 151
8 5 63
8 6 98
8 7 151
9 1 61
9 2 81
9 3 68
9 4 90
9 5 36
9 6 62
9 7 82
10 1 107
10 2 160
10 3 115
10 4 172
10 5 68
10 6 109
10 7 162
11 1 68
11 2 105
11 3 75
11 4 115
11 5 41
11 6 74
11 7 113
12 1 155
12 2 226
12 3 165
12 4 240
12 5 97
12 6 161
12 7 234
13 1 142
13 2 209
13 3 154
13 4 226
13 5 89
13 6 154
13 7 227
14 1 21
14 2 28
14 3 23
14 4 30
14 5 14
14 6 22
14 7 29
15 1 106
15 2 138
15 3 116
15 4 151
15 5 63
15 6 107
15 7 139
16 1 67
16 2 83
16 3 73
16 4 90
16 5 45
16 6 71
16 7 88
17 1 52
17 2 74
17 3 55
17 4 78
17 5 37
17 6 53
17 7 75
18 1 55
18 2 80
18 3 59
18 4 86
18 5 32
18 6 61
18 7 88
19 1 51
19 2 72
19 3 56
19 4 79
19 5 32
19 6 55
19 7 77
20 1 82
20 2 107
20 3 88
20 4 115
20 5 48
20 6 88
20 7 115

# Energy Consumption
1 1 0
1 2 30
1 3 0
1 4 27
1 5 9
1 6 0
1 7 19
2 1 0
2 2 37
2 3 0
2 4 31
2 5 9
2 6 0
2 7 22
3 1 0
3 2 36
3 3 0
3 4 28
3 5 12
3 6 0
3 7 19
4 1 0
4 2 50
4 3 0
4 4 48
4 5 14
4 6 0
4 7 32
5 1 0
5 2 39
5 3 0
5 4 36
5 5 11
5 6 0
5 7 23
6 1 0
6 2 42
6 3 0
6 4 44
6 5 12
6 6 0
6 7 28
7 1 0
7 2 86
7 3 0
7 4 90
7 5 22
7 6 0
7 7 58
8 1 0
8 2 36
8 3 0
8 4 32
8 5 10
8 6 0
8 7 22
9 1 0
9 2 22
9 3 0
9 4 20
9 5 6
9 6 0
9 7 13
10 1 0
10 2 46
10 3 0
10 4 36
10 5 11
10 6 0
10 7 23
11 1 0
11 2 24
11 3 0
11 4 22
11 5 7
11 6 0
11 7 17
12 1 0
12 2 58
12 3 0
12 4 53
12 5 14
12 6 0
12 7 33
13 1 0
13 2 51
13 3 0
13 4 46
13 5 14
13 6 0
13 7 32
14 1 0
14 2 9
14 3 0
14 4 7
14 5 3
14 6 0
14 7 4
15 1 0
15 2 36
15 3 0
15 4 28
15 5 10
15 6 0
15 7 17
16 1 0
16 2 24
16 3 0
16 4 20
16 5 7
16 6 0
16 7 12
17 1 0
17 2 20
17 3 0
17 4 18
17 5 6
17 6 0
17 7 10
18 1 0
18 2 20
18 3 0
18 4 18
18 5 5
18 6 0
18 7 11
19 1 0
19 2 20
19 3 0
19 4 17
19 5 5
19 6 0
19 7 12
20 1 0
20 2 28
20 3 0
20 4 26
20 5 8
20 6 0
20 7 15

# Precedence Relations
1 4
2 6
3 5
3 6
4 7
5 7
5 8
6 7
7 9
7 11
7 12
8 10
8 11
8 20
9 13
10 16
12 14
12 15
12 19
13 17
14 20
15 18
16 19

# Parameters
R_e = 0.0500
T = 1000.0
C_s = 4.0
C_w = 36.0
C_c = 5.0
