# Tasks
1 2 3 4 5 6 7 8 9 10 11 12 13 14 15 16 17 18 19 20

# Workstations
1 2 3 4 5 6 7 8 9 10 11 12 13 14 15 16 17 18 19 20

# Modes
1 2 3 4 5 6 7

# Processing Times
1 1 88
1 2 134
1 3 89
1 4 136
1 5 39
1 6 118
1 7 180
2 1 95
2 2 124
2 3 98
2 4 128
2 5 37
2 6 120
2 7 157
3 1 105
3 2 161
3 3 105
3 4 161
3 5 38
3 6 144
3 7 220
4 1 140
4 2 196
4 3 139
4 4 194
4 5 61
4 6 197
4 7 276
5 1 114
5 2 167
5 3 114
5 4 167
5 5 40
5 6 164
5 7 240
6 1 123
6 2 154
6 3 118
6 4 148
6 5 39
6 6 164
6 7 205
7 1 250
7 2 309
7 3 246
7 4 304
7 5 81
7 6 345
7 7 426
8 1 90
8 2 120
8 3 91
8 4 121
8 5 39
8 6 127
8 7 169
9 1 61
9 2 96
9 3 59
9 4 93
9 5 27
9 6 86
9 7 135
10 1 107
10 2 143
10 3 108
10 4 144
10 5 41
10 6 150
10 7 200
11 1 68
11 2 99
11 3 69
11 4 101
11 5 28
11 6 92
11 7 134
12 1 155
12 2 224
12 3 161
12 4 233
12 5 52
12 6 218
12 7 315
13 1 142
13 2 210
13 3 146
13 4 215
13 5 48
13 6 183
13 7 271
14 1 21
14 2 34
14 3 22
14 4 35
14 5 9
14 6 30
14 7 48
15 1 106
15 2 160
15 3 111
15 4 167
15 5 33
15 6 149
15 7 225
16 1 67
16 2 102
16 3 68
16 4 103
16 5 23
16 6 90
16 7 137
17 1 52
17 2 82
17 3 53
17 4 83
17 5 20
17 6 73
17 7 115
18 1 55
18 2 76
18 3 57
18 4 78
18 5 23
18 6 74
18 7 103
19 1 51
19 2 78
19 3 51
19 4 77
19 5 18
19 6 69
19 7 105
20 1 82
20 2 117
20 3 81
20 4 116
20 5 31
20 6 115
20 7 164

# Energy Consumption
1 1 0
1 2 31
1 3 0
1 4 28
1 5 6
1 6 0
1 7 26
2 1 0
2 2 28
2 3 0
2 4 26
2 5 6
2 6 0
2 7 21
3 1 0
3 2 47
3 3 0
3 4 30
3 5 6
3 6 0
3 7 27
4 1 0
4 2 46
4 3 0
4 4 42
4 5 9
4 6 0
4 7 38
5 1 0
5 2 46
5 3 0
5 4 32
5 5 7
5 6 0
5 7 33
6 1 0
6 2 43
6 3 0
6 4 32
6 5 6
6 6 0
6 7 28
7 1 0
7 2 84
7 3 0
7 4 66
7 5 13
7 6 0
7 7 57
8 1 0
8 2 33
8 3 0
8 4 27
8 5 6
8 6 0
8 7 21
9 1 0
9 2 24
9 3 0
9 4 18
9 5 4
9 6 0
9 7 18
10 1 0
10 2 36
10 3 0
10 4 28
10 5 7
10 6 0
10 7 29
11 1 0
11 2 29
11 3 0
11 4 19
11 5 4
11 6 0
11 7 19
12 1 0
12 2 57
12 3 0
12 4 49
12 5 8
12 6 0
12 7 39
13 1 0
13 2 53
13 3 0
13 4 45
13 5 8
13 6 0
13 7 37
14 1 0
14 2 9
14 3 0
14 4 7
14 5 2
14 6 0
14 7 8
15 1 0
15 2 44
15 3 0
15 4 33
15 5 5
15 6 0
15 7 33
16 1 0
16 2 23
16 3 0
16 4 20
16 5 4
16 6 0
16 7 17
17 1 0
17 2 25
17 3 0
17 4 16
17 5 3
17 6 0
17 7 17
18 1 0
18 2 19
18 3 0
18 4 18
18 5 4
18 6 0
18 7 13
19 1 0
19 2 23
19 3 0
19 4 15
19 5 3
19 6 0
19 7 16
20 1 0
20 2 35
20 3 0
20 4 24
20 5 5
20 6 0
20 7 20

# Precedence Relations
1 4
2 6
3 5
3 6
4 7
5 7
5 8
6 7
7 9
7 11
7 12
8 10
8 11
8 20
9 13
10 16
12 14
12 15
12 19
13 17
14 20
15 18
16 19

# Parameters
R_e = 0.0500
T = 1000.0
C_s = 4.0
C_w = 36.0
C_c = 5.0
