# Tasks
1 2 3 4 5 6 7 8 9 10 11 12 13 14 15 16 17 18 19 20

# Workstations
1 2 3 4 5 6 7 8 9 10 11 12 13 14 15 16 17 18 19 20

# Modes
1 2 3 4 5 6 7

# Processing Times
1 1 46
1 2 64
1 3 49
1 4 69
1 5 29
1 6 49
1 7 68
2 1 135
2 2 204
2 3 142
2 4 215
2 5 81
2 6 144
2 7 218
3 1 114
3 2 140
3 3 124
3 4 152
3 5 77
3 6 120
3 7 148
4 1 140
4 2 200
4 3 150
4 4 214
4 5 94
4 6 153
4 7 218
5 1 58
5 2 81
5 3 62
5 4 87
5 5 34
5 6 60
5 7 84
6 1 244
6 2 370
6 3 265
6 4 402
6 5 153
6 6 258
6 7 392
7 1 158
7 2 241
7 3 173
7 4 264
7 5 94
7 6 170
7 7 258
8 1 27
8 2 42
8 3 30
8 4 46
8 5 19
8 6 30
8 7 46
9 1 142
9 2 187
9 3 157
9 4 206
9 5 82
9 6 143
9 7 189
10 1 190
10 2 284
10 3 204
10 4 305
10 5 120
10 6 193
10 7 288
11 1 31
11 2 48
11 3 34
11 4 53
11 5 19
11 6 34
11 7 52
12 1 120
12 2 175
12 3 128
12 4 186
12 5 75
12 6 124
12 7 181
13 1 186
13 2 274
13 3 201
13 4 296
13 5 116
13 6 202
13 7 297
14 1 67
14 2 89
14 3 72
14 4 95
14 5 44
14 6 70
14 7 93
15 1 300
15 2 390
15 3 329
15 4 427
15 5 176
15 6 302
15 7 393
16 1 147
16 2 182
16 3 160
16 4 198
16 5 98
16 6 156
16 7 193
17 1 276
17 2 391
17 3 290
17 4 411
17 5 193
17 6 279
17 7 396
18 1 146
18 2 211
18 3 156
18 4 225
18 5 84
18 6 161
18 7 232
19 1 52
19 2 73
19 3 57
19 4 80
19 5 33
19 6 56
19 7 78
20 1 93
20 2 121
20 3 100
20 4 130
20 5 55
20 6 100
20 7 130

# Energy Consumption
1 1 0
1 2 16
1 3 0
1 4 15
1 5 5
1 6 0
1 7 10
2 1 0
2 2 52
2 3 0
2 4 43
2 5 13
2 6 0
2 7 31
3 1 0
3 2 39
3 3 0
3 4 30
3 5 13
3 6 0
3 7 21
4 1 0
4 2 50
4 3 0
4 4 48
4 5 14
4 6 0
4 7 32
5 1 0
5 2 20
5 3 0
5 4 19
5 5 6
5 6 0
5 7 12
6 1 0
6 2 82
6 3 0
6 4 86
6 5 24
6 6 0
6 7 54
7 1 0
7 2 54
7 3 0
7 4 57
7 5 14
7 6 0
7 7 37
8 1 0
8 2 11
8 3 0
8 4 10
8 5 3
8 6 0
8 7 7
9 1 0
9 2 50
9 3 0
9 4 44
9 5 13
9 6 0
9 7 29
10 1 0
10 2 82
10 3 0
10 4 63
10 5 18
10 6 0
10 7 41
11 1 0
11 2 11
11 3 0
11 4 10
11 5 3
11 6 0
11 7 8
12 1 0
12 2 45
12 3 0
12 4 41
12 5 11
12 6 0
12 7 25
13 1 0
13 2 66
13 3 0
13 4 60
13 5 18
13 6 0
13 7 41
14 1 0
14 2 27
14 3 0
14 4 20
14 5 7
14 6 0
14 7 13
15 1 0
15 2 100
15 3 0
15 4 79
15 5 27
15 6 0
15 7 48
16 1 0
16 2 52
16 3 0
16 4 43
16 5 15
16 6 0
16 7 25
17 1 0
17 2 106
17 3 0
17 4 90
17 5 30
17 6 0
17 7 51
18 1 0
18 2 52
18 3 0
18 4 45
18 5 13
18 6 0
18 7 29
19 1 0
19 2 21
19 3 0
19 4 17
19 5 6
19 6 0
19 7 12
20 1 0
20 2 31
20 3 0
20 4 29
20 5 9
20 6 0
20 7 17

# Precedence Relations
1 5
2 6
3 7
5 11
6 8
6 9
6 10
6 12
8 15
9 13
10 14
11 16
12 17
13 18
14 19
15 20

# Parameters
R_e = 0.0500
T = 1000.0
C_s = 4.0
C_w = 36.0
C_c = 5.0
