# Tasks
1 2 3 4 5 6 7 8 9 10 11 12 13 14 15 16 17 18 19 20

# Workstations
1 2 3 4 5 6 7 8 9 10 11 12 13 14 15 16 17 18 19 20

# Modes
1 2 3 4 5 6 7

# Processing Times
1 1 374
1 2 757
1 3 399
1 4 808
1 5 120
1 6 424
1 7 857
2 1 318
2 2 666
2 3 339
2 4 709
2 5 137
2 6 381
2 7 798
3 1 153
3 2 287
3 3 168
3 4 315
3 5 67
3 6 175
3 7 327
4 1 182
4 2 406
4 3 194
4 4 432
4 5 73
4 6 211
4 7 469
5 1 168
5 2 355
5 3 184
5 4 389
5 5 71
5 6 204
5 7 430
6 1 313
6 2 767
6 3 337
6 4 826
6 5 97
6 6 357
6 7 875
7 1 159
7 2 396
7 3 170
7 4 423
7 5 57
7 6 191
7 7 474
8 1 166
8 2 385
8 3 178
8 4 413
8 5 74
8 6 186
8 7 431
9 1 55
9 2 134
9 3 60
9 4 146
9 5 21
9 6 64
9 7 156
10 1 242
10 2 560
10 3 255
10 4 589
10 5 96
10 6 303
10 7 699
11 1 76
11 2 142
11 3 83
11 4 154
11 5 28
11 6 95
11 7 177
12 1 177
12 2 406
12 3 193
12 4 443
12 5 64
12 6 216
12 7 496
13 1 166
13 2 320
13 3 181
13 4 348
13 5 61
13 6 196
13 7 378
14 1 119
14 2 234
14 3 129
14 4 252
14 5 37
14 6 144
14 7 283
15 1 150
15 2 329
15 3 161
15 4 353
15 5 62
15 6 182
15 7 399
16 1 303
16 2 617
16 3 332
16 4 676
16 5 117
16 6 372
16 7 756
17 1 138
17 2 272
17 3 151
17 4 297
17 5 50
17 6 168
17 7 330
18 1 52
18 2 115
18 3 56
18 4 123
18 5 22
18 6 63
18 7 139
19 1 48
19 2 110
19 3 51
19 4 117
19 5 17
19 6 60
19 7 136
20 1 146
20 2 309
20 3 157
20 4 332
20 5 50
20 6 168
20 7 354

# Energy Consumption
1 1 0
1 2 188
1 3 0
1 4 177
1 5 18
1 6 0
1 7 124
2 1 0
2 2 167
2 3 0
2 4 153
2 5 22
2 6 0
2 7 110
3 1 0
3 2 65
3 3 0
3 4 61
3 5 11
3 6 0
3 7 41
4 1 0
4 2 115
4 3 0
4 4 94
4 5 12
4 6 0
4 7 61
5 1 0
5 2 91
5 3 0
5 4 82
5 5 11
5 6 0
5 7 58
6 1 0
6 2 175
6 3 0
6 4 155
6 5 15
6 6 0
6 7 121
7 1 0
7 2 115
7 3 0
7 4 85
7 5 9
7 6 0
7 7 67
8 1 0
8 2 101
8 3 0
8 4 81
8 5 11
8 6 0
8 7 61
9 1 0
9 2 37
9 3 0
9 4 32
9 5 3
9 6 0
9 7 24
10 1 0
10 2 145
10 3 0
10 4 120
10 5 14
10 6 0
10 7 92
11 1 0
11 2 33
11 3 0
11 4 28
11 5 5
11 6 0
11 7 27
12 1 0
12 2 97
12 3 0
12 4 84
12 5 11
12 6 0
12 7 68
13 1 0
13 2 83
13 3 0
13 4 70
13 5 9
13 6 0
13 7 49
14 1 0
14 2 70
14 3 0
14 4 51
14 5 6
14 6 0
14 7 42
15 1 0
15 2 97
15 3 0
15 4 74
15 5 10
15 6 0
15 7 50
16 1 0
16 2 149
16 3 0
16 4 143
16 5 17
16 6 0
16 7 94
17 1 0
17 2 76
17 3 0
17 4 60
17 5 8
17 6 0
17 7 46
18 1 0
18 2 29
18 3 0
18 4 24
18 5 4
18 6 0
18 7 20
19 1 0
19 2 28
19 3 0
19 4 24
19 5 3
19 6 0
19 7 19
20 1 0
20 2 87
20 3 0
20 4 65
20 5 8
20 6 0
20 7 51

# Precedence Relations
1 11
2 4
2 5
2 6
3 4
3 6
3 7
4 11
5 8
5 9
5 10
6 20
7 12
7 13
7 18
8 11
9 11
10 12
10 13
11 14
11 15
11 16
11 17
11 18
13 19
15 19
15 20
17 19
17 20
18 19

# Parameters
R_e = 0.0500
T = 1000.0
C_s = 4.0
C_w = 36.0
C_c = 5.0
