# Tasks
1 2 3 4 5 6 7 8 9 10 11 12 13 14 15 16 17 18 19 20

# Workstations
1 2 3 4 5 6 7 8 9 10 11 12 13 14 15 16 17 18 19 20

# Modes
1 2 3 4 5 6 7

# Processing Times
1 1 730
1 2 768
1 3 632
1 4 665
1 5 272
1 6 736
1 7 774
2 1 589
2 2 639
2 3 546
2 4 592
2 5 230
2 6 641
2 7 696
3 1 474
3 2 493
3 3 412
3 4 429
3 5 154
3 6 484
3 7 503
4 1 390
4 2 388
4 3 348
4 4 346
4 5 118
4 6 409
4 7 406
5 1 462
5 2 502
5 3 433
5 4 470
5 5 186
5 6 493
5 7 536
6 1 496
6 2 440
6 3 450
6 4 399
6 5 199
6 6 513
6 7 455
7 1 480
7 2 428
7 3 451
7 4 402
7 5 146
7 6 514
7 7 459
8 1 425
8 2 424
8 3 393
8 4 392
8 5 170
8 6 450
8 7 449
9 1 545
9 2 548
9 3 509
9 4 512
9 5 209
9 6 566
9 7 569
10 1 562
10 2 483
10 3 523
10 4 449
10 5 199
10 6 574
10 7 493
11 1 438
11 2 404
11 3 406
11 4 375
11 5 158
11 6 453
11 7 418
12 1 702
12 2 751
12 3 662
12 4 708
12 5 274
12 6 736
12 7 787
13 1 439
13 2 430
13 3 392
13 4 384
13 5 178
13 6 440
13 7 431
14 1 285
14 2 275
14 3 255
14 4 246
14 5 124
14 6 300
14 7 289
15 1 511
15 2 491
15 3 447
15 4 430
15 5 203
15 6 524
15 7 503
16 1 483
16 2 433
16 3 419
16 4 375
16 5 197
16 6 491
16 7 440
17 1 468
17 2 429
17 3 406
17 4 372
17 5 175
17 6 490
17 7 449
18 1 654
18 2 703
18 3 559
18 4 601
18 5 221
18 6 707
18 7 760
19 1 534
19 2 570
19 3 462
19 4 493
19 5 184
19 6 560
19 7 598
20 1 552
20 2 558
20 3 472
20 4 478
20 5 241
20 6 568
20 7 574

# Energy Consumption
1 1 0
1 2 191
1 3 0
1 4 130
1 5 42
1 6 0
1 7 111
2 1 0
2 2 151
2 3 0
2 4 121
2 5 35
2 6 0
2 7 97
3 1 0
3 2 119
3 3 0
3 4 78
3 5 23
3 6 0
3 7 74
4 1 0
4 2 114
4 3 0
4 4 64
4 5 18
4 6 0
4 7 60
5 1 0
5 2 150
5 3 0
5 4 96
5 5 28
5 6 0
5 7 74
6 1 0
6 2 128
6 3 0
6 4 75
6 5 29
6 6 0
6 7 62
7 1 0
7 2 98
7 3 0
7 4 85
7 5 22
7 6 0
7 7 67
8 1 0
8 2 125
8 3 0
8 4 82
8 5 25
8 6 0
8 7 61
9 1 0
9 2 135
9 3 0
9 4 107
9 5 33
9 6 0
9 7 83
10 1 0
10 2 122
10 3 0
10 4 95
10 5 29
10 6 0
10 7 66
11 1 0
11 2 96
11 3 0
11 4 80
11 5 25
11 6 0
11 7 60
12 1 0
12 2 185
12 3 0
12 4 149
12 5 43
12 6 0
12 7 114
13 1 0
13 2 105
13 3 0
13 4 75
13 5 29
13 6 0
13 7 56
14 1 0
14 2 67
14 3 0
14 4 46
14 5 20
14 6 0
14 7 36
15 1 0
15 2 146
15 3 0
15 4 94
15 5 33
15 6 0
15 7 64
16 1 0
16 2 98
16 3 0
16 4 71
16 5 28
16 6 0
16 7 58
17 1 0
17 2 121
17 3 0
17 4 77
17 5 25
17 6 0
17 7 67
18 1 0
18 2 160
18 3 0
18 4 126
18 5 33
18 6 0
18 7 104
19 1 0
19 2 127
19 3 0
19 4 107
19 5 30
19 6 0
19 7 86
20 1 0
20 2 147
20 3 0
20 4 93
20 5 35
20 6 0
20 7 84

# Precedence Relations
1 13
2 3
2 4
2 5
2 6
3 13
4 13
5 7
5 8
6 9
6 14
7 13
8 9
8 10
8 11
8 12
9 13
10 20
11 13
11 14
11 15
12 13
13 16
13 17
13 18
13 19
14 20

# Parameters
R_e = 0.0500
T = 1000.0
C_s = 4.0
C_w = 36.0
C_c = 5.0
