# Tasks
1 2 3 4 5 6 7 8 9 10 11 12 13 14 15 16 17 18 19 20 21 22 23 24 25 26 27 28 29 30 31 32

# Workstations
1 2 3 4 5 6 7 8 9 10 11 12 13 14 15 16 17 18 19 20 21 22 23 24 25 26 27 28 29 30 31 32

# Modes
1 2 3 4 5 6 7

# Processing Times
1 1 458
1 2 482
1 3 420
1 4 442
1 5 186
1 6 469
1 7 493
2 1 276
2 2 299
2 3 244
2 4 264
2 5 120
2 6 302
2 7 327
3 1 520
3 2 541
3 3 479
3 4 498
3 5 206
3 6 547
3 7 569
4 1 1400
4 2 1393
4 3 1271
4 4 1265
4 5 569
4 6 1508
4 7 1501
5 1 352
5 2 382
5 3 313
5 4 340
5 5 132
5 6 353
5 7 383
6 1 196
6 2 174
6 3 171
6 4 152
6 5 67
6 6 209
6 7 185
7 1 214
7 2 191
7 3 190
7 4 169
7 5 74
7 6 219
7 7 196
8 1 456
8 2 455
8 3 410
8 4 409
8 5 199
8 6 494
8 7 493
9 1 646
9 2 649
9 3 551
9 4 553
9 5 209
9 6 649
9 7 652
10 1 512
10 2 440
10 3 461
10 4 396
10 5 212
10 6 518
10 7 446
11 1 408
11 2 376
11 3 357
11 4 329
11 5 134
11 6 429
11 7 395
12 1 262
12 2 281
12 3 227
12 4 244
12 5 95
12 6 278
12 7 298
13 1 544
13 2 533
13 3 487
13 4 478
13 5 233
13 6 571
13 7 560
14 1 202
14 2 195
14 3 188
14 4 182
14 5 78
14 6 215
14 7 208
15 1 458
15 2 441
15 3 412
15 4 397
15 5 199
15 6 486
15 7 468
16 1 694
16 2 622
16 3 610
16 4 547
16 5 285
16 6 763
16 7 684
17 1 616
17 2 565
17 3 584
17 4 536
17 5 262
17 6 647
17 7 593
18 1 678
18 2 728
18 3 585
18 4 628
18 5 284
18 6 725
18 7 779
19 1 328
19 2 350
19 3 281
19 4 300
19 5 136
19 6 345
19 7 368
20 1 324
20 2 328
20 3 306
20 4 310
20 5 142
20 6 344
20 7 348
21 1 100
21 2 97
21 3 93
21 4 90
21 5 37
21 6 107
21 7 104
22 1 352
22 2 353
22 3 332
22 4 333
22 5 129
22 6 372
22 7 373
23 1 544
23 2 484
23 3 485
23 4 431
23 5 184
23 6 551
23 7 490
24 1 500
24 2 427
24 3 470
24 4 401
24 5 162
24 6 510
24 7 436
25 1 382
25 2 390
25 3 358
25 4 365
25 5 125
25 6 396
25 7 404
26 1 858
26 2 874
26 3 798
26 4 813
26 5 264
26 6 864
26 7 880
27 1 388
27 2 333
27 3 357
27 4 307
27 5 125
27 6 409
27 7 351
28 1 352
28 2 358
28 3 317
28 4 322
28 5 109
28 6 374
28 7 381
29 1 428
29 2 423
29 3 378
29 4 374
29 5 134
29 6 442
29 7 437
30 1 238
30 2 224
30 3 223
30 4 210
30 5 103
30 6 247
30 7 233
31 1 258
31 2 245
31 3 232
31 4 221
31 5 86
31 6 273
31 7 259
32 1 196
32 2 196
32 3 169
32 4 169
32 5 73
32 6 209
32 7 209

# Energy Consumption
1 1 0
1 2 120
1 3 0
1 4 87
1 5 29
1 6 0
1 7 71
2 1 0
2 2 71
2 3 0
2 4 54
2 5 19
2 6 0
2 7 46
3 1 0
3 2 131
3 3 0
3 4 90
3 5 30
3 6 0
3 7 84
4 1 0
4 2 407
4 3 0
4 4 232
4 5 85
4 6 0
4 7 219
5 1 0
5 2 114
5 3 0
5 4 69
5 5 20
5 6 0
5 7 53
6 1 0
6 2 51
6 3 0
6 4 29
6 5 10
6 6 0
6 7 26
7 1 0
7 2 44
7 3 0
7 4 36
7 5 12
7 6 0
7 7 29
8 1 0
8 2 134
8 3 0
8 4 85
8 5 29
8 6 0
8 7 67
9 1 0
9 2 160
9 3 0
9 4 115
9 5 33
9 6 0
9 7 95
10 1 0
10 2 111
10 3 0
10 4 84
10 5 31
10 6 0
10 7 60
11 1 0
11 2 90
11 3 0
11 4 70
11 5 21
11 6 0
11 7 56
12 1 0
12 2 70
12 3 0
12 4 52
12 5 15
12 6 0
12 7 44
13 1 0
13 2 130
13 3 0
13 4 93
13 5 38
13 6 0
13 7 73
14 1 0
14 2 48
14 3 0
14 4 34
14 5 12
14 6 0
14 7 26
15 1 0
15 2 131
15 3 0
15 4 87
15 5 32
15 6 0
15 7 59
16 1 0
16 2 141
16 3 0
16 4 104
16 5 40
16 6 0
16 7 90
17 1 0
17 2 159
17 3 0
17 4 111
17 5 37
17 6 0
17 7 89
18 1 0
18 2 165
18 3 0
18 4 132
18 5 42
18 6 0
18 7 107
19 1 0
19 2 78
19 3 0
19 4 65
19 5 22
19 6 0
19 7 53
20 1 0
20 2 87
20 3 0
20 4 61
20 5 21
20 6 0
20 7 51
21 1 0
21 2 24
21 3 0
21 4 17
21 5 6
21 6 0
21 7 13
22 1 0
22 2 82
22 3 0
22 4 73
22 5 20
22 6 0
22 7 52
23 1 0
23 2 141
23 3 0
23 4 89
23 5 28
23 6 0
23 7 73
24 1 0
24 2 112
24 3 0
24 4 81
24 5 24
24 6 0
24 7 59
25 1 0
25 2 95
25 3 0
25 4 70
25 5 20
25 6 0
25 7 55
26 1 0
26 2 220
26 3 0
26 4 167
26 5 38
26 6 0
26 7 114
27 1 0
27 2 96
27 3 0
27 4 68
27 5 20
27 6 0
27 7 49
28 1 0
28 2 103
28 3 0
28 4 70
28 5 17
28 6 0
28 7 47
29 1 0
29 2 104
29 3 0
29 4 81
29 5 20
29 6 0
29 7 60
30 1 0
30 2 60
30 3 0
30 4 44
30 5 17
30 6 0
30 7 33
31 1 0
31 2 64
31 3 0
31 4 41
31 5 13
31 6 0
31 7 38
32 1 0
32 2 54
32 3 0
32 4 37
32 5 12
32 6 0
32 7 26

# Precedence Relations
1 5
2 6
3 9
4 15
5 6
6 7
6 8
6 9
7 21
8 21
9 10
9 11
10 16
11 12
12 13
13 14
13 15
14 16
14 17
15 17
16 18
17 19
18 21
19 20
20 21
21 22
21 23
21 24
22 25
23 32
24 32
25 26
26 27
27 28
28 29
29 30
30 31
31 32

# Parameters
R_e = 0.0500
T = 1894.0
C_s = 4.0
C_w = 36.0
C_c = 5.0
