# Tasks
1 2 3 4 5 6 7 8 9 10 11 12 13 14 15 16 17 18 19 20 21 22 23 24 25 26 27 28 29 30 31 32 33 34 35

# Workstations
1 2 3 4 5 6 7 8 9 10 11 12 13 14 15 16 17 18 19 20 21 22 23 24 25 26 27 28 29 30 31 32 33 34 35

# Modes
1 2 3 4 5 6 7

# Processing Times
1 1 29
1 2 61
1 3 29
1 4 61
1 5 26
1 6 32
1 7 67
2 1 3
2 2 7
2 3 3
2 4 7
2 5 3
2 6 4
2 7 8
3 1 5
3 2 11
3 3 5
3 4 11
3 5 5
3 6 6
3 7 13
4 1 22
4 2 47
4 3 22
4 4 47
4 5 20
4 6 25
4 7 52
5 1 6
5 2 13
5 3 6
5 4 13
5 5 6
5 6 7
5 7 15
6 1 14
6 2 30
6 3 14
6 4 30
6 5 13
6 6 16
6 7 33
7 1 2
7 2 5
7 3 2
7 4 5
7 5 2
7 6 3
7 7 6
8 1 5
8 2 11
8 3 5
8 4 11
8 5 5
8 6 6
8 7 13
9 1 22
9 2 47
9 3 22
9 4 47
9 5 20
9 6 25
9 7 52
10 1 30
10 2 63
10 3 30
10 4 63
10 5 27
10 6 33
10 7 69
11 1 23
11 2 49
11 3 23
11 4 49
11 5 21
11 6 26
11 7 54
12 1 30
12 2 63
12 3 30
12 4 63
12 5 27
12 6 33
12 7 69
13 1 23
13 2 49
13 3 23
13 4 49
13 5 21
13 6 26
13 7 54
14 1 2
14 2 5
14 3 2
14 4 5
14 5 2
14 6 3
14 7 6
15 1 19
15 2 40
15 3 19
15 4 40
15 5 17
15 6 21
15 7 44
16 1 29
16 2 61
16 3 29
16 4 61
16 5 26
16 6 32
16 7 67
17 1 2
17 2 5
17 3 2
17 4 5
17 5 2
17 6 3
17 7 6
18 1 2
18 2 5
18 3 2
18 4 5
18 5 2
18 6 3
18 7 6
19 1 19
19 2 40
19 3 19
19 4 40
19 5 17
19 6 21
19 7 44
20 1 29
20 2 61
20 3 29
20 4 61
20 5 26
20 6 32
20 7 67
21 1 6
21 2 13
21 3 6
21 4 13
21 5 6
21 6 7
21 7 15
22 1 10
22 2 21
22 3 10
22 4 21
22 5 9
22 6 11
22 7 23
23 1 16
23 2 34
23 3 16
23 4 34
23 5 15
23 6 18
23 7 38
24 1 23
24 2 49
24 3 23
24 4 49
24 5 21
24 6 26
24 7 54
25 1 5
25 2 11
25 3 5
25 4 11
25 5 5
25 6 6
25 7 13
26 1 5
26 2 11
26 3 5
26 4 11
26 5 5
26 6 6
26 7 13
27 1 5
27 2 11
27 3 5
27 4 11
27 5 5
27 6 6
27 7 13
28 1 40
28 2 84
28 3 40
28 4 84
28 5 36
28 6 44
28 7 92
29 1 2
29 2 5
29 3 2
29 4 5
29 5 2
29 6 3
29 7 6
30 1 5
30 2 11
30 3 5
30 4 11
30 5 5
30 6 6
30 7 13
31 1 5
31 2 11
31 3 5
31 4 11
31 5 5
31 6 6
31 7 13
32 1 1
32 2 3
32 3 1
32 4 3
32 5 1
32 6 2
32 7 4
33 1 40
33 2 84
33 3 40
33 4 84
33 5 36
33 6 44
33 7 92
34 1 2
34 2 5
34 3 2
34 4 5
34 5 2
34 6 3
34 7 6
35 1 2
35 2 5
35 3 2
35 4 5
35 5 2
35 6 3
35 7 6

# Energy Consumption
1 1 0
1 2 16
1 3 0
1 4 13
1 5 4
1 6 0
1 7 10
2 1 0
2 2 2
2 3 0
2 4 2
2 5 1
2 6 0
2 7 2
3 1 0
3 2 3
3 3 0
3 4 3
3 5 1
3 6 0
3 7 2
4 1 0
4 2 13
4 3 0
4 4 10
4 5 4
4 6 0
4 7 7
5 1 0
5 2 4
5 3 0
5 4 3
5 5 1
5 6 0
5 7 2
6 1 0
6 2 9
6 3 0
6 4 6
6 5 2
6 6 0
6 7 5
7 1 0
7 2 2
7 3 0
7 4 1
7 5 1
7 6 0
7 7 1
8 1 0
8 2 4
8 3 0
8 4 3
8 5 1
8 6 0
8 7 2
9 1 0
9 2 14
9 3 0
9 4 9
9 5 3
9 6 0
9 7 7
10 1 0
10 2 19
10 3 0
10 4 14
10 5 5
10 6 0
10 7 10
11 1 0
11 2 11
11 3 0
11 4 11
11 5 4
11 6 0
11 7 7
12 1 0
12 2 15
12 3 0
12 4 14
12 5 5
12 6 0
12 7 10
13 1 0
13 2 15
13 3 0
13 4 10
13 5 4
13 6 0
13 7 8
14 1 0
14 2 2
14 3 0
14 4 1
14 5 1
14 6 0
14 7 1
15 1 0
15 2 11
15 3 0
15 4 8
15 5 3
15 6 0
15 7 6
16 1 0
16 2 16
16 3 0
16 4 12
16 5 4
16 6 0
16 7 9
17 1 0
17 2 2
17 3 0
17 4 1
17 5 1
17 6 0
17 7 1
18 1 0
18 2 2
18 3 0
18 4 2
18 5 1
18 6 0
18 7 1
19 1 0
19 2 12
19 3 0
19 4 8
19 5 3
19 6 0
19 7 7
20 1 0
20 2 15
20 3 0
20 4 13
20 5 4
20 6 0
20 7 10
21 1 0
21 2 4
21 3 0
21 4 3
21 5 1
21 6 0
21 7 3
22 1 0
22 2 5
22 3 0
22 4 5
22 5 2
22 6 0
22 7 4
23 1 0
23 2 11
23 3 0
23 4 7
23 5 3
23 6 0
23 7 6
24 1 0
24 2 14
24 3 0
24 4 11
24 5 3
24 6 0
24 7 8
25 1 0
25 2 4
25 3 0
25 4 3
25 5 1
25 6 0
25 7 2
26 1 0
26 2 3
26 3 0
26 4 3
26 5 1
26 6 0
26 7 2
27 1 0
27 2 4
27 3 0
27 4 3
27 5 1
27 6 0
27 7 2
28 1 0
28 2 25
28 3 0
28 4 18
28 5 6
28 6 0
28 7 12
29 1 0
29 2 2
29 3 0
29 4 1
29 5 1
29 6 0
29 7 1
30 1 0
30 2 3
30 3 0
30 4 3
30 5 1
30 6 0
30 7 2
31 1 0
31 2 3
31 3 0
31 4 3
31 5 1
31 6 0
31 7 2
32 1 0
32 2 1
32 3 0
32 4 1
32 5 1
32 6 0
32 7 1
33 1 0
33 2 22
33 3 0
33 4 18
33 5 6
33 6 0
33 7 14
34 1 0
34 2 2
34 3 0
34 4 1
34 5 1
34 6 0
34 7 1
35 1 0
35 2 2
35 3 0
35 4 1
35 5 1
35 6 0
35 7 1

# Precedence Relations
1 2
1 5
1 7
1 10
1 12
2 3
3 4
4 11
5 6
6 7
6 8
7 14
7 18
8 9
9 13
10 14
11 28
11 33
12 18
13 28
13 33
14 15
15 16
16 21
17 20
18 19
19 20
20 21
21 22
21 25
21 30
21 32
22 23
23 24
24 27
25 26
26 27
27 28
27 33
27 34
28 29
30 31
31 32
32 33
33 35

# Parameters
R_e = 0.0500
T = 96.60000000000001
C_s = 4.0
C_w = 36.0
C_c = 5.0
