# Tasks
1 2 3 4 5 6 7 8 9 10 11 12 13 14 15 16 17 18 19 20

# Workstations
1 2 3 4 5 6 7 8 9 10 11 12 13 14 15 16 17 18 19 20

# Modes
1 2 3 4 5 6 7

# Processing Times
1 1 165
1 2 228
1 3 176
1 4 243
1 5 104
1 6 174
1 7 241
2 1 79
2 2 120
2 3 84
2 4 127
2 5 47
2 6 85
2 7 128
3 1 84
3 2 103
3 3 92
3 4 112
3 5 57
3 6 89
3 7 109
4 1 234
4 2 334
4 3 250
4 4 357
4 5 156
4 6 255
4 7 364
5 1 79
5 2 110
5 3 85
5 4 118
5 5 46
5 6 82
5 7 114
6 1 241
6 2 366
6 3 262
6 4 397
6 5 151
6 6 255
6 7 387
7 1 74
7 2 113
7 3 81
7 4 124
7 5 44
7 6 80
7 7 121
8 1 96
8 2 148
8 3 105
8 4 161
8 5 67
8 6 104
8 7 161
9 1 44
9 2 58
9 3 49
9 4 64
9 5 26
9 6 45
9 7 59
10 1 225
10 2 336
10 3 242
10 4 361
10 5 142
10 6 228
10 7 340
11 1 77
11 2 119
11 3 85
11 4 131
11 5 47
11 6 83
11 7 128
12 1 124
12 2 181
12 3 132
12 4 192
12 5 78
12 6 129
12 7 187
13 1 119
13 2 176
13 3 129
13 4 191
13 5 75
13 6 129
13 7 191
14 1 160
14 2 213
14 3 171
14 4 228
14 5 104
14 6 166
14 7 221
15 1 41
15 2 54
15 3 45
15 4 60
15 5 25
15 6 42
15 7 55
16 1 204
16 2 253
16 3 222
16 4 275
16 5 136
16 6 216
16 7 268
17 1 319
17 2 452
17 3 336
17 4 475
17 5 224
17 6 323
17 7 457
18 1 248
18 2 357
18 3 265
18 4 381
18 5 143
18 6 273
18 7 392
19 1 127
19 2 178
19 3 138
19 4 194
19 5 79
19 6 136
19 7 190
20 1 84
20 2 110
20 3 90
20 4 118
20 5 49
20 6 91
20 7 118

# Energy Consumption
1 1 0
1 2 55
1 3 0
1 4 51
1 5 17
1 6 0
1 7 35
2 1 0
2 2 31
2 3 0
2 4 26
2 5 8
2 6 0
2 7 19
3 1 0
3 2 29
3 3 0
3 4 22
3 5 9
3 6 0
3 7 15
4 1 0
4 2 84
4 3 0
4 4 79
4 5 22
4 6 0
4 7 53
5 1 0
5 2 27
5 3 0
5 4 25
5 5 8
5 6 0
5 7 16
6 1 0
6 2 81
6 3 0
6 4 85
6 5 23
6 6 0
6 7 54
7 1 0
7 2 26
7 3 0
7 4 27
7 5 7
7 6 0
7 7 18
8 1 0
8 2 38
8 3 0
8 4 34
8 5 10
8 6 0
8 7 23
9 1 0
9 2 16
9 3 0
9 4 14
9 5 5
9 6 0
9 7 9
10 1 0
10 2 96
10 3 0
10 4 75
10 5 22
10 6 0
10 7 48
11 1 0
11 2 27
11 3 0
11 4 25
11 5 8
11 6 0
11 7 19
12 1 0
12 2 46
12 3 0
12 4 42
12 5 12
12 6 0
12 7 26
13 1 0
13 2 43
13 3 0
13 4 39
13 5 12
13 6 0
13 7 27
14 1 0
14 2 64
14 3 0
14 4 47
14 5 17
14 6 0
14 7 30
15 1 0
15 2 14
15 3 0
15 4 12
15 5 4
15 6 0
15 7 7
16 1 0
16 2 72
16 3 0
16 4 59
16 5 21
16 6 0
16 7 35
17 1 0
17 2 122
17 3 0
17 4 104
17 5 35
17 6 0
17 7 58
18 1 0
18 2 87
18 3 0
18 4 77
18 5 22
18 6 0
18 7 49
19 1 0
19 2 49
19 3 0
19 4 40
19 5 13
19 6 0
19 7 29
20 1 0
20 2 29
20 3 0
20 4 26
20 5 8
20 6 0
20 7 15

# Precedence Relations
1 11
2 7
3 6
3 7
4 5
4 6
5 11
7 8
7 9
7 10
8 11
9 11
10 12
10 13
11 14
11 15
11 16
11 17
15 19
15 20
16 18
17 19

# Parameters
R_e = 0.0500
T = 1000.0
C_s = 4.0
C_w = 36.0
C_c = 5.0
