# Tasks
1 2 3 4 5 6 7 8 9 10 11 12 13 14 15 16 17 18 19 20

# Workstations
1 2 3 4 5 6 7 8 9 10 11 12 13 14 15 16 17 18 19 20

# Modes
1 2 3 4 5 6 7

# Processing Times
1 1 570
1 2 1417
1 3 490
1 4 1217
1 5 368
1 6 821
1 7 2041
2 1 504
2 2 1215
2 3 430
2 4 1037
2 5 340
2 6 722
2 7 1741
3 1 232
3 2 541
3 3 211
3 4 490
3 5 147
3 6 303
3 7 706
4 1 336
4 2 750
4 3 315
4 4 702
4 5 235
4 6 484
4 7 1080
5 1 724
5 2 1436
5 3 655
5 4 1299
5 5 399
5 6 993
5 7 1968
6 1 463
6 2 1014
6 3 421
6 4 922
6 5 294
6 6 655
6 7 1434
7 1 537
7 2 1202
7 3 484
7 4 1084
7 5 348
7 6 693
7 7 1550
8 1 553
8 2 1056
8 3 526
8 4 1003
8 5 349
8 6 734
8 7 1402
9 1 669
9 2 1241
9 3 633
9 4 1173
9 5 422
9 6 856
9 7 1588
10 1 350
10 2 700
10 3 317
10 4 634
10 5 220
10 6 485
10 7 970
11 1 463
11 2 977
11 3 436
11 4 919
11 5 275
11 6 655
11 7 1382
12 1 365
12 2 675
12 3 346
12 4 639
12 5 222
12 6 527
12 7 973
13 1 422
13 2 851
13 3 380
13 4 766
13 5 261
13 6 555
13 7 1120
14 1 544
14 2 1127
14 3 464
14 4 960
14 5 374
14 6 752
14 7 1558
15 1 483
15 2 1202
15 3 433
15 4 1078
15 5 311
15 6 637
15 7 1585
16 1 380
16 2 724
16 3 359
16 4 683
16 5 233
16 6 477
16 7 908
17 1 535
17 2 967
17 3 469
17 4 847
17 5 333
17 6 775
17 7 1400
18 1 628
18 2 1549
18 3 556
18 4 1371
18 5 436
18 6 826
18 7 2038
19 1 437
19 2 789
19 3 403
19 4 728
19 5 286
19 6 602
19 7 1087
20 1 283
20 2 631
20 3 256
20 4 571
20 5 182
20 6 388
20 7 864

# Energy Consumption
1 1 0
1 2 403
1 3 0
1 4 235
1 5 59
1 6 0
1 7 249
2 1 0
2 2 284
2 3 0
2 4 197
2 5 50
2 6 0
2 7 253
3 1 0
3 2 136
3 3 0
3 4 99
3 5 21
3 6 0
3 7 97
4 1 0
4 2 185
4 3 0
4 4 144
4 5 36
4 6 0
4 7 137
5 1 0
5 2 347
5 3 0
5 4 272
5 5 58
5 6 0
5 7 250
6 1 0
6 2 247
6 3 0
6 4 203
6 5 44
6 6 0
6 7 186
7 1 0
7 2 304
7 3 0
7 4 223
7 5 54
7 6 0
7 7 215
8 1 0
8 2 276
8 3 0
8 4 213
8 5 50
8 6 0
8 7 204
9 1 0
9 2 276
9 3 0
9 4 226
9 5 65
9 6 0
9 7 192
10 1 0
10 2 180
10 3 0
10 4 133
10 5 34
10 6 0
10 7 119
11 1 0
11 2 234
11 3 0
11 4 174
11 5 40
11 6 0
11 7 172
12 1 0
12 2 169
12 3 0
12 4 124
12 5 33
12 6 0
12 7 118
13 1 0
13 2 250
13 3 0
13 4 145
13 5 40
13 6 0
13 7 157
14 1 0
14 2 325
14 3 0
14 4 183
14 5 59
14 6 0
14 7 223
15 1 0
15 2 278
15 3 0
15 4 205
15 5 48
15 6 0
15 7 203
16 1 0
16 2 173
16 3 0
16 4 147
16 5 34
16 6 0
16 7 110
17 1 0
17 2 254
17 3 0
17 4 164
17 5 49
17 6 0
17 7 170
18 1 0
18 2 395
18 3 0
18 4 258
18 5 67
18 6 0
18 7 289
19 1 0
19 2 207
19 3 0
19 4 132
19 5 46
19 6 0
19 7 153
20 1 0
20 2 163
20 3 0
20 4 107
20 5 26
20 6 0
20 7 124

# Precedence Relations
1 10
2 10
3 10
4 6
4 8
4 12
5 7
5 9
5 10
5 11
6 10
7 18
8 11
9 12
9 17
9 18
10 13
10 14
10 15
10 16
11 17
11 18
13 20
14 17
15 17
16 18
17 19
17 20
18 19

# Parameters
R_e = 0.0500
T = 1000.0
C_s = 4.0
C_w = 36.0
C_c = 5.0
