# Tasks
1 2 3 4 5 6 7 8 9 10 11

# Workstations
1 2 3 4 5 6 7 8 9 10 11

# Modes
1 2 3 4 5 6 7

# Processing Times
1 1 4
1 2 10
1 3 4
1 4 10
1 5 3
1 6 6
1 7 15
2 1 38
2 2 92
2 3 37
2 4 88
2 5 23
2 6 53
2 7 127
3 1 45
3 2 105
3 3 39
3 4 90
3 5 28
3 6 60
3 7 140
4 1 12
4 2 27
4 3 11
4 4 25
4 5 9
4 6 17
4 7 37
5 1 10
5 2 20
5 3 10
5 4 19
5 5 6
5 6 15
5 7 29
6 1 8
6 2 18
6 3 8
6 4 17
6 5 5
6 6 12
6 7 25
7 1 12
7 2 27
7 3 11
7 4 25
7 5 9
7 6 17
7 7 38
8 1 10
8 2 20
8 3 10
8 4 19
8 5 6
8 6 13
8 7 26
9 1 2
9 2 4
9 3 2
9 4 4
9 5 2
9 6 3
9 7 6
10 1 10
10 2 20
10 3 9
10 4 18
10 5 7
10 6 14
10 7 28
11 1 34
11 2 72
11 3 31
11 4 65
11 5 23
11 6 49
11 7 103

# Energy Consumption
1 1 0
1 2 3
1 3 0
1 4 2
1 5 1
1 6 0
1 7 2
2 1 0
2 2 22
2 3 0
2 4 17
2 5 4
2 6 0
2 7 19
3 1 0
3 2 27
3 3 0
3 4 19
3 5 4
3 6 0
3 7 20
4 1 0
4 2 7
4 3 0
4 4 6
4 5 2
4 6 0
4 7 5
5 1 0
5 2 5
5 3 0
5 4 4
5 5 1
5 6 0
5 7 4
6 1 0
6 2 5
6 3 0
6 4 4
6 5 1
6 6 0
6 7 4
7 1 0
7 2 7
7 3 0
7 4 6
7 5 2
7 6 0
7 7 6
8 1 0
8 2 6
8 3 0
8 4 5
8 5 1
8 6 0
8 7 4
9 1 0
9 2 1
9 3 0
9 4 1
9 5 1
9 6 0
9 7 1
10 1 0
10 2 6
10 3 0
10 4 4
10 5 2
10 6 0
10 7 4
11 1 0
11 2 18
11 3 0
11 4 13
11 5 4
11 6 0
11 7 13

# Precedence Relations
1 4
2 4
2 5
3 11
4 6
5 7
6 8
7 9
8 10
9 10
10 11

# Parameters
R_e = 0.0500
T = 62.0
C_s = 4.0
C_w = 36.0
C_c = 5.0
