# Tasks
1 2 3 4 5 6 7 8 9 10 11 12 13 14 15 16 17 18 19 20 21

# Workstations
1 2 3 4 5 6 7 8 9 10 11 12 13 14 15 16 17 18 19 20 21

# Modes
1 2 3 4 5 6 7

# Processing Times
1 1 4
1 2 9
1 3 5
1 4 10
1 5 2
1 6 5
1 7 11
2 1 3
2 2 7
2 3 4
2 4 8
2 5 2
2 6 4
2 7 9
3 1 9
3 2 17
3 3 10
3 4 19
3 5 4
3 6 11
3 7 20
4 1 5
4 2 12
4 3 6
4 4 13
4 5 3
4 6 6
4 7 15
5 1 9
5 2 19
5 3 10
5 4 21
5 5 3
5 6 11
5 7 22
6 1 4
6 2 10
6 3 5
6 4 11
6 5 2
6 6 5
6 7 12
7 1 8
7 2 20
7 3 9
7 4 22
7 5 4
7 6 10
7 7 25
8 1 7
8 2 17
8 3 8
8 4 18
8 5 3
8 6 9
8 7 22
9 1 5
9 2 13
9 3 6
9 4 15
9 5 2
9 6 7
9 7 16
10 1 1
10 2 3
10 3 2
10 4 4
10 5 1
10 6 2
10 7 4
11 1 3
11 2 6
11 3 4
11 4 7
11 5 2
11 6 4
11 7 8
12 1 1
12 2 3
12 3 2
12 4 4
12 5 1
12 6 2
12 7 4
13 1 5
13 2 10
13 3 6
13 4 11
13 5 2
13 6 7
13 7 13
14 1 3
14 2 6
14 3 4
14 4 7
14 5 2
14 6 4
14 7 8
15 1 5
15 2 11
15 3 6
15 4 13
15 5 2
15 6 7
15 7 14
16 1 3
16 2 7
16 3 4
16 4 8
16 5 2
16 6 4
16 7 9
17 1 13
17 2 26
17 3 14
17 4 28
17 5 6
17 6 15
17 7 30
18 1 5
18 2 12
18 3 6
18 4 13
18 5 2
18 6 7
18 7 15
19 1 2
19 2 5
19 3 3
19 4 6
19 5 1
19 6 3
19 7 7
20 1 3
20 2 7
20 3 4
20 4 8
20 5 2
20 6 4
20 7 9
21 1 7
21 2 14
21 3 8
21 4 15
21 5 3
21 6 9
21 7 17

# Energy Consumption
1 1 0
1 2 3
1 3 0
1 4 3
1 5 1
1 6 0
1 7 2
2 1 0
2 2 2
2 3 0
2 4 2
2 5 1
2 6 0
2 7 2
3 1 0
3 2 4
3 3 0
3 4 4
3 5 1
3 6 0
3 7 3
4 1 0
4 2 4
4 3 0
4 4 3
4 5 1
4 6 0
4 7 2
5 1 0
5 2 5
5 3 0
5 4 5
5 5 1
5 6 0
5 7 3
6 1 0
6 2 3
6 3 0
6 4 3
6 5 1
6 6 0
6 7 2
7 1 0
7 2 6
7 3 0
7 4 5
7 5 1
7 6 0
7 7 4
8 1 0
8 2 5
8 3 0
8 4 4
8 5 1
8 6 0
8 7 4
9 1 0
9 2 4
9 3 0
9 4 4
9 5 1
9 6 0
9 7 3
10 1 0
10 2 1
10 3 0
10 4 1
10 5 1
10 6 0
10 7 1
11 1 0
11 2 2
11 3 0
11 4 2
11 5 1
11 6 0
11 7 2
12 1 0
12 2 1
12 3 0
12 4 1
12 5 1
12 6 0
12 7 1
13 1 0
13 2 3
13 3 0
13 4 3
13 5 1
13 6 0
13 7 2
14 1 0
14 2 2
14 3 0
14 4 2
14 5 1
14 6 0
14 7 2
15 1 0
15 2 4
15 3 0
15 4 3
15 5 1
15 6 0
15 7 2
16 1 0
16 2 2
16 3 0
16 4 2
16 5 1
16 6 0
16 7 2
17 1 0
17 2 8
17 3 0
17 4 6
17 5 1
17 6 0
17 7 5
18 1 0
18 2 3
18 3 0
18 4 3
18 5 1
18 6 0
18 7 3
19 1 0
19 2 2
19 3 0
19 4 2
19 5 1
19 6 0
19 7 1
20 1 0
20 2 2
20 3 0
20 4 2
20 5 1
20 6 0
20 7 2
21 1 0
21 2 4
21 3 0
21 4 4
21 5 1
21 6 0
21 7 3

# Precedence Relations
1 2
1 3
2 21
3 4
4 5
4 21
5 6
5 7
6 8
7 8
7 14
8 9
9 10
9 11
9 12
9 13
10 15
11 15
12 15
13 17
13 18
14 19
15 16
15 18
16 17
17 20
18 19

# Parameters
R_e = 0.0500
T = 23.0
C_s = 4.0
C_w = 36.0
C_c = 5.0
