# Tasks
1 2 3 4 5 6 7 8 9 10 11 12 13 14 15 16 17 18 19 20

# Workstations
1 2 3 4 5 6 7 8 9 10 11 12 13 14 15 16 17 18 19 20

# Modes
1 2 3 4 5 6 7

# Processing Times
1 1 209
1 2 289
1 3 223
1 4 308
1 5 131
1 6 221
1 7 305
2 1 57
2 2 86
2 3 60
2 4 91
2 5 34
2 6 61
2 7 92
3 1 204
3 2 250
3 3 222
3 4 272
3 5 137
3 6 215
3 7 263
4 1 119
4 2 170
4 3 128
4 4 182
4 5 80
4 6 130
4 7 186
5 1 180
5 2 251
5 3 193
5 4 269
5 5 104
5 6 187
5 7 260
6 1 82
6 2 125
6 3 89
6 4 136
6 5 52
6 6 87
6 7 133
7 1 174
7 2 265
7 3 191
7 4 291
7 5 103
7 6 187
7 7 284
8 1 64
8 2 99
8 3 70
8 4 108
8 5 45
8 6 70
8 7 108
9 1 116
9 2 153
9 3 128
9 4 169
9 5 67
9 6 117
9 7 155
10 1 206
10 2 308
10 3 221
10 4 331
10 5 130
10 6 209
10 7 312
11 1 83
11 2 128
11 3 91
11 4 140
11 5 50
11 6 90
11 7 138
12 1 73
12 2 107
12 3 78
12 4 114
12 5 46
12 6 76
12 7 111
13 1 162
13 2 239
13 3 175
13 4 259
13 5 101
13 6 176
13 7 260
14 1 58
14 2 77
14 3 62
14 4 83
14 5 38
14 6 60
14 7 80
15 1 161
15 2 210
15 3 177
15 4 230
15 5 95
15 6 162
15 7 212
16 1 319
16 2 395
16 3 346
16 4 429
16 5 213
16 6 338
16 7 418
17 1 87
17 2 124
17 3 92
17 4 131
17 5 61
17 6 88
17 7 126
18 1 148
18 2 213
18 3 158
18 4 227
18 5 85
18 6 163
18 7 234
19 1 56
19 2 79
19 3 61
19 4 86
19 5 35
19 6 60
19 7 85
20 1 169
20 2 220
20 3 181
20 4 235
20 5 99
20 6 182
20 7 236

# Energy Consumption
1 1 0
1 2 70
1 3 0
1 4 64
1 5 21
1 6 0
1 7 44
2 1 0
2 2 22
2 3 0
2 4 19
2 5 6
2 6 0
2 7 14
3 1 0
3 2 70
3 3 0
3 4 54
3 5 22
3 6 0
3 7 36
4 1 0
4 2 43
4 3 0
4 4 41
4 5 12
4 6 0
4 7 27
5 1 0
5 2 61
5 3 0
5 4 57
5 5 17
5 6 0
5 7 36
6 1 0
6 2 28
6 3 0
6 4 29
6 5 8
6 6 0
6 7 19
7 1 0
7 2 60
7 3 0
7 4 63
7 5 15
7 6 0
7 7 41
8 1 0
8 2 26
8 3 0
8 4 23
8 5 7
8 6 0
8 7 16
9 1 0
9 2 41
9 3 0
9 4 36
9 5 11
9 6 0
9 7 24
10 1 0
10 2 88
10 3 0
10 4 69
10 5 20
10 6 0
10 7 44
11 1 0
11 2 29
11 3 0
11 4 26
11 5 8
11 6 0
11 7 20
12 1 0
12 2 28
12 3 0
12 4 25
12 5 7
12 6 0
12 7 16
13 1 0
13 2 58
13 3 0
13 4 52
13 5 15
13 6 0
13 7 36
14 1 0
14 2 23
14 3 0
14 4 17
14 5 6
14 6 0
14 7 11
15 1 0
15 2 54
15 3 0
15 4 43
15 5 15
15 6 0
15 7 26
16 1 0
16 2 112
16 3 0
16 4 92
16 5 33
16 6 0
16 7 54
17 1 0
17 2 34
17 3 0
17 4 29
17 5 10
17 6 0
17 7 16
18 1 0
18 2 52
18 3 0
18 4 46
18 5 14
18 6 0
18 7 29
19 1 0
19 2 22
19 3 0
19 4 18
19 5 6
19 6 0
19 7 13
20 1 0
20 2 57
20 3 0
20 4 52
20 5 16
20 6 0
20 7 30

# Precedence Relations
1 7
2 7
3 4
3 5
3 6
4 7
5 7
6 8
6 9
6 10
6 16
6 18
7 11
7 12
7 13
7 14
8 15
8 19
9 17
10 17
11 17
12 16
12 18
14 19
16 20
17 19
17 20
18 19

# Parameters
R_e = 0.0500
T = 1000.0
C_s = 4.0
C_w = 36.0
C_c = 5.0
