# Tasks
1 2 3 4 5 6 7 8 9 10 11 12 13 14 15 16 17 18 19 20

# Workstations
1 2 3 4 5 6 7 8 9 10 11 12 13 14 15 16 17 18 19 20

# Modes
1 2 3 4 5 6 7

# Processing Times
1 1 88
1 2 208
1 3 83
1 4 197
1 5 53
1 6 112
1 7 263
2 1 95
2 2 225
2 3 90
2 4 213
2 5 57
2 6 120
2 7 285
3 1 105
3 2 248
3 3 99
3 4 234
3 5 63
3 6 133
3 7 314
4 1 140
4 2 331
4 3 132
4 4 312
4 5 84
4 6 177
4 7 418
5 1 114
5 2 270
5 3 108
5 4 255
5 5 69
5 6 144
5 7 341
6 1 123
6 2 291
6 3 116
6 4 275
6 5 74
6 6 156
6 7 368
7 1 250
7 2 591
7 3 236
7 4 557
7 5 150
7 6 316
7 7 747
8 1 90
8 2 213
8 3 85
8 4 201
8 5 54
8 6 114
8 7 269
9 1 61
9 2 145
9 3 58
9 4 137
9 5 37
9 6 78
9 7 184
10 1 107
10 2 253
10 3 101
10 4 239
10 5 64
10 6 136
10 7 320
11 1 68
11 2 161
11 3 65
11 4 152
11 5 41
11 6 86
11 7 204
12 1 155
12 2 367
12 3 147
12 4 346
12 5 93
12 6 196
12 7 464
13 1 142
13 2 336
13 3 134
13 4 317
13 5 85
13 6 180
13 7 425
14 1 21
14 2 50
14 3 20
14 4 48
14 5 13
14 6 27
14 7 64
15 1 106
15 2 251
15 3 100
15 4 237
15 5 64
15 6 134
15 7 317
16 1 67
16 2 159
16 3 64
16 4 150
16 5 41
16 6 85
16 7 201
17 1 52
17 2 123
17 3 50
17 4 116
17 5 32
17 6 66
17 7 156
18 1 55
18 2 130
18 3 52
18 4 123
18 5 33
18 6 70
18 7 165
19 1 51
19 2 121
19 3 49
19 4 115
19 5 31
19 6 65
19 7 153
20 1 82
20 2 194
20 3 78
20 4 183
20 5 49
20 6 104
20 7 245

# Energy Consumption
1 1 0
1 2 60
1 3 0
1 4 38
1 5 9
1 6 0
1 7 33
2 1 0
2 2 53
2 3 0
2 4 41
2 5 9
2 6 0
2 7 42
3 1 0
3 2 63
3 3 0
3 4 48
3 5 9
3 6 0
3 7 43
4 1 0
4 2 82
4 3 0
4 4 64
4 5 13
4 6 0
4 7 53
5 1 0
5 2 66
5 3 0
5 4 54
5 5 10
5 6 0
5 7 44
6 1 0
6 2 71
6 3 0
6 4 61
6 5 12
6 6 0
6 7 48
7 1 0
7 2 150
7 3 0
7 4 115
7 5 24
7 6 0
7 7 104
8 1 0
8 2 56
8 3 0
8 4 43
8 5 8
8 6 0
8 7 40
9 1 0
9 2 33
9 3 0
9 4 27
9 5 6
9 6 0
9 7 23
10 1 0
10 2 65
10 3 0
10 4 51
10 5 10
10 6 0
10 7 40
11 1 0
11 2 39
11 3 0
11 4 29
11 5 6
11 6 0
11 7 26
12 1 0
12 2 92
12 3 0
12 4 67
12 5 14
12 6 0
12 7 56
13 1 0
13 2 99
13 3 0
13 4 60
13 5 13
13 6 0
13 7 60
14 1 0
14 2 15
14 3 0
14 4 10
14 5 3
14 6 0
14 7 10
15 1 0
15 2 58
15 3 0
15 4 46
15 5 10
15 6 0
15 7 41
16 1 0
16 2 38
16 3 0
16 4 33
16 5 6
16 6 0
16 7 25
17 1 0
17 2 33
17 3 0
17 4 23
17 5 5
17 6 0
17 7 19
18 1 0
18 2 34
18 3 0
18 4 24
18 5 6
18 6 0
18 7 24
19 1 0
19 2 32
19 3 0
19 4 21
19 5 5
19 6 0
19 7 22
20 1 0
20 2 50
20 3 0
20 4 35
20 5 7
20 6 0
20 7 35

# Precedence Relations
1 4
2 6
3 5
3 6
4 7
5 7
5 8
6 7
7 9
7 11
7 12
8 10
8 11
8 20
9 13
10 16
12 14
12 15
12 19
13 17
14 20
15 18
16 19

# Parameters
R_e = 0.0500
T = 1000.0
C_s = 4.0
C_w = 36.0
C_c = 5.0
