# Tasks
1 2 3 4 5 6 7 8 9 10 11 12 13 14 15 16 17 18 19 20

# Workstations
1 2 3 4 5 6 7 8 9 10 11 12 13 14 15 16 17 18 19 20

# Modes
1 2 3 4 5 6 7

# Processing Times
1 1 210
1 2 320
1 3 213
1 4 324
1 5 92
1 6 282
1 7 429
2 1 169
2 2 220
2 3 174
2 4 226
2 5 66
2 6 213
2 7 277
3 1 191
3 2 292
3 3 190
3 4 291
3 5 69
3 6 261
3 7 399
4 1 141
4 2 198
4 3 140
4 4 196
4 5 61
4 6 198
4 7 279
5 1 66
5 2 97
5 3 66
5 4 97
5 5 23
5 6 95
5 7 140
6 1 117
6 2 147
6 3 113
6 4 141
6 5 37
6 6 156
6 7 196
7 1 232
7 2 287
7 3 229
7 4 283
7 5 75
7 6 320
7 7 396
8 1 39
8 2 52
8 3 40
8 4 53
8 5 17
8 6 55
8 7 73
9 1 164
9 2 256
9 3 159
9 4 247
9 5 71
9 6 231
9 7 360
10 1 167
10 2 222
10 3 168
10 4 223
10 5 63
10 6 233
10 7 310
11 1 120
11 2 175
11 3 122
11 4 178
11 5 49
11 6 162
11 7 236
12 1 33
12 2 48
12 3 35
12 4 50
12 5 11
12 6 47
12 7 68
13 1 35
13 2 52
13 3 36
13 4 54
13 5 12
13 6 46
13 7 67
14 1 255
14 2 404
14 3 256
14 4 405
14 5 104
14 6 356
14 7 564
15 1 134
15 2 202
15 3 140
15 4 211
15 5 42
15 6 188
15 7 284
16 1 275
16 2 416
16 3 276
16 4 417
16 5 94
16 6 369
16 7 558
17 1 22
17 2 35
17 3 23
17 4 36
17 5 9
17 6 31
17 7 49
18 1 110
18 2 151
18 3 113
18 4 154
18 5 45
18 6 148
18 7 203
19 1 218
19 2 331
19 3 216
19 4 327
19 5 73
19 6 294
19 7 446
20 1 94
20 2 134
20 3 93
20 4 133
20 5 35
20 6 132
20 7 188

# Energy Consumption
1 1 0
1 2 73
1 3 0
1 4 65
1 5 14
1 6 0
1 7 61
2 1 0
2 2 50
2 3 0
2 4 46
2 5 10
2 6 0
2 7 36
3 1 0
3 2 85
3 3 0
3 4 55
3 5 11
3 6 0
3 7 49
4 1 0
4 2 47
4 3 0
4 4 42
4 5 9
4 6 0
4 7 39
5 1 0
5 2 27
5 3 0
5 4 19
5 5 4
5 6 0
5 7 20
6 1 0
6 2 41
6 3 0
6 4 30
6 5 6
6 6 0
6 7 26
7 1 0
7 2 78
7 3 0
7 4 62
7 5 12
7 6 0
7 7 53
8 1 0
8 2 15
8 3 0
8 4 12
8 5 3
8 6 0
8 7 10
9 1 0
9 2 63
9 3 0
9 4 46
9 5 11
9 6 0
9 7 46
10 1 0
10 2 56
10 3 0
10 4 43
10 5 10
10 6 0
10 7 44
11 1 0
11 2 51
11 3 0
11 4 33
11 5 7
11 6 0
11 7 33
12 1 0
12 2 13
12 3 0
12 4 11
12 5 2
12 6 0
12 7 9
13 1 0
13 2 14
13 3 0
13 4 12
13 5 2
13 6 0
13 7 10
14 1 0
14 2 96
14 3 0
14 4 77
14 5 16
14 6 0
14 7 84
15 1 0
15 2 55
15 3 0
15 4 41
15 5 7
15 6 0
15 7 41
16 1 0
16 2 94
16 3 0
16 4 80
16 5 15
16 6 0
16 7 68
17 1 0
17 2 11
17 3 0
17 4 7
17 5 2
17 6 0
17 7 8
18 1 0
18 2 37
18 3 0
18 4 34
18 5 8
18 6 0
18 7 26
19 1 0
19 2 94
19 3 0
19 4 64
19 5 11
19 6 0
19 7 64
20 1 0
20 2 40
20 3 0
20 4 28
20 5 6
20 6 0
20 7 23

# Precedence Relations
1 9
2 3
2 4
2 5
3 9
4 7
4 8
5 6
6 9
7 9
8 10
8 11
8 12
9 13
9 14
9 15
9 16
9 17
13 20
14 18
15 19
16 18
16 19
17 19

# Parameters
R_e = 0.0500
T = 1000.0
C_s = 4.0
C_w = 36.0
C_c = 5.0
