# Tasks
1 2 3 4 5 6 7 8 9 10 11 12 13 14 15 16 17 18 19 20 21 22 23 24 25 26 27 28 29 30 31 32 33 34 35 36 37 38 39 40 41 42 43 44 45 46 47 48 49 50 51 52 53 54 55 56 57 58 59 60 61 62 63 64 65 66 67 68 69 70 71 72 73 74 75

# Workstations
1 2 3 4 5 6 7 8 9 10 11 12 13 14 15 16 17 18 19 20 21 22 23 24 25 26 27 28 29 30 31 32 33 34 35 36 37 38 39 40 41 42 43 44 45 46 47 48 49 50 51 52 53 54 55 56 57 58 59 60 61 62 63 64 65 66 67 68 69 70 71 72 73 74 75

# Modes
1 2 3 4 5 6 7

# Processing Times
1 1 23
1 2 47
1 3 26
1 4 52
1 5 10
1 6 28
1 7 57
2 1 24
2 2 51
2 3 26
2 4 54
2 5 10
2 6 28
2 7 58
3 1 25
3 2 47
3 3 28
3 4 52
3 5 11
3 6 30
3 7 56
4 1 26
4 2 58
4 3 28
4 4 62
4 5 12
4 6 31
4 7 68
5 1 23
5 2 49
5 3 25
5 4 53
5 5 8
5 6 26
5 7 56
6 1 22
6 2 54
6 3 24
6 4 59
6 5 10
6 6 26
6 7 64
7 1 6
7 2 15
7 3 7
7 4 16
7 5 3
7 6 8
7 7 19
8 1 22
8 2 51
8 3 24
8 4 55
8 5 10
8 6 26
8 7 61
9 1 23
9 2 56
9 3 25
9 4 59
9 5 10
9 6 27
9 7 65
10 1 21
10 2 49
10 3 24
10 4 54
10 5 10
10 6 25
10 7 57
11 1 22
11 2 41
11 3 24
11 4 45
11 5 9
11 6 26
11 7 49
12 1 15
12 2 35
12 3 17
12 4 38
12 5 7
12 6 17
12 7 39
13 1 5
13 2 10
13 3 6
13 4 11
13 5 2
13 6 6
13 7 12
14 1 23
14 2 46
14 3 25
14 4 50
14 5 9
14 6 26
14 7 52
15 1 4
15 2 9
15 3 5
15 4 10
15 5 2
15 6 5
15 7 11
16 1 26
16 2 53
16 3 28
16 4 57
16 5 12
16 6 32
16 7 65
17 1 21
17 2 42
17 3 23
17 4 45
17 5 8
17 6 26
17 7 51
18 1 5
18 2 12
18 3 6
18 4 14
18 5 2
18 6 6
18 7 14
19 1 24
19 2 55
19 3 26
19 4 60
19 5 10
19 6 29
19 7 67
20 1 25
20 2 53
20 3 28
20 4 58
20 5 9
20 6 29
20 7 61
21 1 26
21 2 50
21 3 28
21 4 54
21 5 12
21 6 30
21 7 57
22 1 26
22 2 63
22 3 29
22 4 69
22 5 12
22 6 33
22 7 79
23 1 24
23 2 59
23 3 27
23 4 65
23 5 8
23 6 30
23 7 73
24 1 27
24 2 62
24 3 30
24 4 69
24 5 12
24 6 30
24 7 69
25 1 20
25 2 48
25 3 22
25 4 52
25 5 7
25 6 24
25 7 57
26 1 23
26 2 43
26 3 25
26 4 46
26 5 9
26 6 28
26 7 52
27 1 25
27 2 52
27 3 27
27 4 56
27 5 11
27 6 28
27 7 58
28 1 13
28 2 33
28 3 14
28 4 35
28 5 6
28 6 16
28 7 40
29 1 3
29 2 7
29 3 4
29 4 8
29 5 1
29 6 4
29 7 9
30 1 11
30 2 25
30 3 12
30 4 27
30 5 4
30 6 13
30 7 28
31 1 21
31 2 45
31 3 23
31 4 49
31 5 8
31 6 26
31 7 55
32 1 22
32 2 46
32 3 24
32 4 49
32 5 8
32 6 26
32 7 53
33 1 21
33 2 45
33 3 23
33 4 49
33 5 10
33 6 25
33 7 52
34 1 22
34 2 41
34 3 24
34 4 44
34 5 8
34 6 26
34 7 48
35 1 25
35 2 59
35 3 28
35 4 65
35 5 12
35 6 30
35 7 71
36 1 8
36 2 18
36 3 9
36 4 19
36 5 3
36 6 10
36 7 23
37 1 22
37 2 46
37 3 24
37 4 50
37 5 10
37 6 27
37 7 55
38 1 24
38 2 57
38 3 26
38 4 62
38 5 9
38 6 29
38 7 69
39 1 22
39 2 46
39 3 24
39 4 50
39 5 8
39 6 26
39 7 55
40 1 21
40 2 42
40 3 23
40 4 45
40 5 9
40 6 24
40 7 47
41 1 6
41 2 13
41 3 7
41 4 15
41 5 3
41 6 7
41 7 15
42 1 26
42 2 52
42 3 29
42 4 57
42 5 10
42 6 32
42 7 63
43 1 22
43 2 54
43 3 24
43 4 59
43 5 9
43 6 27
43 7 65
44 1 6
44 2 12
44 3 7
44 4 13
44 5 2
44 6 7
44 7 14
45 1 21
45 2 52
45 3 23
45 4 55
45 5 10
45 6 24
45 7 58
46 1 25
46 2 55
46 3 28
46 4 60
46 5 9
46 6 29
46 7 63
47 1 11
47 2 23
47 3 12
47 4 25
47 5 4
47 6 13
47 7 26
48 1 22
48 2 47
48 3 25
48 4 52
48 5 9
48 6 27
48 7 57
49 1 21
49 2 48
49 3 23
49 4 52
49 5 8
49 6 26
49 7 59
50 1 25
50 2 46
50 3 28
50 4 50
50 5 11
50 6 30
50 7 55
51 1 22
51 2 49
51 3 24
51 4 54
51 5 10
51 6 27
51 7 60
52 1 22
52 2 52
52 3 24
52 4 56
52 5 9
52 6 28
52 7 65
53 1 23
53 2 54
53 3 25
53 4 57
53 5 8
53 6 28
53 7 65
54 1 22
54 2 48
54 3 25
54 4 53
54 5 9
54 6 26
54 7 55
55 1 22
55 2 47
55 3 24
55 4 52
55 5 8
55 6 26
55 7 54
56 1 25
56 2 61
56 3 27
56 4 66
56 5 8
56 6 29
56 7 70
57 1 23
57 2 55
57 3 26
57 4 61
57 5 10
57 6 26
57 7 62
58 1 21
58 2 44
58 3 24
58 4 49
58 5 8
58 6 27
58 7 55
59 1 22
59 2 43
59 3 25
59 4 48
59 5 10
59 6 25
59 7 49
60 1 22
60 2 47
60 3 24
60 4 52
60 5 8
60 6 26
60 7 54
61 1 22
61 2 43
61 3 24
61 4 47
61 5 9
61 6 26
61 7 50
62 1 22
62 2 50
62 3 25
62 4 55
62 5 10
62 6 25
62 7 56
63 1 21
63 2 42
63 3 23
63 4 46
63 5 10
63 6 24
63 7 48
64 1 27
64 2 56
64 3 30
64 4 62
64 5 12
64 6 34
64 7 70
65 1 23
65 2 54
65 3 25
65 4 59
65 5 9
65 6 27
65 7 62
66 1 2
66 2 4
66 3 3
66 4 5
66 5 1
66 6 3
66 7 5
67 1 26
67 2 59
67 3 28
67 4 62
67 5 10
67 6 32
67 7 72
68 1 25
68 2 48
68 3 28
68 4 53
68 5 9
68 6 28
68 7 54
69 1 24
69 2 51
69 3 27
69 4 56
69 5 11
69 6 27
69 7 57
70 1 22
70 2 55
70 3 24
70 4 59
70 5 9
70 6 25
70 7 62
71 1 24
71 2 60
71 3 26
71 4 64
71 5 10
71 6 29
71 7 73
72 1 4
72 2 10
72 3 5
72 4 11
72 5 2
72 6 5
72 7 13
73 1 22
73 2 48
73 3 24
73 4 51
73 5 10
73 6 27
73 7 59
74 1 10
74 2 23
74 3 11
74 4 25
74 5 4
74 6 12
74 7 27
75 1 25
75 2 58
75 3 28
75 4 64
75 5 8
75 6 28
75 7 64

# Energy Consumption
1 1 0
1 2 12
1 3 0
1 4 12
1 5 2
1 6 0
1 7 9
2 1 0
2 2 13
2 3 0
2 4 12
2 5 2
2 6 0
2 7 8
3 1 0
3 2 11
3 3 0
3 4 11
3 5 2
3 6 0
3 7 7
4 1 0
4 2 17
4 3 0
4 4 14
4 5 2
4 6 0
4 7 9
5 1 0
5 2 13
5 3 0
5 4 12
5 5 2
5 6 0
5 7 8
6 1 0
6 2 13
6 3 0
6 4 12
6 5 2
6 6 0
6 7 9
7 1 0
7 2 5
7 3 0
7 4 4
7 5 1
7 6 0
7 7 3
8 1 0
8 2 14
8 3 0
8 4 11
8 5 2
8 6 0
8 7 9
9 1 0
9 2 16
9 3 0
9 4 13
9 5 2
9 6 0
9 7 10
10 1 0
10 2 13
10 3 0
10 4 11
10 5 2
10 6 0
10 7 8
11 1 0
11 2 10
11 3 0
11 4 9
11 5 2
11 6 0
11 7 8
12 1 0
12 2 9
12 3 0
12 4 8
12 5 2
12 6 0
12 7 6
13 1 0
13 2 3
13 3 0
13 4 3
13 5 1
13 6 0
13 7 2
14 1 0
14 2 14
14 3 0
14 4 10
14 5 2
14 6 0
14 7 8
15 1 0
15 2 3
15 3 0
15 4 3
15 5 1
15 6 0
15 7 2
16 1 0
16 2 13
16 3 0
16 4 13
16 5 2
16 6 0
16 7 9
17 1 0
17 2 12
17 3 0
17 4 9
17 5 2
17 6 0
17 7 8
18 1 0
18 2 3
18 3 0
18 4 3
18 5 1
18 6 0
18 7 2
19 1 0
19 2 14
19 3 0
19 4 13
19 5 2
19 6 0
19 7 10
20 1 0
20 2 15
20 3 0
20 4 12
20 5 2
20 6 0
20 7 9
21 1 0
21 2 14
21 3 0
21 4 12
21 5 2
21 6 0
21 7 8
22 1 0
22 2 17
22 3 0
22 4 13
22 5 2
22 6 0
22 7 12
23 1 0
23 2 15
23 3 0
23 4 12
23 5 2
23 6 0
23 7 11
24 1 0
24 2 16
24 3 0
24 4 15
24 5 2
24 6 0
24 7 9
25 1 0
25 2 14
25 3 0
25 4 11
25 5 1
25 6 0
25 7 8
26 1 0
26 2 11
26 3 0
26 4 9
26 5 2
26 6 0
26 7 7
27 1 0
27 2 16
27 3 0
27 4 12
27 5 2
27 6 0
27 7 8
28 1 0
28 2 10
28 3 0
28 4 8
28 5 1
28 6 0
28 7 6
29 1 0
29 2 2
29 3 0
29 4 2
29 5 1
29 6 0
29 7 2
30 1 0
30 2 7
30 3 0
30 4 6
30 5 1
30 6 0
30 7 5
31 1 0
31 2 11
31 3 0
31 4 10
31 5 2
31 6 0
31 7 8
32 1 0
32 2 11
32 3 0
32 4 10
32 5 2
32 6 0
32 7 7
33 1 0
33 2 12
33 3 0
33 4 10
33 5 2
33 6 0
33 7 7
34 1 0
34 2 10
34 3 0
34 4 9
34 5 2
34 6 0
34 7 7
35 1 0
35 2 16
35 3 0
35 4 15
35 5 2
35 6 0
35 7 9
36 1 0
36 2 5
36 3 0
36 4 4
36 5 1
36 6 0
36 7 4
37 1 0
37 2 11
37 3 0
37 4 11
37 5 2
37 6 0
37 7 8
38 1 0
38 2 17
38 3 0
38 4 12
38 5 2
38 6 0
38 7 10
39 1 0
39 2 12
39 3 0
39 4 10
39 5 2
39 6 0
39 7 8
40 1 0
40 2 12
40 3 0
40 4 10
40 5 2
40 6 0
40 7 6
41 1 0
41 2 4
41 3 0
41 4 3
41 5 1
41 6 0
41 7 3
42 1 0
42 2 16
42 3 0
42 4 12
42 5 2
42 6 0
42 7 10
43 1 0
43 2 13
43 3 0
43 4 13
43 5 2
43 6 0
43 7 9
44 1 0
44 2 3
44 3 0
44 4 3
44 5 1
44 6 0
44 7 2
45 1 0
45 2 15
45 3 0
45 4 11
45 5 2
45 6 0
45 7 8
46 1 0
46 2 16
46 3 0
46 4 14
46 5 2
46 6 0
46 7 8
47 1 0
47 2 6
47 3 0
47 4 5
47 5 1
47 6 0
47 7 4
48 1 0
48 2 13
48 3 0
48 4 11
48 5 2
48 6 0
48 7 8
49 1 0
49 2 14
49 3 0
49 4 10
49 5 2
49 6 0
49 7 8
50 1 0
50 2 12
50 3 0
50 4 11
50 5 2
50 6 0
50 7 7
51 1 0
51 2 12
51 3 0
51 4 10
51 5 2
51 6 0
51 7 9
52 1 0
52 2 14
52 3 0
52 4 11
52 5 2
52 6 0
52 7 9
53 1 0
53 2 14
53 3 0
53 4 12
53 5 2
53 6 0
53 7 9
54 1 0
54 2 15
54 3 0
54 4 12
54 5 2
54 6 0
54 7 8
55 1 0
55 2 13
55 3 0
55 4 12
55 5 2
55 6 0
55 7 8
56 1 0
56 2 17
56 3 0
56 4 13
56 5 2
56 6 0
56 7 9
57 1 0
57 2 14
57 3 0
57 4 12
57 5 2
57 6 0
57 7 9
58 1 0
58 2 11
58 3 0
58 4 10
58 5 2
58 6 0
58 7 8
59 1 0
59 2 11
59 3 0
59 4 10
59 5 2
59 6 0
59 7 7
60 1 0
60 2 14
60 3 0
60 4 11
60 5 2
60 6 0
60 7 8
61 1 0
61 2 13
61 3 0
61 4 11
61 5 2
61 6 0
61 7 7
62 1 0
62 2 13
62 3 0
62 4 10
62 5 2
62 6 0
62 7 8
63 1 0
63 2 10
63 3 0
63 4 9
63 5 2
63 6 0
63 7 7
64 1 0
64 2 16
64 3 0
64 4 13
64 5 2
64 6 0
64 7 9
65 1 0
65 2 15
65 3 0
65 4 12
65 5 2
65 6 0
65 7 9
66 1 0
66 2 1
66 3 0
66 4 2
66 5 1
66 6 0
66 7 1
67 1 0
67 2 16
67 3 0
67 4 13
67 5 2
67 6 0
67 7 10
68 1 0
68 2 14
68 3 0
68 4 12
68 5 2
68 6 0
68 7 7
69 1 0
69 2 16
69 3 0
69 4 13
69 5 2
69 6 0
69 7 9
70 1 0
70 2 16
70 3 0
70 4 13
70 5 2
70 6 0
70 7 9
71 1 0
71 2 18
71 3 0
71 4 14
71 5 2
71 6 0
71 7 10
72 1 0
72 2 3
72 3 0
72 4 3
72 5 1
72 6 0
72 7 2
73 1 0
73 2 12
73 3 0
73 4 11
73 5 2
73 6 0
73 7 9
74 1 0
74 2 7
74 3 0
74 4 6
74 5 1
74 6 0
74 7 4
75 1 0
75 2 17
75 3 0
75 4 12
75 5 2
75 6 0
75 7 9

# Precedence Relations
1 2
1 3
1 4
1 5
1 6
1 7
2 15
3 13
3 24
4 8
4 14
4 16
5 12
5 15
6 9
6 10
6 11
6 13
9 20
9 24
10 18
12 19
13 22
15 17
15 20
15 23
16 21
16 26
17 30
18 26
18 30
20 27
21 33
24 25
25 28
25 30
25 33
25 34
26 31
26 32
26 41
27 29
27 35
27 36
31 37
31 39
32 44
32 45
33 41
35 38
35 42
36 40
36 43
39 51
40 46
42 47
43 48
43 50
46 51
46 48
47 49
47 50
47 52
47 53
49 59
49 61
49 62
50 54
50 55
50 60
50 62
52 56
52 57
53 58
55 63
58 65
59 64
59 66
62 67
66 68
68 69
68 70
68 71
68 72
68 73
68 74
68 75

# Parameters
R_e = 0.0500
T = 39.0
C_s = 4.0
C_w = 36.0
C_c = 5.0
