# Tasks
1 2 3 4 5 6 7 8 9 10 11 12 13 14 15 16 17 18 19 20 21 22 23 24 25

# Workstations
1 2 3 4 5 6 7 8 9 10 11 12 13 14 15 16 17 18 19 20 21 22 23 24 25

# Modes
1 2 3 4 5 6 7

# Processing Times
1 1 4
1 2 8
1 3 5
1 4 9
1 5 4
1 6 5
1 7 9
2 1 3
2 2 6
2 3 3
2 4 6
2 5 3
2 6 4
2 7 7
3 1 9
3 2 19
3 3 10
3 4 20
3 5 8
3 6 10
3 7 20
4 1 5
4 2 12
4 3 5
4 4 12
4 5 5
4 6 6
4 7 13
5 1 9
5 2 17
5 3 10
5 4 18
5 5 8
5 6 10
5 7 19
6 1 4
6 2 9
6 3 5
6 4 10
6 5 4
6 6 5
6 7 10
7 1 8
7 2 17
7 3 9
7 4 18
7 5 8
7 6 9
7 7 18
8 1 7
8 2 15
8 3 8
8 4 16
8 5 7
8 6 8
8 7 17
9 1 5
9 2 11
9 3 6
9 4 12
9 5 5
9 6 6
9 7 12
10 1 1
10 2 3
10 3 1
10 4 3
10 5 1
10 6 2
10 7 4
11 1 3
11 2 7
11 3 4
11 4 8
11 5 3
11 6 4
11 7 8
12 1 1
12 2 3
12 3 1
12 4 3
12 5 1
12 6 2
12 7 4
13 1 5
13 2 12
13 3 6
13 4 13
13 5 5
13 6 6
13 7 14
14 1 3
14 2 6
14 3 3
14 4 6
14 5 3
14 6 4
14 7 7
15 1 5
15 2 12
15 3 6
15 4 13
15 5 5
15 6 6
15 7 13
16 1 3
16 2 8
16 3 3
16 4 8
16 5 3
16 6 4
16 7 9
17 1 13
17 2 24
17 3 13
17 4 24
17 5 13
17 6 14
17 7 25
18 1 5
18 2 13
18 3 5
18 4 13
18 5 5
18 6 6
18 7 15
19 1 2
19 2 5
19 3 3
19 4 6
19 5 2
19 6 3
19 7 6
20 1 3
20 2 7
20 3 3
20 4 7
20 5 3
20 6 4
20 7 8
21 1 7
21 2 17
21 3 8
21 4 18
21 5 6
21 6 8
21 7 18
22 1 5
22 2 13
22 3 5
22 4 13
22 5 5
22 6 6
22 7 14
23 1 3
23 2 8
23 3 4
23 4 9
23 5 3
23 6 4
23 7 9
24 1 8
24 2 17
24 3 9
24 4 18
24 5 7
24 6 9
24 7 18
25 1 4
25 2 9
25 3 4
25 4 9
25 5 4
25 6 4
25 7 9

# Energy Consumption
1 1 0
1 2 3
1 3 0
1 4 2
1 5 1
1 6 0
1 7 2
2 1 0
2 2 2
2 3 0
2 4 2
2 5 1
2 6 0
2 7 1
3 1 0
3 2 5
3 3 0
3 4 5
3 5 2
3 6 0
3 7 3
4 1 0
4 2 4
4 3 0
4 4 3
4 5 1
4 6 0
4 7 2
5 1 0
5 2 5
5 3 0
5 4 4
5 5 2
5 6 0
5 7 3
6 1 0
6 2 3
6 3 0
6 4 2
6 5 1
6 6 0
6 7 2
7 1 0
7 2 5
7 3 0
7 4 4
7 5 2
7 6 0
7 7 3
8 1 0
8 2 5
8 3 0
8 4 4
8 5 2
8 6 0
8 7 3
9 1 0
9 2 4
9 3 0
9 4 3
9 5 1
9 6 0
9 7 2
10 1 0
10 2 1
10 3 0
10 4 1
10 5 1
10 6 0
10 7 1
11 1 0
11 2 2
11 3 0
11 4 2
11 5 1
11 6 0
11 7 1
12 1 0
12 2 1
12 3 0
12 4 1
12 5 1
12 6 0
12 7 1
13 1 0
13 2 4
13 3 0
13 4 3
13 5 1
13 6 0
13 7 3
14 1 0
14 2 2
14 3 0
14 4 2
14 5 1
14 6 0
14 7 1
15 1 0
15 2 4
15 3 0
15 4 3
15 5 1
15 6 0
15 7 2
16 1 0
16 2 3
16 3 0
16 4 2
16 5 1
16 6 0
16 7 2
17 1 0
17 2 7
17 3 0
17 4 5
17 5 3
17 6 0
17 7 4
18 1 0
18 2 4
18 3 0
18 4 3
18 5 1
18 6 0
18 7 3
19 1 0
19 2 2
19 3 0
19 4 2
19 5 1
19 6 0
19 7 1
20 1 0
20 2 2
20 3 0
20 4 2
20 5 1
20 6 0
20 7 2
21 1 0
21 2 5
21 3 0
21 4 4
21 5 1
21 6 0
21 7 3
22 1 0
22 2 4
22 3 0
22 4 3
22 5 1
22 6 0
22 7 3
23 1 0
23 2 3
23 3 0
23 4 2
23 5 1
23 6 0
23 7 2
24 1 0
24 2 5
24 3 0
24 4 4
24 5 1
24 6 0
24 7 3
25 1 0
25 2 3
25 3 0
25 4 2
25 5 1
25 6 0
25 7 2

# Precedence Relations
1 3
2 3
3 4
4 5
4 8
5 6
6 7
6 10
7 11
7 12
8 9
8 11
9 13
9 10
11 13
12 15
13 14
14 16
14 19
14 20
15 17
15 22
16 18
17 18
17 23
18 25
19 22
20 21
20 25
21 22
21 24
23 25

# Parameters
R_e = 0.0500
T = 19.0
C_s = 4.0
C_w = 36.0
C_c = 5.0
