# Tasks
1 2 3 4 5 6 7 8 9 10 11 12 13 14 15 16 17 18 19 20 21 22 23 24 25 26 27 28 29 30 31 32 33 34 35 36 37 38 39 40 41 42 43 44 45 46 47 48 49 50 51 52 53 54 55 56 57 58 59 60 61 62 63 64 65 66 67 68 69 70 71 72 73 74 75 76 77 78 79 80 81 82 83 84 85 86 87 88 89

# Workstations
1 2 3 4 5 6 7 8 9 10 11 12 13 14 15 16 17 18 19 20 21 22 23 24 25 26 27 28 29 30 31 32 33 34 35 36 37 38 39 40 41 42 43 44 45 46 47 48 49 50 51 52 53 54 55 56 57 58 59 60 61 62 63 64 65 66 67 68 69 70 71 72 73 74 75 76 77 78 79 80 81 82 83 84 85 86 87 88 89

# Modes
1 2 3 4 5 6 7

# Processing Times
1 1 1
1 2 2
1 3 1
1 4 2
1 5 1
1 6 2
1 7 3
2 1 2
2 2 3
2 3 2
2 4 3
2 5 1
2 6 3
2 7 4
3 1 3
3 2 4
3 3 3
3 4 4
3 5 2
3 6 4
3 7 5
4 1 4
4 2 4
4 3 4
4 4 4
4 5 2
4 6 5
4 7 5
5 1 5
5 2 6
5 3 5
5 4 6
5 5 3
5 6 6
5 7 7
6 1 6
6 2 6
6 3 6
6 4 6
6 5 3
6 6 7
6 7 7
7 1 7
7 2 7
7 3 7
7 4 7
7 5 3
7 6 8
7 7 8
8 1 8
8 2 8
8 3 8
8 4 8
8 5 3
8 6 9
8 7 9
9 1 9
9 2 10
9 3 9
9 4 10
9 5 4
9 6 10
9 7 11
10 1 10
10 2 9
10 3 9
10 4 8
10 5 4
10 6 11
10 7 10
11 1 1
11 2 1
11 3 1
11 4 1
11 5 1
11 6 2
11 7 2
12 1 2
12 2 3
12 3 2
12 4 3
12 5 1
12 6 3
12 7 4
13 1 3
13 2 3
13 3 3
13 4 3
13 5 2
13 6 4
13 7 4
14 1 4
14 2 4
14 3 4
14 4 4
14 5 2
14 6 5
14 7 5
15 1 5
15 2 5
15 3 5
15 4 5
15 5 3
15 6 6
15 7 6
16 1 6
16 2 6
16 3 6
16 4 6
16 5 2
16 6 7
16 7 7
17 1 7
17 2 7
17 3 7
17 4 7
17 5 3
17 6 8
17 7 8
18 1 8
18 2 9
18 3 8
18 4 9
18 5 4
18 6 9
18 7 10
19 1 9
19 2 10
19 3 9
19 4 9
19 5 4
19 6 10
19 7 11
20 1 10
20 2 11
20 3 9
20 4 10
20 5 4
20 6 11
20 7 12
21 1 1
21 2 1
21 3 1
21 4 1
21 5 1
21 6 2
21 7 2
22 1 2
22 2 3
22 3 2
22 4 3
22 5 1
22 6 3
22 7 4
23 1 3
23 2 3
23 3 3
23 4 3
23 5 2
23 6 4
23 7 4
24 1 4
24 2 4
24 3 4
24 4 4
24 5 2
24 6 5
24 7 5
25 1 5
25 2 6
25 3 5
25 4 6
25 5 3
25 6 6
25 7 7
26 1 6
26 2 7
26 3 6
26 4 7
26 5 3
26 6 7
26 7 8
27 1 7
27 2 6
27 3 7
27 4 6
27 5 3
27 6 8
27 7 7
28 1 8
28 2 9
28 3 8
28 4 9
28 5 4
28 6 9
28 7 10
29 1 9
29 2 9
29 3 8
29 4 8
29 5 4
29 6 10
29 7 10
30 1 10
30 2 10
30 3 10
30 4 10
30 5 4
30 6 11
30 7 11
31 1 1
31 2 1
31 3 1
31 4 1
31 5 1
31 6 2
31 7 2
32 1 2
32 2 2
32 3 2
32 4 2
32 5 1
32 6 3
32 7 3
33 1 3
33 2 4
33 3 3
33 4 4
33 5 1
33 6 4
33 7 5
34 1 4
34 2 5
34 3 4
34 4 5
34 5 2
34 6 5
34 7 6
35 1 5
35 2 6
35 3 5
35 4 6
35 5 2
35 6 6
35 7 7
36 1 6
36 2 7
36 3 6
36 4 7
36 5 3
36 6 7
36 7 8
37 1 7
37 2 7
37 3 7
37 4 7
37 5 3
37 6 8
37 7 8
38 1 8
38 2 8
38 3 8
38 4 8
38 5 4
38 6 9
38 7 9
39 1 9
39 2 9
39 3 9
39 4 9
39 5 4
39 6 10
39 7 10
40 1 10
40 2 11
40 3 10
40 4 11
40 5 4
40 6 11
40 7 12
41 1 1
41 2 1
41 3 1
41 4 1
41 5 1
41 6 2
41 7 2
42 1 2
42 2 3
42 3 2
42 4 3
42 5 1
42 6 3
42 7 4
43 1 3
43 2 3
43 3 3
43 4 3
43 5 1
43 6 4
43 7 4
44 1 4
44 2 4
44 3 4
44 4 4
44 5 2
44 6 5
44 7 5
45 1 5
45 2 6
45 3 5
45 4 6
45 5 2
45 6 6
45 7 7
46 1 6
46 2 6
46 3 6
46 4 6
46 5 3
46 6 7
46 7 7
47 1 7
47 2 8
47 3 7
47 4 8
47 5 3
47 6 8
47 7 9
48 1 8
48 2 9
48 3 8
48 4 9
48 5 3
48 6 9
48 7 10
49 1 9
49 2 10
49 3 8
49 4 9
49 5 3
49 6 10
49 7 11
50 1 10
50 2 11
50 3 10
50 4 11
50 5 5
50 6 11
50 7 12
51 1 1
51 2 2
51 3 1
51 4 2
51 5 1
51 6 2
51 7 3
52 1 2
52 2 3
52 3 2
52 4 3
52 5 1
52 6 3
52 7 4
53 1 3
53 2 3
53 3 3
53 4 3
53 5 2
53 6 4
53 7 4
54 1 4
54 2 4
54 3 4
54 4 4
54 5 2
54 6 5
54 7 5
55 1 5
55 2 5
55 3 5
55 4 5
55 5 2
55 6 6
55 7 6
56 1 6
56 2 6
56 3 6
56 4 6
56 5 3
56 6 7
56 7 7
57 1 7
57 2 7
57 3 7
57 4 7
57 5 3
57 6 8
57 7 8
58 1 8
58 2 7
58 3 7
58 4 7
58 5 4
58 6 9
58 7 8
59 1 9
59 2 8
59 3 9
59 4 8
59 5 4
59 6 10
59 7 9
60 1 10
60 2 9
60 3 9
60 4 8
60 5 4
60 6 11
60 7 10
61 1 1
61 2 1
61 3 1
61 4 1
61 5 1
61 6 2
61 7 2
62 1 2
62 2 3
62 3 2
62 4 3
62 5 1
62 6 3
62 7 4
63 1 3
63 2 3
63 3 3
63 4 3
63 5 2
63 6 4
63 7 4
64 1 4
64 2 4
64 3 4
64 4 4
64 5 2
64 6 5
64 7 5
65 1 5
65 2 6
65 3 5
65 4 6
65 5 3
65 6 6
65 7 7
66 1 6
66 2 6
66 3 6
66 4 6
66 5 3
66 6 7
66 7 7
67 1 7
67 2 8
67 3 6
67 4 7
67 5 3
67 6 8
67 7 9
68 1 8
68 2 8
68 3 8
68 4 8
68 5 4
68 6 9
68 7 9
69 1 9
69 2 9
69 3 9
69 4 9
69 5 4
69 6 10
69 7 10
70 1 10
70 2 10
70 3 10
70 4 10
70 5 4
70 6 11
70 7 11
71 1 1
71 2 1
71 3 1
71 4 1
71 5 1
71 6 2
71 7 2
72 1 2
72 2 2
72 3 2
72 4 2
72 5 1
72 6 3
72 7 3
73 1 3
73 2 3
73 3 3
73 4 3
73 5 2
73 6 4
73 7 4
74 1 4
74 2 4
74 3 4
74 4 4
74 5 2
74 6 5
74 7 5
75 1 5
75 2 5
75 3 5
75 4 5
75 5 2
75 6 6
75 7 6
76 1 6
76 2 6
76 3 6
76 4 6
76 5 2
76 6 7
76 7 7
77 1 7
77 2 7
77 3 7
77 4 7
77 5 3
77 6 8
77 7 8
78 1 8
78 2 9
78 3 8
78 4 9
78 5 3
78 6 9
78 7 10
79 1 9
79 2 9
79 3 9
79 4 9
79 5 3
79 6 10
79 7 10
80 1 10
80 2 10
80 3 10
80 4 10
80 5 4
80 6 11
80 7 11
81 1 1
81 2 2
81 3 1
81 4 2
81 5 1
81 6 2
81 7 3
82 1 2
82 2 2
82 3 2
82 4 2
82 5 1
82 6 3
82 7 3
83 1 3
83 2 3
83 3 3
83 4 3
83 5 1
83 6 4
83 7 4
84 1 4
84 2 5
84 3 4
84 4 5
84 5 2
84 6 5
84 7 6
85 1 5
85 2 6
85 3 5
85 4 6
85 5 3
85 6 6
85 7 7
86 1 6
86 2 7
86 3 6
86 4 7
86 5 3
86 6 7
86 7 8
87 1 7
87 2 7
87 3 7
87 4 7
87 5 3
87 6 8
87 7 8
88 1 8
88 2 9
88 3 8
88 4 9
88 5 3
88 6 9
88 7 10
89 1 9
89 2 10
89 3 9
89 4 10
89 5 3
89 6 10
89 7 11

# Energy Consumption
1 1 0
1 2 1
1 3 0
1 4 1
1 5 1
1 6 0
1 7 1
2 1 0
2 2 1
2 3 0
2 4 1
2 5 1
2 6 0
2 7 1
3 1 0
3 2 1
3 3 0
3 4 1
3 5 1
3 6 0
3 7 1
4 1 0
4 2 2
4 3 0
4 4 1
4 5 1
4 6 0
4 7 1
5 1 0
5 2 2
5 3 0
5 4 2
5 5 1
5 6 0
5 7 1
6 1 0
6 2 2
6 3 0
6 4 2
6 5 1
6 6 0
6 7 1
7 1 0
7 2 2
7 3 0
7 4 2
7 5 1
7 6 0
7 7 2
8 1 0
8 2 3
8 3 0
8 4 2
8 5 1
8 6 0
8 7 2
9 1 0
9 2 3
9 3 0
9 4 3
9 5 1
9 6 0
9 7 2
10 1 0
10 2 3
10 3 0
10 4 2
10 5 1
10 6 0
10 7 2
11 1 0
11 2 1
11 3 0
11 4 1
11 5 1
11 6 0
11 7 1
12 1 0
12 2 1
12 3 0
12 4 1
12 5 1
12 6 0
12 7 1
13 1 0
13 2 1
13 3 0
13 4 1
13 5 1
13 6 0
13 7 1
14 1 0
14 2 1
14 3 0
14 4 1
14 5 1
14 6 0
14 7 1
15 1 0
15 2 2
15 3 0
15 4 2
15 5 1
15 6 0
15 7 1
16 1 0
16 2 2
16 3 0
16 4 2
16 5 1
16 6 0
16 7 1
17 1 0
17 2 2
17 3 0
17 4 2
17 5 1
17 6 0
17 7 2
18 1 0
18 2 3
18 3 0
18 4 2
18 5 1
18 6 0
18 7 2
19 1 0
19 2 3
19 3 0
19 4 2
19 5 1
19 6 0
19 7 2
20 1 0
20 2 3
20 3 0
20 4 2
20 5 1
20 6 0
20 7 2
21 1 0
21 2 1
21 3 0
21 4 1
21 5 1
21 6 0
21 7 1
22 1 0
22 2 1
22 3 0
22 4 1
22 5 1
22 6 0
22 7 1
23 1 0
23 2 1
23 3 0
23 4 1
23 5 1
23 6 0
23 7 1
24 1 0
24 2 2
24 3 0
24 4 1
24 5 1
24 6 0
24 7 1
25 1 0
25 2 2
25 3 0
25 4 2
25 5 1
25 6 0
25 7 1
26 1 0
26 2 2
26 3 0
26 4 2
26 5 1
26 6 0
26 7 2
27 1 0
27 2 2
27 3 0
27 4 2
27 5 1
27 6 0
27 7 1
28 1 0
28 2 3
28 3 0
28 4 2
28 5 1
28 6 0
28 7 2
29 1 0
29 2 3
29 3 0
29 4 2
29 5 1
29 6 0
29 7 2
30 1 0
30 2 3
30 3 0
30 4 3
30 5 1
30 6 0
30 7 2
31 1 0
31 2 1
31 3 0
31 4 1
31 5 1
31 6 0
31 7 1
32 1 0
32 2 1
32 3 0
32 4 1
32 5 1
32 6 0
32 7 1
33 1 0
33 2 1
33 3 0
33 4 1
33 5 1
33 6 0
33 7 1
34 1 0
34 2 2
34 3 0
34 4 1
34 5 1
34 6 0
34 7 1
35 1 0
35 2 2
35 3 0
35 4 2
35 5 1
35 6 0
35 7 1
36 1 0
36 2 2
36 3 0
36 4 2
36 5 1
36 6 0
36 7 2
37 1 0
37 2 3
37 3 0
37 4 2
37 5 1
37 6 0
37 7 2
38 1 0
38 2 2
38 3 0
38 4 2
38 5 1
38 6 0
38 7 2
39 1 0
39 2 3
39 3 0
39 4 2
39 5 1
39 6 0
39 7 2
40 1 0
40 2 3
40 3 0
40 4 3
40 5 1
40 6 0
40 7 2
41 1 0
41 2 1
41 3 0
41 4 1
41 5 1
41 6 0
41 7 1
42 1 0
42 2 1
42 3 0
42 4 1
42 5 1
42 6 0
42 7 1
43 1 0
43 2 1
43 3 0
43 4 1
43 5 1
43 6 0
43 7 1
44 1 0
44 2 2
44 3 0
44 4 1
44 5 1
44 6 0
44 7 1
45 1 0
45 2 2
45 3 0
45 4 2
45 5 1
45 6 0
45 7 1
46 1 0
46 2 2
46 3 0
46 4 2
46 5 1
46 6 0
46 7 1
47 1 0
47 2 3
47 3 0
47 4 2
47 5 1
47 6 0
47 7 2
48 1 0
48 2 3
48 3 0
48 4 2
48 5 1
48 6 0
48 7 2
49 1 0
49 2 3
49 3 0
49 4 2
49 5 1
49 6 0
49 7 2
50 1 0
50 2 3
50 3 0
50 4 3
50 5 1
50 6 0
50 7 2
51 1 0
51 2 1
51 3 0
51 4 1
51 5 1
51 6 0
51 7 1
52 1 0
52 2 1
52 3 0
52 4 1
52 5 1
52 6 0
52 7 1
53 1 0
53 2 1
53 3 0
53 4 1
53 5 1
53 6 0
53 7 1
54 1 0
54 2 2
54 3 0
54 4 1
54 5 1
54 6 0
54 7 1
55 1 0
55 2 2
55 3 0
55 4 1
55 5 1
55 6 0
55 7 1
56 1 0
56 2 2
56 3 0
56 4 2
56 5 1
56 6 0
56 7 1
57 1 0
57 2 2
57 3 0
57 4 2
57 5 1
57 6 0
57 7 1
58 1 0
58 2 2
58 3 0
58 4 2
58 5 1
58 6 0
58 7 1
59 1 0
59 2 2
59 3 0
59 4 2
59 5 1
59 6 0
59 7 2
60 1 0
60 2 3
60 3 0
60 4 2
60 5 1
60 6 0
60 7 2
61 1 0
61 2 1
61 3 0
61 4 1
61 5 1
61 6 0
61 7 1
62 1 0
62 2 1
62 3 0
62 4 1
62 5 1
62 6 0
62 7 1
63 1 0
63 2 1
63 3 0
63 4 1
63 5 1
63 6 0
63 7 1
64 1 0
64 2 1
64 3 0
64 4 1
64 5 1
64 6 0
64 7 1
65 1 0
65 2 2
65 3 0
65 4 2
65 5 1
65 6 0
65 7 1
66 1 0
66 2 2
66 3 0
66 4 2
66 5 1
66 6 0
66 7 2
67 1 0
67 2 2
67 3 0
67 4 2
67 5 1
67 6 0
67 7 2
68 1 0
68 2 2
68 3 0
68 4 2
68 5 1
68 6 0
68 7 2
69 1 0
69 2 3
69 3 0
69 4 2
69 5 1
69 6 0
69 7 2
70 1 0
70 2 3
70 3 0
70 4 3
70 5 1
70 6 0
70 7 2
71 1 0
71 2 1
71 3 0
71 4 1
71 5 1
71 6 0
71 7 1
72 1 0
72 2 1
72 3 0
72 4 1
72 5 1
72 6 0
72 7 1
73 1 0
73 2 1
73 3 0
73 4 1
73 5 1
73 6 0
73 7 1
74 1 0
74 2 2
74 3 0
74 4 1
74 5 1
74 6 0
74 7 1
75 1 0
75 2 2
75 3 0
75 4 1
75 5 1
75 6 0
75 7 1
76 1 0
76 2 2
76 3 0
76 4 2
76 5 1
76 6 0
76 7 1
77 1 0
77 2 2
77 3 0
77 4 2
77 5 1
77 6 0
77 7 1
78 1 0
78 2 3
78 3 0
78 4 2
78 5 1
78 6 0
78 7 2
79 1 0
79 2 3
79 3 0
79 4 2
79 5 1
79 6 0
79 7 2
80 1 0
80 2 3
80 3 0
80 4 2
80 5 1
80 6 0
80 7 2
81 1 0
81 2 1
81 3 0
81 4 1
81 5 1
81 6 0
81 7 1
82 1 0
82 2 1
82 3 0
82 4 1
82 5 1
82 6 0
82 7 1
83 1 0
83 2 1
83 3 0
83 4 1
83 5 1
83 6 0
83 7 1
84 1 0
84 2 2
84 3 0
84 4 1
84 5 1
84 6 0
84 7 1
85 1 0
85 2 2
85 3 0
85 4 2
85 5 1
85 6 0
85 7 2
86 1 0
86 2 2
86 3 0
86 4 2
86 5 1
86 6 0
86 7 2
87 1 0
87 2 2
87 3 0
87 4 2
87 5 1
87 6 0
87 7 2
88 1 0
88 2 3
88 3 0
88 4 2
88 5 1
88 6 0
88 7 2
89 1 0
89 2 3
89 3 0
89 4 3
89 5 1
89 6 0
89 7 2

# Precedence Relations
1 2
2 3
3 4
4 5
4 6
4 7
4 8
4 9
5 10
6 11
7 12
8 18
9 18
10 14
11 12
12 13
13 14
14 15
14 16
15 17
16 54
17 18
18 19
18 20
19 22
20 21
20 28
21 54
22 23
23 24
24 25
25 26
25 27
25 29
26 37
27 33
28 29
29 31
30 54
31 32
32 33
33 34
34 35
35 36
35 37
36 38
37 38
38 39
39 40
39 41
39 42
39 43
40 44
41 53
42 53
43 45
44 52
45 46
46 47
47 48
47 49
49 50
50 51
51 52
52 53
53 68
53 69
53 70
53 71
54 55
55 56
56 57
57 58
57 59
57 60
57 61
57 62
57 63
57 64
57 65
57 66
58 67
59 67
60 67
61 67
62 67
63 67
64 67
65 67
66 67
67 73
68 72
69 72
70 72
71 73
72 78
72 80
73 74
74 75
74 76
75 77
76 81
77 78
78 79
79 81
80 81
80 87
81 82
81 84
81 85
82 83
83 86
84 86
85 86
86 87
86 89
87 88
87 89

# Parameters
R_e = 0.0500
T = 600.0
C_s = 4.0
C_w = 36.0
C_c = 5.0
