# Tasks
1 2 3 4 5 6 7 8 9 10 11 12 13 14 15 16 17 18 19 20

# Workstations
1 2 3 4 5 6 7 8 9 10 11 12 13 14 15 16 17 18 19 20

# Modes
1 2 3 4 5 6 7

# Processing Times
1 1 22
1 2 24
1 3 20
1 4 21
1 5 9
1 6 23
1 7 25
2 1 128
2 2 139
2 3 119
2 4 129
2 5 50
2 6 140
2 7 152
3 1 104
3 2 109
3 3 91
3 4 95
3 5 34
3 6 107
3 7 112
4 1 54
4 2 54
4 3 49
4 4 49
4 5 17
4 6 57
4 7 57
5 1 133
5 2 145
5 3 125
5 4 136
5 5 54
5 6 142
5 7 155
6 1 78
6 2 70
6 3 71
6 4 64
6 5 32
6 6 81
6 7 73
7 1 89
7 2 80
7 3 84
7 4 76
7 5 28
7 6 96
7 7 86
8 1 252
8 2 251
8 3 233
8 4 232
8 5 101
8 6 267
8 7 266
9 1 274
9 2 276
9 3 256
9 4 258
9 5 105
9 6 285
9 7 287
10 1 134
10 2 116
10 3 125
10 4 108
10 5 48
10 6 137
10 7 119
11 1 212
11 2 196
11 3 197
11 4 182
11 5 77
11 6 220
11 7 203
12 1 95
12 2 102
12 3 90
12 4 97
12 5 38
12 6 100
12 7 107
13 1 288
13 2 283
13 3 257
13 4 253
13 5 117
13 6 289
13 7 284
14 1 225
14 2 217
14 3 201
14 4 194
14 5 98
14 6 237
14 7 228
15 1 146
15 2 141
15 3 128
15 4 124
15 5 58
15 6 150
15 7 145
16 1 82
16 2 74
16 3 72
16 4 65
16 5 34
16 6 84
16 7 76
17 1 110
17 2 101
17 3 96
17 4 88
17 5 42
17 6 115
17 7 106
18 1 198
18 2 213
18 3 170
18 4 183
18 5 67
18 6 214
18 7 231
19 1 125
19 2 134
19 3 108
19 4 116
19 5 43
19 6 131
19 7 141
20 1 26
20 2 27
20 3 23
20 4 24
20 5 12
20 6 27
20 7 28

# Energy Consumption
1 1 0
1 2 6
1 3 0
1 4 5
1 5 2
1 6 0
1 7 4
2 1 0
2 2 33
2 3 0
2 4 27
2 5 8
2 6 0
2 7 21
3 1 0
3 2 27
3 3 0
3 4 18
3 5 5
3 6 0
3 7 17
4 1 0
4 2 16
4 3 0
4 4 9
4 5 3
4 6 0
4 7 9
5 1 0
5 2 44
5 3 0
5 4 28
5 5 8
5 6 0
5 7 22
6 1 0
6 2 21
6 3 0
6 4 12
6 5 5
6 6 0
6 7 10
7 1 0
7 2 19
7 3 0
7 4 17
7 5 5
7 6 0
7 7 13
8 1 0
8 2 74
8 3 0
8 4 49
8 5 15
8 6 0
8 7 36
9 1 0
9 2 68
9 3 0
9 4 54
9 5 17
9 6 0
9 7 42
10 1 0
10 2 30
10 3 0
10 4 23
10 5 7
10 6 0
10 7 16
11 1 0
11 2 47
11 3 0
11 4 39
11 5 13
11 6 0
11 7 29
12 1 0
12 2 26
12 3 0
12 4 21
12 5 6
12 6 0
12 7 16
13 1 0
13 2 69
13 3 0
13 4 50
13 5 19
13 6 0
13 7 37
14 1 0
14 2 53
14 3 0
14 4 36
14 5 16
14 6 0
14 7 28
15 1 0
15 2 42
15 3 0
15 4 28
15 5 10
15 6 0
15 7 19
16 1 0
16 2 17
16 3 0
16 4 13
16 5 5
16 6 0
16 7 10
17 1 0
17 2 29
17 3 0
17 4 19
17 5 6
17 6 0
17 7 16
18 1 0
18 2 49
18 3 0
18 4 39
18 5 10
18 6 0
18 7 32
19 1 0
19 2 30
19 3 0
19 4 25
19 5 7
19 6 0
19 7 21
20 1 0
20 2 8
20 3 0
20 4 5
20 5 2
20 6 0
20 7 5

# Precedence Relations
1 2
1 3
1 4
2 5
2 6
3 5
3 6
4 7
5 7
5 8
6 7
6 8
6 9
7 10
7 11
8 10
9 11
10 12
10 13
11 12
11 14
12 15
12 16
13 14
13 15
14 17
14 18
15 18
17 19
17 20

# Parameters
R_e = 0.0500
T = 1000.0
C_s = 4.0
C_w = 36.0
C_c = 5.0
