# Tasks
1 2 3 4 5 6 7 8 9 10 11 12 13 14 15 16 17 18 19 20

# Workstations
1 2 3 4 5 6 7 8 9 10 11 12 13 14 15 16 17 18 19 20

# Modes
1 2 3 4 5 6 7

# Processing Times
1 1 260
1 2 401
1 3 232
1 4 358
1 5 209
1 6 302
1 7 465
2 1 482
2 2 656
2 3 433
2 4 590
2 5 387
2 6 533
2 7 725
3 1 250
3 2 323
3 3 229
3 4 296
3 5 209
3 6 282
3 7 364
4 1 119
4 2 183
4 3 109
4 4 167
4 5 102
4 6 142
4 7 218
5 1 324
5 2 400
5 3 308
5 4 380
5 5 271
5 6 404
5 7 499
6 1 357
6 2 476
6 3 329
6 4 438
6 5 290
6 6 395
6 7 526
7 1 292
7 2 361
7 3 267
7 4 330
7 5 269
7 6 324
7 7 401
8 1 323
8 2 471
8 3 289
8 4 421
8 5 267
8 6 387
8 7 564
9 1 119
9 2 152
9 3 113
9 4 145
9 5 108
9 6 143
9 7 182
10 1 179
10 2 283
10 3 163
10 4 257
10 5 149
10 6 221
10 7 348
11 1 166
11 2 216
11 3 155
11 4 202
11 5 155
11 6 204
11 7 266
12 1 62
12 2 93
12 3 55
12 4 82
12 5 52
12 6 74
12 7 110
13 1 298
13 2 454
13 3 276
13 4 420
13 5 252
13 6 339
13 7 515
14 1 311
14 2 447
14 3 293
14 4 421
14 5 270
14 6 349
14 7 501
15 1 539
15 2 796
15 3 480
15 4 709
15 5 511
15 6 670
15 7 989
16 1 188
16 2 268
16 3 162
16 4 231
16 5 156
16 6 208
16 7 297
17 1 113
17 2 137
17 3 104
17 4 126
17 5 107
17 6 131
17 7 159
18 1 168
18 2 260
18 3 149
18 4 230
18 5 142
18 6 210
18 7 324
19 1 334
19 2 476
19 3 298
19 4 425
19 5 301
19 6 377
19 7 537
20 1 142
20 2 196
20 3 122
20 4 168
20 5 119
20 6 166
20 7 229

# Energy Consumption
1 1 0
1 2 94
1 3 0
1 4 78
1 5 32
1 6 0
1 7 64
2 1 0
2 2 161
2 3 0
2 4 122
2 5 58
2 6 0
2 7 104
3 1 0
3 2 92
3 3 0
3 4 54
3 5 30
3 6 0
3 7 50
4 1 0
4 2 52
4 3 0
4 4 36
4 5 16
4 6 0
4 7 31
5 1 0
5 2 102
5 3 0
5 4 72
5 5 40
5 6 0
5 7 74
6 1 0
6 2 114
6 3 0
6 4 90
6 5 46
6 6 0
6 7 78
7 1 0
7 2 91
7 3 0
7 4 67
7 5 43
7 6 0
7 7 59
8 1 0
8 2 111
8 3 0
8 4 88
8 5 39
8 6 0
8 7 84
9 1 0
9 2 42
9 3 0
9 4 32
9 5 16
9 6 0
9 7 27
10 1 0
10 2 74
10 3 0
10 4 56
10 5 23
10 6 0
10 7 52
11 1 0
11 2 63
11 3 0
11 4 41
11 5 25
11 6 0
11 7 34
12 1 0
12 2 24
12 3 0
12 4 18
12 5 8
12 6 0
12 7 16
13 1 0
13 2 123
13 3 0
13 4 90
13 5 36
13 6 0
13 7 70
14 1 0
14 2 101
14 3 0
14 4 91
14 5 39
14 6 0
14 7 65
15 1 0
15 2 189
15 3 0
15 4 148
15 5 78
15 6 0
15 7 143
16 1 0
16 2 60
16 3 0
16 4 51
16 5 25
16 6 0
16 7 37
17 1 0
17 2 40
17 3 0
17 4 23
17 5 17
17 6 0
17 7 22
18 1 0
18 2 76
18 3 0
18 4 44
18 5 22
18 6 0
18 7 48
19 1 0
19 2 112
19 3 0
19 4 77
19 5 43
19 6 0
19 7 69
20 1 0
20 2 47
20 3 0
20 4 35
20 5 18
20 6 0
20 7 34

# Precedence Relations
1 4
2 5
2 6
3 5
3 6
4 7
5 8
5 9
6 8
6 9
7 11
8 10
8 12
8 13
8 16
9 13
9 16
10 14
11 16
12 15
13 17
13 19
14 18
15 18
16 19
17 18
17 20

# Parameters
R_e = 0.0500
T = 1000.0
C_s = 4.0
C_w = 36.0
C_c = 5.0
