# Tasks
1 2 3 4 5 6 7 8 9 10 11 12 13 14 15 16 17 18 19 20

# Workstations
1 2 3 4 5 6 7 8 9 10 11 12 13 14 15 16 17 18 19 20

# Modes
1 2 3 4 5 6 7

# Processing Times
1 1 27
1 2 27
1 3 30
1 4 30
1 5 24
1 6 39
1 7 39
2 1 123
2 2 115
2 3 134
2 4 126
2 5 104
2 6 171
2 7 159
3 1 188
3 2 195
3 3 202
3 4 210
3 5 175
3 6 256
3 7 266
4 1 152
4 2 149
4 3 166
4 4 163
4 5 127
4 6 201
4 7 197
5 1 210
5 2 226
5 3 222
5 4 239
5 5 188
5 6 278
5 7 299
6 1 206
6 2 185
6 3 225
6 4 202
6 5 190
6 6 298
6 7 268
7 1 234
7 2 231
7 3 249
7 4 246
7 5 196
7 6 307
7 7 303
8 1 178
8 2 179
8 3 192
8 4 193
8 5 143
8 6 237
8 7 238
9 1 82
9 2 87
9 3 88
9 4 94
9 5 68
9 6 113
9 7 120
10 1 126
10 2 124
10 3 135
10 4 133
10 5 104
10 6 167
10 7 164
11 1 93
11 2 96
11 3 99
11 4 102
11 5 86
11 6 128
11 7 132
12 1 135
12 2 116
12 3 144
12 4 124
12 5 118
12 6 177
12 7 152
13 1 159
13 2 151
13 3 174
13 4 165
13 5 136
13 6 214
13 7 203
14 1 177
14 2 168
14 3 188
14 4 178
14 5 152
14 6 252
14 7 239
15 1 196
15 2 188
15 3 214
15 4 206
15 5 173
15 6 268
15 7 257
16 1 165
16 2 179
16 3 177
16 4 192
16 5 145
16 6 213
16 7 231
17 1 104
17 2 96
17 3 112
17 4 103
17 5 94
17 6 146
17 7 135
18 1 157
18 2 142
18 3 167
18 4 151
18 5 135
18 6 212
18 7 191
19 1 87
19 2 95
19 3 93
19 4 102
19 5 80
19 6 126
19 7 137
20 1 140
20 2 121
20 3 149
20 4 129
20 5 119
20 6 184
20 7 159

# Energy Consumption
1 1 0
1 2 6
1 3 0
1 4 7
1 5 4
1 6 0
1 7 6
2 1 0
2 2 31
2 3 0
2 4 28
2 5 16
2 6 0
2 7 23
3 1 0
3 2 44
3 3 0
3 4 42
3 5 26
3 6 0
3 7 34
4 1 0
4 2 45
4 3 0
4 4 32
4 5 19
4 6 0
4 7 26
5 1 0
5 2 57
5 3 0
5 4 49
5 5 30
5 6 0
5 7 40
6 1 0
6 2 45
6 3 0
6 4 38
6 5 30
6 6 0
6 7 37
7 1 0
7 2 67
7 3 0
7 4 49
7 5 31
7 6 0
7 7 46
8 1 0
8 2 46
8 3 0
8 4 40
8 5 23
8 6 0
8 7 31
9 1 0
9 2 24
9 3 0
9 4 21
9 5 11
9 6 0
9 7 15
10 1 0
10 2 31
10 3 0
10 4 30
10 5 16
10 6 0
10 7 21
11 1 0
11 2 25
11 3 0
11 4 19
11 5 13
11 6 0
11 7 19
12 1 0
12 2 27
12 3 0
12 4 28
12 5 19
12 6 0
12 7 20
13 1 0
13 2 41
13 3 0
13 4 31
13 5 21
13 6 0
13 7 29
14 1 0
14 2 46
14 3 0
14 4 35
14 5 25
14 6 0
14 7 32
15 1 0
15 2 52
15 3 0
15 4 45
15 5 27
15 6 0
15 7 34
16 1 0
16 2 51
16 3 0
16 4 37
16 5 24
16 6 0
16 7 33
17 1 0
17 2 24
17 3 0
17 4 22
17 5 15
17 6 0
17 7 20
18 1 0
18 2 38
18 3 0
18 4 31
18 5 21
18 6 0
18 7 24
19 1 0
19 2 22
19 3 0
19 4 21
19 5 12
19 6 0
19 7 17
20 1 0
20 2 30
20 3 0
20 4 27
20 5 18
20 6 0
20 7 22

# Precedence Relations
1 9
2 9
3 9
4 7
5 6
5 8
6 9
7 9
8 10
8 11
9 12
9 13
9 14
9 15
10 17
12 17
13 16
16 19
16 20
17 18

# Parameters
R_e = 0.0500
T = 1000.0
C_s = 4.0
C_w = 36.0
C_c = 5.0
