# Tasks
1 2 3 4 5 6 7 8 9 10 11 12 13 14 15 16 17 18 19 20

# Workstations
1 2 3 4 5 6 7 8 9 10 11 12 13 14 15 16 17 18 19 20

# Modes
1 2 3 4 5 6 7

# Processing Times
1 1 85
1 2 174
1 3 91
1 4 186
1 5 38
1 6 104
1 7 213
2 1 262
2 2 535
2 3 280
2 4 572
2 5 117
2 6 321
2 7 655
3 1 34
3 2 70
3 3 37
3 4 75
3 5 16
3 6 42
3 7 86
4 1 93
4 2 190
4 3 100
4 4 203
4 5 42
4 6 114
4 7 233
5 1 40
5 2 82
5 3 43
5 4 88
5 5 18
5 6 49
5 7 101
6 1 149
6 2 305
6 3 160
6 4 326
6 5 67
6 6 183
6 7 373
7 1 56
7 2 115
7 3 60
7 4 123
7 5 25
7 6 69
7 7 141
8 1 103
8 2 211
8 3 111
8 4 226
8 5 46
8 6 126
8 7 259
9 1 53
9 2 109
9 3 57
9 4 117
9 5 24
9 6 65
9 7 134
10 1 41
10 2 84
10 3 44
10 4 90
10 5 19
10 6 51
10 7 103
11 1 118
11 2 241
11 3 127
11 4 258
11 5 53
11 6 145
11 7 295
12 1 121
12 2 248
12 3 130
12 4 265
12 5 54
12 6 148
12 7 304
13 1 124
13 2 254
13 3 133
13 4 272
13 5 56
13 6 152
13 7 311
14 1 44
14 2 90
14 3 48
14 4 97
14 5 20
14 6 54
14 7 111
15 1 199
15 2 407
15 3 213
15 4 435
15 5 89
15 6 244
15 7 498
16 1 95
16 2 194
16 3 102
16 4 208
16 5 43
16 6 117
16 7 238
17 1 27
17 2 56
17 3 29
17 4 60
17 5 12
17 6 34
17 7 69
18 1 151
18 2 309
18 3 162
18 4 331
18 5 68
18 6 185
18 7 378
19 1 43
19 2 88
19 3 46
19 4 95
19 5 20
19 6 53
19 7 108
20 1 95
20 2 194
20 3 102
20 4 208
20 5 43
20 6 117
20 7 238

# Energy Consumption
1 1 0
1 2 44
1 3 0
1 4 41
1 5 6
1 6 0
1 7 31
2 1 0
2 2 134
2 3 0
2 4 124
2 5 19
2 6 0
2 7 91
3 1 0
3 2 16
3 3 0
3 4 15
3 5 3
3 6 0
3 7 11
4 1 0
4 2 54
4 3 0
4 4 44
4 5 7
4 6 0
4 7 31
5 1 0
5 2 22
5 3 0
5 4 19
5 5 3
5 6 0
5 7 14
6 1 0
6 2 70
6 3 0
6 4 61
6 5 10
6 6 0
6 7 52
7 1 0
7 2 34
7 3 0
7 4 25
7 5 4
7 6 0
7 7 20
8 1 0
8 2 56
8 3 0
8 4 45
8 5 7
8 6 0
8 7 37
9 1 0
9 2 30
9 3 0
9 4 26
9 5 4
9 6 0
9 7 20
10 1 0
10 2 22
10 3 0
10 4 19
10 5 3
10 6 0
10 7 14
11 1 0
11 2 55
11 3 0
11 4 47
11 5 8
11 6 0
11 7 45
12 1 0
12 2 60
12 3 0
12 4 50
12 5 9
12 6 0
12 7 42
13 1 0
13 2 66
13 3 0
13 4 55
13 5 8
13 6 0
13 7 41
14 1 0
14 2 27
14 3 0
14 4 20
14 5 3
14 6 0
14 7 17
15 1 0
15 2 119
15 3 0
15 4 91
15 5 14
15 6 0
15 7 62
16 1 0
16 2 47
16 3 0
16 4 44
16 5 7
16 6 0
16 7 30
17 1 0
17 2 16
17 3 0
17 4 12
17 5 2
17 6 0
17 7 10
18 1 0
18 2 76
18 3 0
18 4 65
18 5 11
18 6 0
18 7 54
19 1 0
19 2 23
19 3 0
19 4 20
19 5 4
19 6 0
19 7 15
20 1 0
20 2 55
20 3 0
20 4 41
20 5 7
20 6 0
20 7 34

# Precedence Relations
1 11
2 11
3 4
3 5
4 11
5 6
5 7
5 8
5 9
5 10
6 11
7 11
8 20
9 12
10 12
11 13
11 14
11 15
11 16
12 19
14 18
14 20
15 17
16 19
16 20

# Parameters
R_e = 0.0500
T = 1000.0
C_s = 4.0
C_w = 36.0
C_c = 5.0
