# Tasks
1 2 3 4 5 6 7 8 9 10 11 12 13 14 15 16 17 18 19 20 21 22 23 24 25 26 27 28 29 30 31 32 33 34 35 36 37 38 39 40 41 42 43 44 45

# Workstations
1 2 3 4 5 6 7 8 9 10 11 12 13 14 15 16 17 18 19 20 21 22 23 24 25 26 27 28 29 30 31 32 33 34 35 36 37 38 39 40 41 42 43 44 45

# Modes
1 2 3 4 5 6 7

# Processing Times
1 1 9
1 2 22
1 3 9
1 4 21
1 5 6
1 6 12
1 7 28
2 1 9
2 2 22
2 3 9
2 4 21
2 5 6
2 6 12
2 7 28
3 1 10
3 2 24
3 3 10
3 4 23
3 5 6
3 6 13
3 7 31
4 1 10
4 2 24
4 3 10
4 4 23
4 5 6
4 6 13
4 7 31
5 1 17
5 2 41
5 3 17
5 4 39
5 5 11
5 6 22
5 7 52
6 1 17
6 2 41
6 3 17
6 4 39
6 5 11
6 6 22
6 7 52
7 1 13
7 2 31
7 3 13
7 4 30
7 5 8
7 6 17
7 7 40
8 1 13
8 2 31
8 3 13
8 4 30
8 5 8
8 6 17
8 7 40
9 1 20
9 2 48
9 3 19
9 4 46
9 5 12
9 6 26
9 7 61
10 1 20
10 2 48
10 3 19
10 4 46
10 5 12
10 6 26
10 7 61
11 1 10
11 2 24
11 3 10
11 4 23
11 5 6
11 6 13
11 7 31
12 1 11
12 2 26
12 3 11
12 4 25
12 5 7
12 6 14
12 7 33
13 1 6
13 2 15
13 3 6
13 4 15
13 5 4
13 6 8
13 7 19
14 1 22
14 2 52
14 3 21
14 4 50
14 5 14
14 6 28
14 7 66
15 1 11
15 2 26
15 3 11
15 4 25
15 5 7
15 6 14
15 7 33
16 1 19
16 2 45
16 3 18
16 4 43
16 5 12
16 6 24
16 7 57
17 1 12
17 2 29
17 3 12
17 4 28
17 5 8
17 6 16
17 7 37
18 1 3
18 2 8
18 3 3
18 4 8
18 5 2
18 6 4
18 7 11
19 1 7
19 2 17
19 3 7
19 4 17
19 5 5
19 6 9
19 7 22
20 1 4
20 2 10
20 3 4
20 4 10
20 5 3
20 6 6
20 7 13
21 1 55
21 2 130
21 3 52
21 4 123
21 5 33
21 6 70
21 7 165
22 1 14
22 2 34
22 3 14
22 4 33
22 5 9
22 6 18
22 7 43
23 1 27
23 2 64
23 3 26
23 4 61
23 5 17
23 6 35
23 7 81
24 1 29
24 2 69
24 3 28
24 4 66
24 5 18
24 6 37
24 7 88
25 1 26
25 2 62
25 3 25
25 4 59
25 5 16
25 6 33
25 7 79
26 1 6
26 2 15
26 3 6
26 4 15
26 5 4
26 6 8
26 7 19
27 1 5
27 2 12
27 3 5
27 4 12
27 5 3
27 6 7
27 7 16
28 1 24
28 2 57
28 3 23
28 4 54
28 5 15
28 6 31
28 7 72
29 1 4
29 2 10
29 3 4
29 4 10
29 5 3
29 6 6
29 7 13
30 1 5
30 2 12
30 3 5
30 4 12
30 5 3
30 6 7
30 7 16
31 1 7
31 2 17
31 3 7
31 4 17
31 5 5
31 6 9
31 7 22
32 1 4
32 2 10
32 3 4
32 4 10
32 5 3
32 6 6
32 7 13
33 1 15
33 2 36
33 3 15
33 4 34
33 5 9
33 6 19
33 7 46
34 1 3
34 2 8
34 3 3
34 4 8
34 5 2
34 6 4
34 7 11
35 1 7
35 2 17
35 3 7
35 4 17
35 5 5
35 6 9
35 7 22
36 1 9
36 2 22
36 3 9
36 4 21
36 5 6
36 6 12
36 7 28
37 1 4
37 2 10
37 3 4
37 4 10
37 5 3
37 6 6
37 7 13
38 1 7
38 2 17
38 3 7
38 4 17
38 5 5
38 6 9
38 7 22
39 1 5
39 2 12
39 3 5
39 4 12
39 5 3
39 6 7
39 7 16
40 1 4
40 2 10
40 3 4
40 4 10
40 5 3
40 6 6
40 7 13
41 1 21
41 2 50
41 3 20
41 4 48
41 5 13
41 6 27
41 7 64
42 1 12
42 2 29
42 3 12
42 4 28
42 5 8
42 6 16
42 7 37
43 1 6
43 2 15
43 3 6
43 4 15
43 5 4
43 6 8
43 7 19
44 1 5
44 2 12
44 3 5
44 4 12
44 5 3
44 6 7
44 7 16
45 1 5
45 2 12
45 3 5
45 4 12
45 5 3
45 6 7
45 7 16

# Energy Consumption
1 1 0
1 2 7
1 3 0
1 4 5
1 5 1
1 6 0
1 7 4
2 1 0
2 2 6
2 3 0
2 4 4
2 5 1
2 6 0
2 7 5
3 1 0
3 2 7
3 3 0
3 4 5
3 5 1
3 6 0
3 7 5
4 1 0
4 2 6
4 3 0
4 4 5
4 5 1
4 6 0
4 7 4
5 1 0
5 2 10
5 3 0
5 4 9
5 5 2
5 6 0
5 7 7
6 1 0
6 2 10
6 3 0
6 4 9
6 5 2
6 6 0
6 7 7
7 1 0
7 2 8
7 3 0
7 4 7
7 5 2
7 6 0
7 7 6
8 1 0
8 2 9
8 3 0
8 4 7
8 5 2
8 6 0
8 7 6
9 1 0
9 2 11
9 3 0
9 4 9
9 5 2
9 6 0
9 7 8
10 1 0
10 2 13
10 3 0
10 4 10
10 5 2
10 6 0
10 7 8
11 1 0
11 2 6
11 3 0
11 4 5
11 5 1
11 6 0
11 7 4
12 1 0
12 2 7
12 3 0
12 4 5
12 5 2
12 6 0
12 7 4
13 1 0
13 2 5
13 3 0
13 4 3
13 5 1
13 6 0
13 7 3
14 1 0
14 2 15
14 3 0
14 4 10
14 5 3
14 6 0
14 7 10
15 1 0
15 2 6
15 3 0
15 4 5
15 5 2
15 6 0
15 7 5
16 1 0
16 2 11
16 3 0
16 4 10
16 5 2
16 6 0
16 7 7
17 1 0
17 2 8
17 3 0
17 4 6
17 5 2
17 6 0
17 7 5
18 1 0
18 2 3
18 3 0
18 4 2
18 5 1
18 6 0
18 7 2
19 1 0
19 2 5
19 3 0
19 4 4
19 5 1
19 6 0
19 7 4
20 1 0
20 2 3
20 3 0
20 4 2
20 5 1
20 6 0
20 7 2
21 1 0
21 2 34
21 3 0
21 4 27
21 5 5
21 6 0
21 7 23
22 1 0
22 2 10
22 3 0
22 4 7
22 5 2
22 6 0
22 7 6
23 1 0
23 2 18
23 3 0
23 4 14
23 5 3
23 6 0
23 7 11
24 1 0
24 2 17
24 3 0
24 4 13
24 5 3
24 6 0
24 7 13
25 1 0
25 2 18
25 3 0
25 4 11
25 5 3
25 6 0
25 7 12
26 1 0
26 2 4
26 3 0
26 4 3
26 5 1
26 6 0
26 7 3
27 1 0
27 2 3
27 3 0
27 4 3
27 5 1
27 6 0
27 7 3
28 1 0
28 2 14
28 3 0
28 4 11
28 5 3
28 6 0
28 7 11
29 1 0
29 2 3
29 3 0
29 4 2
29 5 1
29 6 0
29 7 2
30 1 0
30 2 3
30 3 0
30 4 3
30 5 1
30 6 0
30 7 3
31 1 0
31 2 5
31 3 0
31 4 4
31 5 1
31 6 0
31 7 4
32 1 0
32 2 3
32 3 0
32 4 2
32 5 1
32 6 0
32 7 2
33 1 0
33 2 10
33 3 0
33 4 8
33 5 2
33 6 0
33 7 7
34 1 0
34 2 3
34 3 0
34 4 2
34 5 1
34 6 0
34 7 2
35 1 0
35 2 6
35 3 0
35 4 4
35 5 1
35 6 0
35 7 3
36 1 0
36 2 7
36 3 0
36 4 4
36 5 1
36 6 0
36 7 4
37 1 0
37 2 3
37 3 0
37 4 2
37 5 1
37 6 0
37 7 2
38 1 0
38 2 6
38 3 0
38 4 4
38 5 1
38 6 0
38 7 4
39 1 0
39 2 4
39 3 0
39 4 3
39 5 1
39 6 0
39 7 3
40 1 0
40 2 3
40 3 0
40 4 3
40 5 1
40 6 0
40 7 2
41 1 0
41 2 15
41 3 0
41 4 11
41 5 2
41 6 0
41 7 9
42 1 0
42 2 9
42 3 0
42 4 6
42 5 2
42 6 0
42 7 6
43 1 0
43 2 5
43 3 0
43 4 4
43 5 1
43 6 0
43 7 3
44 1 0
44 2 4
44 3 0
44 4 3
44 5 1
44 6 0
44 7 3
45 1 0
45 2 3
45 3 0
45 4 3
45 5 1
45 6 0
45 7 3

# Precedence Relations
1 3
1 7
2 4
2 8
3 5
4 6
5 9
6 10
7 9
7 14
8 10
8 14
9 41
10 41
11 13
12 13
12 37
13 14
13 15
14 17
14 25
14 29
14 30
14 31
14 32
15 16
15 18
15 23
15 24
16 19
17 26
17 27
18 19
19 20
19 33
20 21
21 22
22 28
23 33
24 33
25 26
26 38
27 28
27 33
28 38
29 41
30 41
31 41
32 41
33 34
33 35
33 36
34 38
35 40
36 38
37 43
38 40
39 41
40 41
41 42
42 44
42 45

# Parameters
R_e = 0.0500
T = 600.0
C_s = 4.0
C_w = 36.0
C_c = 5.0
