# Tasks
1 2 3 4 5 6 7 8 9 10 11 12 13 14 15 16 17 18 19 20

# Workstations
1 2 3 4 5 6 7 8 9 10 11 12 13 14 15 16 17 18 19 20

# Modes
1 2 3 4 5 6 7

# Processing Times
1 1 165
1 2 141
1 3 182
1 4 155
1 5 155
1 6 232
1 7 199
2 1 79
2 2 68
2 3 87
2 4 75
2 5 75
2 6 111
2 7 96
3 1 84
3 2 72
3 3 93
3 4 80
3 5 79
3 6 118
3 7 102
4 1 234
4 2 200
4 3 258
4 4 220
4 5 220
4 6 329
4 7 281
5 1 79
5 2 68
5 3 87
5 4 75
5 5 75
5 6 111
5 7 96
6 1 241
6 2 206
6 3 265
6 4 227
6 5 226
6 6 339
6 7 290
7 1 74
7 2 64
7 3 82
7 4 71
7 5 70
7 6 104
7 7 90
8 1 96
8 2 82
8 3 106
8 4 91
8 5 90
8 6 135
8 7 116
9 1 44
9 2 38
9 3 49
9 4 42
9 5 42
9 6 62
9 7 54
10 1 225
10 2 192
10 3 248
10 4 211
10 5 211
10 6 316
10 7 270
11 1 77
11 2 66
11 3 85
11 4 73
11 5 73
11 6 109
11 7 93
12 1 124
12 2 106
12 3 137
12 4 117
12 5 117
12 6 175
12 7 149
13 1 119
13 2 102
13 3 131
13 4 113
13 5 112
13 6 168
13 7 144
14 1 160
14 2 137
14 3 176
14 4 151
14 5 150
14 6 225
14 7 193
15 1 41
15 2 35
15 3 46
15 4 39
15 5 39
15 6 58
15 7 50
16 1 204
16 2 174
16 3 225
16 4 192
16 5 192
16 6 287
16 7 245
17 1 319
17 2 273
17 3 351
17 4 300
17 5 299
17 6 448
17 7 384
18 1 248
18 2 212
18 3 273
18 4 233
18 5 233
18 6 349
18 7 298
19 1 127
19 2 109
19 3 140
19 4 120
19 5 120
19 6 179
19 7 154
20 1 84
20 2 72
20 3 93
20 4 80
20 5 79
20 6 118
20 7 102

# Energy Consumption
1 1 0
1 2 32
1 3 0
1 4 34
1 5 25
1 6 0
1 7 29
2 1 0
2 2 19
2 3 0
2 4 17
2 5 12
2 6 0
2 7 14
3 1 0
3 2 16
3 3 0
3 4 16
3 5 12
3 6 0
3 7 13
4 1 0
4 2 60
4 3 0
4 4 43
4 5 32
4 6 0
4 7 37
5 1 0
5 2 18
5 3 0
5 4 16
5 5 12
5 6 0
5 7 13
6 1 0
6 2 50
6 3 0
6 4 43
6 5 36
6 6 0
6 7 40
7 1 0
7 2 19
7 3 0
7 4 15
7 5 11
7 6 0
7 7 14
8 1 0
8 2 22
8 3 0
8 4 19
8 5 15
8 6 0
8 7 15
9 1 0
9 2 11
9 3 0
9 4 10
9 5 7
9 6 0
9 7 7
10 1 0
10 2 48
10 3 0
10 4 47
10 5 33
10 6 0
10 7 35
11 1 0
11 2 17
11 3 0
11 4 14
11 5 11
11 6 0
11 7 13
12 1 0
12 2 24
12 3 0
12 4 26
12 5 18
12 6 0
12 7 20
13 1 0
13 2 28
13 3 0
13 4 22
13 5 18
13 6 0
13 7 20
14 1 0
14 2 38
14 3 0
14 4 30
14 5 24
14 6 0
14 7 26
15 1 0
15 2 10
15 3 0
15 4 9
15 5 6
15 6 0
15 7 7
16 1 0
16 2 50
16 3 0
16 4 37
16 5 31
16 6 0
16 7 35
17 1 0
17 2 67
17 3 0
17 4 62
17 5 47
17 6 0
17 7 57
18 1 0
18 2 57
18 3 0
18 4 47
18 5 36
18 6 0
18 7 37
19 1 0
19 2 25
19 3 0
19 4 24
19 5 18
19 6 0
19 7 19
20 1 0
20 2 18
20 3 0
20 4 17
20 5 12
20 6 0
20 7 14

# Precedence Relations
1 11
2 7
3 6
3 7
4 5
4 6
5 11
7 8
7 9
7 10
8 11
9 11
10 12
10 13
11 14
11 15
11 16
11 17
15 19
15 20
16 18
17 19

# Parameters
R_e = 0.0500
T = 1000.0
C_s = 4.0
C_w = 36.0
C_c = 5.0
