# Tasks
1 2 3 4 5 6 7 8 9 10 11

# Workstations
1 2 3 4 5 6 7 8 9 10 11

# Modes
1 2 3 4 5 6 7

# Processing Times
1 1 4
1 2 6
1 3 5
1 4 7
1 5 2
1 6 5
1 7 7
2 1 38
2 2 51
2 3 41
2 4 55
2 5 13
2 6 41
2 7 55
3 1 45
3 2 60
3 3 48
3 4 64
3 5 15
3 6 48
3 7 64
4 1 12
4 2 16
4 3 13
4 4 17
4 5 4
4 6 13
4 7 17
5 1 10
5 2 14
5 3 11
5 4 15
5 5 4
5 6 11
5 7 15
6 1 8
6 2 11
6 3 9
6 4 12
6 5 3
6 6 9
6 7 12
7 1 12
7 2 16
7 3 13
7 4 17
7 5 4
7 6 13
7 7 17
8 1 10
8 2 14
8 3 11
8 4 15
8 5 4
8 6 11
8 7 15
9 1 2
9 2 3
9 3 3
9 4 4
9 5 1
9 6 3
9 7 4
10 1 10
10 2 14
10 3 11
10 4 15
10 5 4
10 6 11
10 7 15
11 1 34
11 2 46
11 3 37
11 4 49
11 5 11
11 6 37
11 7 49

# Energy Consumption
1 1 0
1 2 2
1 3 0
1 4 2
1 5 1
1 6 0
1 7 1
2 1 0
2 2 13
2 3 0
2 4 11
2 5 2
2 6 0
2 7 8
3 1 0
3 2 16
3 3 0
3 4 13
3 5 3
3 6 0
3 7 10
4 1 0
4 2 5
4 3 0
4 4 4
4 5 1
4 6 0
4 7 3
5 1 0
5 2 5
5 3 0
5 4 3
5 5 1
5 6 0
5 7 3
6 1 0
6 2 4
6 3 0
6 4 3
6 5 1
6 6 0
6 7 2
7 1 0
7 2 4
7 3 0
7 4 4
7 5 1
7 6 0
7 7 3
8 1 0
8 2 5
8 3 0
8 4 4
8 5 1
8 6 0
8 7 3
9 1 0
9 2 1
9 3 0
9 4 1
9 5 1
9 6 0
9 7 1
10 1 0
10 2 4
10 3 0
10 4 3
10 5 1
10 6 0
10 7 2
11 1 0
11 2 13
11 3 0
11 4 9
11 5 2
11 6 0
11 7 7

# Precedence Relations
1 4
2 4
2 5
3 11
4 6
5 7
6 8
7 9
8 10
9 10
10 11

# Parameters
R_e = 0.0500
T = 600.0
C_s = 4.0
C_w = 36.0
C_c = 5.0
