# Tasks
1 2 3 4 5 6 7 8 9 10 11 12 13 14 15 16 17 18 19 20

# Workstations
1 2 3 4 5 6 7 8 9 10 11 12 13 14 15 16 17 18 19 20

# Modes
1 2 3 4 5 6 7

# Processing Times
1 1 22
1 2 43
1 3 22
1 4 43
1 5 21
1 6 24
1 7 46
2 1 128
2 2 253
2 3 133
2 4 263
2 5 121
2 6 134
2 7 264
3 1 104
3 2 213
3 3 101
3 4 206
3 5 99
3 6 113
3 7 230
4 1 54
4 2 121
4 3 56
4 4 124
4 5 47
4 6 55
4 7 123
5 1 133
5 2 247
5 3 136
5 4 251
5 5 113
5 6 146
5 7 270
6 1 78
6 2 172
6 3 76
6 4 167
6 5 71
6 6 82
6 7 179
7 1 89
7 2 186
7 3 87
7 4 181
7 5 84
7 6 91
7 7 190
8 1 252
8 2 539
8 3 257
8 4 549
8 5 210
8 6 263
8 7 561
9 1 274
9 2 564
9 3 271
9 4 556
9 5 221
9 6 290
9 7 596
10 1 134
10 2 291
10 3 139
10 4 302
10 5 110
10 6 140
10 7 303
11 1 212
11 2 482
11 3 215
11 4 488
11 5 187
11 6 225
11 7 510
12 1 95
12 2 210
12 3 94
12 4 208
12 5 84
12 6 96
12 7 211
13 1 288
13 2 669
13 3 294
13 4 683
13 5 260
13 6 315
13 7 730
14 1 225
14 2 412
14 3 215
14 4 394
14 5 196
14 6 239
14 7 437
15 1 146
15 2 344
15 3 153
15 4 359
15 5 137
15 6 152
15 7 357
16 1 82
16 2 204
16 3 86
16 4 212
16 5 76
16 6 85
16 7 210
17 1 110
17 2 201
17 3 112
17 4 204
17 5 93
17 6 118
17 7 214
18 1 198
18 2 482
18 3 199
18 4 484
18 5 179
18 6 200
18 7 487
19 1 125
19 2 253
19 3 127
19 4 256
19 5 112
19 6 128
19 7 259
20 1 26
20 2 57
20 3 26
20 4 56
20 5 25
20 6 29
20 7 62

# Energy Consumption
1 1 0
1 2 11
1 3 0
1 4 9
1 5 4
1 6 0
1 7 7
2 1 0
2 2 64
2 3 0
2 4 57
2 5 20
2 6 0
2 7 38
3 1 0
3 2 55
3 3 0
3 4 43
3 5 16
3 6 0
3 7 29
4 1 0
4 2 33
4 3 0
4 4 26
4 5 8
4 6 0
4 7 16
5 1 0
5 2 60
5 3 0
5 4 46
5 5 19
5 6 0
5 7 33
6 1 0
6 2 47
6 3 0
6 4 32
6 5 11
6 6 0
6 7 24
7 1 0
7 2 47
7 3 0
7 4 34
7 5 13
7 6 0
7 7 29
8 1 0
8 2 158
8 3 0
8 4 114
8 5 32
8 6 0
8 7 80
9 1 0
9 2 161
9 3 0
9 4 105
9 5 32
9 6 0
9 7 80
10 1 0
10 2 84
10 3 0
10 4 65
10 5 18
10 6 0
10 7 43
11 1 0
11 2 107
11 3 0
11 4 103
11 5 30
11 6 0
11 7 62
12 1 0
12 2 50
12 3 0
12 4 46
12 5 14
12 6 0
12 7 29
13 1 0
13 2 192
13 3 0
13 4 126
13 5 41
13 6 0
13 7 108
14 1 0
14 2 106
14 3 0
14 4 73
14 5 31
14 6 0
14 7 53
15 1 0
15 2 89
15 3 0
15 4 71
15 5 22
15 6 0
15 7 46
16 1 0
16 2 52
16 3 0
16 4 42
16 5 11
16 6 0
16 7 27
17 1 0
17 2 53
17 3 0
17 4 39
17 5 15
17 6 0
17 7 26
18 1 0
18 2 141
18 3 0
18 4 98
18 5 27
18 6 0
18 7 70
19 1 0
19 2 74
19 3 0
19 4 47
19 5 17
19 6 0
19 7 39
20 1 0
20 2 14
20 3 0
20 4 12
20 5 4
20 6 0
20 7 10

# Precedence Relations
1 2
1 3
1 4
2 5
2 6
3 5
3 6
4 7
5 7
5 8
6 7
6 8
6 9
7 10
7 11
8 10
9 11
10 12
10 13
11 12
11 14
12 15
12 16
13 14
13 15
14 17
14 18
15 18
17 19
17 20

# Parameters
R_e = 0.0500
T = 1000.0
C_s = 4.0
C_w = 36.0
C_c = 5.0
