# Tasks
1 2 3 4 5 6 7 8 9 10 11 12 13 14 15 16 17 18 19 20

# Workstations
1 2 3 4 5 6 7 8 9 10 11 12 13 14 15 16 17 18 19 20

# Modes
1 2 3 4 5 6 7

# Processing Times
1 1 730
1 2 1125
1 3 651
1 4 1003
1 5 586
1 6 847
1 7 1305
2 1 589
2 2 802
2 3 530
2 4 721
2 5 473
2 6 651
2 7 886
3 1 474
3 2 612
3 3 434
3 4 561
3 5 396
3 6 534
3 7 689
4 1 390
4 2 599
4 3 356
4 4 547
4 5 333
4 6 464
4 7 712
5 1 462
5 2 570
5 3 439
5 4 542
5 5 386
5 6 576
5 7 711
6 1 496
6 2 661
6 3 457
6 4 609
6 5 402
6 6 548
6 7 730
7 1 480
7 2 593
7 3 438
7 4 541
7 5 441
7 6 533
7 7 658
8 1 425
8 2 620
8 3 380
8 4 554
8 5 352
8 6 509
8 7 743
9 1 545
9 2 696
9 3 517
9 4 660
9 5 493
9 6 651
9 7 831
10 1 562
10 2 887
10 3 511
10 4 806
10 5 467
10 6 691
10 7 1091
11 1 438
11 2 569
11 3 409
11 4 531
11 5 407
11 6 539
11 7 700
12 1 702
12 2 1050
12 3 619
12 4 926
12 5 578
12 6 829
12 7 1239
13 1 439
13 2 668
13 3 406
13 4 617
13 5 371
13 6 498
13 7 758
14 1 285
14 2 410
14 3 269
14 4 386
14 5 247
14 6 320
14 7 460
15 1 511
15 2 755
15 3 455
15 4 672
15 5 484
15 6 635
15 7 938
16 1 483
16 2 687
16 3 416
16 4 592
16 5 400
16 6 534
16 7 760
17 1 468
17 2 565
17 3 428
17 4 517
17 5 442
17 6 542
17 7 654
18 1 654
18 2 1011
18 3 578
18 4 894
18 5 551
18 6 814
18 7 1259
19 1 534
19 2 761
19 3 476
19 4 679
19 5 482
19 6 602
19 7 858
20 1 552
20 2 759
20 3 471
20 4 648
20 5 462
20 6 645
20 7 887

# Energy Consumption
1 1 0
1 2 263
1 3 0
1 4 217
1 5 89
1 6 0
1 7 180
2 1 0
2 2 197
2 3 0
2 4 149
2 5 70
2 6 0
2 7 128
3 1 0
3 2 174
3 3 0
3 4 103
3 5 56
3 6 0
3 7 94
4 1 0
4 2 169
4 3 0
4 4 115
4 5 51
4 6 0
4 7 99
5 1 0
5 2 145
5 3 0
5 4 103
5 5 56
5 6 0
5 7 105
6 1 0
6 2 159
6 3 0
6 4 125
6 5 63
6 6 0
6 7 108
7 1 0
7 2 150
7 3 0
7 4 109
7 5 70
7 6 0
7 7 96
8 1 0
8 2 146
8 3 0
8 4 116
8 5 51
8 6 0
8 7 111
9 1 0
9 2 191
9 3 0
9 4 143
9 5 72
9 6 0
9 7 120
10 1 0
10 2 230
10 3 0
10 4 175
10 5 70
10 6 0
10 7 163
11 1 0
11 2 166
11 3 0
11 4 106
11 5 64
11 6 0
11 7 89
12 1 0
12 2 263
12 3 0
12 4 197
12 5 85
12 6 0
12 7 180
13 1 0
13 2 181
13 3 0
13 4 133
13 5 53
13 6 0
13 7 102
14 1 0
14 2 93
14 3 0
14 4 83
14 5 36
14 6 0
14 7 59
15 1 0
15 2 180
15 3 0
15 4 140
15 5 74
15 6 0
15 7 135
16 1 0
16 2 152
16 3 0
16 4 131
16 5 62
16 6 0
16 7 94
17 1 0
17 2 163
17 3 0
17 4 95
17 5 68
17 6 0
17 7 90
18 1 0
18 2 294
18 3 0
18 4 169
18 5 85
18 6 0
18 7 183
19 1 0
19 2 179
19 3 0
19 4 123
19 5 69
19 6 0
19 7 110
20 1 0
20 2 180
20 3 0
20 4 133
20 5 70
20 6 0
20 7 132

# Precedence Relations
1 13
2 3
2 4
2 5
2 6
3 13
4 13
5 7
5 8
6 9
6 14
7 13
8 9
8 10
8 11
8 12
9 13
10 20
11 13
11 14
11 15
12 13
13 16
13 17
13 18
13 19
14 20

# Parameters
R_e = 0.0500
T = 1370.25
C_s = 4.0
C_w = 36.0
C_c = 5.0
