# Tasks
1 2 3 4 5 6 7 8 9 10 11 12 13 14 15 16 17 18 19 20 21 22 23 24 25 26 27 28 29

# Workstations
1 2 3 4 5 6 7 8 9 10 11 12 13 14 15 16 17 18 19 20 21 22 23 24 25 26 27 28 29

# Modes
1 2 3 4 5 6 7

# Processing Times
1 1 7
1 2 10
1 3 8
1 4 11
1 5 5
1 6 8
1 7 11
2 1 19
2 2 29
2 3 21
2 4 31
2 5 12
2 6 20
2 7 30
3 1 15
3 2 19
3 3 17
3 4 21
3 5 10
3 6 16
3 7 20
4 1 5
4 2 8
4 3 6
4 4 9
4 5 4
4 6 6
4 7 9
5 1 12
5 2 17
5 3 13
5 4 19
5 5 8
5 6 13
5 7 18
6 1 10
6 2 16
6 3 11
6 4 18
6 5 6
6 6 11
6 7 17
7 1 8
7 2 13
7 3 9
7 4 14
7 5 6
7 6 9
7 7 14
8 1 16
8 2 25
8 3 18
8 4 27
8 5 12
8 6 17
8 7 26
9 1 2
9 2 3
9 3 3
9 4 4
9 5 2
9 6 3
9 7 4
10 1 6
10 2 9
10 3 7
10 4 10
10 5 4
10 6 7
10 7 10
11 1 21
11 2 33
11 3 23
11 4 35
11 5 13
11 6 22
11 7 34
12 1 10
12 2 15
12 3 11
12 4 16
12 5 6
12 6 11
12 7 16
13 1 9
13 2 14
13 3 10
13 4 16
13 5 5
13 6 10
13 7 15
14 1 4
14 2 6
14 3 5
14 4 7
14 5 3
14 6 5
14 7 7
15 1 14
15 2 19
15 3 16
15 4 21
15 5 9
15 6 15
15 7 20
16 1 7
16 2 9
16 3 8
16 4 10
16 5 5
16 6 8
16 7 10
17 1 14
17 2 20
17 3 15
17 4 22
17 5 10
17 6 16
17 7 22
18 1 17
18 2 25
18 3 19
18 4 27
18 5 12
18 6 19
18 7 28
19 1 10
19 2 14
19 3 11
19 4 15
19 5 7
19 6 11
19 7 15
20 1 16
20 2 21
20 3 18
20 4 24
20 5 12
20 6 17
20 7 23
21 1 1
21 2 2
21 3 2
21 4 3
21 5 1
21 6 2
21 7 3
22 1 9
22 2 12
22 3 10
22 4 14
22 5 7
22 6 10
22 7 13
23 1 25
23 2 38
23 3 28
23 4 42
23 5 15
23 6 27
23 7 40
24 1 14
24 2 22
24 3 15
24 4 24
24 5 9
24 6 15
24 7 23
25 1 14
25 2 18
25 3 16
25 4 20
25 5 9
25 6 15
25 7 19
26 1 2
26 2 3
26 3 3
26 4 4
26 5 2
26 6 3
26 7 4
27 1 10
27 2 14
27 3 11
27 4 15
27 5 7
27 6 11
27 7 15
28 1 7
28 2 12
28 3 8
28 4 14
28 5 4
28 6 8
28 7 13
29 1 20
29 2 26
29 3 22
29 4 28
29 5 12
29 6 21
29 7 27

# Energy Consumption
1 1 0
1 2 3
1 3 0
1 4 3
1 5 1
1 6 0
1 7 2
2 1 0
2 2 8
2 3 0
2 4 7
2 5 2
2 6 0
2 7 5
3 1 0
3 2 6
3 3 0
3 4 5
3 5 2
3 6 0
3 7 3
4 1 0
4 2 2
4 3 0
4 4 2
4 5 1
4 6 0
4 7 2
5 1 0
5 2 5
5 3 0
5 4 4
5 5 2
5 6 0
5 7 3
6 1 0
6 2 4
6 3 0
6 4 4
6 5 1
6 6 0
6 7 3
7 1 0
7 2 3
7 3 0
7 4 4
7 5 1
7 6 0
7 7 2
8 1 0
8 2 7
8 3 0
8 4 6
8 5 2
8 6 0
8 7 4
9 1 0
9 2 1
9 3 0
9 4 1
9 5 1
9 6 0
9 7 1
10 1 0
10 2 3
10 3 0
10 4 3
10 5 1
10 6 0
10 7 2
11 1 0
11 2 8
11 3 0
11 4 7
11 5 2
11 6 0
11 7 5
12 1 0
12 2 4
12 3 0
12 4 4
12 5 1
12 6 0
12 7 3
13 1 0
13 2 4
13 3 0
13 4 4
13 5 1
13 6 0
13 7 3
14 1 0
14 2 2
14 3 0
14 4 2
14 5 1
14 6 0
14 7 1
15 1 0
15 2 5
15 3 0
15 4 4
15 5 2
15 6 0
15 7 3
16 1 0
16 2 3
16 3 0
16 4 3
16 5 1
16 6 0
16 7 2
17 1 0
17 2 6
17 3 0
17 4 5
17 5 2
17 6 0
17 7 3
18 1 0
18 2 7
18 3 0
18 4 6
18 5 2
18 6 0
18 7 4
19 1 0
19 2 4
19 3 0
19 4 4
19 5 2
19 6 0
19 7 3
20 1 0
20 2 6
20 3 0
20 4 6
20 5 2
20 6 0
20 7 3
21 1 0
21 2 1
21 3 0
21 4 1
21 5 1
21 6 0
21 7 1
22 1 0
22 2 3
22 3 0
22 4 3
22 5 2
22 6 0
22 7 2
23 1 0
23 2 10
23 3 0
23 4 9
23 5 3
23 6 0
23 7 6
24 1 0
24 2 6
24 3 0
24 4 5
24 5 2
24 6 0
24 7 4
25 1 0
25 2 5
25 3 0
25 4 4
25 5 2
25 6 0
25 7 3
26 1 0
26 2 1
26 3 0
26 4 1
26 5 1
26 6 0
26 7 1
27 1 0
27 2 4
27 3 0
27 4 4
27 5 1
27 6 0
27 7 2
28 1 0
28 2 3
28 3 0
28 4 3
28 5 1
28 6 0
28 7 2
29 1 0
29 2 7
29 3 0
29 4 6
29 5 2
29 6 0
29 7 4

# Precedence Relations
1 3
1 25
2 6
2 26
3 4
4 5
5 8
5 13
6 8
7 9
7 12
7 25
8 11
8 16
9 10
10 14
10 15
11 17
12 15
13 17
14 16
15 19
16 18
17 20
18 22
19 21
20 23
21 22
22 23
23 24
23 28
24 29
25 29
26 27
27 29
28 29

# Parameters
R_e = 0.0500
T = 60.0
C_s = 4.0
C_w = 36.0
C_c = 5.0
