# Tasks
1 2 3 4 5 6 7 8 9 10 11 12 13 14 15 16 17 18 19 20

# Workstations
1 2 3 4 5 6 7 8 9 10 11 12 13 14 15 16 17 18 19 20

# Modes
1 2 3 4 5 6 7

# Processing Times
1 1 570
1 2 561
1 3 587
1 4 578
1 5 339
1 6 632
1 7 622
2 1 504
2 2 496
2 3 519
2 4 511
2 5 300
2 6 559
2 7 550
3 1 232
3 2 229
3 3 239
3 4 236
3 5 138
3 6 258
3 7 254
4 1 336
4 2 331
4 3 346
4 4 341
4 5 200
4 6 373
4 7 367
5 1 724
5 2 712
5 3 746
5 4 733
5 5 431
5 6 803
5 7 790
6 1 463
6 2 456
6 3 477
6 4 470
6 5 276
6 6 514
6 7 506
7 1 537
7 2 529
7 3 553
7 4 545
7 5 319
7 6 596
7 7 587
8 1 553
8 2 544
8 3 570
8 4 560
8 5 329
8 6 613
8 7 603
9 1 669
9 2 658
9 3 689
9 4 678
9 5 398
9 6 742
9 7 730
10 1 350
10 2 345
10 3 361
10 4 356
10 5 208
10 6 388
10 7 383
11 1 463
11 2 456
11 3 477
11 4 470
11 5 276
11 6 514
11 7 506
12 1 365
12 2 359
12 3 376
12 4 370
12 5 217
12 6 405
12 7 398
13 1 422
13 2 415
13 3 435
13 4 428
13 5 251
13 6 468
13 7 460
14 1 544
14 2 535
14 3 560
14 4 551
14 5 324
14 6 603
14 7 593
15 1 483
15 2 475
15 3 498
15 4 489
15 5 287
15 6 536
15 7 527
16 1 380
16 2 374
16 3 392
16 4 385
16 5 226
16 6 422
16 7 415
17 1 535
17 2 527
17 3 551
17 4 543
17 5 318
17 6 593
17 7 585
18 1 628
18 2 618
18 3 647
18 4 637
18 5 374
18 6 697
18 7 685
19 1 437
19 2 430
19 3 450
19 4 443
19 5 260
19 6 485
19 7 477
20 1 283
20 2 279
20 3 292
20 4 288
20 5 169
20 6 314
20 7 310

# Energy Consumption
1 1 0
1 2 148
1 3 0
1 4 111
1 5 53
1 6 0
1 7 76
2 1 0
2 2 120
2 3 0
2 4 112
2 5 45
2 6 0
2 7 68
3 1 0
3 2 60
3 3 0
3 4 50
3 5 21
3 6 0
3 7 38
4 1 0
4 2 98
4 3 0
4 4 66
4 5 30
4 6 0
4 7 51
5 1 0
5 2 166
5 3 0
5 4 144
5 5 65
5 6 0
5 7 102
6 1 0
6 2 110
6 3 0
6 4 94
6 5 43
6 6 0
6 7 63
7 1 0
7 2 118
7 3 0
7 4 102
7 5 47
7 6 0
7 7 74
8 1 0
8 2 161
8 3 0
8 4 116
8 5 53
8 6 0
8 7 89
9 1 0
9 2 178
9 3 0
9 4 148
9 5 64
9 6 0
9 7 98
10 1 0
10 2 96
10 3 0
10 4 73
10 5 32
10 6 0
10 7 49
11 1 0
11 2 119
11 3 0
11 4 89
11 5 41
11 6 0
11 7 71
12 1 0
12 2 95
12 3 0
12 4 77
12 5 35
12 6 0
12 7 52
13 1 0
13 2 119
13 3 0
13 4 91
13 5 37
13 6 0
13 7 62
14 1 0
14 2 158
14 3 0
14 4 109
14 5 49
14 6 0
14 7 89
15 1 0
15 2 141
15 3 0
15 4 93
15 5 43
15 6 0
15 7 77
16 1 0
16 2 95
16 3 0
16 4 82
16 5 34
16 6 0
16 7 59
17 1 0
17 2 138
17 3 0
17 4 113
17 5 46
17 6 0
17 7 76
18 1 0
18 2 166
18 3 0
18 4 124
18 5 60
18 6 0
18 7 98
19 1 0
19 2 97
19 3 0
19 4 89
19 5 40
19 6 0
19 7 67
20 1 0
20 2 77
20 3 0
20 4 59
20 5 27
20 6 0
20 7 39

# Precedence Relations
1 10
2 10
3 10
4 6
4 8
4 12
5 7
5 9
5 10
5 11
6 10
7 18
8 11
9 12
9 17
9 18
10 13
10 14
10 15
10 16
11 17
11 18
13 20
14 17
15 17
16 18
17 19
17 20
18 19

# Parameters
R_e = 0.0500
T = 1000.0
C_s = 4.0
C_w = 36.0
C_c = 5.0
