# Tasks
1 2 3 4 5 6 7 8 9 10 11 12 13 14 15 16 17 18 19 20 21 22 23 24 25 26 27 28 29 30 31 32 33 34 35 36 37 38 39 40 41 42 43 44 45 46 47 48 49 50 51 52 53 54 55 56 57 58 59 60 61 62 63 64 65 66 67 68 69 70 71 72 73 74 75

# Workstations
1 2 3 4 5 6 7 8 9 10 11 12 13 14 15 16 17 18 19 20 21 22 23 24 25 26 27 28 29 30 31 32 33 34 35 36 37 38 39 40 41 42 43 44 45 46 47 48 49 50 51 52 53 54 55 56 57 58 59 60 61 62 63 64 65 66 67 68 69 70 71 72 73 74 75

# Modes
1 2 3 4 5 6 7

# Processing Times
1 1 23
1 2 55
1 3 22
1 4 52
1 5 14
1 6 30
1 7 70
2 1 24
2 2 57
2 3 23
2 4 54
2 5 15
2 6 31
2 7 72
3 1 25
3 2 60
3 3 24
3 4 57
3 5 15
3 6 32
3 7 76
4 1 26
4 2 62
4 3 25
4 4 59
4 5 16
4 6 33
4 7 79
5 1 23
5 2 55
5 3 22
5 4 52
5 5 14
5 6 30
5 7 70
6 1 22
6 2 52
6 3 21
6 4 50
6 5 14
6 6 28
6 7 66
7 1 6
7 2 15
7 3 6
7 4 15
7 5 4
7 6 8
7 7 19
8 1 22
8 2 52
8 3 21
8 4 50
8 5 14
8 6 28
8 7 66
9 1 23
9 2 55
9 3 22
9 4 52
9 5 14
9 6 30
9 7 70
10 1 21
10 2 50
10 3 20
10 4 48
10 5 13
10 6 27
10 7 64
11 1 22
11 2 52
11 3 21
11 4 50
11 5 14
11 6 28
11 7 66
12 1 15
12 2 36
12 3 15
12 4 34
12 5 9
12 6 19
12 7 46
13 1 5
13 2 12
13 3 5
13 4 12
13 5 3
13 6 7
13 7 16
14 1 23
14 2 55
14 3 22
14 4 52
14 5 14
14 6 30
14 7 70
15 1 4
15 2 10
15 3 4
15 4 10
15 5 3
15 6 6
15 7 13
16 1 26
16 2 62
16 3 25
16 4 59
16 5 16
16 6 33
16 7 79
17 1 21
17 2 50
17 3 20
17 4 48
17 5 13
17 6 27
17 7 64
18 1 5
18 2 12
18 3 5
18 4 12
18 5 3
18 6 7
18 7 16
19 1 24
19 2 57
19 3 23
19 4 54
19 5 15
19 6 31
19 7 72
20 1 25
20 2 60
20 3 24
20 4 57
20 5 15
20 6 32
20 7 76
21 1 26
21 2 62
21 3 25
21 4 59
21 5 16
21 6 33
21 7 79
22 1 26
22 2 62
22 3 25
22 4 59
22 5 16
22 6 33
22 7 79
23 1 24
23 2 57
23 3 23
23 4 54
23 5 15
23 6 31
23 7 72
24 1 27
24 2 64
24 3 26
24 4 61
24 5 17
24 6 35
24 7 81
25 1 20
25 2 48
25 3 19
25 4 46
25 5 12
25 6 26
25 7 61
26 1 23
26 2 55
26 3 22
26 4 52
26 5 14
26 6 30
26 7 70
27 1 25
27 2 60
27 3 24
27 4 57
27 5 15
27 6 32
27 7 76
28 1 13
28 2 31
28 3 13
28 4 30
28 5 8
28 6 17
28 7 40
29 1 3
29 2 8
29 3 3
29 4 8
29 5 2
29 6 4
29 7 11
30 1 11
30 2 26
30 3 11
30 4 25
30 5 7
30 6 14
30 7 33
31 1 21
31 2 50
31 3 20
31 4 48
31 5 13
31 6 27
31 7 64
32 1 22
32 2 52
32 3 21
32 4 50
32 5 14
32 6 28
32 7 66
33 1 21
33 2 50
33 3 20
33 4 48
33 5 13
33 6 27
33 7 64
34 1 22
34 2 52
34 3 21
34 4 50
34 5 14
34 6 28
34 7 66
35 1 25
35 2 60
35 3 24
35 4 57
35 5 15
35 6 32
35 7 76
36 1 8
36 2 19
36 3 8
36 4 18
36 5 5
36 6 11
36 7 24
37 1 22
37 2 52
37 3 21
37 4 50
37 5 14
37 6 28
37 7 66
38 1 24
38 2 57
38 3 23
38 4 54
38 5 15
38 6 31
38 7 72
39 1 22
39 2 52
39 3 21
39 4 50
39 5 14
39 6 28
39 7 66
40 1 21
40 2 50
40 3 20
40 4 48
40 5 13
40 6 27
40 7 64
41 1 6
41 2 15
41 3 6
41 4 15
41 5 4
41 6 8
41 7 19
42 1 26
42 2 62
42 3 25
42 4 59
42 5 16
42 6 33
42 7 79
43 1 22
43 2 52
43 3 21
43 4 50
43 5 14
43 6 28
43 7 66
44 1 6
44 2 15
44 3 6
44 4 15
44 5 4
44 6 8
44 7 19
45 1 21
45 2 50
45 3 20
45 4 48
45 5 13
45 6 27
45 7 64
46 1 25
46 2 60
46 3 24
46 4 57
46 5 15
46 6 32
46 7 76
47 1 11
47 2 26
47 3 11
47 4 25
47 5 7
47 6 14
47 7 33
48 1 22
48 2 52
48 3 21
48 4 50
48 5 14
48 6 28
48 7 66
49 1 21
49 2 50
49 3 20
49 4 48
49 5 13
49 6 27
49 7 64
50 1 25
50 2 60
50 3 24
50 4 57
50 5 15
50 6 32
50 7 76
51 1 22
51 2 52
51 3 21
51 4 50
51 5 14
51 6 28
51 7 66
52 1 22
52 2 52
52 3 21
52 4 50
52 5 14
52 6 28
52 7 66
53 1 23
53 2 55
53 3 22
53 4 52
53 5 14
53 6 30
53 7 70
54 1 22
54 2 52
54 3 21
54 4 50
54 5 14
54 6 28
54 7 66
55 1 22
55 2 52
55 3 21
55 4 50
55 5 14
55 6 28
55 7 66
56 1 25
56 2 60
56 3 24
56 4 57
56 5 15
56 6 32
56 7 76
57 1 23
57 2 55
57 3 22
57 4 52
57 5 14
57 6 30
57 7 70
58 1 21
58 2 50
58 3 20
58 4 48
58 5 13
58 6 27
58 7 64
59 1 22
59 2 52
59 3 21
59 4 50
59 5 14
59 6 28
59 7 66
60 1 22
60 2 52
60 3 21
60 4 50
60 5 14
60 6 28
60 7 66
61 1 22
61 2 52
61 3 21
61 4 50
61 5 14
61 6 28
61 7 66
62 1 22
62 2 52
62 3 21
62 4 50
62 5 14
62 6 28
62 7 66
63 1 21
63 2 50
63 3 20
63 4 48
63 5 13
63 6 27
63 7 64
64 1 27
64 2 64
64 3 26
64 4 61
64 5 17
64 6 35
64 7 81
65 1 23
65 2 55
65 3 22
65 4 52
65 5 14
65 6 30
65 7 70
66 1 2
66 2 5
66 3 2
66 4 5
66 5 2
66 6 3
66 7 7
67 1 26
67 2 62
67 3 25
67 4 59
67 5 16
67 6 33
67 7 79
68 1 25
68 2 60
68 3 24
68 4 57
68 5 15
68 6 32
68 7 76
69 1 24
69 2 57
69 3 23
69 4 54
69 5 15
69 6 31
69 7 72
70 1 22
70 2 52
70 3 21
70 4 50
70 5 14
70 6 28
70 7 66
71 1 24
71 2 57
71 3 23
71 4 54
71 5 15
71 6 31
71 7 72
72 1 4
72 2 10
72 3 4
72 4 10
72 5 3
72 6 6
72 7 13
73 1 22
73 2 52
73 3 21
73 4 50
73 5 14
73 6 28
73 7 66
74 1 10
74 2 24
74 3 10
74 4 23
74 5 6
74 6 13
74 7 31
75 1 25
75 2 60
75 3 24
75 4 57
75 5 15
75 6 32
75 7 76

# Energy Consumption
1 1 0
1 2 16
1 3 0
1 4 11
1 5 3
1 6 0
1 7 9
2 1 0
2 2 14
2 3 0
2 4 11
2 5 3
2 6 0
2 7 11
3 1 0
3 2 16
3 3 0
3 4 12
3 5 3
3 6 0
3 7 11
4 1 0
4 2 16
4 3 0
4 4 13
4 5 3
4 6 0
4 7 11
5 1 0
5 2 14
5 3 0
5 4 11
5 5 3
5 6 0
5 7 9
6 1 0
6 2 13
6 3 0
6 4 11
6 5 3
6 6 0
6 7 9
7 1 0
7 2 4
7 3 0
7 4 4
7 5 1
7 6 0
7 7 3
8 1 0
8 2 14
8 3 0
8 4 11
8 5 2
8 6 0
8 7 10
9 1 0
9 2 13
9 3 0
9 4 10
9 5 3
9 6 0
9 7 9
10 1 0
10 2 13
10 3 0
10 4 11
10 5 2
10 6 0
10 7 8
11 1 0
11 2 13
11 3 0
11 4 10
11 5 2
11 6 0
11 7 9
12 1 0
12 2 9
12 3 0
12 4 7
12 5 2
12 6 0
12 7 6
13 1 0
13 2 4
13 3 0
13 4 3
13 5 1
13 6 0
13 7 3
14 1 0
14 2 16
14 3 0
14 4 10
14 5 3
14 6 0
14 7 11
15 1 0
15 2 3
15 3 0
15 4 2
15 5 1
15 6 0
15 7 2
16 1 0
16 2 15
16 3 0
16 4 13
16 5 3
16 6 0
16 7 10
17 1 0
17 2 14
17 3 0
17 4 10
17 5 2
17 6 0
17 7 8
18 1 0
18 2 4
18 3 0
18 4 3
18 5 1
18 6 0
18 7 3
19 1 0
19 2 15
19 3 0
19 4 10
19 5 3
19 6 0
19 7 11
20 1 0
20 2 16
20 3 0
20 4 11
20 5 3
20 6 0
20 7 11
21 1 0
21 2 16
21 3 0
21 4 13
21 5 3
21 6 0
21 7 11
22 1 0
22 2 19
22 3 0
22 4 12
22 5 3
22 6 0
22 7 11
23 1 0
23 2 16
23 3 0
23 4 12
23 5 3
23 6 0
23 7 10
24 1 0
24 2 16
24 3 0
24 4 12
24 5 3
24 6 0
24 7 12
25 1 0
25 2 14
25 3 0
25 4 9
25 5 2
25 6 0
25 7 9
26 1 0
26 2 15
26 3 0
26 4 10
26 5 3
26 6 0
26 7 11
27 1 0
27 2 15
27 3 0
27 4 11
27 5 3
27 6 0
27 7 11
28 1 0
28 2 8
28 3 0
28 4 6
28 5 2
28 6 0
28 7 6
29 1 0
29 2 3
29 3 0
29 4 2
29 5 1
29 6 0
29 7 2
30 1 0
30 2 6
30 3 0
30 4 5
30 5 1
30 6 0
30 7 5
31 1 0
31 2 15
31 3 0
31 4 10
31 5 3
31 6 0
31 7 10
32 1 0
32 2 14
32 3 0
32 4 10
32 5 3
32 6 0
32 7 9
33 1 0
33 2 14
33 3 0
33 4 11
33 5 2
33 6 0
33 7 9
34 1 0
34 2 15
34 3 0
34 4 11
34 5 3
34 6 0
34 7 10
35 1 0
35 2 18
35 3 0
35 4 11
35 5 3
35 6 0
35 7 11
36 1 0
36 2 6
36 3 0
36 4 4
36 5 1
36 6 0
36 7 3
37 1 0
37 2 13
37 3 0
37 4 10
37 5 3
37 6 0
37 7 10
38 1 0
38 2 17
38 3 0
38 4 12
38 5 3
38 6 0
38 7 11
39 1 0
39 2 16
39 3 0
39 4 11
39 5 3
39 6 0
39 7 9
40 1 0
40 2 13
40 3 0
40 4 10
40 5 3
40 6 0
40 7 10
41 1 0
41 2 5
41 3 0
41 4 4
41 5 1
41 6 0
41 7 3
42 1 0
42 2 18
42 3 0
42 4 12
42 5 3
42 6 0
42 7 12
43 1 0
43 2 15
43 3 0
43 4 11
43 5 3
43 6 0
43 7 10
44 1 0
44 2 5
44 3 0
44 4 3
44 5 1
44 6 0
44 7 3
45 1 0
45 2 12
45 3 0
45 4 10
45 5 2
45 6 0
45 7 10
46 1 0
46 2 17
46 3 0
46 4 12
46 5 3
46 6 0
46 7 11
47 1 0
47 2 7
47 3 0
47 4 6
47 5 2
47 6 0
47 7 5
48 1 0
48 2 14
48 3 0
48 4 11
48 5 3
48 6 0
48 7 10
49 1 0
49 2 15
49 3 0
49 4 10
49 5 2
49 6 0
49 7 9
50 1 0
50 2 18
50 3 0
50 4 11
50 5 3
50 6 0
50 7 10
51 1 0
51 2 15
51 3 0
51 4 11
51 5 3
51 6 0
51 7 9
52 1 0
52 2 13
52 3 0
52 4 10
52 5 3
52 6 0
52 7 9
53 1 0
53 2 14
53 3 0
53 4 11
53 5 3
53 6 0
53 7 11
54 1 0
54 2 13
54 3 0
54 4 11
54 5 3
54 6 0
54 7 10
55 1 0
55 2 13
55 3 0
55 4 10
55 5 2
55 6 0
55 7 10
56 1 0
56 2 15
56 3 0
56 4 12
56 5 3
56 6 0
56 7 10
57 1 0
57 2 14
57 3 0
57 4 12
57 5 3
57 6 0
57 7 10
58 1 0
58 2 12
58 3 0
58 4 10
58 5 2
58 6 0
58 7 9
59 1 0
59 2 14
59 3 0
59 4 10
59 5 3
59 6 0
59 7 9
60 1 0
60 2 15
60 3 0
60 4 10
60 5 3
60 6 0
60 7 8
61 1 0
61 2 14
61 3 0
61 4 10
61 5 3
61 6 0
61 7 9
62 1 0
62 2 12
62 3 0
62 4 11
62 5 3
62 6 0
62 7 9
63 1 0
63 2 14
63 3 0
63 4 11
63 5 3
63 6 0
63 7 9
64 1 0
64 2 18
64 3 0
64 4 12
64 5 3
64 6 0
64 7 12
65 1 0
65 2 13
65 3 0
65 4 11
65 5 3
65 6 0
65 7 11
66 1 0
66 2 2
66 3 0
66 4 1
66 5 1
66 6 0
66 7 1
67 1 0
67 2 16
67 3 0
67 4 13
67 5 3
67 6 0
67 7 12
68 1 0
68 2 18
68 3 0
68 4 12
68 5 3
68 6 0
68 7 11
69 1 0
69 2 14
69 3 0
69 4 11
69 5 3
69 6 0
69 7 11
70 1 0
70 2 15
70 3 0
70 4 10
70 5 3
70 6 0
70 7 8
71 1 0
71 2 16
71 3 0
71 4 10
71 5 3
71 6 0
71 7 9
72 1 0
72 2 3
72 3 0
72 4 2
72 5 1
72 6 0
72 7 2
73 1 0
73 2 13
73 3 0
73 4 11
73 5 3
73 6 0
73 7 9
74 1 0
74 2 7
74 3 0
74 4 5
74 5 1
74 6 0
74 7 5
75 1 0
75 2 14
75 3 0
75 4 13
75 5 3
75 6 0
75 7 11

# Precedence Relations
1 2
1 3
1 4
1 5
1 6
1 7
2 15
3 13
3 24
4 8
4 14
4 16
5 12
5 15
6 9
6 10
6 11
6 13
9 20
9 24
10 18
12 19
13 22
15 17
15 20
15 23
16 21
16 26
17 30
18 26
18 30
20 27
21 33
24 25
25 28
25 30
25 33
25 34
26 31
26 32
26 41
27 29
27 35
27 36
31 37
31 39
32 44
32 45
33 41
35 38
35 42
36 40
36 43
39 51
40 46
42 47
43 48
43 50
46 51
46 48
47 49
47 50
47 52
47 53
49 59
49 61
49 62
50 54
50 55
50 60
50 62
52 56
52 57
53 58
55 63
58 65
59 64
59 66
62 67
66 68
68 69
68 70
68 71
68 72
68 73
68 74
68 75

# Parameters
R_e = 0.0500
T = 600.0
C_s = 4.0
C_w = 36.0
C_c = 5.0
