# Tasks
1 2 3 4 5 6 7 8 9 10 11 12 13 14 15 16 17 18 19 20 21 22 23 24 25 26 27 28 29 30 31 32 33 34 35 36 37 38 39 40 41 42 43 44 45 46 47 48 49 50 51 52 53 54 55 56 57 58 59 60 61 62 63 64 65 66 67 68 69 70 71 72 73 74 75 76 77 78 79 80 81 82 83

# Workstations
1 2 3 4 5 6 7 8 9 10 11 12 13 14 15 16 17 18 19 20 21 22 23 24 25 26 27 28 29 30 31 32 33 34 35 36 37 38 39 40 41 42 43 44 45 46 47 48 49 50 51 52 53 54 55 56 57 58 59 60 61 62 63 64 65 66 67 68 69 70 71 72 73 74 75 76 77 78 79 80 81 82 83

# Modes
1 2 3 4 5 6 7

# Processing Times
1 1 1673
1 2 1758
1 3 1449
1 4 1523
1 5 739
1 6 1688
1 7 1774
2 1 985
2 2 1067
2 3 858
2 4 929
2 5 406
2 6 1000
2 7 1083
3 1 1836
3 2 1907
3 3 1582
3 4 1643
3 5 805
3 6 1945
3 7 2020
4 1 973
4 2 968
4 3 845
4 4 840
4 5 351
4 6 990
4 7 985
5 1 1700
5 2 1845
5 3 1555
5 4 1687
5 5 737
5 6 1837
5 7 1993
6 1 2881
6 2 2555
6 3 2469
6 4 2190
6 5 1234
6 6 3124
6 7 2770
7 1 2231
7 2 1987
7 3 2031
7 4 1809
7 5 937
7 6 2380
7 7 2120
8 1 1040
8 2 1036
8 3 974
8 4 970
8 5 421
8 6 1117
8 7 1113
9 1 1793
9 2 1801
9 3 1631
9 4 1638
9 5 669
9 6 1963
9 7 1972
10 1 1250
10 2 1074
10 3 1154
10 4 991
10 5 437
10 6 1370
10 7 1177
11 1 700
11 2 645
11 3 612
11 4 564
11 5 301
11 6 732
11 7 674
12 1 464
12 2 497
12 3 402
12 4 430
12 5 174
12 6 509
12 7 545
13 1 500
13 2 490
13 3 431
13 4 423
13 5 158
13 6 535
13 7 524
14 1 1133
14 2 1092
14 3 1006
14 4 970
14 5 378
14 6 1183
14 7 1141
15 1 577
15 2 555
15 3 540
15 4 519
15 5 253
15 6 585
15 7 563
16 1 483
16 2 433
16 3 427
16 4 383
16 5 182
16 6 526
16 7 471
17 1 880
17 2 807
17 3 809
17 4 742
17 5 366
17 6 949
17 7 871
18 1 667
18 2 716
18 3 587
18 4 630
18 5 201
18 6 712
18 7 764
19 1 600
19 2 641
19 3 525
19 4 561
19 5 236
19 6 649
19 7 694
20 1 233
20 2 236
20 3 207
20 4 210
20 5 78
20 6 252
20 7 255
21 1 408
21 2 396
21 3 383
21 4 372
21 5 173
21 6 419
21 7 407
22 1 847
22 2 848
22 3 752
22 4 753
22 5 259
22 6 854
22 7 855
23 1 767
23 2 682
23 3 671
23 4 596
23 5 244
23 6 770
23 7 685
24 1 850
24 2 725
24 3 743
24 4 634
24 5 319
24 6 873
24 7 745
25 1 780
25 2 796
25 3 737
25 4 752
25 5 304
25 6 843
25 7 861
26 1 912
26 2 929
26 3 789
26 4 803
26 5 341
26 6 948
26 7 966
27 1 748
27 2 641
27 3 669
27 4 573
27 5 295
27 6 781
27 7 669
28 1 1863
28 2 1893
28 3 1744
28 4 1772
28 5 726
28 6 2014
28 7 2046
29 1 714
29 2 705
29 3 674
29 4 666
29 5 320
29 6 733
29 7 724
30 1 1004
30 2 943
30 3 894
30 4 840
30 5 376
30 6 1053
30 7 989
31 1 713
31 2 678
31 3 636
31 4 605
31 5 288
31 6 754
31 7 717
32 1 642
32 2 642
32 3 572
32 4 572
32 5 241
32 6 651
32 7 651
33 1 629
33 2 644
33 3 553
33 4 567
33 5 245
33 6 652
33 7 667
34 1 1234
34 2 1323
34 3 1090
34 4 1168
34 5 488
34 6 1296
34 7 1390
35 1 1143
35 2 1154
35 3 1079
35 4 1089
35 5 439
35 6 1157
35 7 1168
36 1 1266
36 2 1300
36 3 1113
36 4 1143
36 5 403
36 6 1358
36 7 1395
37 1 792
37 2 770
37 3 681
37 4 662
37 5 261
37 6 793
37 7 771
38 1 1251
38 2 1142
38 3 1154
38 4 1053
38 5 441
38 6 1253
38 7 1144
39 1 1310
39 2 1209
39 3 1140
39 4 1052
39 5 406
39 6 1336
39 7 1233
40 1 663
40 2 714
40 3 614
40 4 662
40 5 252
40 6 670
40 7 721
41 1 494
41 2 440
41 3 421
41 4 375
41 5 195
41 6 540
41 7 481
42 1 1288
42 2 1338
42 3 1214
42 4 1261
42 5 449
42 6 1349
42 7 1401
43 1 792
43 2 711
43 3 689
43 4 619
43 5 282
43 6 852
43 7 765
44 1 578
44 2 549
44 3 546
44 4 519
44 5 223
44 6 593
44 7 563
45 1 594
45 2 632
45 3 557
45 4 593
45 5 235
45 6 598
45 7 636
46 1 578
46 2 574
46 3 510
46 4 507
46 5 213
46 6 636
46 7 631
47 1 622
47 2 667
47 3 565
47 4 606
47 5 253
47 6 627
47 7 672
48 1 578
48 2 597
48 3 501
48 4 517
48 5 234
48 6 627
48 7 648
49 1 564
49 2 596
49 3 513
49 4 542
49 5 179
49 6 576
49 7 609
50 1 578
50 2 606
50 3 507
50 4 531
50 5 223
50 6 611
50 7 641
51 1 578
51 2 602
51 3 515
51 4 536
51 5 192
51 6 600
51 7 625
52 1 578
52 2 624
52 3 532
52 4 575
52 5 241
52 6 625
52 7 675
53 1 578
53 2 551
53 3 547
53 4 521
53 5 190
53 6 626
53 7 597
54 1 578
54 2 554
54 3 492
54 4 472
54 5 204
54 6 587
54 7 563
55 1 578
55 2 527
55 3 513
55 4 468
55 5 188
55 6 631
55 7 575
56 1 578
56 2 515
56 3 516
56 4 460
56 5 236
56 6 635
56 7 566
57 1 578
57 2 516
57 3 517
57 4 462
57 5 249
57 6 625
57 7 558
58 1 578
58 2 498
58 3 506
58 4 436
58 5 246
58 6 600
58 7 517
59 1 578
59 2 512
59 3 533
59 4 473
59 5 229
59 6 590
59 7 523
60 1 578
60 2 499
60 3 519
60 4 448
60 5 233
60 6 627
60 7 542
61 1 578
61 2 503
61 3 509
61 4 443
61 5 211
61 6 613
61 7 533
62 1 578
62 2 619
62 3 548
62 4 587
62 5 255
62 6 589
62 7 630
63 1 578
63 2 521
63 3 533
63 4 480
63 5 226
63 6 634
63 7 572
64 1 578
64 2 559
64 3 549
64 4 531
64 5 241
64 6 595
64 7 576
65 1 578
65 2 587
65 3 518
65 4 526
65 5 223
65 6 624
65 7 634
66 1 578
66 2 539
66 3 526
66 4 491
66 5 218
66 6 606
66 7 565
67 1 578
67 2 593
67 3 544
67 4 558
67 5 196
67 6 603
67 7 619
68 1 578
68 2 575
68 3 512
68 4 510
68 5 245
68 6 600
68 7 597
69 1 467
69 2 441
69 3 429
69 4 405
69 5 160
69 6 496
69 7 468
70 1 887
70 2 799
70 3 771
70 4 694
70 5 268
70 6 889
70 7 801
71 1 396
71 2 371
71 3 360
71 4 337
71 5 162
71 6 420
71 7 393
72 1 1296
72 2 1257
72 3 1106
72 4 1073
72 5 488
72 6 1328
72 7 1288
73 1 1100
73 2 940
73 3 998
73 4 853
73 5 367
73 6 1112
73 7 950
74 1 2543
74 2 2478
74 3 2346
74 4 2286
74 5 997
74 6 2750
74 7 2680
75 1 764
75 2 695
75 3 680
75 4 618
75 5 331
75 6 793
75 7 721
76 1 357
76 2 318
76 3 323
76 4 287
76 5 114
76 6 375
76 7 334
77 1 701
77 2 675
77 3 628
77 4 605
77 5 288
77 6 702
77 7 676
78 1 1164
78 2 1224
78 3 1058
78 4 1112
78 5 422
78 6 1218
78 7 1281
79 1 286
79 2 278
79 3 244
79 4 237
79 5 124
79 6 293
79 7 285
80 1 2100
80 2 1935
80 3 1897
80 4 1748
80 5 649
80 6 2253
80 7 2076
81 1 450
81 2 492
81 3 425
81 4 465
81 5 155
81 6 482
81 7 526
82 1 1300
82 2 1143
82 3 1212
82 4 1066
82 5 402
82 6 1378
82 7 1211
83 1 3691
83 2 3197
83 3 3314
83 4 2870
83 5 1463
83 6 3976
83 7 3444

# Energy Consumption
1 1 0
1 2 438
1 3 0
1 4 297
1 5 112
1 6 0
1 7 253
2 1 0
2 2 251
2 3 0
2 4 189
2 5 62
2 6 0
2 7 150
3 1 0
3 2 460
3 3 0
3 4 297
3 5 117
3 6 0
3 7 297
4 1 0
4 2 283
4 3 0
4 4 154
4 5 52
4 6 0
4 7 144
5 1 0
5 2 551
5 3 0
5 4 342
5 5 108
5 6 0
5 7 276
6 1 0
6 2 739
6 3 0
6 4 409
6 5 178
6 6 0
6 7 376
7 1 0
7 2 454
7 3 0
7 4 383
7 5 140
7 6 0
7 7 307
8 1 0
8 2 304
8 3 0
8 4 201
8 5 62
8 6 0
8 7 151
9 1 0
9 2 444
9 3 0
9 4 340
9 5 104
9 6 0
9 7 288
10 1 0
10 2 271
10 3 0
10 4 210
10 5 64
10 6 0
10 7 157
11 1 0
11 2 153
11 3 0
11 4 120
11 5 47
11 6 0
11 7 96
12 1 0
12 2 123
12 3 0
12 4 91
12 5 27
12 6 0
12 7 79
13 1 0
13 2 119
13 3 0
13 4 83
13 5 26
13 6 0
13 7 68
14 1 0
14 2 265
14 3 0
14 4 180
14 5 58
14 6 0
14 7 139
15 1 0
15 2 165
15 3 0
15 4 114
15 5 41
15 6 0
15 7 71
16 1 0
16 2 98
16 3 0
16 4 73
16 5 26
16 6 0
16 7 62
17 1 0
17 2 226
17 3 0
17 4 154
17 5 52
17 6 0
17 7 130
18 1 0
18 2 163
18 3 0
18 4 133
18 5 30
18 6 0
18 7 105
19 1 0
19 2 142
19 3 0
19 4 121
19 5 38
19 6 0
19 7 100
20 1 0
20 2 62
20 3 0
20 4 41
20 5 12
20 6 0
20 7 38
21 1 0
21 2 95
21 3 0
21 4 68
21 5 28
21 6 0
21 7 50
22 1 0
22 2 196
22 3 0
22 4 165
22 5 40
22 6 0
22 7 119
23 1 0
23 2 198
23 3 0
23 4 123
23 5 37
23 6 0
23 7 102
24 1 0
24 2 189
24 3 0
24 4 127
24 5 47
24 6 0
24 7 101
25 1 0
25 2 194
25 3 0
25 4 143
25 5 47
25 6 0
25 7 117
26 1 0
26 2 234
26 3 0
26 4 164
26 5 48
26 6 0
26 7 125
27 1 0
27 2 184
27 3 0
27 4 126
27 5 45
27 6 0
27 7 93
28 1 0
28 2 541
28 3 0
28 4 385
28 5 111
28 6 0
28 7 249
29 1 0
29 2 174
29 3 0
29 4 143
29 5 47
29 6 0
29 7 99
30 1 0
30 2 251
30 3 0
30 4 176
30 5 60
30 6 0
30 7 137
31 1 0
31 2 175
31 3 0
31 4 110
31 5 42
31 6 0
31 7 104
32 1 0
32 2 176
32 3 0
32 4 123
32 5 39
32 6 0
32 7 79
33 1 0
33 2 152
33 3 0
33 4 122
33 5 39
33 6 0
33 7 85
34 1 0
34 2 367
34 3 0
34 4 232
34 5 74
34 6 0
34 7 184
35 1 0
35 2 320
35 3 0
35 4 219
35 5 69
35 6 0
35 7 156
36 1 0
36 2 308
36 3 0
36 4 241
36 5 59
36 6 0
36 7 190
37 1 0
37 2 221
37 3 0
37 4 142
37 5 37
37 6 0
37 7 115
38 1 0
38 2 263
38 3 0
38 4 216
38 5 66
38 6 0
38 7 153
39 1 0
39 2 330
39 3 0
39 4 195
39 5 58
39 6 0
39 7 171
40 1 0
40 2 178
40 3 0
40 4 145
40 5 36
40 6 0
40 7 88
41 1 0
41 2 102
41 3 0
41 4 76
41 5 29
41 6 0
41 7 69
42 1 0
42 2 334
42 3 0
42 4 267
42 5 72
42 6 0
42 7 183
43 1 0
43 2 180
43 3 0
43 4 128
43 5 42
43 6 0
43 7 95
44 1 0
44 2 153
44 3 0
44 4 102
44 5 35
44 6 0
44 7 78
45 1 0
45 2 190
45 3 0
45 4 119
45 5 34
45 6 0
45 7 85
46 1 0
46 2 152
46 3 0
46 4 98
46 5 33
46 6 0
46 7 87
47 1 0
47 2 182
47 3 0
47 4 112
47 5 41
47 6 0
47 7 90
48 1 0
48 2 134
48 3 0
48 4 95
48 5 37
48 6 0
48 7 82
49 1 0
49 2 171
49 3 0
49 4 116
49 5 28
49 6 0
49 7 85
50 1 0
50 2 163
50 3 0
50 4 102
50 5 32
50 6 0
50 7 91
51 1 0
51 2 134
51 3 0
51 4 97
51 5 30
51 6 0
51 7 93
52 1 0
52 2 149
52 3 0
52 4 104
52 5 38
52 6 0
52 7 92
53 1 0
53 2 136
53 3 0
53 4 99
53 5 30
53 6 0
53 7 87
54 1 0
54 2 166
54 3 0
54 4 91
54 5 33
54 6 0
54 7 75
55 1 0
55 2 117
55 3 0
55 4 88
55 5 28
55 6 0
55 7 71
56 1 0
56 2 135
56 3 0
56 4 85
56 5 34
56 6 0
56 7 79
57 1 0
57 2 117
57 3 0
57 4 98
57 5 35
57 6 0
57 7 68
58 1 0
58 2 129
58 3 0
58 4 94
58 5 36
58 6 0
58 7 64
59 1 0
59 2 124
59 3 0
59 4 89
59 5 36
59 6 0
59 7 65
60 1 0
60 2 135
60 3 0
60 4 82
60 5 37
60 6 0
60 7 72
61 1 0
61 2 118
61 3 0
61 4 89
61 5 32
61 6 0
61 7 71
62 1 0
62 2 167
62 3 0
62 4 121
62 5 37
62 6 0
62 7 86
63 1 0
63 2 151
63 3 0
63 4 99
63 5 35
63 6 0
63 7 80
64 1 0
64 2 128
64 3 0
64 4 107
64 5 38
64 6 0
64 7 83
65 1 0
65 2 160
65 3 0
65 4 109
65 5 32
65 6 0
65 7 87
66 1 0
66 2 154
66 3 0
66 4 104
66 5 35
66 6 0
66 7 83
67 1 0
67 2 135
67 3 0
67 4 116
67 5 30
67 6 0
67 7 81
68 1 0
68 2 139
68 3 0
68 4 112
68 5 37
68 6 0
68 7 84
69 1 0
69 2 102
69 3 0
69 4 80
69 5 24
69 6 0
69 7 64
70 1 0
70 2 189
70 3 0
70 4 151
70 5 41
70 6 0
70 7 116
71 1 0
71 2 111
71 3 0
71 4 72
71 5 24
71 6 0
71 7 57
72 1 0
72 2 329
72 3 0
72 4 198
72 5 69
72 6 0
72 7 167
73 1 0
73 2 216
73 3 0
73 4 177
73 5 53
73 6 0
73 7 139
74 1 0
74 2 685
74 3 0
74 4 445
74 5 157
74 6 0
74 7 344
75 1 0
75 2 157
75 3 0
75 4 121
75 5 50
75 6 0
75 7 95
76 1 0
76 2 81
76 3 0
76 4 58
76 5 17
76 6 0
76 7 46
77 1 0
77 2 156
77 3 0
77 4 115
77 5 42
77 6 0
77 7 84
78 1 0
78 2 300
78 3 0
78 4 236
78 5 63
78 6 0
78 7 188
79 1 0
79 2 72
79 3 0
79 4 49
79 5 18
79 6 0
79 7 42
80 1 0
80 2 534
80 3 0
80 4 328
80 5 101
80 6 0
80 7 289
81 1 0
81 2 116
81 3 0
81 4 87
81 5 24
81 6 0
81 7 64
82 1 0
82 2 279
82 3 0
82 4 231
82 5 62
82 6 0
82 7 163
83 1 0
83 2 781
83 3 0
83 4 608
83 5 229
83 6 0
83 7 461

# Precedence Relations
1 2
2 3
2 4
2 5
3 6
4 6
4 7
5 8
6 9
6 10
7 11
8 77
8 78
9 12
10 13
10 14
10 25
11 15
12 16
13 17
13 18
13 20
14 19
15 20
15 39
16 77
16 78
17 21
17 22
17 28
18 23
19 24
20 26
21 27
22 27
23 74
24 28
24 29
25 32
26 74
27 69
28 32
29 30
30 31
31 39
32 33
32 34
32 35
32 36
33 37
34 77
34 78
35 77
35 78
36 38
36 39
37 40
38 41
39 42
39 43
39 44
39 75
40 77
40 78
41 45
42 77
42 78
43 77
43 78
44 46
45 47
46 48
47 49
48 50
49 69
50 51
51 52
52 53
53 54
54 55
55 56
56 57
57 58
58 59
59 60
60 61
61 62
62 63
63 64
64 65
65 66
66 67
67 68
68 74
68 75
69 70
69 71
70 72
71 73
72 73
73 74
73 75
74 76
75 76
76 77
76 78
77 79
78 79
79 80
79 81
80 82
81 83
82 83

# Parameters
R_e = 0.0500
T = 6000.0
C_s = 4.0
C_w = 36.0
C_c = 5.0
