# Tasks
1 2 3 4 5 6 7 8 9 10 11 12 13 14 15 16 17 18 19 20 21 22 23 24 25 26 27 28 29 30 31 32 33 34 35 36 37 38 39 40 41 42 43 44 45 46 47 48 49 50 51 52 53 54 55 56 57 58 59 60 61 62 63 64 65 66 67 68 69 70 71 72 73 74 75 76 77 78 79 80 81 82 83 84 85 86 87 88 89 90 91 92 93 94 95 96 97 98 99 100

# Workstations
1 2 3 4 5 6 7 8 9 10 11 12 13 14 15 16 17 18 19 20 21 22 23 24 25 26 27 28 29 30 31 32 33 34 35 36 37 38 39 40 41 42 43 44 45 46 47 48 49 50 51 52 53 54 55 56 57 58 59 60 61 62 63 64 65 66 67 68 69 70 71 72 73 74 75 76 77 78 79 80 81 82 83 84 85 86 87 88 89 90 91 92 93 94 95 96 97 98 99 100

# Modes
1 2 3 4 5 6 7

# Processing Times
1 1 124
1 2 309
1 3 115
1 4 285
1 5 72
1 6 167
1 7 416
2 1 461
2 2 1112
2 3 394
2 4 950
2 5 262
2 6 588
2 7 1418
3 1 193
3 2 450
3 3 183
3 4 426
3 5 131
3 6 243
3 7 565
4 1 190
4 2 424
4 3 175
4 4 391
4 5 127
4 6 251
4 7 560
5 1 113
5 2 225
5 3 97
5 4 193
5 5 79
5 6 156
5 7 310
6 1 201
6 2 441
6 3 188
6 4 413
6 5 116
6 6 258
6 7 565
7 1 368
7 2 824
7 3 345
7 4 772
7 5 204
7 6 470
7 7 1051
8 1 160
8 2 306
8 3 150
8 4 287
8 5 101
8 6 218
8 7 417
9 1 430
9 2 798
9 3 399
9 4 739
9 5 300
9 6 540
9 7 1002
10 1 56
10 2 112
10 3 49
10 4 98
10 5 38
10 6 81
10 7 162
11 1 580
11 2 1224
11 3 520
11 4 1096
11 5 323
11 6 774
11 7 1634
12 1 367
12 2 678
12 3 321
12 4 593
12 5 241
12 6 466
12 7 861
13 1 263
13 2 531
13 3 245
13 4 494
13 5 180
13 6 338
13 7 681
14 1 37
14 2 77
14 3 34
14 4 70
14 5 26
14 6 51
14 7 105
15 1 47
15 2 117
15 3 41
15 4 101
15 5 31
15 6 64
15 7 159
16 1 263
16 2 501
16 3 241
16 4 458
16 5 167
16 6 372
16 7 708
17 1 492
17 2 889
17 3 444
17 4 801
17 5 333
17 6 622
17 7 1123
18 1 143
18 2 353
18 3 124
18 4 304
18 5 90
18 6 198
18 7 487
19 1 221
19 2 399
19 3 198
19 4 357
19 5 126
19 6 315
19 7 568
20 1 140
20 2 313
20 3 124
20 4 277
20 5 94
20 6 178
20 7 397
21 1 530
21 2 1189
21 3 454
21 4 1017
21 5 311
21 6 730
21 7 1637
22 1 129
22 2 308
22 3 116
22 4 276
22 5 85
22 6 173
22 7 413
23 1 66
23 2 145
23 3 59
23 4 129
23 5 45
23 6 96
23 7 210
24 1 85
24 2 212
24 3 81
24 4 202
24 5 52
24 6 112
24 7 278
25 1 206
25 2 371
25 3 187
25 4 337
25 5 122
25 6 292
25 7 525
26 1 171
26 2 375
26 3 156
26 4 341
26 5 98
26 6 218
26 7 478
27 1 109
27 2 246
27 3 104
27 4 233
27 5 72
27 6 154
27 7 347
28 1 481
28 2 1045
28 3 444
28 4 965
28 5 315
28 6 622
28 7 1352
29 1 34
29 2 74
29 3 32
29 4 70
29 5 22
29 6 47
29 7 103
30 1 527
30 2 1138
30 3 461
30 4 995
30 5 329
30 6 718
30 7 1549
31 1 179
31 2 359
31 3 156
31 4 312
31 5 111
31 6 256
31 7 514
32 1 83
32 2 172
32 3 77
32 4 159
32 5 58
32 6 120
32 7 247
33 1 91
33 2 193
33 3 83
33 4 176
33 5 61
33 6 125
33 7 264
34 1 318
34 2 777
34 3 291
34 4 710
34 5 182
34 6 461
34 7 1125
35 1 267
35 2 597
35 3 238
35 4 530
35 5 153
35 6 373
35 7 834
36 1 26
36 2 55
36 3 23
36 4 48
36 5 17
36 6 37
36 7 79
37 1 425
37 2 906
37 3 384
37 4 818
37 5 252
37 6 555
37 7 1182
38 1 214
38 2 529
38 3 194
38 4 479
38 5 130
38 6 275
38 7 679
39 1 72
39 2 165
39 3 67
39 4 153
39 5 48
39 6 101
39 7 231
40 1 441
40 2 981
40 3 419
40 4 930
40 5 255
40 6 616
40 7 1370
41 1 619
41 2 1153
41 3 574
41 4 1069
41 5 343
41 6 788
41 7 1467
42 1 196
42 2 358
42 3 179
42 4 327
42 5 108
42 6 273
42 7 498
43 1 256
43 2 561
43 3 236
43 4 516
43 5 147
43 6 331
43 7 725
44 1 219
44 2 526
44 3 190
44 4 455
44 5 142
44 6 276
44 7 663
45 1 487
45 2 1062
45 3 439
45 4 958
45 5 328
45 6 671
45 7 1463
46 1 216
46 2 477
46 3 195
46 4 430
46 5 128
46 6 287
46 7 633
47 1 160
47 2 346
47 3 145
47 4 313
47 5 91
47 6 222
47 7 480
48 1 165
48 2 413
48 3 153
48 4 383
48 5 92
48 6 230
48 7 574
49 1 79
49 2 195
49 3 69
49 4 170
49 5 50
49 6 104
49 7 255
50 1 145
50 2 317
50 3 129
50 4 282
50 5 88
50 6 191
50 7 417
51 1 124
51 2 302
51 3 108
51 4 264
51 5 84
51 6 179
51 7 436
52 1 96
52 2 237
52 3 87
52 4 215
52 5 57
52 6 127
52 7 312
53 1 238
53 2 512
53 3 224
53 4 481
53 5 159
53 6 307
53 7 659
54 1 356
54 2 646
54 3 312
54 4 566
54 5 206
54 6 513
54 7 931
55 1 422
55 2 897
55 3 400
55 4 849
55 5 260
55 6 561
55 7 1191
56 1 145
56 2 356
56 3 130
56 4 317
56 5 85
56 6 184
56 7 451
57 1 99
57 2 196
57 3 90
57 4 177
57 5 60
57 6 137
57 7 270
58 1 73
58 2 150
58 3 69
58 4 141
58 5 45
58 6 92
58 7 190
59 1 199
59 2 458
59 3 180
59 4 413
59 5 110
59 6 289
59 7 665
60 1 56
60 2 123
60 3 54
60 4 117
60 5 38
60 6 80
60 7 176
61 1 83
61 2 205
61 3 79
61 4 194
61 5 52
61 6 115
61 7 283
62 1 85
62 2 208
62 3 78
62 4 190
62 5 59
62 6 120
62 7 293
63 1 122
63 2 243
63 3 110
63 4 218
63 5 85
63 6 162
63 7 322
64 1 276
64 2 680
64 3 237
64 4 583
64 5 160
64 6 380
64 7 935
65 1 224
65 2 498
65 3 208
65 4 463
65 5 148
65 6 281
65 7 624
66 1 79
66 2 188
66 3 68
66 4 162
66 5 48
66 6 109
66 7 259
67 1 208
67 2 403
67 3 183
67 4 353
67 5 141
67 6 284
67 7 550
68 1 97
68 2 201
68 3 92
68 4 191
68 5 54
68 6 137
68 7 282
69 1 195
69 2 371
69 3 170
69 4 322
69 5 115
69 6 253
69 7 482
70 1 273
70 2 622
70 3 242
70 4 551
70 5 160
70 6 395
70 7 899
71 1 188
71 2 447
71 3 166
71 4 394
71 5 122
71 6 244
71 7 578
72 1 240
72 2 593
72 3 218
72 4 539
72 5 141
72 6 307
72 7 758
73 1 340
73 2 690
73 3 310
73 4 628
73 5 236
73 6 488
73 7 990
74 1 384
74 2 869
74 3 340
74 4 769
74 5 257
74 6 484
74 7 1095
75 1 564
75 2 1150
75 3 483
75 4 984
75 5 381
75 6 778
75 7 1587
76 1 139
76 2 253
76 3 131
76 4 238
76 5 94
76 6 189
76 7 344
77 1 90
77 2 225
77 3 82
77 4 205
77 5 57
77 6 120
77 7 300
78 1 123
78 2 250
78 3 108
78 4 220
78 5 81
78 6 172
78 7 348
79 1 183
79 2 411
79 3 170
79 4 380
79 5 123
79 6 251
79 7 563
80 1 530
80 2 1174
80 3 502
80 4 1112
80 5 365
80 6 716
80 7 1584
81 1 153
81 2 302
81 3 133
81 4 262
81 5 96
81 6 216
81 7 427
82 1 77
82 2 189
82 3 69
82 4 168
82 5 44
82 6 110
82 7 270
83 1 254
83 2 515
83 3 219
83 4 443
83 5 151
83 6 359
83 7 727
84 1 250
84 2 472
84 3 232
84 4 438
84 5 164
84 6 348
84 7 657
85 1 491
85 2 990
85 3 422
85 4 849
85 5 290
85 6 641
85 7 1293
86 1 103
86 2 245
86 3 89
86 4 210
86 5 57
86 6 141
86 7 336
87 1 104
87 2 255
87 3 93
87 4 228
87 5 71
87 6 132
87 7 322
88 1 125
88 2 291
88 3 119
88 4 276
88 5 71
88 6 173
88 7 403
89 1 124
89 2 233
89 3 115
89 4 217
89 5 79
89 6 176
89 7 330
90 1 51
90 2 126
90 3 48
90 4 118
90 5 33
90 6 65
90 7 161
91 1 91
91 2 181
91 3 87
91 4 172
91 5 52
91 6 115
91 7 228
92 1 256
92 2 612
92 3 230
92 4 550
92 5 144
92 6 365
92 7 872
93 1 604
93 2 1302
93 3 572
93 4 1233
93 5 421
93 6 790
93 7 1703
94 1 517
94 2 1024
94 3 460
94 4 911
94 5 354
94 6 702
94 7 1390
95 1 159
95 2 375
95 3 138
95 4 325
95 5 100
95 6 208
95 7 489
96 1 92
96 2 186
96 3 79
96 4 160
96 5 62
96 6 123
96 7 249
97 1 210
97 2 412
97 3 194
97 4 380
97 5 121
97 6 284
97 7 557
98 1 231
98 2 446
98 3 197
98 4 380
98 5 158
98 6 316
98 7 609
99 1 249
99 2 523
99 3 226
99 4 474
99 5 170
99 6 314
99 7 659
100 1 123
100 2 233
100 3 115
100 4 218
100 5 77
100 6 159
100 7 300

# Energy Consumption
1 1 0
1 2 88
1 3 0
1 4 55
1 5 12
1 6 0
1 7 51
2 1 0
2 2 260
2 3 0
2 4 180
2 5 39
2 6 0
2 7 206
3 1 0
3 2 113
3 3 0
3 4 86
3 5 19
3 6 0
3 7 78
4 1 0
4 2 105
4 3 0
4 4 80
4 5 20
4 6 0
4 7 71
5 1 0
5 2 55
5 3 0
5 4 41
5 5 12
5 6 0
5 7 40
6 1 0
6 2 108
6 3 0
6 4 91
6 5 18
6 6 0
6 7 74
7 1 0
7 2 208
7 3 0
7 4 159
7 5 32
7 6 0
7 7 146
8 1 0
8 2 80
8 3 0
8 4 61
8 5 15
8 6 0
8 7 61
9 1 0
9 2 178
9 3 0
9 4 143
9 5 46
9 6 0
9 7 122
10 1 0
10 2 29
10 3 0
10 4 21
10 5 6
10 6 0
10 7 20
11 1 0
11 2 294
11 3 0
11 4 208
11 5 46
11 6 0
11 7 203
12 1 0
12 2 169
12 3 0
12 4 115
12 5 36
12 6 0
12 7 104
13 1 0
13 2 156
13 3 0
13 4 93
13 5 28
13 6 0
13 7 96
14 1 0
14 2 23
14 3 0
14 4 14
14 5 5
14 6 0
14 7 16
15 1 0
15 2 27
15 3 0
15 4 20
15 5 5
15 6 0
15 7 21
16 1 0
16 2 120
16 3 0
16 4 99
16 5 24
16 6 0
16 7 86
17 1 0
17 2 234
17 3 0
17 4 155
17 5 49
17 6 0
17 7 136
18 1 0
18 2 91
18 3 0
18 4 57
18 5 14
18 6 0
18 7 69
19 1 0
19 2 105
19 3 0
19 4 65
19 5 21
19 6 0
19 7 80
20 1 0
20 2 81
20 3 0
20 4 52
20 5 14
20 6 0
20 7 57
21 1 0
21 2 307
21 3 0
21 4 222
21 5 46
21 6 0
21 7 227
22 1 0
22 2 90
22 3 0
22 4 55
22 5 13
22 6 0
22 7 53
23 1 0
23 2 41
23 3 0
23 4 29
23 5 7
23 6 0
23 7 27
24 1 0
24 2 51
24 3 0
24 4 39
24 5 8
24 6 0
24 7 41
25 1 0
25 2 103
25 3 0
25 4 63
25 5 18
25 6 0
25 7 76
26 1 0
26 2 99
26 3 0
26 4 64
26 5 15
26 6 0
26 7 69
27 1 0
27 2 58
27 3 0
27 4 43
27 5 12
27 6 0
27 7 48
28 1 0
28 2 255
28 3 0
28 4 192
28 5 47
28 6 0
28 7 202
29 1 0
29 2 21
29 3 0
29 4 14
29 5 4
29 6 0
29 7 13
30 1 0
30 2 257
30 3 0
30 4 189
30 5 47
30 6 0
30 7 200
31 1 0
31 2 105
31 3 0
31 4 63
31 5 18
31 6 0
31 7 74
32 1 0
32 2 45
32 3 0
32 4 31
32 5 9
32 6 0
32 7 33
33 1 0
33 2 51
33 3 0
33 4 38
33 5 10
33 6 0
33 7 36
34 1 0
34 2 213
34 3 0
34 4 153
34 5 28
34 6 0
34 7 158
35 1 0
35 2 176
35 3 0
35 4 97
35 5 25
35 6 0
35 7 110
36 1 0
36 2 16
36 3 0
36 4 9
36 5 3
36 6 0
36 7 10
37 1 0
37 2 216
37 3 0
37 4 157
37 5 37
37 6 0
37 7 175
38 1 0
38 2 157
38 3 0
38 4 104
38 5 20
38 6 0
38 7 98
39 1 0
39 2 50
39 3 0
39 4 32
39 5 8
39 6 0
39 7 31
40 1 0
40 2 246
40 3 0
40 4 192
40 5 40
40 6 0
40 7 200
41 1 0
41 2 324
41 3 0
41 4 227
41 5 53
41 6 0
41 7 200
42 1 0
42 2 100
42 3 0
42 4 66
42 5 17
42 6 0
42 7 70
43 1 0
43 2 156
43 3 0
43 4 109
43 5 24
43 6 0
43 7 106
44 1 0
44 2 146
44 3 0
44 4 91
44 5 22
44 6 0
44 7 90
45 1 0
45 2 241
45 3 0
45 4 184
45 5 48
45 6 0
45 7 211
46 1 0
46 2 130
46 3 0
46 4 89
46 5 19
46 6 0
46 7 91
47 1 0
47 2 81
47 3 0
47 4 64
47 5 15
47 6 0
47 7 71
48 1 0
48 2 106
48 3 0
48 4 84
48 5 14
48 6 0
48 7 84
49 1 0
49 2 57
49 3 0
49 4 33
49 5 8
49 6 0
49 7 36
50 1 0
50 2 95
50 3 0
50 4 53
50 5 14
50 6 0
50 7 55
51 1 0
51 2 87
51 3 0
51 4 58
51 5 13
51 6 0
51 7 56
52 1 0
52 2 57
52 3 0
52 4 41
52 5 9
52 6 0
52 7 39
53 1 0
53 2 125
53 3 0
53 4 98
53 5 25
53 6 0
53 7 99
54 1 0
54 2 151
54 3 0
54 4 121
54 5 32
54 6 0
54 7 131
55 1 0
55 2 213
55 3 0
55 4 160
55 5 37
55 6 0
55 7 179
56 1 0
56 2 88
56 3 0
56 4 66
56 5 14
56 6 0
56 7 55
57 1 0
57 2 48
57 3 0
57 4 38
57 5 9
57 6 0
57 7 38
58 1 0
58 2 36
58 3 0
58 4 27
58 5 7
58 6 0
58 7 25
59 1 0
59 2 121
59 3 0
59 4 76
59 5 18
59 6 0
59 7 88
60 1 0
60 2 35
60 3 0
60 4 22
60 5 6
60 6 0
60 7 22
61 1 0
61 2 53
61 3 0
61 4 38
61 5 8
61 6 0
61 7 37
62 1 0
62 2 48
62 3 0
62 4 39
62 5 9
62 6 0
62 7 40
63 1 0
63 2 66
63 3 0
63 4 46
63 5 14
63 6 0
63 7 45
64 1 0
64 2 182
64 3 0
64 4 114
64 5 23
64 6 0
64 7 136
65 1 0
65 2 113
65 3 0
65 4 91
65 5 22
65 6 0
65 7 91
66 1 0
66 2 45
66 3 0
66 4 32
66 5 8
66 6 0
66 7 37
67 1 0
67 2 104
67 3 0
67 4 78
67 5 22
67 6 0
67 7 81
68 1 0
68 2 58
68 3 0
68 4 40
68 5 9
68 6 0
68 7 41
69 1 0
69 2 87
69 3 0
69 4 65
69 5 18
69 6 0
69 7 71
70 1 0
70 2 170
70 3 0
70 4 109
70 5 26
70 6 0
70 7 108
71 1 0
71 2 119
71 3 0
71 4 73
71 5 20
71 6 0
71 7 71
72 1 0
72 2 169
72 3 0
72 4 105
72 5 21
72 6 0
72 7 112
73 1 0
73 2 163
73 3 0
73 4 134
73 5 38
73 6 0
73 7 132
74 1 0
74 2 254
74 3 0
74 4 167
74 5 39
74 6 0
74 7 154
75 1 0
75 2 265
75 3 0
75 4 212
75 5 55
75 6 0
75 7 211
76 1 0
76 2 75
76 3 0
76 4 44
76 5 15
76 6 0
76 7 51
77 1 0
77 2 57
77 3 0
77 4 41
77 5 9
77 6 0
77 7 41
78 1 0
78 2 65
78 3 0
78 4 41
78 5 12
78 6 0
78 7 44
79 1 0
79 2 107
79 3 0
79 4 75
79 5 20
79 6 0
79 7 69
80 1 0
80 2 328
80 3 0
80 4 222
80 5 58
80 6 0
80 7 202
81 1 0
81 2 90
81 3 0
81 4 57
81 5 15
81 6 0
81 7 64
82 1 0
82 2 52
82 3 0
82 4 32
82 5 7
82 6 0
82 7 38
83 1 0
83 2 128
83 3 0
83 4 89
83 5 24
83 6 0
83 7 89
84 1 0
84 2 137
84 3 0
84 4 85
84 5 26
84 6 0
84 7 85
85 1 0
85 2 220
85 3 0
85 4 169
85 5 45
85 6 0
85 7 172
86 1 0
86 2 67
86 3 0
86 4 43
86 5 9
86 6 0
86 7 42
87 1 0
87 2 64
87 3 0
87 4 47
87 5 11
87 6 0
87 7 47
88 1 0
88 2 73
88 3 0
88 4 55
88 5 11
88 6 0
88 7 49
89 1 0
89 2 62
89 3 0
89 4 46
89 5 13
89 6 0
89 7 45
90 1 0
90 2 31
90 3 0
90 4 25
90 5 6
90 6 0
90 7 21
91 1 0
91 2 43
91 3 0
91 4 37
91 5 8
91 6 0
91 7 28
92 1 0
92 2 144
92 3 0
92 4 113
92 5 21
92 6 0
92 7 120
93 1 0
93 2 355
93 3 0
93 4 229
93 5 66
93 6 0
93 7 236
94 1 0
94 2 272
94 3 0
94 4 170
94 5 56
94 6 0
94 7 194
95 1 0
95 2 112
95 3 0
95 4 72
95 5 16
95 6 0
95 7 62
96 1 0
96 2 50
96 3 0
96 4 29
96 5 10
96 6 0
96 7 32
97 1 0
97 2 93
97 3 0
97 4 71
97 5 18
97 6 0
97 7 82
98 1 0
98 2 104
98 3 0
98 4 81
98 5 23
98 6 0
98 7 82
99 1 0
99 2 134
99 3 0
99 4 94
99 5 27
99 6 0
99 7 92
100 1 0
100 2 66
100 3 0
100 4 41
100 5 11
100 6 0
100 7 44

# Precedence Relations
1 7
2 8
3 10
4 9
4 11
4 12
4 13
4 15
4 31
5 24
6 14
7 19
8 16
9 18
10 19
11 17
11 20
11 23
11 89
11 90
13 91
13 92
14 21
14 24
15 22
16 25
17 27
18 29
19 31
20 26
21 28
21 32
21 44
22 30
22 33
22 34
24 33
24 34
24 91
25 42
26 35
27 37
28 38
29 39
30 40
31 36
31 44
31 72
33 41
34 43
35 49
36 47
37 49
38 50
39 52
40 48
41 45
41 69
42 53
43 46
43 51
43 98
44 60
45 54
46 55
47 56
48 58
49 59
51 57
52 60
52 61
54 65
55 63
56 64
57 62
58 67
58 68
60 69
61 66
62 73
63 70
64 71
66 72
66 75
67 98
69 74
69 80
70 76
71 77
72 78
72 81
73 79
73 80
73 87
76 82
77 83
78 85
79 84
79 89
80 86
80 90
80 92
81 87
81 88
81 91
82 94
83 95
84 93
85 94
86 96
87 97
88 98
90 99
90 100

# Parameters
R_e = 0.0500
T = 1000.0
C_s = 4.0
C_w = 36.0
C_c = 5.0
