# Tasks
1 2 3 4 5 6 7 8

# Workstations
1 2 3 4 5 6 7 8

# Modes
1 2 3 4 5 6 7

# Processing Times
1 1 11
1 2 28
1 3 10
1 4 24
1 5 7
1 6 14
1 7 36
2 1 17
2 2 41
2 3 17
2 4 39
2 5 11
2 6 24
2 7 56
3 1 9
3 2 21
3 3 8
3 4 18
3 5 6
3 6 13
3 7 29
4 1 5
4 2 12
4 3 5
4 4 11
4 5 3
4 6 7
4 7 17
5 1 8
5 2 16
5 3 8
5 4 15
5 5 5
5 6 11
5 7 22
6 1 12
6 2 27
6 3 12
6 4 26
6 5 8
6 6 17
6 7 37
7 1 10
7 2 23
7 3 10
7 4 21
7 5 7
7 6 14
7 7 31
8 1 3
8 2 6
8 3 3
8 4 6
8 5 2
8 6 4
8 7 8

# Energy Consumption
1 1 0
1 2 8
1 3 0
1 4 5
1 5 2
1 6 0
1 7 5
2 1 0
2 2 10
2 3 0
2 4 8
2 5 2
2 6 0
2 7 9
3 1 0
3 2 6
3 3 0
3 4 4
3 5 1
3 6 0
3 7 4
4 1 0
4 2 3
4 3 0
4 4 3
4 5 1
4 6 0
4 7 3
5 1 0
5 2 4
5 3 0
5 4 4
5 5 1
5 6 0
5 7 3
6 1 0
6 2 7
6 3 0
6 4 6
6 5 2
6 6 0
6 7 5
7 1 0
7 2 6
7 3 0
7 4 5
7 5 2
7 6 0
7 7 5
8 1 0
8 2 2
8 3 0
8 4 2
8 5 1
8 6 0
8 7 2

# Precedence Relations
1 2
2 3
2 4
3 5
3 6
4 6
5 7
6 8

# Parameters
R_e = 0.0500
T = 20.0
C_s = 4.0
C_w = 36.0
C_c = 5.0
