# Tasks
1 2 3 4 5 6 7 8 9 10 11 12 13 14 15 16 17 18 19 20 21 22 23 24 25 26 27 28 29 30 31 32 33 34 35 36 37 38 39 40 41 42 43 44 45 46 47 48 49 50 51 52 53 54 55 56 57 58 59 60 61 62 63 64 65 66 67 68 69 70 71 72 73 74 75 76 77 78 79 80 81 82 83

# Workstations
1 2 3 4 5 6 7 8 9 10 11 12 13 14 15 16 17 18 19 20 21 22 23 24 25 26 27 28 29 30 31 32 33 34 35 36 37 38 39 40 41 42 43 44 45 46 47 48 49 50 51 52 53 54 55 56 57 58 59 60 61 62 63 64 65 66 67 68 69 70 71 72 73 74 75 76 77 78 79 80 81 82 83

# Modes
1 2 3 4 5 6 7

# Processing Times
1 1 1673
1 2 4157
1 3 1563
1 4 3882
1 5 951
1 6 2218
1 7 5511
2 1 985
2 2 2375
2 3 838
2 4 2019
2 5 588
2 6 1273
2 7 3069
3 1 1836
3 2 4281
3 3 1607
3 4 3746
3 5 1234
3 6 2491
3 7 5807
4 1 973
4 2 2172
4 3 850
4 4 1897
4 5 670
4 6 1387
4 7 3096
5 1 1700
5 2 3371
5 3 1556
5 4 3085
5 5 1127
5 6 2213
5 7 4387
6 1 2881
6 2 6310
6 3 2518
6 4 5514
6 5 1633
6 6 4153
6 7 9095
7 1 2231
7 2 4990
7 3 2108
7 4 4715
7 5 1542
7 6 2966
7 7 6634
8 1 1040
8 2 1985
8 3 966
8 4 1844
8 5 614
8 6 1411
8 7 2692
9 1 1793
9 2 3324
9 3 1674
9 4 3103
9 5 1213
9 6 2564
9 7 4753
10 1 1250
10 2 2500
10 3 1163
10 4 2326
10 5 783
10 6 1691
10 7 3382
11 1 700
11 2 1478
11 3 630
11 4 1330
11 5 413
11 6 1014
11 7 2139
12 1 464
12 2 858
12 3 426
12 4 788
12 5 311
12 6 669
12 7 1237
13 1 500
13 2 1008
13 3 466
13 4 939
13 5 298
13 6 688
13 7 1387
14 1 1133
14 2 2348
14 3 1067
14 4 2211
14 5 662
14 6 1517
14 7 3143
15 1 577
15 2 1436
15 3 521
15 4 1295
15 5 334
15 6 730
15 7 1816
16 1 483
16 2 920
16 3 418
16 4 795
16 5 297
16 6 679
16 7 1294
17 1 880
17 2 1590
17 3 773
17 4 1397
17 5 502
17 6 1112
17 7 2009
18 1 667
18 2 1645
18 3 613
18 4 1511
18 5 383
18 6 869
18 7 2142
19 1 600
19 2 1084
19 3 526
19 4 950
19 5 341
19 6 868
19 7 1567
20 1 233
20 2 520
20 3 199
20 4 443
20 5 158
20 6 300
20 7 669
21 1 408
21 2 915
21 3 381
21 4 855
21 5 272
21 6 539
21 7 1208
22 1 847
22 2 2017
22 3 730
22 4 1737
22 5 585
22 6 1110
22 7 2642
23 1 767
23 2 1677
23 3 696
23 4 1521
23 5 442
23 6 1048
23 7 2291
24 1 850
24 2 2116
24 3 777
24 4 1934
24 5 471
24 6 1164
24 7 2896
25 1 780
25 2 1405
25 3 672
25 4 1210
25 5 489
25 6 1028
25 7 1852
26 1 912
26 2 2000
26 3 783
26 4 1716
26 5 636
26 6 1150
26 7 2521
27 1 748
27 2 1684
27 3 710
27 4 1597
27 5 502
27 6 1071
27 7 2410
28 1 1863
28 2 4045
28 3 1750
28 4 3800
28 5 1038
28 6 2553
28 7 5543
29 1 714
29 2 1553
29 3 643
29 4 1399
29 5 468
29 6 932
29 7 2027
30 1 1004
30 2 2168
30 3 931
30 4 2010
30 5 685
30 6 1404
30 7 3030
31 1 713
31 2 1429
31 3 617
31 4 1237
31 5 492
31 6 1030
31 7 2064
32 1 642
32 2 1325
32 3 603
32 4 1243
32 5 420
32 6 825
32 7 1701
33 1 629
33 2 1333
33 3 591
33 4 1251
33 5 400
33 6 831
33 7 1761
34 1 1234
34 2 3012
34 3 1106
34 4 2698
34 5 834
34 6 1566
34 7 3823
35 1 1143
35 2 2555
35 3 1052
35 4 2351
35 5 715
35 6 1604
35 7 3585
36 1 1266
36 2 2643
36 3 1082
36 4 2257
36 5 718
36 6 1602
36 7 3344
37 1 792
37 2 1688
37 3 750
37 4 1598
37 5 529
37 6 998
37 7 2126
38 1 1251
38 2 3090
38 3 1153
38 4 2846
38 5 733
38 6 1672
38 7 4129
39 1 1310
39 2 2988
39 3 1123
39 4 2561
39 5 858
39 6 1889
39 7 4308
40 1 663
40 2 1475
40 3 620
40 4 1379
40 5 448
40 6 932
40 7 2073
41 1 494
41 2 920
41 3 463
41 4 862
41 5 298
41 6 701
41 7 1305
42 1 1288
42 2 2347
42 3 1205
42 4 2196
42 5 761
42 6 1867
42 7 3401
43 1 792
43 2 1734
43 3 734
43 4 1606
43 5 450
43 6 1067
43 7 2336
44 1 578
44 2 1386
44 3 506
44 4 1212
44 5 378
44 6 835
44 7 2002
45 1 594
45 2 1295
45 3 532
45 4 1159
45 5 389
45 6 789
45 7 1719
46 1 578
46 2 1277
46 3 505
46 4 1116
46 5 363
46 6 741
46 7 1637
47 1 622
47 2 1343
47 3 579
47 4 1249
47 5 388
47 6 785
47 7 1694
48 1 578
48 2 1444
48 3 524
48 4 1308
48 5 358
48 6 805
48 7 2010
49 1 564
49 2 1391
49 3 484
49 4 1193
49 5 388
49 6 707
49 7 1743
50 1 578
50 2 1261
50 3 528
50 4 1152
50 5 384
50 6 787
50 7 1716
51 1 578
51 2 1404
51 3 521
51 4 1265
51 5 331
51 6 818
51 7 1985
52 1 578
52 2 1427
52 3 498
52 4 1229
52 5 331
52 6 778
52 7 1919
53 1 578
53 2 1243
53 3 517
53 4 1111
53 5 378
53 6 737
53 7 1585
54 1 578
54 2 1048
54 3 512
54 4 928
54 5 342
54 6 725
54 7 1315
55 1 578
55 2 1229
55 3 495
55 4 1051
55 5 351
55 6 763
55 7 1622
56 1 578
56 2 1417
56 3 517
56 4 1268
56 5 381
56 6 795
56 7 1947
57 1 578
57 2 1143
57 3 512
57 4 1013
57 5 333
57 6 740
57 7 1464
58 1 578
58 2 1181
58 3 549
58 4 1121
58 5 320
58 6 738
58 7 1507
59 1 578
59 2 1330
59 3 525
59 4 1208
59 5 319
59 6 787
59 7 1810
60 1 578
60 2 1260
60 3 526
60 4 1145
60 5 332
60 6 726
60 7 1582
61 1 578
61 2 1425
61 3 547
61 4 1348
61 5 374
61 6 836
61 7 2059
62 1 578
62 2 1409
62 3 534
62 4 1300
62 5 389
62 6 772
62 7 1881
63 1 578
63 2 1151
63 3 544
63 4 1083
63 5 341
63 6 734
63 7 1461
64 1 578
64 2 1423
64 3 506
64 4 1244
64 5 328
64 6 741
64 7 1825
65 1 578
65 2 1284
65 3 502
65 4 1113
65 5 322
65 6 782
65 7 1736
66 1 578
66 2 1372
66 3 534
66 4 1266
66 5 366
66 6 783
66 7 1858
67 1 578
67 2 1120
67 3 526
67 4 1018
67 5 348
67 6 816
67 7 1581
68 1 578
68 2 1197
68 3 528
68 4 1093
68 5 391
68 6 731
68 7 1512
69 1 467
69 2 889
69 3 415
69 4 790
69 5 273
69 6 644
69 7 1226
70 1 887
70 2 2018
70 3 774
70 4 1760
70 5 593
70 6 1263
70 7 2872
71 1 396
71 2 941
71 3 358
71 4 849
71 5 230
71 6 503
71 7 1194
72 1 1296
72 2 3200
72 3 1172
72 4 2892
72 5 796
72 6 1784
72 7 4405
73 1 1100
73 2 2231
73 3 1020
73 4 2069
73 5 638
73 6 1472
73 7 2985
74 1 2543
74 2 5750
74 3 2411
74 4 5451
74 5 1533
74 6 3680
74 7 8321
75 1 764
75 2 1558
75 3 708
75 4 1444
75 5 469
75 6 1002
75 7 2042
76 1 357
76 2 648
76 3 326
76 4 591
76 5 198
76 6 505
76 7 917
77 1 701
77 2 1746
77 3 645
77 4 1606
77 5 475
77 6 893
77 7 2223
78 1 1164
78 2 2361
78 3 1007
78 4 2043
78 5 716
78 6 1641
78 7 3329
79 1 286
79 2 642
79 3 258
79 4 579
79 5 197
79 6 370
79 7 831
80 1 2100
80 2 4650
80 3 1892
80 4 4189
80 5 1452
80 6 2900
80 7 6422
81 1 450
81 2 887
81 3 407
81 4 801
81 5 261
81 6 613
81 7 1208
82 1 1300
82 2 3187
82 3 1203
82 4 2948
82 5 858
82 6 1859
82 7 4557
83 1 3691
83 2 7476
83 3 3213
83 4 6508
83 5 2210
83 6 5298
83 7 10731

# Energy Consumption
1 1 0
1 2 1182
1 3 0
1 4 748
1 5 151
1 6 0
1 7 672
2 1 0
2 2 554
2 3 0
2 4 383
2 5 86
2 6 0
2 7 445
3 1 0
3 2 1073
3 3 0
3 4 754
3 5 174
3 6 0
3 7 794
4 1 0
4 2 534
4 3 0
4 4 388
4 5 101
4 6 0
4 7 393
5 1 0
5 2 814
5 3 0
5 4 645
5 5 164
5 6 0
5 7 556
6 1 0
6 2 1532
6 3 0
6 4 1209
6 5 244
6 6 0
6 7 1179
7 1 0
7 2 1260
7 3 0
7 4 969
7 5 238
7 6 0
7 7 920
8 1 0
8 2 519
8 3 0
8 4 391
8 5 88
8 6 0
8 7 392
9 1 0
9 2 739
9 3 0
9 4 597
9 5 186
9 6 0
9 7 575
10 1 0
10 2 642
10 3 0
10 4 488
10 5 118
10 6 0
10 7 413
11 1 0
11 2 354
11 3 0
11 4 252
11 5 59
11 6 0
11 7 266
12 1 0
12 2 214
12 3 0
12 4 152
12 5 46
12 6 0
12 7 149
13 1 0
13 2 295
13 3 0
13 4 177
13 5 46
13 6 0
13 7 194
14 1 0
14 2 677
14 3 0
14 4 420
14 5 104
14 6 0
14 7 450
15 1 0
15 2 332
15 3 0
15 4 247
15 5 52
15 6 0
15 7 233
16 1 0
16 2 220
16 3 0
16 4 172
16 5 43
16 6 0
16 7 157
17 1 0
17 2 418
17 3 0
17 4 270
17 5 74
17 6 0
17 7 243
18 1 0
18 2 420
18 3 0
18 4 284
18 5 59
18 6 0
18 7 303
19 1 0
19 2 285
19 3 0
19 4 172
19 5 55
19 6 0
19 7 220
20 1 0
20 2 134
20 3 0
20 4 83
20 5 23
20 6 0
20 7 96
21 1 0
21 2 237
21 3 0
21 4 186
21 5 41
21 6 0
21 7 167
22 1 0
22 2 588
22 3 0
22 4 346
22 5 84
22 6 0
22 7 337
23 1 0
23 2 464
23 3 0
23 4 332
23 5 63
23 6 0
23 7 293
24 1 0
24 2 500
24 3 0
24 4 368
24 5 68
24 6 0
24 7 426
25 1 0
25 2 389
25 3 0
25 4 224
25 5 72
25 6 0
25 7 266
26 1 0
26 2 525
26 3 0
26 4 319
26 5 94
26 6 0
26 7 364
27 1 0
27 2 396
27 3 0
27 4 294
27 5 81
27 6 0
27 7 334
28 1 0
28 2 984
28 3 0
28 4 754
28 5 153
28 6 0
28 7 827
29 1 0
29 2 433
29 3 0
29 4 278
29 5 66
29 6 0
29 7 251
30 1 0
30 2 489
30 3 0
30 4 381
30 5 97
30 6 0
30 7 392
31 1 0
31 2 415
31 3 0
31 4 246
31 5 79
31 6 0
31 7 294
32 1 0
32 2 342
32 3 0
32 4 236
32 5 65
32 6 0
32 7 223
33 1 0
33 2 350
33 3 0
33 4 267
33 5 60
33 6 0
33 7 234
34 1 0
34 2 823
34 3 0
34 4 578
34 5 126
34 6 0
34 7 534
35 1 0
35 2 753
35 3 0
35 4 428
35 5 114
35 6 0
35 7 473
36 1 0
36 2 769
36 3 0
36 4 408
36 5 107
36 6 0
36 7 412
37 1 0
37 2 402
37 3 0
37 4 306
37 5 78
37 6 0
37 7 315
38 1 0
38 2 913
38 3 0
38 4 618
38 5 109
38 6 0
38 7 590
39 1 0
39 2 895
39 3 0
39 4 526
39 5 136
39 6 0
39 7 565
40 1 0
40 2 370
40 3 0
40 4 284
40 5 70
40 6 0
40 7 302
41 1 0
41 2 258
41 3 0
41 4 184
41 5 46
41 6 0
41 7 178
42 1 0
42 2 656
42 3 0
42 4 440
42 5 116
42 6 0
42 7 477
43 1 0
43 2 482
43 3 0
43 4 337
43 5 71
43 6 0
43 7 339
44 1 0
44 2 385
44 3 0
44 4 242
44 5 59
44 6 0
44 7 270
45 1 0
45 2 294
45 3 0
45 4 222
45 5 56
45 6 0
45 7 248
46 1 0
46 2 346
46 3 0
46 4 231
46 5 54
46 6 0
46 7 235
47 1 0
47 2 313
47 3 0
47 4 254
47 5 61
47 6 0
47 7 251
48 1 0
48 2 369
48 3 0
48 4 285
48 5 52
48 6 0
48 7 294
49 1 0
49 2 401
49 3 0
49 4 229
49 5 57
49 6 0
49 7 243
50 1 0
50 2 377
50 3 0
50 4 216
50 5 57
50 6 0
50 7 225
51 1 0
51 2 402
51 3 0
51 4 275
51 5 51
51 6 0
51 7 251
52 1 0
52 2 339
52 3 0
52 4 231
52 5 48
52 6 0
52 7 237
53 1 0
53 2 302
53 3 0
53 4 226
53 5 59
53 6 0
53 7 238
54 1 0
54 2 244
54 3 0
54 4 197
54 5 53
54 6 0
54 7 184
55 1 0
55 2 292
55 3 0
55 4 198
55 5 50
55 6 0
55 7 244
56 1 0
56 2 348
56 3 0
56 4 261
56 5 61
56 6 0
56 7 235
57 1 0
57 2 275
57 3 0
57 4 218
57 5 48
57 6 0
57 7 202
58 1 0
58 2 279
58 3 0
58 4 215
58 5 49
58 6 0
58 7 197
59 1 0
59 2 349
59 3 0
59 4 223
59 5 51
59 6 0
59 7 239
60 1 0
60 2 359
60 3 0
60 4 211
60 5 52
60 6 0
60 7 191
61 1 0
61 2 368
61 3 0
61 4 258
61 5 56
61 6 0
61 7 265
62 1 0
62 2 322
62 3 0
62 4 262
62 5 60
62 6 0
62 7 256
63 1 0
63 2 310
63 3 0
63 4 229
63 5 53
63 6 0
63 7 202
64 1 0
64 2 379
64 3 0
64 4 242
64 5 47
64 6 0
64 7 264
65 1 0
65 2 291
65 3 0
65 4 219
65 5 48
65 6 0
65 7 253
66 1 0
66 2 326
66 3 0
66 4 243
66 5 58
66 6 0
66 7 264
67 1 0
67 2 287
67 3 0
67 4 224
67 5 53
67 6 0
67 7 231
68 1 0
68 2 346
68 3 0
68 4 228
68 5 62
68 6 0
68 7 216
69 1 0
69 2 208
69 3 0
69 4 160
69 5 43
69 6 0
69 7 181
70 1 0
70 2 552
70 3 0
70 4 348
70 5 93
70 6 0
70 7 345
71 1 0
71 2 251
71 3 0
71 4 157
71 5 37
71 6 0
71 7 147
72 1 0
72 2 911
72 3 0
72 4 559
72 5 117
72 6 0
72 7 649
73 1 0
73 2 525
73 3 0
73 4 440
73 5 102
73 6 0
73 7 396
74 1 0
74 2 1676
74 3 0
74 4 1181
74 5 229
74 6 0
74 7 1168
75 1 0
75 2 358
75 3 0
75 4 311
75 5 67
75 6 0
75 7 271
76 1 0
76 2 192
76 3 0
76 4 109
76 5 30
76 6 0
76 7 135
77 1 0
77 2 436
77 3 0
77 4 320
77 5 75
77 6 0
77 7 297
78 1 0
78 2 606
78 3 0
78 4 377
78 5 105
78 6 0
78 7 416
79 1 0
79 2 166
79 3 0
79 4 114
79 5 31
79 6 0
79 7 101
80 1 0
80 2 1297
80 3 0
80 4 837
80 5 229
80 6 0
80 7 817
81 1 0
81 2 264
81 3 0
81 4 175
81 5 39
81 6 0
81 7 180
82 1 0
82 2 871
82 3 0
82 4 552
82 5 125
82 6 0
82 7 630
83 1 0
83 2 1856
83 3 0
83 4 1301
83 5 349
83 6 0
83 7 1310

# Precedence Relations
1 2
2 3
2 4
2 5
3 6
4 6
4 7
5 8
6 9
6 10
7 11
8 77
8 78
9 12
10 13
10 14
10 25
11 15
12 16
13 17
13 18
13 20
14 19
15 20
15 39
16 77
16 78
17 21
17 22
17 28
18 23
19 24
20 26
21 27
22 27
23 74
24 28
24 29
25 32
26 74
27 69
28 32
29 30
30 31
31 39
32 33
32 34
32 35
32 36
33 37
34 77
34 78
35 77
35 78
36 38
36 39
37 40
38 41
39 42
39 43
39 44
39 75
40 77
40 78
41 45
42 77
42 78
43 77
43 78
44 46
45 47
46 48
47 49
48 50
49 69
50 51
51 52
52 53
53 54
54 55
55 56
56 57
57 58
58 59
59 60
60 61
61 62
62 63
63 64
64 65
65 66
66 67
67 68
68 74
68 75
69 70
69 71
70 72
71 73
72 73
73 74
73 75
74 76
75 76
76 77
76 78
77 79
78 79
79 80
79 81
80 82
81 83
82 83

# Parameters
R_e = 0.0500
T = 11267.550000000001
C_s = 4.0
C_w = 36.0
C_c = 5.0
