# Tasks
1 2 3 4 5 6 7 8 9 10 11 12 13 14 15 16 17 18 19 20

# Workstations
1 2 3 4 5 6 7 8 9 10 11 12 13 14 15 16 17 18 19 20

# Modes
1 2 3 4 5 6 7

# Processing Times
1 1 209
1 2 439
1 3 208
1 4 437
1 5 187
1 6 229
1 7 480
2 1 93
2 2 195
2 3 93
2 4 194
2 5 84
2 6 102
2 7 214
3 1 197
3 2 413
3 3 196
3 4 411
3 5 176
3 6 216
3 7 452
4 1 223
4 2 468
4 3 222
4 4 466
4 5 200
4 6 244
4 7 512
5 1 75
5 2 158
5 3 75
5 4 157
5 5 67
5 6 82
5 7 173
6 1 92
6 2 193
6 3 92
6 4 192
6 5 83
6 6 101
6 7 211
7 1 36
7 2 76
7 3 36
7 4 76
7 5 33
7 6 40
7 7 84
8 1 27
8 2 57
8 3 27
8 4 57
8 5 25
8 6 30
8 7 63
9 1 26
9 2 55
9 3 26
9 4 55
9 5 24
9 6 29
9 7 61
10 1 114
10 2 239
10 3 114
10 4 238
10 5 102
10 6 125
10 7 262
11 1 128
11 2 269
11 3 128
11 4 268
11 5 115
11 6 140
11 7 294
12 1 229
12 2 481
12 3 228
12 4 478
12 5 205
12 6 251
12 7 526
13 1 383
13 2 803
13 3 381
13 4 798
13 5 342
13 6 419
13 7 878
14 1 113
14 2 237
14 3 113
14 4 236
14 5 101
14 6 124
14 7 259
15 1 217
15 2 455
15 3 216
15 4 453
15 5 194
15 6 238
15 7 498
16 1 306
16 2 642
16 3 305
16 4 638
16 5 274
16 6 335
16 7 702
17 1 50
17 2 105
17 3 50
17 4 105
17 5 45
17 6 55
17 7 115
18 1 125
18 2 263
18 3 125
18 4 262
18 5 112
18 6 137
18 7 288
19 1 68
19 2 143
19 3 68
19 4 143
19 5 61
19 6 75
19 7 157
20 1 120
20 2 252
20 3 120
20 4 251
20 5 108
20 6 132
20 7 276

# Energy Consumption
1 1 0
1 2 112
1 3 0
1 4 90
1 5 28
1 6 0
1 7 71
2 1 0
2 2 49
2 3 0
2 4 42
2 5 14
2 6 0
2 7 31
3 1 0
3 2 107
3 3 0
3 4 86
3 5 28
3 6 0
3 7 57
4 1 0
4 2 126
4 3 0
4 4 95
4 5 31
4 6 0
4 7 64
5 1 0
5 2 39
5 3 0
5 4 29
5 5 11
5 6 0
5 7 21
6 1 0
6 2 52
6 3 0
6 4 37
6 5 13
6 6 0
6 7 28
7 1 0
7 2 19
7 3 0
7 4 14
7 5 6
7 6 0
7 7 13
8 1 0
8 2 17
8 3 0
8 4 12
8 5 4
8 6 0
8 7 9
9 1 0
9 2 16
9 3 0
9 4 11
9 5 4
9 6 0
9 7 9
10 1 0
10 2 69
10 3 0
10 4 51
10 5 16
10 6 0
10 7 38
11 1 0
11 2 60
11 3 0
11 4 57
11 5 19
11 6 0
11 7 36
12 1 0
12 2 113
12 3 0
12 4 106
12 5 33
12 6 0
12 7 72
13 1 0
13 2 230
13 3 0
13 4 147
13 5 54
13 6 0
13 7 130
14 1 0
14 2 61
14 3 0
14 4 44
14 5 16
14 6 0
14 7 32
15 1 0
15 2 118
15 3 0
15 4 89
15 5 30
15 6 0
15 7 63
16 1 0
16 2 164
16 3 0
16 4 124
16 5 40
16 6 0
16 7 90
17 1 0
17 2 28
17 3 0
17 4 20
17 5 8
17 6 0
17 7 14
18 1 0
18 2 77
18 3 0
18 4 53
18 5 17
18 6 0
18 7 41
19 1 0
19 2 42
19 3 0
19 4 26
19 5 10
19 6 0
19 7 24
20 1 0
20 2 61
20 3 0
20 4 51
20 5 16
20 6 0
20 7 42

# Precedence Relations
1 10
2 10
4 9
6 7
6 8
7 10
8 10
9 11
9 12
9 13
9 14
10 15
10 16
10 17
10 18
10 19
18 20

# Parameters
R_e = 0.0500
T = 1000.0
C_s = 4.0
C_w = 36.0
C_c = 5.0
