# Tasks
1 2 3 4 5 6 7 8 9 10 11 12 13 14 15 16 17 18 19 20

# Workstations
1 2 3 4 5 6 7 8 9 10 11 12 13 14 15 16 17 18 19 20

# Modes
1 2 3 4 5 6 7

# Processing Times
1 1 210
1 2 206
1 3 229
1 4 225
1 5 181
1 6 299
1 7 294
2 1 169
2 2 158
2 3 184
2 4 172
2 5 143
2 6 234
2 7 219
3 1 191
3 2 198
3 3 206
3 4 213
3 5 177
3 6 260
3 7 270
4 1 141
4 2 138
4 3 154
4 4 151
4 5 117
4 6 187
4 7 183
5 1 66
5 2 71
5 3 70
5 4 75
5 5 59
5 6 88
5 7 94
6 1 117
6 2 105
6 3 128
6 4 115
6 5 108
6 6 169
6 7 152
7 1 232
7 2 229
7 3 247
7 4 244
7 5 195
7 6 304
7 7 300
8 1 39
8 2 40
8 3 42
8 4 44
8 5 32
8 6 52
8 7 54
9 1 164
9 2 174
9 3 176
9 4 187
9 5 135
9 6 225
9 7 239
10 1 167
10 2 165
10 3 178
10 4 176
10 5 137
10 6 221
10 7 219
11 1 120
11 2 124
11 3 128
11 4 132
11 5 110
11 6 164
11 7 170
12 1 33
12 2 29
12 3 36
12 4 31
12 5 29
12 6 44
12 7 38
13 1 35
13 2 34
13 3 39
13 4 38
13 5 30
13 6 47
13 7 46
14 1 255
14 2 242
14 3 270
14 4 256
14 5 219
14 6 363
14 7 344
15 1 134
15 2 129
15 3 147
15 4 141
15 5 118
15 6 183
15 7 176
16 1 275
16 2 299
16 3 295
16 4 320
16 5 241
16 6 355
16 7 386
17 1 22
17 2 21
17 3 24
17 4 23
17 5 20
17 6 31
17 7 30
18 1 110
18 2 100
18 3 117
18 4 107
18 5 95
18 6 148
18 7 135
19 1 218
19 2 238
19 3 233
19 4 254
19 5 200
19 6 315
19 7 344
20 1 94
20 2 81
20 3 100
20 4 86
20 5 80
20 6 124
20 7 107

# Energy Consumption
1 1 0
1 2 46
1 3 0
1 4 49
1 5 29
1 6 0
1 7 43
2 1 0
2 2 43
2 3 0
2 4 38
2 5 22
2 6 0
2 7 31
3 1 0
3 2 44
3 3 0
3 4 42
3 5 26
3 6 0
3 7 34
4 1 0
4 2 41
4 3 0
4 4 29
4 5 17
4 6 0
4 7 24
5 1 0
5 2 18
5 3 0
5 4 16
5 5 10
5 6 0
5 7 13
6 1 0
6 2 26
6 3 0
6 4 22
6 5 17
6 6 0
6 7 21
7 1 0
7 2 66
7 3 0
7 4 49
7 5 30
7 6 0
7 7 45
8 1 0
8 2 11
8 3 0
8 4 10
8 5 6
8 6 0
8 7 7
9 1 0
9 2 47
9 3 0
9 4 41
9 5 21
9 6 0
9 7 30
10 1 0
10 2 41
10 3 0
10 4 39
10 5 21
10 6 0
10 7 28
11 1 0
11 2 32
11 3 0
11 4 25
11 5 16
11 6 0
11 7 24
12 1 0
12 2 7
12 3 0
12 4 7
12 5 5
12 6 0
12 7 5
13 1 0
13 2 10
13 3 0
13 4 8
13 5 5
13 6 0
13 7 7
14 1 0
14 2 66
14 3 0
14 4 50
14 5 35
14 6 0
14 7 46
15 1 0
15 2 36
15 3 0
15 4 31
15 5 19
15 6 0
15 7 23
16 1 0
16 2 85
16 3 0
16 4 61
16 5 39
16 6 0
16 7 55
17 1 0
17 2 6
17 3 0
17 4 5
17 5 4
17 6 0
17 7 5
18 1 0
18 2 27
18 3 0
18 4 22
18 5 15
18 6 0
18 7 17
19 1 0
19 2 54
19 3 0
19 4 50
19 5 30
19 6 0
19 7 42
20 1 0
20 2 21
20 3 0
20 4 18
20 5 12
20 6 0
20 7 15

# Precedence Relations
1 9
2 3
2 4
2 5
3 9
4 7
4 8
5 6
6 9
7 9
8 10
8 11
8 12
9 13
9 14
9 15
9 16
9 17
13 20
14 18
15 19
16 18
16 19
17 19

# Parameters
R_e = 0.0500
T = 1000.0
C_s = 4.0
C_w = 36.0
C_c = 5.0
