# Tasks
1 2 3 4 5 6 7 8 9 10 11 12 13 14 15 16 17 18 19 20

# Workstations
1 2 3 4 5 6 7 8 9 10 11 12 13 14 15 16 17 18 19 20

# Modes
1 2 3 4 5 6 7

# Processing Times
1 1 85
1 2 131
1 3 76
1 4 117
1 5 69
1 6 99
1 7 152
2 1 262
2 2 357
2 3 236
2 4 321
2 5 211
2 6 290
2 7 395
3 1 34
3 2 44
3 3 32
3 4 41
3 5 29
3 6 39
3 7 50
4 1 93
4 2 143
4 3 85
4 4 131
4 5 80
4 6 111
4 7 170
5 1 40
5 2 50
5 3 38
5 4 48
5 5 34
5 6 50
5 7 63
6 1 149
6 2 199
6 3 138
6 4 184
6 5 121
6 6 165
6 7 220
7 1 56
7 2 70
7 3 52
7 4 64
7 5 52
7 6 63
7 7 78
8 1 103
8 2 151
8 3 92
8 4 135
8 5 86
8 6 124
8 7 181
9 1 53
9 2 68
9 3 51
9 4 65
9 5 48
9 6 64
9 7 82
10 1 41
10 2 65
10 3 38
10 4 60
10 5 35
10 6 51
10 7 80
11 1 118
11 2 154
11 3 111
11 4 144
11 5 110
11 6 145
11 7 190
12 1 121
12 2 181
12 3 107
12 4 160
12 5 100
12 6 143
12 7 214
13 1 124
13 2 189
13 3 115
13 4 175
13 5 105
13 6 141
13 7 215
14 1 44
14 2 64
14 3 42
14 4 61
14 5 39
14 6 50
14 7 72
15 1 199
15 2 294
15 3 178
15 4 262
15 5 189
15 6 248
15 7 366
16 1 95
16 2 136
16 3 82
16 4 118
16 5 79
16 6 106
16 7 151
17 1 27
17 2 33
17 3 25
17 4 31
17 5 26
17 6 32
17 7 39
18 1 151
18 2 234
18 3 134
18 4 207
18 5 127
18 6 188
18 7 292
19 1 43
19 2 62
19 3 39
19 4 56
19 5 39
19 6 49
19 7 70
20 1 95
20 2 131
20 3 82
20 4 112
20 5 80
20 6 111
20 7 153

# Energy Consumption
1 1 0
1 2 31
1 3 0
1 4 26
1 5 11
1 6 0
1 7 21
2 1 0
2 2 88
2 3 0
2 4 67
2 5 32
2 6 0
2 7 57
3 1 0
3 2 13
3 3 0
3 4 8
3 5 5
3 6 0
3 7 7
4 1 0
4 2 41
4 3 0
4 4 28
4 5 13
4 6 0
4 7 24
5 1 0
5 2 13
5 3 0
5 4 10
5 5 5
5 6 0
5 7 10
6 1 0
6 2 48
6 3 0
6 4 38
6 5 19
6 6 0
6 7 33
7 1 0
7 2 18
7 3 0
7 4 13
7 5 9
7 6 0
7 7 12
8 1 0
8 2 36
8 3 0
8 4 29
8 5 13
8 6 0
8 7 27
9 1 0
9 2 19
9 3 0
9 4 15
9 5 7
9 6 0
9 7 12
10 1 0
10 2 17
10 3 0
10 4 14
10 5 6
10 6 0
10 7 12
11 1 0
11 2 45
11 3 0
11 4 29
11 5 18
11 6 0
11 7 24
12 1 0
12 2 46
12 3 0
12 4 34
12 5 15
12 6 0
12 7 32
13 1 0
13 2 51
13 3 0
13 4 38
13 5 15
13 6 0
13 7 29
14 1 0
14 2 15
14 3 0
14 4 14
14 5 6
14 6 0
14 7 10
15 1 0
15 2 70
15 3 0
15 4 55
15 5 29
15 6 0
15 7 53
16 1 0
16 2 30
16 3 0
16 4 26
16 5 13
16 6 0
16 7 19
17 1 0
17 2 10
17 3 0
17 4 6
17 5 4
17 6 0
17 7 6
18 1 0
18 2 68
18 3 0
18 4 40
18 5 20
18 6 0
18 7 43
19 1 0
19 2 15
19 3 0
19 4 11
19 5 6
19 6 0
19 7 9
20 1 0
20 2 32
20 3 0
20 4 23
20 5 13
20 6 0
20 7 23

# Precedence Relations
1 11
2 11
3 4
3 5
4 11
5 6
5 7
5 8
5 9
5 10
6 11
7 11
8 20
9 12
10 12
11 13
11 14
11 15
11 16
12 19
14 18
14 20
15 17
16 19
16 20

# Parameters
R_e = 0.0500
T = 1000.0
C_s = 4.0
C_w = 36.0
C_c = 5.0
