# Tasks
1 2 3 4 5 6 7 8 9 10 11

# Workstations
1 2 3 4 5 6 7 8 9 10 11

# Modes
1 2 3 4 5 6 7

# Processing Times
1 1 4
1 2 6
1 3 4
1 4 6
1 5 2
1 6 6
1 7 8
2 1 38
2 2 56
2 3 36
2 4 53
2 5 15
2 6 50
2 7 74
3 1 45
3 2 66
3 3 43
3 4 63
3 5 17
3 6 60
3 7 87
4 1 12
4 2 18
4 3 12
4 4 17
4 5 5
4 6 16
4 7 24
5 1 10
5 2 15
5 3 10
5 4 15
5 5 4
5 6 14
5 7 20
6 1 8
6 2 12
6 3 8
6 4 12
6 5 3
6 6 11
6 7 16
7 1 12
7 2 18
7 3 12
7 4 17
7 5 5
7 6 16
7 7 24
8 1 10
8 2 15
8 3 10
8 4 15
8 5 4
8 6 14
8 7 20
9 1 2
9 2 3
9 3 2
9 4 3
9 5 1
9 6 3
9 7 4
10 1 10
10 2 15
10 3 10
10 4 15
10 5 4
10 6 14
10 7 20
11 1 34
11 2 50
11 3 32
11 4 47
11 5 13
11 6 45
11 7 66

# Energy Consumption
1 1 0
1 2 2
1 3 0
1 4 2
1 5 1
1 6 0
1 7 2
2 1 0
2 2 14
2 3 0
2 4 12
2 5 3
2 6 0
2 7 11
3 1 0
3 2 20
3 3 0
3 4 13
3 5 3
3 6 0
3 7 13
4 1 0
4 2 5
4 3 0
4 4 4
4 5 1
4 6 0
4 7 4
5 1 0
5 2 5
5 3 0
5 4 4
5 5 1
5 6 0
5 7 3
6 1 0
6 2 4
6 3 0
6 4 3
6 5 1
6 6 0
6 7 3
7 1 0
7 2 5
7 3 0
7 4 4
7 5 1
7 6 0
7 7 4
8 1 0
8 2 4
8 3 0
8 4 3
8 5 1
8 6 0
8 7 3
9 1 0
9 2 1
9 3 0
9 4 1
9 5 1
9 6 0
9 7 1
10 1 0
10 2 5
10 3 0
10 4 4
10 5 1
10 6 0
10 7 3
11 1 0
11 2 12
11 3 0
11 4 10
11 5 3
11 6 0
11 7 9

# Precedence Relations
1 4
2 4
2 5
3 11
4 6
5 7
6 8
7 9
8 10
9 10
10 11

# Parameters
R_e = 0.0500
T = 600.0
C_s = 4.0
C_w = 36.0
C_c = 5.0
