# Tasks
1 2 3 4 5 6 7 8 9 10 11 12 13 14 15 16 17 18 19 20

# Workstations
1 2 3 4 5 6 7 8 9 10 11 12 13 14 15 16 17 18 19 20

# Modes
1 2 3 4 5 6 7

# Processing Times
1 1 136
1 2 276
1 3 146
1 4 295
1 5 44
1 6 154
1 7 313
2 1 106
2 2 222
2 3 113
2 4 237
2 5 46
2 6 127
2 7 266
3 1 251
3 2 470
3 3 275
3 4 515
3 5 110
3 6 286
3 7 536
4 1 272
4 2 607
4 3 289
4 4 645
4 5 110
4 6 315
4 7 702
5 1 38
5 2 81
5 3 42
5 4 89
5 5 16
5 6 47
5 7 99
6 1 132
6 2 324
6 3 143
6 4 349
6 5 41
6 6 151
6 7 370
7 1 207
7 2 515
7 3 222
7 4 551
7 5 74
7 6 248
7 7 617
8 1 105
8 2 244
8 3 113
8 4 262
8 5 47
8 6 118
8 7 273
9 1 175
9 2 426
9 3 190
9 4 461
9 5 66
9 6 204
9 7 495
10 1 207
10 2 479
10 3 218
10 4 504
10 5 82
10 6 259
10 7 598
11 1 89
11 2 166
11 3 97
11 4 180
11 5 33
11 6 111
11 7 207
12 1 133
12 2 305
12 3 145
12 4 333
12 5 48
12 6 163
12 7 373
13 1 168
13 2 324
13 3 183
13 4 352
13 5 62
13 6 198
13 7 382
14 1 43
14 2 85
14 3 47
14 4 92
14 5 14
14 6 52
14 7 103
15 1 221
15 2 485
15 3 238
15 4 521
15 5 92
15 6 268
15 7 588
16 1 121
16 2 247
16 3 133
16 4 271
16 5 47
16 6 149
16 7 303
17 1 61
17 2 120
17 3 67
17 4 131
17 5 22
17 6 74
17 7 146
18 1 30
18 2 67
18 3 33
18 4 72
18 5 13
18 6 37
18 7 81
19 1 262
19 2 596
19 3 278
19 4 632
19 5 93
19 6 324
19 7 736
20 1 153
20 2 324
20 3 165
20 4 348
20 5 53
20 6 176
20 7 371

# Energy Consumption
1 1 0
1 2 69
1 3 0
1 4 65
1 5 7
1 6 0
1 7 46
2 1 0
2 2 56
2 3 0
2 4 52
2 5 8
2 6 0
2 7 37
3 1 0
3 2 107
3 3 0
3 4 100
3 5 17
3 6 0
3 7 66
4 1 0
4 2 172
4 3 0
4 4 140
4 5 17
4 6 0
4 7 91
5 1 0
5 2 21
5 3 0
5 4 19
5 5 3
5 6 0
5 7 14
6 1 0
6 2 74
6 3 0
6 4 66
6 5 7
6 6 0
6 7 52
7 1 0
7 2 150
7 3 0
7 4 111
7 5 11
7 6 0
7 7 87
8 1 0
8 2 64
8 3 0
8 4 52
8 5 7
8 6 0
8 7 39
9 1 0
9 2 117
9 3 0
9 4 99
9 5 10
9 6 0
9 7 74
10 1 0
10 2 124
10 3 0
10 4 103
10 5 12
10 6 0
10 7 79
11 1 0
11 2 38
11 3 0
11 4 33
11 5 5
11 6 0
11 7 32
12 1 0
12 2 73
12 3 0
12 4 63
12 5 8
12 6 0
12 7 52
13 1 0
13 2 84
13 3 0
13 4 71
13 5 9
13 6 0
13 7 50
14 1 0
14 2 26
14 3 0
14 4 19
14 5 3
14 6 0
14 7 15
15 1 0
15 2 142
15 3 0
15 4 109
15 5 15
15 6 0
15 7 73
16 1 0
16 2 60
16 3 0
16 4 58
16 5 7
16 6 0
16 7 38
17 1 0
17 2 34
17 3 0
17 4 27
17 5 4
17 6 0
17 7 21
18 1 0
18 2 17
18 3 0
18 4 15
18 5 3
18 6 0
18 7 12
19 1 0
19 2 152
19 3 0
19 4 129
19 5 15
19 6 0
19 7 102
20 1 0
20 2 91
20 3 0
20 4 68
20 5 9
20 6 0
20 7 53

# Precedence Relations
1 7
2 6
2 15
3 11
4 8
5 8
6 10
7 9
8 11
9 12
10 13
11 14
11 15
12 17
13 17
14 16
15 17
16 18
17 18
17 19
17 20

# Parameters
R_e = 0.0500
T = 1000.0
C_s = 4.0
C_w = 36.0
C_c = 5.0
