# Tasks
1 2 3 4 5 6 7 8 9 10 11 12 13 14 15 16 17 18 19 20

# Workstations
1 2 3 4 5 6 7 8 9 10 11 12 13 14 15 16 17 18 19 20

# Modes
1 2 3 4 5 6 7

# Processing Times
1 1 570
1 2 588
1 3 553
1 4 570
1 5 366
1 6 699
1 7 721
2 1 504
2 2 508
2 3 525
2 4 529
2 5 307
2 6 582
2 7 586
3 1 232
3 2 238
3 3 226
3 4 232
3 5 146
3 6 258
3 7 265
4 1 336
4 2 289
4 3 344
4 4 296
4 5 188
4 6 402
4 7 346
5 1 724
5 2 623
5 3 709
5 4 610
5 5 486
5 6 840
5 7 723
6 1 463
6 2 503
6 3 469
6 4 509
6 5 281
6 6 553
6 7 601
7 1 537
7 2 488
7 3 559
7 4 508
7 5 341
7 6 669
7 7 608
8 1 553
8 2 536
8 3 551
8 4 534
8 5 342
8 6 616
8 7 597
9 1 669
9 2 598
9 3 675
9 4 604
9 5 429
9 6 740
9 7 662
10 1 350
10 2 338
10 3 337
10 4 325
10 5 232
10 6 432
10 7 417
11 1 463
11 2 401
11 3 446
11 4 386
11 5 314
11 6 576
11 7 499
12 1 365
12 2 402
12 3 378
12 4 416
12 5 239
12 6 424
12 7 467
13 1 422
13 2 435
13 3 437
13 4 450
13 5 243
13 6 466
13 7 480
14 1 544
14 2 563
14 3 555
14 4 574
14 5 364
14 6 621
14 7 642
15 1 483
15 2 455
15 3 498
15 4 470
15 5 327
15 6 557
15 7 525
16 1 380
16 2 388
16 3 367
16 4 375
16 5 217
16 6 469
16 7 479
17 1 535
17 2 518
17 3 560
17 4 542
17 5 369
17 6 659
17 7 638
18 1 628
18 2 669
18 3 601
18 4 640
18 5 353
18 6 772
18 7 822
19 1 437
19 2 382
19 3 458
19 4 400
19 5 305
19 6 528
19 7 461
20 1 283
20 2 285
20 3 295
20 4 297
20 5 197
20 6 332
20 7 334

# Energy Consumption
1 1 0
1 2 155
1 3 0
1 4 110
1 5 58
1 6 0
1 7 88
2 1 0
2 2 123
2 3 0
2 4 116
2 5 46
2 6 0
2 7 73
3 1 0
3 2 62
3 3 0
3 4 49
3 5 22
3 6 0
3 7 39
4 1 0
4 2 86
4 3 0
4 4 57
4 5 29
4 6 0
4 7 48
5 1 0
5 2 146
5 3 0
5 4 120
5 5 73
5 6 0
5 7 93
6 1 0
6 2 122
6 3 0
6 4 102
6 5 44
6 6 0
6 7 75
7 1 0
7 2 109
7 3 0
7 4 95
7 5 50
7 6 0
7 7 77
8 1 0
8 2 159
8 3 0
8 4 111
8 5 55
8 6 0
8 7 88
9 1 0
9 2 162
9 3 0
9 4 132
9 5 68
9 6 0
9 7 89
10 1 0
10 2 94
10 3 0
10 4 67
10 5 35
10 6 0
10 7 54
11 1 0
11 2 105
11 3 0
11 4 73
11 5 47
11 6 0
11 7 70
12 1 0
12 2 106
12 3 0
12 4 86
12 5 39
12 6 0
12 7 61
13 1 0
13 2 125
13 3 0
13 4 96
13 5 36
13 6 0
13 7 64
14 1 0
14 2 167
14 3 0
14 4 114
14 5 54
14 6 0
14 7 96
15 1 0
15 2 136
15 3 0
15 4 89
15 5 49
15 6 0
15 7 76
16 1 0
16 2 99
16 3 0
16 4 80
16 5 33
16 6 0
16 7 68
17 1 0
17 2 136
17 3 0
17 4 112
17 5 54
17 6 0
17 7 83
18 1 0
18 2 180
18 3 0
18 4 125
18 5 57
18 6 0
18 7 118
19 1 0
19 2 87
19 3 0
19 4 80
19 5 46
19 6 0
19 7 65
20 1 0
20 2 78
20 3 0
20 4 60
20 5 31
20 6 0
20 7 42

# Precedence Relations
1 10
2 10
3 10
4 6
4 8
4 12
5 7
5 9
5 10
5 11
6 10
7 18
8 11
9 12
9 17
9 18
10 13
10 14
10 15
10 16
11 17
11 18
13 20
14 17
15 17
16 18
17 19
17 20
18 19

# Parameters
R_e = 0.0500
T = 1000.0
C_s = 4.0
C_w = 36.0
C_c = 5.0
