# Tasks
1 2 3 4 5 6 7 8 9 10 11 12 13 14 15 16 17 18 19 20 21 22 23 24 25 26 27 28 29 30 31 32 33 34 35 36 37 38 39 40 41 42 43 44 45 46 47 48 49 50 51 52 53 54 55 56 57 58 59 60 61 62 63 64 65 66 67 68 69 70 71 72 73 74 75 76 77 78 79 80 81 82 83 84 85 86 87 88 89 90 91 92 93 94

# Workstations
1 2 3 4 5 6 7 8 9 10 11 12 13 14 15 16 17 18 19 20 21 22 23 24 25 26 27 28 29 30 31 32 33 34 35 36 37 38 39 40 41 42 43 44 45 46 47 48 49 50 51 52 53 54 55 56 57 58 59 60 61 62 63 64 65 66 67 68 69 70 71 72 73 74 75 76 77 78 79 80 81 82 83 84 85 86 87 88 89 90 91 92 93 94

# Modes
1 2 3 4 5 6 7

# Processing Times
1 1 158
1 2 155
1 3 174
1 4 170
1 5 135
1 6 209
1 7 205
2 1 42
2 2 40
2 3 46
2 4 44
2 5 36
2 6 61
2 7 58
3 1 17
3 2 18
3 3 19
3 4 20
3 5 15
3 6 23
3 7 24
4 1 24
4 2 24
4 3 26
4 4 26
4 5 20
4 6 33
4 7 33
5 1 71
5 2 77
5 3 76
5 4 82
5 5 64
5 6 91
5 7 99
6 1 66
6 2 60
6 3 72
6 4 65
6 5 60
6 6 95
6 7 87
7 1 50
7 2 50
7 3 54
7 4 54
7 5 42
7 6 72
7 7 72
8 1 55
8 2 56
8 3 60
8 4 61
8 5 50
8 6 76
8 7 78
9 1 30
9 2 32
9 3 33
9 4 35
9 5 29
9 6 41
9 7 44
10 1 28
10 2 28
10 3 30
10 4 30
10 5 23
10 6 38
10 7 38
11 1 113
11 2 117
11 3 122
11 4 126
11 5 108
11 6 144
11 7 149
12 1 114
12 2 98
12 3 126
12 4 108
12 5 92
12 6 150
12 7 129
13 1 57
13 2 54
13 3 62
13 4 59
13 5 53
13 6 81
13 7 76
14 1 65
14 2 62
14 3 70
14 4 67
14 5 59
14 6 86
14 7 83
15 1 15
15 2 15
15 3 17
15 4 17
15 5 13
15 6 21
15 7 21
16 1 11
16 2 12
16 3 12
16 4 14
16 5 10
16 6 16
16 7 17
17 1 10
17 2 10
17 3 11
17 4 11
17 5 9
17 6 15
17 7 15
18 1 19
18 2 18
18 3 21
18 4 20
18 5 18
18 6 27
18 7 26
19 1 8
19 2 9
19 3 9
19 4 10
19 5 7
19 6 11
19 7 12
20 1 17
20 2 15
20 3 19
20 4 17
20 5 15
20 6 24
20 7 21
21 1 57
21 2 54
21 3 62
21 4 59
21 5 47
21 6 80
21 7 76
22 1 40
22 2 37
22 3 44
22 4 41
22 5 38
22 6 53
22 7 49
23 1 17
23 2 19
23 3 18
23 4 20
23 5 15
23 6 24
23 7 27
24 1 11
24 2 10
24 3 12
24 4 11
24 5 10
24 6 15
24 7 14
25 1 17
25 2 18
25 3 19
25 4 20
25 5 16
25 6 23
25 7 25
26 1 27
26 2 29
26 3 30
26 4 32
26 5 23
26 6 35
26 7 37
27 1 17
27 2 16
27 3 19
27 4 18
27 5 16
27 6 25
27 7 23
28 1 18
28 2 16
28 3 20
28 4 18
28 5 17
28 6 26
28 7 23
29 1 16
29 2 15
29 3 18
29 4 17
29 5 14
29 6 21
29 7 20
30 1 18
30 2 16
30 3 20
30 4 18
30 5 15
30 6 24
30 7 21
31 1 50
31 2 53
31 3 54
31 4 58
31 5 42
31 6 68
31 7 72
32 1 18
32 2 18
32 3 20
32 4 20
32 5 16
32 6 26
32 7 26
33 1 13
33 2 13
33 3 14
33 4 14
33 5 13
33 6 18
33 7 18
34 1 21
34 2 20
34 3 23
34 4 22
34 5 18
34 6 30
34 7 29
35 1 63
35 2 62
35 3 67
35 4 66
35 5 55
35 6 91
35 7 89
36 1 8
36 2 8
36 3 9
36 4 9
36 5 7
36 6 11
36 7 11
37 1 63
37 2 65
37 3 68
37 4 70
37 5 54
37 6 86
37 7 88
38 1 9
38 2 9
38 3 10
38 4 10
38 5 9
38 6 12
38 7 12
39 1 20
39 2 21
39 3 22
39 4 23
39 5 19
39 6 27
39 7 28
40 1 72
40 2 68
40 3 77
40 4 72
40 5 62
40 6 91
40 7 86
41 1 30
41 2 32
41 3 32
41 4 34
41 5 26
41 6 42
41 7 45
42 1 69
42 2 72
42 3 74
42 4 77
42 5 65
42 6 90
42 7 94
43 1 27
43 2 27
43 3 29
43 4 29
43 5 22
43 6 36
43 7 36
44 1 9
44 2 10
44 3 10
44 4 11
44 5 8
44 6 12
44 7 13
45 1 41
45 2 36
45 3 44
45 4 38
45 5 39
45 6 59
45 7 52
46 1 38
46 2 40
46 3 41
46 4 43
46 5 35
46 6 54
46 7 57
47 1 76
47 2 70
47 3 81
47 4 75
47 5 72
47 6 97
47 7 90
48 1 31
48 2 31
48 3 34
48 4 34
48 5 26
48 6 43
48 7 43
49 1 11
49 2 11
49 3 12
49 4 12
49 5 10
49 6 15
49 7 15
50 1 29
50 2 27
50 3 32
50 4 30
50 5 27
50 6 38
50 7 36
51 1 48
51 2 44
51 3 53
51 4 49
51 5 44
51 6 61
51 7 56
52 1 8
52 2 8
52 3 9
52 4 9
52 5 7
52 6 11
52 7 11
53 1 171
53 2 181
53 3 187
53 4 198
53 5 147
53 6 223
53 7 236
54 1 48
54 2 43
54 3 52
54 4 47
54 5 40
54 6 68
54 7 61
55 1 43
55 2 46
55 3 48
55 4 51
55 5 40
55 6 55
55 7 59
56 1 18
56 2 18
56 3 20
56 4 20
56 5 16
56 6 25
56 7 25
57 1 94
57 2 89
57 3 99
57 4 94
57 5 88
57 6 124
57 7 117
58 1 9
58 2 9
58 3 10
58 4 10
58 5 9
58 6 14
58 7 14
59 1 19
59 2 18
59 3 21
59 4 20
59 5 17
59 6 25
59 7 24
60 1 24
60 2 22
60 3 27
60 4 24
60 5 22
60 6 35
60 7 32
61 1 8
61 2 9
61 3 9
61 4 10
61 5 8
61 6 12
61 7 13
62 1 34
62 2 35
62 3 38
62 4 39
62 5 28
62 6 45
62 7 46
63 1 62
63 2 62
63 3 68
63 4 68
63 5 51
63 6 84
63 7 84
64 1 12
64 2 12
64 3 13
64 4 13
64 5 12
64 6 18
64 7 18
65 1 8
65 2 8
65 3 9
65 4 9
65 5 8
65 6 12
65 7 12
66 1 47
66 2 52
66 3 50
66 4 55
66 5 40
66 6 59
66 7 66
67 1 27
67 2 25
67 3 29
67 4 27
67 5 24
67 6 38
67 7 36
68 1 18
68 2 18
68 3 20
68 4 20
68 5 18
68 6 24
68 7 24
69 1 52
69 2 52
69 3 58
69 4 58
69 5 45
69 6 66
69 7 66
70 1 65
70 2 62
70 3 70
70 4 66
70 5 57
70 6 82
70 7 79
71 1 72
71 2 72
71 3 79
71 4 79
71 5 60
71 6 98
71 7 98
72 1 51
72 2 47
72 3 56
72 4 51
72 5 45
72 6 65
72 7 60
73 1 58
73 2 56
73 3 62
73 4 60
73 5 54
73 6 82
73 7 79
74 1 53
74 2 57
74 3 56
74 4 61
74 5 50
74 6 68
74 7 73
75 1 76
75 2 76
75 3 83
75 4 83
75 5 71
75 6 98
75 7 98
76 1 93
76 2 84
76 3 103
76 4 93
76 5 87
76 6 120
76 7 108
77 1 86
77 2 90
77 3 94
77 4 99
77 5 77
77 6 123
77 7 129
78 1 76
78 2 74
78 3 82
78 4 80
78 5 63
78 6 98
78 7 95
79 1 9
79 2 10
79 3 10
79 4 11
79 5 9
79 6 13
79 7 14
80 1 14
80 2 13
80 3 15
80 4 14
80 5 13
80 6 19
80 7 18
81 1 55
81 2 59
81 3 59
81 4 63
81 5 50
81 6 78
81 7 84
82 1 32
82 2 28
82 3 35
82 4 31
82 5 27
82 6 46
82 7 40
83 1 22
83 2 20
83 3 25
83 4 22
83 5 19
83 6 28
83 7 26
84 1 35
84 2 31
84 3 38
84 4 34
84 5 31
84 6 45
84 7 40
85 1 63
85 2 54
85 3 69
85 4 59
85 5 60
85 6 83
85 7 71
86 1 59
86 2 65
86 3 65
86 4 72
86 5 51
86 6 85
86 7 94
87 1 149
87 2 151
87 3 160
87 4 163
87 5 122
87 6 205
87 7 207
88 1 40
88 2 38
88 3 44
88 4 42
88 5 34
88 6 57
88 7 54
89 1 24
89 2 24
89 3 26
89 4 26
89 5 20
89 6 31
89 7 31
90 1 123
90 2 117
90 3 136
90 4 129
90 5 112
90 6 158
90 7 150
91 1 25
91 2 28
91 3 27
91 4 31
91 5 23
91 6 32
91 7 36
92 1 115
92 2 124
92 3 125
92 4 135
92 5 98
92 6 160
92 7 172
93 1 103
93 2 93
93 3 113
93 4 102
93 5 95
93 6 143
93 7 129
94 1 54
94 2 48
94 3 57
94 4 51
94 5 44
94 6 76
94 7 68

# Energy Consumption
1 1 0
1 2 35
1 3 0
1 4 37
1 5 22
1 6 0
1 7 30
2 1 0
2 2 11
2 3 0
2 4 10
2 5 6
2 6 0
2 7 9
3 1 0
3 2 4
3 3 0
3 4 4
3 5 3
3 6 0
3 7 3
4 1 0
4 2 8
4 3 0
4 4 5
4 5 3
4 6 0
4 7 5
5 1 0
5 2 20
5 3 0
5 4 17
5 5 11
5 6 0
5 7 14
6 1 0
6 2 15
6 3 0
6 4 13
6 5 10
6 6 0
6 7 12
7 1 0
7 2 15
7 3 0
7 4 11
7 5 7
7 6 0
7 7 11
8 1 0
8 2 15
8 3 0
8 4 13
8 5 8
8 6 0
8 7 10
9 1 0
9 2 9
9 3 0
9 4 8
9 5 5
9 6 0
9 7 6
10 1 0
10 2 7
10 3 0
10 4 7
10 5 4
10 6 0
10 7 5
11 1 0
11 2 30
11 3 0
11 4 24
11 5 16
11 6 0
11 7 21
12 1 0
12 2 23
12 3 0
12 4 24
12 5 15
12 6 0
12 7 17
13 1 0
13 2 15
13 3 0
13 4 12
13 5 9
13 6 0
13 7 11
14 1 0
14 2 17
14 3 0
14 4 13
14 5 10
14 6 0
14 7 11
15 1 0
15 2 5
15 3 0
15 4 4
15 5 2
15 6 0
15 7 3
16 1 0
16 2 4
16 3 0
16 4 3
16 5 2
16 6 0
16 7 3
17 1 0
17 2 3
17 3 0
17 4 3
17 5 2
17 6 0
17 7 3
18 1 0
18 2 5
18 3 0
18 4 5
18 5 3
18 6 0
18 7 4
19 1 0
19 2 3
19 3 0
19 4 2
19 5 2
19 6 0
19 7 2
20 1 0
20 2 4
20 3 0
20 4 4
20 5 3
20 6 0
20 7 3
21 1 0
21 2 15
21 3 0
21 4 12
21 5 8
21 6 0
21 7 12
22 1 0
22 2 10
22 3 0
22 4 9
22 5 6
22 6 0
22 7 8
23 1 0
23 2 6
23 3 0
23 4 5
23 5 3
23 6 0
23 7 4
24 1 0
24 2 3
24 3 0
24 4 3
24 5 2
24 6 0
24 7 2
25 1 0
25 2 5
25 3 0
25 4 5
25 5 3
25 6 0
25 7 4
26 1 0
26 2 9
26 3 0
26 4 8
26 5 4
26 6 0
26 7 5
27 1 0
27 2 5
27 3 0
27 4 4
27 5 3
27 6 0
27 7 4
28 1 0
28 2 4
28 3 0
28 4 4
28 5 3
28 6 0
28 7 3
29 1 0
29 2 4
29 3 0
29 4 4
29 5 3
29 6 0
29 7 3
30 1 0
30 2 5
30 3 0
30 4 4
30 5 3
30 6 0
30 7 3
31 1 0
31 2 15
31 3 0
31 4 11
31 5 7
31 6 0
31 7 11
32 1 0
32 2 6
32 3 0
32 4 4
32 5 3
32 6 0
32 7 4
33 1 0
33 2 4
33 3 0
33 4 3
33 5 3
33 6 0
33 7 3
34 1 0
34 2 6
34 3 0
34 4 5
34 5 3
34 6 0
34 7 4
35 1 0
35 2 17
35 3 0
35 4 14
35 5 9
35 6 0
35 7 11
36 1 0
36 2 2
36 3 0
36 4 2
36 5 2
36 6 0
36 7 2
37 1 0
37 2 18
37 3 0
37 4 16
37 5 9
37 6 0
37 7 12
38 1 0
38 2 2
38 3 0
38 4 3
38 5 2
38 6 0
38 7 2
39 1 0
39 2 7
39 3 0
39 4 5
39 5 3
39 6 0
39 7 4
40 1 0
40 2 19
40 3 0
40 4 14
40 5 10
40 6 0
40 7 12
41 1 0
41 2 8
41 3 0
41 4 7
41 5 4
41 6 0
41 7 6
42 1 0
42 2 17
42 3 0
42 4 16
42 5 10
42 6 0
42 7 13
43 1 0
43 2 6
43 3 0
43 4 7
43 5 4
43 6 0
43 7 6
44 1 0
44 2 3
44 3 0
44 4 3
44 5 2
44 6 0
44 7 2
45 1 0
45 2 10
45 3 0
45 4 7
45 5 6
45 6 0
45 7 8
46 1 0
46 2 12
46 3 0
46 4 9
46 5 5
46 6 0
46 7 9
47 1 0
47 2 17
47 3 0
47 4 16
47 5 12
47 6 0
47 7 13
48 1 0
48 2 10
48 3 0
48 4 7
48 5 5
48 6 0
48 7 6
49 1 0
49 2 3
49 3 0
49 4 3
49 5 2
49 6 0
49 7 3
50 1 0
50 2 8
50 3 0
50 4 7
50 5 5
50 6 0
50 7 6
51 1 0
51 2 13
51 3 0
51 4 11
51 5 7
51 6 0
51 7 8
52 1 0
52 2 3
52 3 0
52 4 2
52 5 2
52 6 0
52 7 2
53 1 0
53 2 52
53 3 0
53 4 41
53 5 23
53 6 0
53 7 33
54 1 0
54 2 11
54 3 0
54 4 10
54 5 7
54 6 0
54 7 9
55 1 0
55 2 14
55 3 0
55 4 10
55 5 7
55 6 0
55 7 9
56 1 0
56 2 6
56 3 0
56 4 5
56 5 3
56 6 0
56 7 4
57 1 0
57 2 22
57 3 0
57 4 20
57 5 13
57 6 0
57 7 17
58 1 0
58 2 3
58 3 0
58 4 2
58 5 2
58 6 0
58 7 3
59 1 0
59 2 5
59 3 0
59 4 4
59 5 3
59 6 0
59 7 4
60 1 0
60 2 6
60 3 0
60 4 5
60 5 4
60 6 0
60 7 5
61 1 0
61 2 3
61 3 0
61 4 3
61 5 2
61 6 0
61 7 2
62 1 0
62 2 9
62 3 0
62 4 8
62 5 4
62 6 0
62 7 6
63 1 0
63 2 15
63 3 0
63 4 14
63 5 8
63 6 0
63 7 13
64 1 0
64 2 4
64 3 0
64 4 3
64 5 2
64 6 0
64 7 3
65 1 0
65 2 2
65 3 0
65 4 2
65 5 2
65 6 0
65 7 2
66 1 0
66 2 12
66 3 0
66 4 10
66 5 6
66 6 0
66 7 9
67 1 0
67 2 7
67 3 0
67 4 6
67 5 4
67 6 0
67 7 5
68 1 0
68 2 5
68 3 0
68 4 4
68 5 3
68 6 0
68 7 4
69 1 0
69 2 13
69 3 0
69 4 11
69 5 7
69 6 0
69 7 9
70 1 0
70 2 18
70 3 0
70 4 13
70 5 9
70 6 0
70 7 11
71 1 0
71 2 17
71 3 0
71 4 16
71 5 9
71 6 0
71 7 15
72 1 0
72 2 14
72 3 0
72 4 10
72 5 8
72 6 0
72 7 9
73 1 0
73 2 14
73 3 0
73 4 13
73 5 9
73 6 0
73 7 12
74 1 0
74 2 13
74 3 0
74 4 12
74 5 8
74 6 0
74 7 11
75 1 0
75 2 18
75 3 0
75 4 17
75 5 11
75 6 0
75 7 15
76 1 0
76 2 22
76 3 0
76 4 19
76 5 14
76 6 0
76 7 15
77 1 0
77 2 26
77 3 0
77 4 22
77 5 11
77 6 0
77 7 19
78 1 0
78 2 22
78 3 0
78 4 16
78 5 10
78 6 0
78 7 14
79 1 0
79 2 3
79 3 0
79 4 2
79 5 2
79 6 0
79 7 2
80 1 0
80 2 4
80 3 0
80 4 3
80 5 2
80 6 0
80 7 3
81 1 0
81 2 15
81 3 0
81 4 14
81 5 8
81 6 0
81 7 12
82 1 0
82 2 7
82 3 0
82 4 6
82 5 5
82 6 0
82 7 6
83 1 0
83 2 6
83 3 0
83 4 5
83 5 3
83 6 0
83 7 4
84 1 0
84 2 8
84 3 0
84 4 8
84 5 5
84 6 0
84 7 5
85 1 0
85 2 16
85 3 0
85 4 12
85 5 10
85 6 0
85 7 10
86 1 0
86 2 17
86 3 0
86 4 14
86 5 8
86 6 0
86 7 13
87 1 0
87 2 46
87 3 0
87 4 32
87 5 18
87 6 0
87 7 27
88 1 0
88 2 9
88 3 0
88 4 10
88 5 5
88 6 0
88 7 7
89 1 0
89 2 7
89 3 0
89 4 6
89 5 4
89 6 0
89 7 4
90 1 0
90 2 35
90 3 0
90 4 27
90 5 17
90 6 0
90 7 23
91 1 0
91 2 9
91 3 0
91 4 7
91 5 4
91 6 0
91 7 6
92 1 0
92 2 30
92 3 0
92 4 30
92 5 14
92 6 0
92 7 25
93 1 0
93 2 24
93 3 0
93 4 21
93 5 14
93 6 0
93 7 19
94 1 0
94 2 11
94 3 0
94 4 11
94 5 7
94 6 0
94 7 9

# Precedence Relations
1 2
1 3
1 4
1 5
1 6
1 7
1 8
1 9
1 10
2 11
2 17
3 12
4 11
4 16
5 11
5 13
5 18
5 16
6 11
6 15
6 13
6 19
7 42
8 29
9 11
10 19
10 37
10 48
10 50
11 14
12 20
12 61
12 52
13 82
14 25
14 23
14 30
14 31
14 24
14 32
14 22
14 21
14 26
14 28
14 27
14 29
15 81
16 75
17 82
18 75
19 75
20 78
21 71
21 60
21 53
21 39
21 40
21 41
22 38
22 72
22 49
22 58
23 34
23 35
24 37
24 44
25 57
25 63
25 33
25 73
25 60
25 65
25 56
26 41
26 43
27 62
27 58
27 54
27 55
27 56
28 33
28 35
28 40
28 43
28 49
28 51
28 52
28 54
29 75
30 59
30 42
30 36
31 74
32 36
32 47
32 44
32 60
32 45
32 69
32 46
32 48
32 50
33 78
34 78
35 78
36 82
37 61
37 73
37 64
37 66
37 67
37 68
37 69
37 70
37 71
37 72
37 62
38 82
39 82
40 78
41 78
42 74
43 78
44 75
45 75
46 75
46 76
47 75
48 75
49 78
50 75
51 78
52 78
53 76
53 77
54 78
55 77
56 77
57 76
57 77
58 77
59 82
60 77
61 77
62 77
63 77
64 74
65 74
66 75
66 76
67 74
68 82
69 77
69 75
70 77
70 76
71 76
72 76
73 77
74 82
75 82
76 82
77 78
78 79
78 80
79 81
80 81
81 82
82 83
83 84
83 85
84 86
85 86
86 87
87 88
88 89
88 90
89 92
90 91
90 93
92 94

# Parameters
R_e = 0.0500
T = 234.0
C_s = 4.0
C_w = 36.0
C_c = 5.0
