# Tasks
1 2 3 4 5 6 7 8 9 10 11 12 13 14 15 16 17 18 19 20

# Workstations
1 2 3 4 5 6 7 8 9 10 11 12 13 14 15 16 17 18 19 20

# Modes
1 2 3 4 5 6 7

# Processing Times
1 1 570
1 2 487
1 3 627
1 4 536
1 5 535
1 6 801
1 7 684
2 1 504
2 2 430
2 3 554
2 4 473
2 5 473
2 6 708
2 7 604
3 1 232
3 2 198
3 3 255
3 4 218
3 5 218
3 6 326
3 7 279
4 1 336
4 2 287
4 3 370
4 4 316
4 5 315
4 6 472
4 7 404
5 1 724
5 2 618
5 3 796
5 4 680
5 5 679
5 6 1017
5 7 868
6 1 463
6 2 395
6 3 509
6 4 435
6 5 434
6 6 651
6 7 555
7 1 537
7 2 458
7 3 591
7 4 504
7 5 504
7 6 755
7 7 644
8 1 553
8 2 472
8 3 608
8 4 519
8 5 519
8 6 777
8 7 663
9 1 669
9 2 571
9 3 736
9 4 628
9 5 628
9 6 940
9 7 802
10 1 350
10 2 299
10 3 385
10 4 329
10 5 329
10 6 492
10 7 420
11 1 463
11 2 395
11 3 509
11 4 435
11 5 434
11 6 651
11 7 555
12 1 365
12 2 312
12 3 402
12 4 343
12 5 343
12 6 513
12 7 439
13 1 422
13 2 360
13 3 464
13 4 396
13 5 396
13 6 593
13 7 506
14 1 544
14 2 464
14 3 598
14 4 510
14 5 510
14 6 764
14 7 652
15 1 483
15 2 412
15 3 531
15 4 453
15 5 453
15 6 679
15 7 579
16 1 380
16 2 325
16 3 418
16 4 358
16 5 357
16 6 534
16 7 457
17 1 535
17 2 457
17 3 588
17 4 503
17 5 502
17 6 752
17 7 642
18 1 628
18 2 536
18 3 691
18 4 589
18 5 589
18 6 882
18 7 753
19 1 437
19 2 373
19 3 481
19 4 410
19 5 410
19 6 614
19 7 524
20 1 283
20 2 242
20 3 311
20 4 266
20 5 266
20 6 398
20 7 340

# Energy Consumption
1 1 0
1 2 108
1 3 0
1 4 117
1 5 86
1 6 0
1 7 98
2 1 0
2 2 116
2 3 0
2 4 104
2 5 73
2 6 0
2 7 85
3 1 0
3 2 44
3 3 0
3 4 43
3 5 32
3 6 0
3 7 35
4 1 0
4 2 86
4 3 0
4 4 61
4 5 46
4 6 0
4 7 52
5 1 0
5 2 156
5 3 0
5 4 138
5 5 109
5 6 0
5 7 116
6 1 0
6 2 96
6 3 0
6 4 82
6 5 69
6 6 0
6 7 77
7 1 0
7 2 132
7 3 0
7 4 101
7 5 78
7 6 0
7 7 96
8 1 0
8 2 122
8 3 0
8 4 107
8 5 82
8 6 0
8 7 85
9 1 0
9 2 155
9 3 0
9 4 135
9 5 98
9 6 0
9 7 99
10 1 0
10 2 74
10 3 0
10 4 73
10 5 51
10 6 0
10 7 54
11 1 0
11 2 101
11 3 0
11 4 80
11 5 61
11 6 0
11 7 78
12 1 0
12 2 71
12 3 0
12 4 76
12 5 53
12 6 0
12 7 57
13 1 0
13 2 96
13 3 0
13 4 75
13 5 61
13 6 0
13 7 71
14 1 0
14 2 126
14 3 0
14 4 99
14 5 82
14 6 0
14 7 86
15 1 0
15 2 114
15 3 0
15 4 98
15 5 70
15 6 0
15 7 76
16 1 0
16 2 92
16 3 0
16 4 69
16 5 57
16 6 0
16 7 65
17 1 0
17 2 112
17 3 0
17 4 104
17 5 79
17 6 0
17 7 95
18 1 0
18 2 143
18 3 0
18 4 119
18 5 91
18 6 0
18 7 93
19 1 0
19 2 84
19 3 0
19 4 81
19 5 61
19 6 0
19 7 64
20 1 0
20 2 60
20 3 0
20 4 56
20 5 39
20 6 0
20 7 47

# Precedence Relations
1 10
2 10
3 10
4 6
4 8
4 12
5 7
5 9
5 10
5 11
6 10
7 18
8 11
9 12
9 17
9 18
10 13
10 14
10 15
10 16
11 17
11 18
13 20
14 17
15 17
16 18
17 19
17 20
18 19

# Parameters
R_e = 0.0500
T = 1067.8500000000001
C_s = 4.0
C_w = 36.0
C_c = 5.0
