# Tasks
1 2 3 4 5 6 7 8 9 10 11 12 13 14 15 16 17 18 19 20 21 22 23 24 25 26 27 28 29 30 31 32 33 34 35 36 37 38 39 40 41 42 43 44 45 46 47 48 49 50

# Workstations
1 2 3 4 5 6 7 8 9 10 11 12 13 14 15 16 17 18 19 20 21 22 23 24 25 26 27 28 29 30 31 32 33 34 35 36 37 38 39 40 41 42 43 44 45 46 47 48 49 50

# Modes
1 2 3 4 5 6 7

# Processing Times
1 1 68
1 2 104
1 3 70
1 4 107
1 5 27
1 6 93
1 7 142
2 1 348
2 2 453
2 3 356
2 4 463
2 5 150
2 6 443
2 7 577
3 1 107
3 2 164
3 3 112
3 4 171
3 5 44
3 6 155
3 7 238
4 1 110
4 2 154
4 3 105
4 4 147
4 5 42
4 6 144
4 7 202
5 1 49
5 2 72
5 3 48
5 4 70
5 5 22
5 6 65
5 7 96
6 1 124
6 2 155
6 3 120
6 4 150
6 5 47
6 6 174
6 7 217
7 1 197
7 2 244
7 3 206
7 4 255
7 5 77
7 6 267
7 7 331
8 1 289
8 2 386
8 3 287
8 4 383
8 5 117
8 6 371
8 7 495
9 1 76
9 2 119
9 3 75
9 4 117
9 5 27
9 6 102
9 7 159
10 1 163
10 2 217
10 3 165
10 4 219
10 5 58
10 6 227
10 7 302
11 1 193
11 2 281
11 3 195
11 4 283
11 5 71
11 6 251
11 7 365
12 1 34
12 2 50
12 3 34
12 4 50
12 5 11
12 6 47
12 7 69
13 1 208
13 2 308
13 3 217
13 4 321
13 5 81
13 6 277
13 7 410
14 1 148
14 2 234
14 3 142
14 4 224
14 5 62
14 6 198
14 7 313
15 1 197
15 2 296
15 3 206
15 4 309
15 5 87
15 6 262
15 7 394
16 1 129
16 2 196
16 3 128
16 4 194
16 5 47
16 6 173
16 7 263
17 1 187
17 2 294
17 3 187
17 4 294
17 5 75
17 6 267
17 7 420
18 1 105
18 2 144
18 3 107
18 4 147
18 5 44
18 6 133
18 7 183
19 1 114
19 2 174
19 3 117
19 4 178
19 5 48
19 6 159
19 7 242
20 1 24
20 2 35
20 3 25
20 4 36
20 5 10
20 6 33
20 7 48
21 1 200
21 2 313
21 3 204
21 4 319
21 5 75
21 6 290
21 7 453
22 1 132
22 2 190
22 3 131
22 4 188
22 5 55
22 6 167
22 7 240
23 1 184
23 2 249
23 3 177
23 4 240
23 5 61
23 6 263
23 7 355
24 1 307
24 2 476
24 3 293
24 4 453
24 5 126
24 6 435
24 7 674
25 1 266
25 2 353
25 3 262
25 4 347
25 5 111
25 6 371
25 7 493
26 1 96
26 2 119
26 3 92
26 4 114
26 5 36
26 6 126
26 7 156
27 1 262
27 2 330
27 3 262
27 4 330
27 5 108
27 6 376
27 7 474
28 1 122
28 2 190
28 3 125
28 4 194
28 5 46
28 6 153
28 7 239
29 1 65
29 2 101
29 3 63
29 4 98
29 5 25
29 6 92
29 7 143
30 1 271
30 2 381
30 3 273
30 4 384
30 5 112
30 6 376
30 7 529
31 1 202
31 2 301
31 3 211
31 4 314
31 5 63
31 6 266
31 7 396
32 1 26
32 2 34
32 3 26
32 4 34
32 5 11
32 6 36
32 7 48
33 1 57
33 2 75
33 3 56
33 4 73
33 5 21
33 6 76
33 7 99
34 1 220
34 2 327
34 3 217
34 4 322
34 5 86
34 6 295
34 7 438
35 1 119
35 2 146
35 3 119
35 4 146
35 5 37
35 6 167
35 7 205
36 1 198
36 2 259
36 3 208
36 4 272
36 5 80
36 6 274
36 7 359
37 1 253
37 2 354
37 3 259
37 4 362
37 5 105
37 6 366
37 7 512
38 1 209
38 2 309
38 3 216
38 4 319
38 5 81
38 6 277
38 7 409
39 1 110
39 2 142
39 3 106
39 4 136
39 5 40
39 6 139
39 7 179
40 1 33
40 2 46
40 3 33
40 4 46
40 5 13
40 6 45
40 7 63
41 1 93
41 2 134
41 3 90
41 4 130
41 5 34
41 6 118
41 7 170
42 1 66
42 2 100
42 3 69
42 4 105
42 5 28
42 6 91
42 7 138
43 1 93
43 2 129
43 3 91
43 4 126
43 5 30
43 6 127
43 7 176
44 1 58
44 2 79
44 3 57
44 4 78
44 5 18
44 6 77
44 7 104
45 1 223
45 2 310
45 3 222
45 4 308
45 5 89
45 6 312
45 7 433
46 1 40
46 2 50
46 3 41
46 4 51
46 5 15
46 6 57
46 7 71
47 1 298
47 2 398
47 3 297
47 4 396
47 5 94
47 6 389
47 7 520
48 1 239
48 2 338
48 3 251
48 4 355
48 5 79
48 6 326
48 7 461
49 1 170
49 2 215
49 3 168
49 4 213
49 5 52
49 6 235
49 7 297
50 1 27
50 2 39
50 3 26
50 4 38
50 5 12
50 6 38
50 7 55

# Energy Consumption
1 1 0
1 2 24
1 3 0
1 4 22
1 5 4
1 6 0
1 7 20
2 1 0
2 2 101
2 3 0
2 4 94
2 5 22
2 6 0
2 7 75
3 1 0
3 2 48
3 3 0
3 4 32
3 5 7
3 6 0
3 7 29
4 1 0
4 2 37
4 3 0
4 4 32
4 5 7
4 6 0
4 7 28
5 1 0
5 2 20
5 3 0
5 4 14
5 5 4
5 6 0
5 7 14
6 1 0
6 2 43
6 3 0
6 4 32
6 5 7
6 6 0
6 7 29
7 1 0
7 2 67
7 3 0
7 4 56
7 5 12
7 6 0
7 7 44
8 1 0
8 2 106
8 3 0
8 4 83
8 5 18
8 6 0
8 7 62
9 1 0
9 2 29
9 3 0
9 4 22
9 5 4
9 6 0
9 7 21
10 1 0
10 2 55
10 3 0
10 4 43
10 5 9
10 6 0
10 7 43
11 1 0
11 2 81
11 3 0
11 4 52
11 5 10
11 6 0
11 7 51
12 1 0
12 2 13
12 3 0
12 4 11
12 5 2
12 6 0
12 7 9
13 1 0
13 2 78
13 3 0
13 4 67
13 5 13
13 6 0
13 7 56
14 1 0
14 2 56
14 3 0
14 4 43
14 5 10
14 6 0
14 7 47
15 1 0
15 2 81
15 3 0
15 4 60
15 5 13
15 6 0
15 7 57
16 1 0
16 2 45
16 3 0
16 4 38
16 5 8
16 6 0
16 7 32
17 1 0
17 2 87
17 3 0
17 4 56
17 5 11
17 6 0
17 7 61
18 1 0
18 2 35
18 3 0
18 4 33
18 5 7
18 6 0
18 7 23
19 1 0
19 2 50
19 3 0
19 4 35
19 5 8
19 6 0
19 7 35
20 1 0
20 2 11
20 3 0
20 4 8
20 5 2
20 6 0
20 7 6
21 1 0
21 2 79
21 3 0
21 4 63
21 5 12
21 6 0
21 7 60
22 1 0
22 2 44
22 3 0
22 4 35
22 5 8
22 6 0
22 7 36
23 1 0
23 2 60
23 3 0
23 4 45
23 5 9
23 6 0
23 7 45
24 1 0
24 2 116
24 3 0
24 4 82
24 5 20
24 6 0
24 7 84
25 1 0
25 2 88
25 3 0
25 4 64
25 5 18
25 6 0
25 7 67
26 1 0
26 2 27
26 3 0
26 4 25
26 5 6
26 6 0
26 7 19
27 1 0
27 2 94
27 3 0
27 4 61
27 5 17
27 6 0
27 7 66
28 1 0
28 2 52
28 3 0
28 4 35
28 5 7
28 6 0
28 7 29
29 1 0
29 2 29
29 3 0
29 4 19
29 5 4
29 6 0
29 7 20
30 1 0
30 2 112
30 3 0
30 4 80
30 5 17
30 6 0
30 7 73
31 1 0
31 2 77
31 3 0
31 4 60
31 5 11
31 6 0
31 7 49
32 1 0
32 2 10
32 3 0
32 4 7
32 5 2
32 6 0
32 7 7
33 1 0
33 2 18
33 3 0
33 4 14
33 5 4
33 6 0
33 7 15
34 1 0
34 2 84
34 3 0
34 4 66
34 5 14
34 6 0
34 7 58
35 1 0
35 2 39
35 3 0
35 4 27
35 5 6
35 6 0
35 7 26
36 1 0
36 2 59
36 3 0
36 4 50
36 5 12
36 6 0
36 7 46
37 1 0
37 2 98
37 3 0
37 4 78
37 5 16
37 6 0
37 7 75
38 1 0
38 2 81
38 3 0
38 4 70
38 5 12
38 6 0
38 7 51
39 1 0
39 2 34
39 3 0
39 4 27
39 5 6
39 6 0
39 7 22
40 1 0
40 2 12
40 3 0
40 4 10
40 5 2
40 6 0
40 7 10
41 1 0
41 2 40
41 3 0
41 4 29
41 5 6
41 6 0
41 7 24
42 1 0
42 2 28
42 3 0
42 4 21
42 5 5
42 6 0
42 7 17
43 1 0
43 2 39
43 3 0
43 4 27
43 5 5
43 6 0
43 7 26
44 1 0
44 2 23
44 3 0
44 4 16
44 5 3
44 6 0
44 7 15
45 1 0
45 2 80
45 3 0
45 4 65
45 5 14
45 6 0
45 7 57
46 1 0
46 2 13
46 3 0
46 4 10
46 5 3
46 6 0
46 7 10
47 1 0
47 2 109
47 3 0
47 4 73
47 5 14
47 6 0
47 7 63
48 1 0
48 2 91
48 3 0
48 4 76
48 5 13
48 6 0
48 7 66
49 1 0
49 2 53
49 3 0
49 4 40
49 5 8
49 6 0
49 7 42
50 1 0
50 2 11
50 3 0
50 4 8
50 5 2
50 6 0
50 7 9

# Precedence Relations
1 9
2 8
2 12
3 7
3 11
4 6
5 10
5 16
6 32
7 32
8 13
9 14
10 23
11 15
12 16
12 17
12 18
12 19
13 21
14 20
15 22
15 23
15 26
18 24
18 25
20 32
21 27
22 28
24 31
25 29
26 30
27 32
28 34
29 33
29 35
30 36
30 37
32 38
32 39
32 40
32 41
33 43
34 42
35 44
37 45
38 48
41 49
42 46
43 47
45 48
45 50

# Parameters
R_e = 0.0500
T = 1000.0
C_s = 4.0
C_w = 36.0
C_c = 5.0
