# Tasks
1 2 3 4 5 6 7 8 9 10 11 12 13 14 15 16 17 18 19 20

# Workstations
1 2 3 4 5 6 7 8 9 10 11 12 13 14 15 16 17 18 19 20

# Modes
1 2 3 4 5 6 7

# Processing Times
1 1 209
1 2 266
1 3 190
1 4 242
1 5 195
1 6 249
1 7 317
2 1 93
2 2 118
2 3 85
2 4 108
2 5 87
2 6 111
2 7 141
3 1 197
3 2 250
3 3 179
3 4 227
3 5 184
3 6 235
3 7 297
4 1 223
4 2 283
4 3 203
4 4 257
4 5 209
4 6 265
4 7 337
5 1 75
5 2 96
5 3 69
5 4 88
5 5 70
5 6 90
5 7 115
6 1 92
6 2 117
6 3 84
6 4 107
6 5 86
6 6 110
6 7 139
7 1 36
7 2 46
7 3 33
7 4 42
7 5 34
7 6 43
7 7 55
8 1 27
8 2 35
8 3 25
8 4 32
8 5 26
8 6 33
8 7 42
9 1 26
9 2 33
9 3 24
9 4 30
9 5 25
9 6 31
9 7 40
10 1 114
10 2 145
10 3 104
10 4 132
10 5 107
10 6 136
10 7 173
11 1 128
11 2 163
11 3 117
11 4 148
11 5 120
11 6 153
11 7 194
12 1 229
12 2 291
12 3 208
12 4 265
12 5 214
12 6 273
12 7 346
13 1 383
13 2 486
13 3 348
13 4 441
13 5 358
13 6 456
13 7 578
14 1 113
14 2 144
14 3 103
14 4 131
14 5 106
14 6 135
14 7 172
15 1 217
15 2 276
15 3 197
15 4 251
15 5 203
15 6 258
15 7 328
16 1 306
16 2 389
16 3 278
16 4 353
16 5 286
16 6 364
16 7 463
17 1 50
17 2 64
17 3 46
17 4 59
17 5 47
17 6 60
17 7 77
18 1 125
18 2 159
18 3 114
18 4 145
18 5 117
18 6 149
18 7 189
19 1 68
19 2 87
19 3 62
19 4 79
19 5 64
19 6 81
19 7 104
20 1 120
20 2 153
20 3 109
20 4 139
20 5 112
20 6 143
20 7 182

# Energy Consumption
1 1 0
1 2 63
1 3 0
1 4 53
1 5 30
1 6 0
1 7 44
2 1 0
2 2 29
2 3 0
2 4 23
2 5 13
2 6 0
2 7 21
3 1 0
3 2 71
3 3 0
3 4 42
3 5 26
3 6 0
3 7 41
4 1 0
4 2 80
4 3 0
4 4 54
4 5 32
4 6 0
4 7 47
5 1 0
5 2 25
5 3 0
5 4 17
5 5 11
5 6 0
5 7 17
6 1 0
6 2 29
6 3 0
6 4 22
6 5 14
6 6 0
6 7 21
7 1 0
7 2 12
7 3 0
7 4 9
7 5 6
7 6 0
7 7 8
8 1 0
8 2 9
8 3 0
8 4 7
8 5 4
8 6 0
8 7 7
9 1 0
9 2 10
9 3 0
9 4 7
9 5 4
9 6 0
9 7 6
10 1 0
10 2 38
10 3 0
10 4 29
10 5 16
10 6 0
10 7 26
11 1 0
11 2 48
11 3 0
11 4 30
11 5 19
11 6 0
11 7 25
12 1 0
12 2 73
12 3 0
12 4 57
12 5 32
12 6 0
12 7 51
13 1 0
13 2 132
13 3 0
13 4 95
13 5 52
13 6 0
13 7 78
14 1 0
14 2 33
14 3 0
14 4 29
14 5 16
14 6 0
14 7 23
15 1 0
15 2 66
15 3 0
15 4 53
15 5 31
15 6 0
15 7 48
16 1 0
16 2 86
16 3 0
16 4 78
16 5 45
16 6 0
16 7 58
17 1 0
17 2 19
17 3 0
17 4 11
17 5 8
17 6 0
17 7 11
18 1 0
18 2 47
18 3 0
18 4 28
18 5 18
18 6 0
18 7 28
19 1 0
19 2 21
19 3 0
19 4 15
19 5 10
19 6 0
19 7 14
20 1 0
20 2 37
20 3 0
20 4 29
20 5 17
20 6 0
20 7 27

# Precedence Relations
1 10
2 10
4 9
6 7
6 8
7 10
8 10
9 11
9 12
9 13
9 14
10 15
10 16
10 17
10 18
10 19
18 20

# Parameters
R_e = 0.0500
T = 1000.0
C_s = 4.0
C_w = 36.0
C_c = 5.0
