# Tasks
1 2 3 4 5 6 7 8 9 10 11 12 13 14 15 16 17 18 19 20

# Workstations
1 2 3 4 5 6 7 8 9 10 11 12 13 14 15 16 17 18 19 20

# Modes
1 2 3 4 5 6 7

# Processing Times
1 1 142
1 2 185
1 3 155
1 4 201
1 5 92
1 6 153
1 7 200
2 1 34
2 2 45
2 3 37
2 4 49
2 5 23
2 6 37
2 7 49
3 1 140
3 2 182
3 3 153
3 4 198
3 5 91
3 6 151
3 7 197
4 1 214
4 2 278
4 3 233
4 4 302
4 5 139
4 6 231
4 7 300
5 1 121
5 2 157
5 3 132
5 4 171
5 5 79
5 6 131
5 7 170
6 1 279
6 2 362
6 3 304
6 4 394
6 5 181
6 6 301
6 7 390
7 1 50
7 2 65
7 3 55
7 4 71
7 5 33
7 6 54
7 7 71
8 1 282
8 2 366
8 3 307
8 4 398
8 5 183
8 6 304
8 7 395
9 1 129
9 2 168
9 3 141
9 4 183
9 5 84
9 6 139
9 7 181
10 1 175
10 2 228
10 3 191
10 4 248
10 5 114
10 6 189
10 7 246
11 1 97
11 2 126
11 3 106
11 4 137
11 5 63
11 6 105
11 7 136
12 1 132
12 2 172
12 3 144
12 4 187
12 5 86
12 6 143
12 7 186
13 1 107
13 2 139
13 3 117
13 4 151
13 5 70
13 6 116
13 7 150
14 1 132
14 2 172
14 3 144
14 4 187
14 5 86
14 6 143
14 7 186
15 1 69
15 2 90
15 3 75
15 4 98
15 5 45
15 6 75
15 7 97
16 1 169
16 2 220
16 3 184
16 4 239
16 5 110
16 6 183
16 7 237
17 1 73
17 2 95
17 3 80
17 4 104
17 5 48
17 6 79
17 7 103
18 1 231
18 2 300
18 3 251
18 4 326
18 5 150
18 6 249
18 7 324
19 1 120
19 2 156
19 3 131
19 4 170
19 5 78
19 6 130
19 7 169
20 1 186
20 2 242
20 3 203
20 4 263
20 5 121
20 6 201
20 7 261

# Energy Consumption
1 1 0
1 2 45
1 3 0
1 4 42
1 5 15
1 6 0
1 7 29
2 1 0
2 2 12
2 3 0
2 4 10
2 5 4
2 6 0
2 7 7
3 1 0
3 2 51
3 3 0
3 4 39
3 5 15
3 6 0
3 7 27
4 1 0
4 2 70
4 3 0
4 4 67
4 5 20
4 6 0
4 7 44
5 1 0
5 2 39
5 3 0
5 4 36
5 5 13
5 6 0
5 7 24
6 1 0
6 2 80
6 3 0
6 4 84
6 5 28
6 6 0
6 7 54
7 1 0
7 2 15
7 3 0
7 4 16
7 5 5
7 6 0
7 7 11
8 1 0
8 2 93
8 3 0
8 4 84
8 5 27
8 6 0
8 7 56
9 1 0
9 2 45
9 3 0
9 4 39
9 5 14
9 6 0
9 7 28
10 1 0
10 2 66
10 3 0
10 4 52
10 5 18
10 6 0
10 7 35
11 1 0
11 2 28
11 3 0
11 4 26
11 5 10
11 6 0
11 7 20
12 1 0
12 2 44
12 3 0
12 4 41
12 5 13
12 6 0
12 7 26
13 1 0
13 2 34
13 3 0
13 4 31
13 5 11
13 6 0
13 7 21
14 1 0
14 2 51
14 3 0
14 4 38
14 5 14
14 6 0
14 7 25
15 1 0
15 2 23
15 3 0
15 4 19
15 5 7
15 6 0
15 7 12
16 1 0
16 2 63
16 3 0
16 4 51
16 5 17
16 6 0
16 7 31
17 1 0
17 2 26
17 3 0
17 4 23
17 5 8
17 6 0
17 7 14
18 1 0
18 2 73
18 3 0
18 4 66
18 5 23
18 6 0
18 7 41
19 1 0
19 2 43
19 3 0
19 4 35
19 5 13
19 6 0
19 7 26
20 1 0
20 2 62
20 3 0
20 4 58
20 5 19
20 6 0
20 7 33

# Precedence Relations
1 6
2 7
4 8
5 9
6 10
7 11
8 12
10 13
11 13
12 14
12 15
13 16
13 17
13 18
14 20
15 19

# Parameters
R_e = 0.0500
T = 1000.0
C_s = 4.0
C_w = 36.0
C_c = 5.0
