# Tasks
1 2 3 4 5 6 7 8 9 10 11 12 13 14 15 16 17 18 19 20

# Workstations
1 2 3 4 5 6 7 8 9 10 11 12 13 14 15 16 17 18 19 20

# Modes
1 2 3 4 5 6 7

# Processing Times
1 1 88
1 2 115
1 3 96
1 4 125
1 5 57
1 6 95
1 7 124
2 1 95
2 2 124
2 3 104
2 4 135
2 5 62
2 6 103
2 7 134
3 1 105
3 2 137
3 3 115
3 4 149
3 5 68
3 6 114
3 7 148
4 1 140
4 2 182
4 3 153
4 4 198
4 5 91
4 6 151
4 7 197
5 1 114
5 2 148
5 3 124
5 4 161
5 5 74
5 6 123
5 7 160
6 1 123
6 2 160
6 3 134
6 4 174
6 5 80
6 6 133
6 7 173
7 1 250
7 2 325
7 3 272
7 4 353
7 5 162
7 6 270
7 7 351
8 1 90
8 2 117
8 3 98
8 4 128
8 5 59
8 6 97
8 7 127
9 1 61
9 2 80
9 3 67
9 4 87
9 5 40
9 6 66
9 7 87
10 1 107
10 2 139
10 3 117
10 4 151
10 5 70
10 6 116
10 7 150
11 1 68
11 2 89
11 3 74
11 4 97
11 5 45
11 6 74
11 7 96
12 1 155
12 2 202
12 3 169
12 4 220
12 5 101
12 6 167
12 7 218
13 1 142
13 2 185
13 3 155
13 4 201
13 5 92
13 6 153
13 7 200
14 1 21
14 2 28
14 3 23
14 4 31
14 5 14
14 6 23
14 7 31
15 1 106
15 2 138
15 3 116
15 4 150
15 5 69
15 6 115
15 7 149
16 1 67
16 2 87
16 3 73
16 4 95
16 5 44
16 6 73
16 7 94
17 1 52
17 2 68
17 3 57
17 4 74
17 5 34
17 6 57
17 7 74
18 1 55
18 2 72
18 3 60
18 4 79
18 5 36
18 6 60
18 7 78
19 1 51
19 2 67
19 3 56
19 4 73
19 5 34
19 6 55
19 7 73
20 1 82
20 2 107
20 3 90
20 4 117
20 5 54
20 6 89
20 7 116

# Energy Consumption
1 1 0
1 2 28
1 3 0
1 4 26
1 5 9
1 6 0
1 7 18
2 1 0
2 2 32
2 3 0
2 4 27
2 5 10
2 6 0
2 7 19
3 1 0
3 2 39
3 3 0
3 4 30
3 5 11
3 6 0
3 7 21
4 1 0
4 2 46
4 3 0
4 4 44
4 5 13
4 6 0
4 7 29
5 1 0
5 2 36
5 3 0
5 4 34
5 5 12
5 6 0
5 7 22
6 1 0
6 2 36
6 3 0
6 4 37
6 5 13
6 6 0
6 7 24
7 1 0
7 2 73
7 3 0
7 4 77
7 5 24
7 6 0
7 7 50
8 1 0
8 2 30
8 3 0
8 4 27
8 5 9
8 6 0
8 7 18
9 1 0
9 2 22
9 3 0
9 4 19
9 5 7
9 6 0
9 7 14
10 1 0
10 2 40
10 3 0
10 4 32
10 5 11
10 6 0
10 7 22
11 1 0
11 2 20
11 3 0
11 4 18
11 5 7
11 6 0
11 7 14
12 1 0
12 2 52
12 3 0
12 4 49
12 5 15
12 6 0
12 7 30
13 1 0
13 2 45
13 3 0
13 4 41
13 5 14
13 6 0
13 7 28
14 1 0
14 2 9
14 3 0
14 4 7
14 5 3
14 6 0
14 7 5
15 1 0
15 2 36
15 3 0
15 4 28
15 5 11
15 6 0
15 7 19
16 1 0
16 2 25
16 3 0
16 4 21
16 5 7
16 6 0
16 7 13
17 1 0
17 2 19
17 3 0
17 4 17
17 5 6
17 6 0
17 7 10
18 1 0
18 2 18
18 3 0
18 4 16
18 5 6
18 6 0
18 7 10
19 1 0
19 2 19
19 3 0
19 4 15
19 5 6
19 6 0
19 7 11
20 1 0
20 2 28
20 3 0
20 4 26
20 5 9
20 6 0
20 7 15

# Precedence Relations
1 4
2 6
3 5
3 6
4 7
5 7
5 8
6 7
7 9
7 11
7 12
8 10
8 11
8 20
9 13
10 16
12 14
12 15
12 19
13 17
14 20
15 18
16 19

# Parameters
R_e = 0.0500
T = 1000.0
C_s = 4.0
C_w = 36.0
C_c = 5.0
