# Tasks
1 2 3 4 5 6 7 8 9 10 11 12 13 14 15 16 17 18 19 20

# Workstations
1 2 3 4 5 6 7 8 9 10 11 12 13 14 15 16 17 18 19 20

# Modes
1 2 3 4 5 6 7

# Processing Times
1 1 471
1 2 486
1 3 457
1 4 471
1 5 302
1 6 578
1 7 596
2 1 570
2 2 574
2 3 593
2 4 597
2 5 347
2 6 658
2 7 663
3 1 335
3 2 343
3 3 326
3 4 334
3 5 211
3 6 372
3 7 381
4 1 590
4 2 507
4 3 603
4 4 518
4 5 330
4 6 705
4 7 606
5 1 564
5 2 486
5 3 553
5 4 476
5 5 379
5 6 655
5 7 564
6 1 599
6 2 651
6 3 607
6 4 659
6 5 364
6 6 715
6 7 777
7 1 494
7 2 449
7 3 514
7 4 467
7 5 313
7 6 615
7 7 559
8 1 547
8 2 531
8 3 545
8 4 529
8 5 338
8 6 609
8 7 592
9 1 714
9 2 638
9 3 721
9 4 644
9 5 457
9 6 790
9 7 706
10 1 524
10 2 505
10 3 504
10 4 486
10 5 347
10 6 647
10 7 623
11 1 646
11 2 559
11 3 622
11 4 538
11 5 438
11 6 803
11 7 695
12 1 564
12 2 620
12 3 584
12 4 642
12 5 369
12 6 655
12 7 720
13 1 314
13 2 324
13 3 325
13 4 335
13 5 181
13 6 347
13 7 358
14 1 372
14 2 385
14 3 380
14 4 393
14 5 249
14 6 425
14 7 440
15 1 653
15 2 615
15 3 674
15 4 635
15 5 443
15 6 753
15 7 709
16 1 732
16 2 748
16 3 707
16 4 722
16 5 418
16 6 903
16 7 923
17 1 471
17 2 456
17 3 493
17 4 477
17 5 325
17 6 580
17 7 562
18 1 281
18 2 300
18 3 269
18 4 287
18 5 158
18 6 346
18 7 369
19 1 381
19 2 333
19 3 399
19 4 349
19 5 266
19 6 460
19 7 402
20 1 638
20 2 641
20 3 664
20 4 667
20 5 443
20 6 748
20 7 751

# Energy Consumption
1 1 0
1 2 128
1 3 0
1 4 91
1 5 48
1 6 0
1 7 73
2 1 0
2 2 139
2 3 0
2 4 130
2 5 52
2 6 0
2 7 82
3 1 0
3 2 89
3 3 0
3 4 70
3 5 32
3 6 0
3 7 56
4 1 0
4 2 150
4 3 0
4 4 99
4 5 50
4 6 0
4 7 84
5 1 0
5 2 114
5 3 0
5 4 94
5 5 57
5 6 0
5 7 73
6 1 0
6 2 157
6 3 0
6 4 132
6 5 57
6 6 0
6 7 97
7 1 0
7 2 100
7 3 0
7 4 88
7 5 46
7 6 0
7 7 70
8 1 0
8 2 157
8 3 0
8 4 110
8 5 54
8 6 0
8 7 87
9 1 0
9 2 173
9 3 0
9 4 141
9 5 73
9 6 0
9 7 95
10 1 0
10 2 141
10 3 0
10 4 100
10 5 53
10 6 0
10 7 80
11 1 0
11 2 146
11 3 0
11 4 102
11 5 65
11 6 0
11 7 98
12 1 0
12 2 163
12 3 0
12 4 133
12 5 59
12 6 0
12 7 94
13 1 0
13 2 93
13 3 0
13 4 72
13 5 27
13 6 0
13 7 48
14 1 0
14 2 114
14 3 0
14 4 78
14 5 37
14 6 0
14 7 66
15 1 0
15 2 183
15 3 0
15 4 121
15 5 66
15 6 0
15 7 103
16 1 0
16 2 190
16 3 0
16 4 154
16 5 63
16 6 0
16 7 131
17 1 0
17 2 120
17 3 0
17 4 99
17 5 47
17 6 0
17 7 73
18 1 0
18 2 81
18 3 0
18 4 56
18 5 26
18 6 0
18 7 53
19 1 0
19 2 76
19 3 0
19 4 70
19 5 40
19 6 0
19 7 57
20 1 0
20 2 176
20 3 0
20 4 135
20 5 69
20 6 0
20 7 94

# Precedence Relations
1 5
1 6
2 5
3 4
4 14
5 7
5 8
5 9
7 10
7 11
8 12
8 13
10 14
11 14
12 14
13 15
14 16
14 17
14 18
14 19
14 20

# Parameters
R_e = 0.0500
T = 1000.0
C_s = 4.0
C_w = 36.0
C_c = 5.0
