# Tasks
1 2 3 4 5 6 7 8 9 10 11 12 13 14 15 16 17 18 19 20 21 22 23 24 25 26 27 28 29 30 31 32 33 34 35 36 37 38 39 40 41 42 43 44 45 46 47 48 49 50 51 52 53 54 55 56 57 58 59 60 61 62 63 64 65 66 67 68 69 70 71 72 73 74 75 76 77 78 79 80 81 82 83 84 85 86 87 88 89 90 91 92 93 94

# Workstations
1 2 3 4 5 6 7 8 9 10 11 12 13 14 15 16 17 18 19 20 21 22 23 24 25 26 27 28 29 30 31 32 33 34 35 36 37 38 39 40 41 42 43 44 45 46 47 48 49 50 51 52 53 54 55 56 57 58 59 60 61 62 63 64 65 66 67 68 69 70 71 72 73 74 75 76 77 78 79 80 81 82 83 84 85 86 87 88 89 90 91 92 93 94

# Modes
1 2 3 4 5 6 7

# Processing Times
1 1 158
1 2 205
1 3 172
1 4 223
1 5 103
1 6 171
1 7 221
2 1 42
2 2 55
2 3 46
2 4 60
2 5 28
2 6 46
2 7 60
3 1 17
3 2 23
3 3 19
3 4 25
3 5 12
3 6 19
3 7 25
4 1 24
4 2 32
4 3 27
4 4 35
4 5 16
4 6 26
4 7 35
5 1 71
5 2 93
5 3 78
5 4 102
5 5 46
5 6 77
5 7 101
6 1 66
6 2 86
6 3 72
6 4 94
6 5 43
6 6 72
6 7 93
7 1 50
7 2 65
7 3 55
7 4 71
7 5 33
7 6 54
7 7 71
8 1 55
8 2 72
8 3 60
8 4 79
8 5 36
8 6 60
8 7 78
9 1 30
9 2 39
9 3 33
9 4 43
9 5 20
9 6 33
9 7 43
10 1 28
10 2 37
10 3 31
10 4 41
10 5 19
10 6 31
10 7 40
11 1 113
11 2 147
11 3 123
11 4 160
11 5 74
11 6 122
11 7 159
12 1 114
12 2 148
12 3 124
12 4 161
12 5 74
12 6 123
12 7 160
13 1 57
13 2 74
13 3 62
13 4 81
13 5 37
13 6 62
13 7 80
14 1 65
14 2 85
14 3 71
14 4 93
14 5 43
14 6 71
14 7 92
15 1 15
15 2 20
15 3 17
15 4 22
15 5 10
15 6 17
15 7 22
16 1 11
16 2 15
16 3 12
16 4 17
16 5 8
16 6 12
16 7 17
17 1 10
17 2 13
17 3 11
17 4 15
17 5 7
17 6 11
17 7 15
18 1 19
18 2 25
18 3 21
18 4 28
18 5 13
18 6 21
18 7 27
19 1 8
19 2 11
19 3 9
19 4 12
19 5 6
19 6 9
19 7 12
20 1 17
20 2 23
20 3 19
20 4 25
20 5 12
20 6 19
20 7 25
21 1 57
21 2 74
21 3 62
21 4 81
21 5 37
21 6 62
21 7 80
22 1 40
22 2 52
22 3 44
22 4 57
22 5 26
22 6 44
22 7 57
23 1 17
23 2 23
23 3 19
23 4 25
23 5 12
23 6 19
23 7 25
24 1 11
24 2 15
24 3 12
24 4 17
24 5 8
24 6 12
24 7 17
25 1 17
25 2 23
25 3 19
25 4 25
25 5 12
25 6 19
25 7 25
26 1 27
26 2 36
26 3 30
26 4 40
26 5 18
26 6 30
26 7 39
27 1 17
27 2 23
27 3 19
27 4 25
27 5 12
27 6 19
27 7 25
28 1 18
28 2 24
28 3 20
28 4 27
28 5 12
28 6 20
28 7 26
29 1 16
29 2 21
29 3 18
29 4 23
29 5 11
29 6 18
29 7 23
30 1 18
30 2 24
30 3 20
30 4 27
30 5 12
30 6 20
30 7 26
31 1 50
31 2 65
31 3 55
31 4 71
31 5 33
31 6 54
31 7 71
32 1 18
32 2 24
32 3 20
32 4 27
32 5 12
32 6 20
32 7 26
33 1 13
33 2 17
33 3 15
33 4 19
33 5 9
33 6 15
33 7 19
34 1 21
34 2 28
34 3 23
34 4 31
34 5 14
34 6 23
34 7 31
35 1 63
35 2 82
35 3 69
35 4 90
35 5 41
35 6 68
35 7 89
36 1 8
36 2 11
36 3 9
36 4 12
36 5 6
36 6 9
36 7 12
37 1 63
37 2 82
37 3 69
37 4 90
37 5 41
37 6 68
37 7 89
38 1 9
38 2 12
38 3 10
38 4 14
38 5 6
38 6 10
38 7 13
39 1 20
39 2 26
39 3 22
39 4 29
39 5 13
39 6 22
39 7 29
40 1 72
40 2 94
40 3 79
40 4 103
40 5 47
40 6 78
40 7 102
41 1 30
41 2 39
41 3 33
41 4 43
41 5 20
41 6 33
41 7 43
42 1 69
42 2 90
42 3 75
42 4 98
42 5 45
42 6 75
42 7 97
43 1 27
43 2 36
43 3 30
43 4 40
43 5 18
43 6 30
43 7 39
44 1 9
44 2 12
44 3 10
44 4 14
44 5 6
44 6 10
44 7 13
45 1 41
45 2 54
45 3 45
45 4 59
45 5 27
45 6 45
45 7 59
46 1 38
46 2 50
46 3 42
46 4 55
46 5 25
46 6 41
46 7 54
47 1 76
47 2 99
47 3 83
47 4 108
47 5 50
47 6 82
47 7 107
48 1 31
48 2 41
48 3 34
48 4 45
48 5 21
48 6 34
48 7 45
49 1 11
49 2 15
49 3 12
49 4 17
49 5 8
49 6 12
49 7 17
50 1 29
50 2 38
50 3 32
50 4 42
50 5 19
50 6 32
50 7 41
51 1 48
51 2 63
51 3 53
51 4 69
51 5 32
51 6 52
51 7 68
52 1 8
52 2 11
52 3 9
52 4 12
52 5 6
52 6 9
52 7 12
53 1 171
53 2 222
53 3 186
53 4 242
53 5 111
53 6 185
53 7 240
54 1 48
54 2 63
54 3 53
54 4 69
54 5 32
54 6 52
54 7 68
55 1 43
55 2 56
55 3 47
55 4 61
55 5 28
55 6 47
55 7 61
56 1 18
56 2 24
56 3 20
56 4 27
56 5 12
56 6 20
56 7 26
57 1 94
57 2 122
57 3 103
57 4 133
57 5 61
57 6 102
57 7 132
58 1 9
58 2 12
58 3 10
58 4 14
58 5 6
58 6 10
58 7 13
59 1 19
59 2 25
59 3 21
59 4 28
59 5 13
59 6 21
59 7 27
60 1 24
60 2 32
60 3 27
60 4 35
60 5 16
60 6 26
60 7 35
61 1 8
61 2 11
61 3 9
61 4 12
61 5 6
61 6 9
61 7 12
62 1 34
62 2 45
62 3 37
62 4 49
62 5 23
62 6 37
62 7 49
63 1 62
63 2 81
63 3 68
63 4 88
63 5 41
63 6 67
63 7 88
64 1 12
64 2 16
64 3 14
64 4 18
64 5 8
64 6 13
64 7 18
65 1 8
65 2 11
65 3 9
65 4 12
65 5 6
65 6 9
65 7 12
66 1 47
66 2 61
66 3 52
66 4 67
66 5 31
66 6 51
66 7 66
67 1 27
67 2 36
67 3 30
67 4 40
67 5 18
67 6 30
67 7 39
68 1 18
68 2 24
68 3 20
68 4 27
68 5 12
68 6 20
68 7 26
69 1 52
69 2 68
69 3 57
69 4 74
69 5 34
69 6 57
69 7 74
70 1 65
70 2 85
70 3 71
70 4 93
70 5 43
70 6 71
70 7 92
71 1 72
71 2 94
71 3 79
71 4 103
71 5 47
71 6 78
71 7 102
72 1 51
72 2 67
72 3 56
72 4 73
72 5 34
72 6 55
72 7 73
73 1 58
73 2 76
73 3 63
73 4 83
73 5 38
73 6 63
73 7 82
74 1 53
74 2 69
74 3 58
74 4 75
74 5 35
74 6 58
74 7 75
75 1 76
75 2 99
75 3 83
75 4 108
75 5 50
75 6 82
75 7 107
76 1 93
76 2 121
76 3 102
76 4 132
76 5 61
76 6 101
76 7 131
77 1 86
77 2 112
77 3 94
77 4 122
77 5 56
77 6 93
77 7 121
78 1 76
78 2 99
78 3 83
78 4 108
78 5 50
78 6 82
78 7 107
79 1 9
79 2 12
79 3 10
79 4 14
79 5 6
79 6 10
79 7 13
80 1 14
80 2 19
80 3 16
80 4 21
80 5 10
80 6 16
80 7 21
81 1 55
81 2 72
81 3 60
81 4 79
81 5 36
81 6 60
81 7 78
82 1 32
82 2 42
82 3 35
82 4 46
82 5 21
82 6 35
82 7 46
83 1 22
83 2 29
83 3 24
83 4 32
83 5 15
83 6 24
83 7 32
84 1 35
84 2 46
84 3 39
84 4 50
84 5 23
84 6 38
84 7 50
85 1 63
85 2 82
85 3 69
85 4 90
85 5 41
85 6 68
85 7 89
86 1 59
86 2 77
86 3 65
86 4 84
86 5 39
86 6 64
86 7 83
87 1 149
87 2 194
87 3 162
87 4 211
87 5 97
87 6 161
87 7 209
88 1 40
88 2 52
88 3 44
88 4 57
88 5 26
88 6 44
88 7 57
89 1 24
89 2 32
89 3 27
89 4 35
89 5 16
89 6 26
89 7 35
90 1 123
90 2 160
90 3 134
90 4 174
90 5 80
90 6 133
90 7 173
91 1 25
91 2 33
91 3 28
91 4 36
91 5 17
91 6 27
91 7 36
92 1 115
92 2 150
92 3 125
92 4 163
92 5 75
92 6 124
92 7 162
93 1 103
93 2 134
93 3 112
93 4 146
93 5 67
93 6 111
93 7 145
94 1 54
94 2 71
94 3 59
94 4 78
94 5 35
94 6 59
94 7 77

# Energy Consumption
1 1 0
1 2 50
1 3 0
1 4 46
1 5 16
1 6 0
1 7 32
2 1 0
2 2 14
2 3 0
2 4 12
2 5 5
2 6 0
2 7 9
3 1 0
3 2 7
3 3 0
3 4 5
3 5 2
3 6 0
3 7 4
4 1 0
4 2 8
4 3 0
4 4 8
4 5 3
4 6 0
4 7 6
5 1 0
5 2 23
5 3 0
5 4 22
5 5 8
5 6 0
5 7 14
6 1 0
6 2 19
6 3 0
6 4 20
6 5 7
6 6 0
6 7 13
7 1 0
7 2 15
7 3 0
7 4 16
7 5 5
7 6 0
7 7 11
8 1 0
8 2 19
8 3 0
8 4 17
8 5 6
8 6 0
8 7 11
9 1 0
9 2 11
9 3 0
9 4 10
9 5 4
9 6 0
9 7 7
10 1 0
10 2 11
10 3 0
10 4 9
10 5 3
10 6 0
10 7 6
11 1 0
11 2 33
11 3 0
11 4 30
11 5 12
11 6 0
11 7 23
12 1 0
12 2 38
12 3 0
12 4 36
12 5 11
12 6 0
12 7 22
13 1 0
13 2 18
13 3 0
13 4 17
13 5 6
13 6 0
13 7 11
14 1 0
14 2 26
14 3 0
14 4 19
14 5 7
14 6 0
14 7 13
15 1 0
15 2 6
15 3 0
15 4 5
15 5 2
15 6 0
15 7 3
16 1 0
16 2 5
16 3 0
16 4 4
16 5 2
16 6 0
16 7 3
17 1 0
17 2 4
17 3 0
17 4 4
17 5 2
17 6 0
17 7 2
18 1 0
18 2 7
18 3 0
18 4 6
18 5 2
18 6 0
18 7 4
19 1 0
19 2 4
19 3 0
19 4 3
19 5 1
19 6 0
19 7 2
20 1 0
20 2 6
20 3 0
20 4 6
20 5 2
20 6 0
20 7 4
21 1 0
21 2 17
21 3 0
21 4 17
21 5 6
21 6 0
21 7 12
22 1 0
22 2 13
22 3 0
22 4 13
22 5 4
22 6 0
22 7 9
23 1 0
23 2 6
23 3 0
23 4 5
23 5 2
23 6 0
23 7 4
24 1 0
24 2 4
24 3 0
24 4 4
24 5 2
24 6 0
24 7 3
25 1 0
25 2 6
25 3 0
25 4 5
25 5 2
25 6 0
25 7 4
26 1 0
26 2 11
26 3 0
26 4 8
26 5 3
26 6 0
26 7 5
27 1 0
27 2 7
27 3 0
27 4 6
27 5 2
27 6 0
27 7 4
28 1 0
28 2 6
28 3 0
28 4 5
28 5 2
28 6 0
28 7 4
29 1 0
29 2 6
29 3 0
29 4 5
29 5 2
29 6 0
29 7 4
30 1 0
30 2 7
30 3 0
30 4 6
30 5 2
30 6 0
30 7 4
31 1 0
31 2 16
31 3 0
31 4 14
31 5 6
31 6 0
31 7 11
32 1 0
32 2 7
32 3 0
32 4 6
32 5 2
32 6 0
32 7 4
33 1 0
33 2 4
33 3 0
33 4 4
33 5 2
33 6 0
33 7 3
34 1 0
34 2 8
34 3 0
34 4 6
34 5 3
34 6 0
34 7 5
35 1 0
35 2 25
35 3 0
35 4 17
35 5 7
35 6 0
35 7 14
36 1 0
36 2 4
36 3 0
36 4 3
36 5 1
36 6 0
36 7 2
37 1 0
37 2 25
37 3 0
37 4 18
37 5 7
37 6 0
37 7 11
38 1 0
38 2 4
38 3 0
38 4 3
38 5 1
38 6 0
38 7 2
39 1 0
39 2 7
39 3 0
39 4 6
39 5 3
39 6 0
39 7 4
40 1 0
40 2 24
40 3 0
40 4 21
40 5 8
40 6 0
40 7 14
41 1 0
41 2 12
41 3 0
41 4 10
41 5 3
41 6 0
41 7 7
42 1 0
42 2 24
42 3 0
42 4 18
42 5 7
42 6 0
42 7 14
43 1 0
43 2 9
43 3 0
43 4 8
43 5 3
43 6 0
43 7 5
44 1 0
44 2 4
44 3 0
44 4 3
44 5 1
44 6 0
44 7 2
45 1 0
45 2 14
45 3 0
45 4 13
45 5 5
45 6 0
45 7 8
46 1 0
46 2 13
46 3 0
46 4 12
46 5 4
46 6 0
46 7 8
47 1 0
47 2 29
47 3 0
47 4 22
47 5 8
47 6 0
47 7 16
48 1 0
48 2 10
48 3 0
48 4 9
48 5 3
48 6 0
48 7 7
49 1 0
49 2 4
49 3 0
49 4 4
49 5 2
49 6 0
49 7 3
50 1 0
50 2 12
50 3 0
50 4 9
50 5 3
50 6 0
50 7 6
51 1 0
51 2 17
51 3 0
51 4 15
51 5 5
51 6 0
51 7 9
52 1 0
52 2 4
52 3 0
52 4 3
52 5 1
52 6 0
52 7 2
53 1 0
53 2 57
53 3 0
53 4 44
53 5 18
53 6 0
53 7 34
54 1 0
54 2 19
54 3 0
54 4 14
54 5 5
54 6 0
54 7 10
55 1 0
55 2 14
55 3 0
55 4 14
55 5 5
55 6 0
55 7 9
56 1 0
56 2 8
56 3 0
56 4 6
56 5 2
56 6 0
56 7 4
57 1 0
57 2 31
57 3 0
57 4 25
57 5 10
57 6 0
57 7 17
58 1 0
58 2 3
58 3 0
58 4 3
58 5 1
58 6 0
58 7 2
59 1 0
59 2 7
59 3 0
59 4 6
59 5 2
59 6 0
59 7 4
60 1 0
60 2 8
60 3 0
60 4 8
60 5 3
60 6 0
60 7 5
61 1 0
61 2 3
61 3 0
61 4 3
61 5 1
61 6 0
61 7 2
62 1 0
62 2 14
62 3 0
62 4 11
62 5 4
62 6 0
62 7 7
63 1 0
63 2 22
63 3 0
63 4 18
63 5 7
63 6 0
63 7 13
64 1 0
64 2 5
64 3 0
64 4 4
64 5 2
64 6 0
64 7 3
65 1 0
65 2 3
65 3 0
65 4 3
65 5 1
65 6 0
65 7 2
66 1 0
66 2 15
66 3 0
66 4 13
66 5 5
66 6 0
66 7 9
67 1 0
67 2 9
67 3 0
67 4 8
67 5 3
67 6 0
67 7 6
68 1 0
68 2 8
68 3 0
68 4 6
68 5 2
68 6 0
68 7 4
69 1 0
69 2 17
69 3 0
69 4 14
69 5 5
69 6 0
69 7 10
70 1 0
70 2 26
70 3 0
70 4 20
70 5 7
70 6 0
70 7 12
71 1 0
71 2 29
71 3 0
71 4 23
71 5 8
71 6 0
71 7 14
72 1 0
72 2 18
72 3 0
72 4 15
72 5 5
72 6 0
72 7 11
73 1 0
73 2 18
73 3 0
73 4 19
73 5 6
73 6 0
73 7 10
74 1 0
74 2 20
74 3 0
74 4 15
74 5 5
74 6 0
74 7 11
75 1 0
75 2 28
75 3 0
75 4 24
75 5 8
75 6 0
75 7 15
76 1 0
76 2 29
76 3 0
76 4 25
76 5 10
76 6 0
76 7 20
77 1 0
77 2 32
77 3 0
77 4 27
77 5 9
77 6 0
77 7 17
78 1 0
78 2 25
78 3 0
78 4 24
78 5 8
78 6 0
78 7 15
79 1 0
79 2 3
79 3 0
79 4 3
79 5 1
79 6 0
79 7 2
80 1 0
80 2 5
80 3 0
80 4 5
80 5 2
80 6 0
80 7 3
81 1 0
81 2 16
81 3 0
81 4 15
81 5 6
81 6 0
81 7 11
82 1 0
82 2 11
82 3 0
82 4 10
82 5 4
82 6 0
82 7 7
83 1 0
83 2 8
83 3 0
83 4 7
83 5 3
83 6 0
83 7 5
84 1 0
84 2 13
84 3 0
84 4 10
84 5 4
84 6 0
84 7 7
85 1 0
85 2 25
85 3 0
85 4 17
85 5 6
85 6 0
85 7 13
86 1 0
86 2 21
86 3 0
86 4 17
86 5 7
86 6 0
86 7 13
87 1 0
87 2 47
87 3 0
87 4 39
87 5 14
87 6 0
87 7 29
88 1 0
88 2 13
88 3 0
88 4 11
88 5 5
88 6 0
88 7 8
89 1 0
89 2 9
89 3 0
89 4 8
89 5 3
89 6 0
89 7 6
90 1 0
90 2 45
90 3 0
90 4 36
90 5 12
90 6 0
90 7 22
91 1 0
91 2 8
91 3 0
91 4 8
91 5 3
91 6 0
91 7 5
92 1 0
92 2 43
92 3 0
92 4 30
92 5 12
92 6 0
92 7 21
93 1 0
93 2 39
93 3 0
93 4 29
93 5 11
93 6 0
93 7 21
94 1 0
94 2 18
94 3 0
94 4 15
94 5 6
94 6 0
94 7 11

# Precedence Relations
1 2
1 3
1 4
1 5
1 6
1 7
1 8
1 9
1 10
2 11
2 17
3 12
4 11
4 16
5 11
5 13
5 18
5 16
6 11
6 15
6 13
6 19
7 42
8 29
9 11
10 19
10 37
10 48
10 50
11 14
12 20
12 61
12 52
13 82
14 25
14 23
14 30
14 31
14 24
14 32
14 22
14 21
14 26
14 28
14 27
14 29
15 81
16 75
17 82
18 75
19 75
20 78
21 71
21 60
21 53
21 39
21 40
21 41
22 38
22 72
22 49
22 58
23 34
23 35
24 37
24 44
25 57
25 63
25 33
25 73
25 60
25 65
25 56
26 41
26 43
27 62
27 58
27 54
27 55
27 56
28 33
28 35
28 40
28 43
28 49
28 51
28 52
28 54
29 75
30 59
30 42
30 36
31 74
32 36
32 47
32 44
32 60
32 45
32 69
32 46
32 48
32 50
33 78
34 78
35 78
36 82
37 61
37 73
37 64
37 66
37 67
37 68
37 69
37 70
37 71
37 72
37 62
38 82
39 82
40 78
41 78
42 74
43 78
44 75
45 75
46 75
46 76
47 75
48 75
49 78
50 75
51 78
52 78
53 76
53 77
54 78
55 77
56 77
57 76
57 77
58 77
59 82
60 77
61 77
62 77
63 77
64 74
65 74
66 75
66 76
67 74
68 82
69 77
69 75
70 77
70 76
71 76
72 76
73 77
74 82
75 82
76 82
77 78
78 79
78 80
79 81
80 81
81 82
82 83
83 84
83 85
84 86
85 86
86 87
87 88
88 89
88 90
89 92
90 91
90 93
92 94

# Parameters
R_e = 0.0500
T = 600.0
C_s = 4.0
C_w = 36.0
C_c = 5.0
