# Tasks
1 2 3 4 5 6 7 8 9 10 11 12 13 14 15 16 17 18 19 20

# Workstations
1 2 3 4 5 6 7 8 9 10 11 12 13 14 15 16 17 18 19 20

# Modes
1 2 3 4 5 6 7

# Processing Times
1 1 27
1 2 28
1 3 27
1 4 28
1 5 18
1 6 34
1 7 35
2 1 123
2 2 124
2 3 128
2 4 129
2 5 75
2 6 142
2 7 144
3 1 188
3 2 193
3 3 183
3 4 188
3 5 119
3 6 209
3 7 215
4 1 152
4 2 131
4 3 156
4 4 134
4 5 85
4 6 182
4 7 157
5 1 210
5 2 181
5 3 206
5 4 178
5 5 141
5 6 244
5 7 210
6 1 206
6 2 224
6 3 209
6 4 227
6 5 125
6 6 246
6 7 268
7 1 234
7 2 213
7 3 244
7 4 222
7 5 149
7 6 292
7 7 266
8 1 178
8 2 173
8 3 178
8 4 173
8 5 110
8 6 199
8 7 193
9 1 82
9 2 74
9 3 83
9 4 75
9 5 53
9 6 91
9 7 82
10 1 126
10 2 122
10 3 122
10 4 118
10 5 84
10 6 156
10 7 151
11 1 93
11 2 81
11 3 90
11 4 78
11 5 63
11 6 116
11 7 101
12 1 135
12 2 149
12 3 140
12 4 155
12 5 89
12 6 157
12 7 173
13 1 159
13 2 164
13 3 165
13 4 170
13 5 92
13 6 176
13 7 181
14 1 177
14 2 183
14 3 181
14 4 187
14 5 119
14 6 202
14 7 209
15 1 196
15 2 185
15 3 203
15 4 191
15 5 133
15 6 226
15 7 214
16 1 165
16 2 169
16 3 160
16 4 164
16 5 95
16 6 204
16 7 209
17 1 104
17 2 101
17 3 109
17 4 106
17 5 72
17 6 128
17 7 125
18 1 157
18 2 168
18 3 151
18 4 161
18 5 89
18 6 193
18 7 207
19 1 87
19 2 76
19 3 92
19 4 80
19 5 61
19 6 105
19 7 92
20 1 140
20 2 141
20 3 146
20 4 147
20 5 98
20 6 164
20 7 166

# Energy Consumption
1 1 0
1 2 8
1 3 0
1 4 6
1 5 3
1 6 0
1 7 5
2 1 0
2 2 30
2 3 0
2 4 29
2 5 12
2 6 0
2 7 18
3 1 0
3 2 51
3 3 0
3 4 40
3 5 18
3 6 0
3 7 32
4 1 0
4 2 39
4 3 0
4 4 26
4 5 13
4 6 0
4 7 22
5 1 0
5 2 43
5 3 0
5 4 35
5 5 22
5 6 0
5 7 27
6 1 0
6 2 54
6 3 0
6 4 46
6 5 20
6 6 0
6 7 34
7 1 0
7 2 48
7 3 0
7 4 42
7 5 22
7 6 0
7 7 34
8 1 0
8 2 52
8 3 0
8 4 36
8 5 18
8 6 0
8 7 29
9 1 0
9 2 20
9 3 0
9 4 17
9 5 9
9 6 0
9 7 11
10 1 0
10 2 34
10 3 0
10 4 25
10 5 13
10 6 0
10 7 20
11 1 0
11 2 22
11 3 0
11 4 15
11 5 10
11 6 0
11 7 15
12 1 0
12 2 40
12 3 0
12 4 32
12 5 15
12 6 0
12 7 23
13 1 0
13 2 47
13 3 0
13 4 37
13 5 14
13 6 0
13 7 25
14 1 0
14 2 54
14 3 0
14 4 37
14 5 18
14 6 0
14 7 32
15 1 0
15 2 55
15 3 0
15 4 37
15 5 20
15 6 0
15 7 31
16 1 0
16 2 43
16 3 0
16 4 35
16 5 15
16 6 0
16 7 30
17 1 0
17 2 27
17 3 0
17 4 22
17 5 11
17 6 0
17 7 17
18 1 0
18 2 46
18 3 0
18 4 32
18 5 15
18 6 0
18 7 30
19 1 0
19 2 18
19 3 0
19 4 16
19 5 10
19 6 0
19 7 13
20 1 0
20 2 39
20 3 0
20 4 30
20 5 16
20 6 0
20 7 21

# Precedence Relations
1 9
2 9
3 9
4 7
5 6
5 8
6 9
7 9
8 10
8 11
9 12
9 13
9 14
9 15
10 17
12 17
13 16
16 19
16 20
17 18

# Parameters
R_e = 0.0500
T = 1000.0
C_s = 4.0
C_w = 36.0
C_c = 5.0
