# Tasks
1 2 3 4 5 6 7 8 9 10 11 12 13 14 15 16 17 18 19 20 21 22 23 24 25 26 27 28 29 30 31 32 33 34 35 36 37 38 39 40 41 42 43 44 45 46 47 48 49 50 51 52 53 54 55 56 57 58 59 60 61 62 63 64 65 66 67 68 69 70 71 72 73 74 75 76 77 78 79 80 81 82 83

# Workstations
1 2 3 4 5 6 7 8 9 10 11 12 13 14 15 16 17 18 19 20 21 22 23 24 25 26 27 28 29 30 31 32 33 34 35 36 37 38 39 40 41 42 43 44 45 46 47 48 49 50 51 52 53 54 55 56 57 58 59 60 61 62 63 64 65 66 67 68 69 70 71 72 73 74 75 76 77 78 79 80 81 82 83

# Modes
1 2 3 4 5 6 7

# Processing Times
1 1 1673
1 2 3257
1 3 1656
1 4 3223
1 5 1350
1 6 1712
1 7 3333
2 1 985
2 2 1945
2 3 1013
2 4 1999
2 5 801
2 6 1012
2 7 1999
3 1 1836
3 2 3757
3 3 1890
3 4 3867
3 5 1730
3 6 1969
3 7 4029
4 1 973
4 2 2172
4 3 932
4 4 2080
4 5 913
4 6 1005
4 7 2242
5 1 1700
5 2 3156
5 3 1761
5 4 3269
5 5 1583
5 6 1807
5 7 3355
6 1 2881
6 2 6333
6 3 2827
6 4 6214
6 5 2393
6 6 3113
6 7 6842
7 1 2231
7 2 4649
7 3 2281
7 4 4753
7 5 1988
7 6 2412
7 7 5025
8 1 1040
8 2 2221
8 3 1092
8 4 2332
8 5 903
8 6 1111
8 7 2373
9 1 1793
9 2 3686
9 3 1802
9 4 3705
9 5 1515
9 6 1890
9 7 3884
10 1 1250
10 2 2711
10 3 1261
10 4 2733
10 5 1178
10 6 1353
10 7 2934
11 1 700
11 2 1590
11 3 696
11 4 1581
11 5 598
11 6 730
11 7 1656
12 1 464
12 2 1022
12 3 467
12 4 1027
12 5 395
12 6 465
12 7 1024
13 1 500
13 2 1161
13 3 476
13 4 1104
13 5 425
13 6 525
13 7 1219
14 1 1133
14 2 2072
14 3 1160
14 4 2122
14 5 931
14 6 1238
14 7 2263
15 1 577
15 2 1358
15 3 578
15 4 1360
15 5 545
15 6 627
15 7 1475
16 1 483
16 2 1198
16 3 491
16 4 1216
16 5 425
16 6 492
16 7 1220
17 1 880
17 2 1604
17 3 873
17 4 1592
17 5 704
17 6 933
17 7 1700
18 1 667
18 2 1622
18 3 658
18 4 1600
18 5 548
18 6 668
18 7 1624
19 1 600
19 2 1212
19 3 588
19 4 1188
19 5 550
19 6 626
19 7 1264
20 1 233
20 2 510
20 3 245
20 4 536
20 5 196
20 6 234
20 7 511
21 1 408
21 2 987
21 3 418
21 4 1011
21 5 343
21 6 436
21 7 1054
22 1 847
22 2 2093
22 3 807
22 4 1993
22 5 711
22 6 863
22 7 2132
23 1 767
23 2 1895
23 3 776
23 4 1917
23 5 664
23 6 812
23 7 2006
24 1 850
24 2 1777
24 3 827
24 4 1729
24 5 692
24 6 910
24 7 1902
25 1 780
25 2 1561
25 3 758
25 4 1516
25 5 628
25 6 789
25 7 1578
26 1 912
26 2 2065
26 3 954
26 4 2159
26 5 759
26 6 960
26 7 2172
27 1 748
27 2 1817
27 3 734
27 4 1783
27 5 665
27 6 788
27 7 1914
28 1 1863
28 2 3629
28 3 1915
28 4 3730
28 5 1721
28 6 1932
28 7 3763
29 1 714
29 2 1300
29 3 693
29 4 1262
29 5 614
29 6 718
29 7 1308
30 1 1004
30 2 1885
30 3 1006
30 4 1888
30 5 930
30 6 1046
30 7 1964
31 1 713
31 2 1553
31 3 682
31 4 1485
31 5 675
31 6 745
31 7 1621
32 1 642
32 2 1403
32 3 617
32 4 1348
32 5 585
32 6 685
32 7 1496
33 1 629
33 2 1431
33 3 642
33 4 1459
33 5 538
33 6 650
33 7 1478
34 1 1234
34 2 2631
34 3 1251
34 4 2666
34 5 1142
34 6 1304
34 7 2780
35 1 1143
35 2 2782
35 3 1193
35 4 2903
35 5 968
35 6 1202
35 7 2926
36 1 1266
36 2 3026
36 3 1294
36 4 3092
36 5 1092
36 6 1370
36 7 3273
37 1 792
37 2 1568
37 3 808
37 4 1599
37 5 708
37 6 795
37 7 1574
38 1 1251
38 2 2854
38 3 1219
38 4 2781
38 5 1063
38 6 1370
38 7 3125
39 1 1310
39 2 2946
39 3 1275
39 4 2867
39 5 1156
39 6 1364
39 7 3068
40 1 663
40 2 1633
40 3 649
40 4 1597
40 5 608
40 6 671
40 7 1652
41 1 494
41 2 1022
41 3 502
41 4 1038
41 5 426
41 6 540
41 7 1118
42 1 1288
42 2 3100
42 3 1293
42 4 3112
42 5 1145
42 6 1318
42 7 3171
43 1 792
43 2 1517
43 3 769
43 4 1472
43 5 724
43 6 860
43 7 1646
44 1 578
44 2 1319
44 3 575
44 4 1311
44 5 488
44 6 615
44 7 1403
45 1 594
45 2 1342
45 3 605
45 4 1367
45 5 506
45 6 644
45 7 1454
46 1 578
46 2 1114
46 3 554
46 4 1067
46 5 488
46 6 620
46 7 1194
47 1 622
47 2 1211
47 3 622
47 4 1210
47 5 574
47 6 654
47 7 1273
48 1 578
48 2 1314
48 3 575
48 4 1306
48 5 545
48 6 630
48 7 1432
49 1 564
49 2 1157
49 3 562
49 4 1152
49 5 516
49 6 571
49 7 1171
50 1 578
50 2 1387
50 3 581
50 4 1394
50 5 524
50 6 585
50 7 1403
51 1 578
51 2 1293
51 3 607
51 4 1356
51 5 530
51 6 631
51 7 1412
52 1 578
52 2 1192
52 3 553
52 4 1139
52 5 480
52 6 592
52 7 1221
53 1 578
53 2 1324
53 3 583
53 4 1336
53 5 526
53 6 629
53 7 1440
54 1 578
54 2 1060
54 3 583
54 4 1068
54 5 510
54 6 595
54 7 1090
55 1 578
55 2 1412
55 3 607
55 4 1482
55 5 471
55 6 616
55 7 1504
56 1 578
56 2 1393
56 3 564
56 4 1359
56 5 549
56 6 628
56 7 1512
57 1 578
57 2 1300
57 3 581
57 4 1306
57 5 502
57 6 591
57 7 1329
58 1 578
58 2 1259
58 3 576
58 4 1253
58 5 486
58 6 623
58 7 1357
59 1 578
59 2 1281
59 3 555
59 4 1230
59 5 513
59 6 612
59 7 1356
60 1 578
60 2 1139
60 3 575
60 4 1133
60 5 523
60 6 583
60 7 1148
61 1 578
61 2 1259
61 3 607
61 4 1322
61 5 503
61 6 634
61 7 1380
62 1 578
62 2 1210
62 3 589
62 4 1233
62 5 492
62 6 594
62 7 1244
63 1 578
63 2 1362
63 3 572
63 4 1346
63 5 480
63 6 600
63 7 1414
64 1 578
64 2 1079
64 3 606
64 4 1130
64 5 548
64 6 582
64 7 1086
65 1 578
65 2 1415
65 3 589
65 4 1442
65 5 478
65 6 592
65 7 1450
66 1 578
66 2 1201
66 3 558
66 4 1160
66 5 483
66 6 596
66 7 1238
67 1 578
67 2 1114
67 3 597
67 4 1150
67 5 490
67 6 615
67 7 1186
68 1 578
68 2 1205
68 3 573
68 4 1194
68 5 506
68 6 606
68 7 1263
69 1 467
69 2 1026
69 3 454
69 4 997
69 5 425
69 6 480
69 7 1055
70 1 887
70 2 1845
70 3 867
70 4 1804
70 5 835
70 6 913
70 7 1899
71 1 396
71 2 871
71 3 385
71 4 845
71 5 340
71 6 433
71 7 951
72 1 1296
72 2 2340
72 3 1282
72 4 2315
72 5 1170
72 6 1297
72 7 2341
73 1 1100
73 2 2676
73 3 1149
73 4 2795
73 5 940
73 6 1153
73 7 2804
74 1 2543
74 2 5619
74 3 2603
74 4 5751
74 5 2383
74 6 2758
74 7 6094
75 1 764
75 2 1568
75 3 764
75 4 1568
75 5 695
75 6 832
75 7 1707
76 1 357
76 2 711
76 3 341
76 4 678
76 5 310
76 6 373
76 7 742
77 1 701
77 2 1579
77 3 729
77 4 1642
77 5 575
77 6 770
77 7 1734
78 1 1164
78 2 2167
78 3 1195
78 4 2225
78 5 1016
78 6 1197
78 7 2229
79 1 286
79 2 555
79 3 293
79 4 567
79 5 256
79 6 294
79 7 569
80 1 2100
80 2 5055
80 3 2166
80 4 5212
80 5 1811
80 6 2166
80 7 5212
81 1 450
81 2 838
81 3 455
81 4 846
81 5 418
81 6 474
81 7 883
82 1 1300
82 2 2461
82 3 1329
82 4 2515
82 5 1187
82 6 1416
82 7 2680
83 1 3691
83 2 8513
83 3 3846
83 4 8870
83 5 3219
83 6 4047
83 7 9333

# Energy Consumption
1 1 0
1 2 827
1 3 0
1 4 660
1 5 201
1 6 0
1 7 493
2 1 0
2 2 489
2 3 0
2 4 429
2 5 128
2 6 0
2 7 283
3 1 0
3 2 965
3 3 0
3 4 804
3 5 273
3 6 0
3 7 507
4 1 0
4 2 583
4 3 0
4 4 420
4 5 140
4 6 0
4 7 277
5 1 0
5 2 766
5 3 0
5 4 590
5 5 253
5 6 0
5 7 406
6 1 0
6 2 1706
6 3 0
6 4 1168
6 5 357
6 6 0
6 7 880
7 1 0
7 2 1152
7 3 0
7 4 870
7 5 303
7 6 0
7 7 752
8 1 0
8 2 650
8 3 0
8 4 483
8 5 137
8 6 0
8 7 338
9 1 0
9 2 1050
9 3 0
9 4 694
9 5 217
9 6 0
9 7 517
10 1 0
10 2 781
10 3 0
10 4 582
10 5 183
10 6 0
10 7 415
11 1 0
11 2 350
11 3 0
11 4 332
11 5 95
11 6 0
11 7 200
12 1 0
12 2 239
12 3 0
12 4 226
12 5 63
12 6 0
12 7 141
13 1 0
13 2 332
13 3 0
13 4 204
13 5 67
13 6 0
13 7 181
14 1 0
14 2 531
14 3 0
14 4 391
14 5 146
14 6 0
14 7 275
15 1 0
15 2 351
15 3 0
15 4 266
15 5 84
15 6 0
15 7 187
16 1 0
16 2 306
16 3 0
16 4 237
16 5 62
16 6 0
16 7 156
17 1 0
17 2 423
17 3 0
17 4 304
17 5 113
17 6 0
17 7 205
18 1 0
18 2 472
18 3 0
18 4 323
18 5 83
18 6 0
18 7 231
19 1 0
19 2 354
19 3 0
19 4 216
19 5 82
19 6 0
19 7 190
20 1 0
20 2 122
20 3 0
20 4 107
20 5 28
20 6 0
20 7 77
21 1 0
21 2 266
21 3 0
21 4 201
21 5 53
21 6 0
21 7 154
22 1 0
22 2 486
22 3 0
22 4 414
22 5 100
22 6 0
22 7 314
23 1 0
23 2 560
23 3 0
23 4 385
23 5 100
23 6 0
23 7 287
24 1 0
24 2 504
24 3 0
24 4 357
24 5 98
24 6 0
24 7 260
25 1 0
25 2 453
25 3 0
25 4 304
25 5 98
25 6 0
25 7 196
26 1 0
26 2 476
26 3 0
26 4 430
26 5 113
26 6 0
26 7 269
27 1 0
27 2 499
27 3 0
27 4 378
27 5 105
27 6 0
27 7 269
28 1 0
28 2 1049
28 3 0
28 4 775
28 5 261
28 6 0
28 7 490
29 1 0
29 2 341
29 3 0
29 4 238
29 5 96
29 6 0
29 7 168
30 1 0
30 2 426
30 3 0
30 4 358
30 5 141
30 6 0
30 7 253
31 1 0
31 2 354
31 3 0
31 4 276
31 5 100
31 6 0
31 7 203
32 1 0
32 2 419
32 3 0
32 4 247
32 5 87
32 6 0
32 7 182
33 1 0
33 2 364
33 3 0
33 4 298
33 5 78
33 6 0
33 7 210
34 1 0
34 2 595
34 3 0
34 4 519
34 5 166
34 6 0
34 7 353
35 1 0
35 2 637
35 3 0
35 4 541
35 5 138
35 6 0
35 7 361
36 1 0
36 2 674
36 3 0
36 4 616
36 5 175
36 6 0
36 7 476
37 1 0
37 2 357
37 3 0
37 4 332
37 5 101
37 6 0
37 7 198
38 1 0
38 2 683
38 3 0
38 4 545
38 5 166
38 6 0
38 7 423
39 1 0
39 2 753
39 3 0
39 4 584
39 5 182
39 6 0
39 7 413
40 1 0
40 2 380
40 3 0
40 4 301
40 5 87
40 6 0
40 7 230
41 1 0
41 2 234
41 3 0
41 4 225
41 5 68
41 6 0
41 7 136
42 1 0
42 2 717
42 3 0
42 4 652
42 5 183
42 6 0
42 7 421
43 1 0
43 2 355
43 3 0
43 4 270
43 5 115
43 6 0
43 7 227
44 1 0
44 2 295
44 3 0
44 4 237
44 5 72
44 6 0
44 7 189
45 1 0
45 2 371
45 3 0
45 4 257
45 5 72
45 6 0
45 7 195
46 1 0
46 2 292
46 3 0
46 4 220
46 5 72
46 6 0
46 7 179
47 1 0
47 2 352
47 3 0
47 4 224
47 5 83
47 6 0
47 7 176
48 1 0
48 2 347
48 3 0
48 4 243
48 5 83
48 6 0
48 7 202
49 1 0
49 2 277
49 3 0
49 4 232
49 5 76
49 6 0
49 7 146
50 1 0
50 2 398
50 3 0
50 4 272
50 5 78
50 6 0
50 7 189
51 1 0
51 2 379
51 3 0
51 4 255
51 5 76
51 6 0
51 7 179
52 1 0
52 2 357
52 3 0
52 4 236
52 5 73
52 6 0
52 7 179
53 1 0
53 2 295
53 3 0
53 4 242
53 5 83
53 6 0
53 7 189
54 1 0
54 2 317
54 3 0
54 4 235
54 5 81
54 6 0
54 7 164
55 1 0
55 2 312
55 3 0
55 4 321
55 5 74
55 6 0
55 7 197
56 1 0
56 2 418
56 3 0
56 4 284
56 5 85
56 6 0
56 7 203
57 1 0
57 2 329
57 3 0
57 4 241
57 5 75
57 6 0
57 7 194
58 1 0
58 2 365
58 3 0
58 4 240
58 5 77
58 6 0
58 7 198
59 1 0
59 2 371
59 3 0
59 4 265
59 5 82
59 6 0
59 7 166
60 1 0
60 2 261
60 3 0
60 4 241
60 5 77
60 6 0
60 7 146
61 1 0
61 2 312
61 3 0
61 4 289
61 5 79
61 6 0
61 7 168
62 1 0
62 2 292
62 3 0
62 4 248
62 5 72
62 6 0
62 7 167
63 1 0
63 2 407
63 3 0
63 4 258
63 5 75
63 6 0
63 7 190
64 1 0
64 2 280
64 3 0
64 4 230
64 5 79
64 6 0
64 7 132
65 1 0
65 2 331
65 3 0
65 4 294
65 5 75
65 6 0
65 7 200
66 1 0
66 2 283
66 3 0
66 4 223
66 5 70
66 6 0
66 7 154
67 1 0
67 2 325
67 3 0
67 4 212
67 5 75
67 6 0
67 7 157
68 1 0
68 2 354
68 3 0
68 4 221
68 5 75
68 6 0
68 7 155
69 1 0
69 2 271
69 3 0
69 4 194
69 5 63
69 6 0
69 7 131
70 1 0
70 2 487
70 3 0
70 4 341
70 5 129
70 6 0
70 7 229
71 1 0
71 2 203
71 3 0
71 4 185
71 5 49
71 6 0
71 7 136
72 1 0
72 2 640
72 3 0
72 4 429
72 5 188
72 6 0
72 7 294
73 1 0
73 2 596
73 3 0
73 4 508
73 5 133
73 6 0
73 7 352
74 1 0
74 2 1384
74 3 0
74 4 1182
74 5 346
74 6 0
74 7 836
75 1 0
75 2 377
75 3 0
75 4 312
75 5 108
75 6 0
75 7 254
76 1 0
76 2 166
76 3 0
76 4 130
76 5 48
76 6 0
76 7 90
77 1 0
77 2 371
77 3 0
77 4 319
77 5 90
77 6 0
77 7 218
78 1 0
78 2 547
78 3 0
78 4 426
78 5 161
78 6 0
78 7 314
79 1 0
79 2 130
79 3 0
79 4 106
79 5 37
79 6 0
79 7 83
80 1 0
80 2 1218
80 3 0
80 4 1138
80 5 260
80 6 0
80 7 681
81 1 0
81 2 226
81 3 0
81 4 167
81 5 64
81 6 0
81 7 125
82 1 0
82 2 652
82 3 0
82 4 463
82 5 175
82 6 0
82 7 363
83 1 0
83 2 1956
83 3 0
83 4 1790
83 5 510
83 6 0
83 7 1326

# Precedence Relations
1 2
2 3
2 4
2 5
3 6
4 6
4 7
5 8
6 9
6 10
7 11
8 77
8 78
9 12
10 13
10 14
10 25
11 15
12 16
13 17
13 18
13 20
14 19
15 20
15 39
16 77
16 78
17 21
17 22
17 28
18 23
19 24
20 26
21 27
22 27
23 74
24 28
24 29
25 32
26 74
27 69
28 32
29 30
30 31
31 39
32 33
32 34
32 35
32 36
33 37
34 77
34 78
35 77
35 78
36 38
36 39
37 40
38 41
39 42
39 43
39 44
39 75
40 77
40 78
41 45
42 77
42 78
43 77
43 78
44 46
45 47
46 48
47 49
48 50
49 69
50 51
51 52
52 53
53 54
54 55
55 56
56 57
57 58
58 59
59 60
60 61
61 62
62 63
63 64
64 65
65 66
66 67
67 68
68 74
68 75
69 70
69 71
70 72
71 73
72 73
73 74
73 75
74 76
75 76
76 77
76 78
77 79
78 79
79 80
79 81
80 82
81 83
82 83

# Parameters
R_e = 0.0500
T = 9799.65
C_s = 4.0
C_w = 36.0
C_c = 5.0
