# Tasks
1 2 3 4 5 6 7 8 9 10 11 12 13 14 15 16 17 18 19 20 21 22 23 24 25 26 27 28 29 30 31 32 33 34 35 36 37 38 39 40 41 42 43 44 45 46 47 48 49 50 51 52 53 54 55 56 57 58 59 60 61 62 63 64 65 66 67 68 69 70 71 72 73 74 75 76 77 78 79 80 81 82 83 84 85 86 87 88 89 90 91 92 93 94 95 96 97 98 99 100 101 102 103 104 105 106 107 108 109 110 111

# Workstations
1 2 3 4 5 6 7 8 9 10 11 12 13 14 15 16 17 18 19 20 21 22 23 24 25 26 27 28 29 30 31 32 33 34 35 36 37 38 39 40 41 42 43 44 45 46 47 48 49 50 51 52 53 54 55 56 57 58 59 60 61 62 63 64 65 66 67 68 69 70 71 72 73 74 75 76 77 78 79 80 81 82 83 84 85 86 87 88 89 90 91 92 93 94 95 96 97 98 99 100 101 102 103 104 105 106 107 108 109 110 111

# Modes
1 2 3 4 5 6 7

# Processing Times
1 1 1960
1 2 2060
1 3 1753
1 4 1843
1 5 878
1 6 1993
1 7 2095
2 1 1715
2 2 1858
2 3 1499
2 4 1624
2 5 642
2 6 1877
2 7 2034
3 1 735
3 2 764
3 3 678
3 4 705
3 5 297
3 6 801
3 7 833
4 1 1715
4 2 1707
4 3 1538
4 4 1531
4 5 643
4 6 1725
4 7 1717
5 1 490
5 2 532
5 3 432
5 4 469
5 5 191
5 6 523
5 7 568
6 1 1225
6 2 1087
6 3 1162
6 4 1031
6 5 484
6 6 1322
6 7 1173
7 1 169
7 2 151
7 3 156
7 4 139
7 5 65
7 6 181
7 7 162
8 1 2252
8 2 2243
8 3 2136
8 4 2128
8 5 717
8 6 2292
8 7 2283
9 1 1225
9 2 1231
9 3 1097
9 4 1102
9 5 404
9 6 1329
9 7 1335
10 1 2319
10 2 1993
10 3 2110
10 4 1814
10 5 816
10 6 2444
10 7 2101
11 1 1715
11 2 1579
11 3 1612
11 4 1484
11 5 532
11 6 1884
11 7 1735
12 1 980
12 2 1048
12 3 868
12 4 928
12 5 372
12 6 1017
12 7 1087
13 1 735
13 2 720
13 3 674
13 4 660
13 5 290
13 6 775
13 7 759
14 1 2281
14 2 2197
14 3 1981
14 4 1908
14 5 795
14 6 2403
14 7 2315
15 1 2750
15 2 2643
15 3 2496
15 4 2398
15 5 976
15 6 3011
15 7 2894
16 1 77
16 2 69
16 3 66
16 4 59
16 5 30
16 6 83
16 7 75
17 1 89
17 2 82
17 3 81
17 4 75
17 5 36
17 6 97
17 7 89
18 1 51
18 2 55
18 3 48
18 4 51
18 5 19
18 6 52
18 7 56
19 1 364
19 2 389
19 3 324
19 4 346
19 5 148
19 6 376
19 7 402
20 1 405
20 2 410
20 3 366
20 4 370
20 5 164
20 6 435
20 7 441
21 1 3060
21 2 2966
21 3 2742
21 4 2657
21 5 967
21 6 3073
21 7 2979
22 1 125
22 2 126
22 3 114
22 4 115
22 5 49
22 6 127
22 7 128
23 1 3429
23 2 3049
23 3 2919
23 4 2595
23 5 1138
23 6 3649
23 7 3244
24 1 43
24 2 37
24 3 39
24 4 34
24 5 18
24 6 46
24 7 39
25 1 3430
25 2 3497
25 3 3235
25 4 3299
25 5 1125
25 6 3703
25 7 3775
26 1 1960
26 2 1996
26 3 1827
26 4 1861
26 5 689
26 6 2103
26 7 2141
27 1 29
27 2 25
27 3 27
27 4 23
27 5 10
27 6 32
27 7 27
28 1 27
28 2 28
28 3 24
28 4 25
28 5 12
28 6 29
28 7 30
29 1 15
29 2 15
29 3 13
29 4 13
29 5 7
29 6 16
29 7 16
30 1 121
30 2 114
30 3 111
30 4 104
30 5 52
30 6 127
30 7 120
31 1 1715
31 2 1629
31 3 1487
31 4 1413
31 5 678
31 6 1819
31 7 1728
32 1 2127
32 2 2127
32 3 1979
32 4 1979
32 5 856
32 6 2245
32 7 2245
33 1 1470
33 2 1505
33 3 1374
33 4 1406
33 5 536
33 6 1579
33 7 1617
34 1 4037
34 2 4327
34 3 3701
34 4 3967
34 5 1778
34 6 4124
34 7 4420
35 1 68
35 2 69
35 3 63
35 4 64
35 5 27
35 6 71
35 7 72
36 1 62
36 2 64
36 3 59
36 4 61
36 5 26
36 6 66
36 7 69
37 1 42
37 2 41
37 3 40
37 4 39
37 5 17
37 6 44
37 7 43
38 1 364
38 2 333
38 3 326
38 4 298
38 5 137
38 6 392
38 7 359
39 1 4998
39 2 4613
39 3 4725
39 4 4361
39 5 1695
39 6 5020
39 7 4633
40 1 1470
40 2 1582
40 3 1352
40 4 1455
40 5 622
40 6 1507
40 7 1622
41 1 2963
41 2 2635
41 3 2650
41 4 2356
41 5 1011
41 6 3027
41 7 2692
42 1 5689
42 2 5910
42 3 4910
42 4 5101
42 5 1717
42 6 6213
42 7 6455
43 1 68
43 2 62
43 3 64
43 4 59
43 5 28
43 6 70
43 7 64
44 1 18
44 2 18
44 3 17
44 4 17
44 5 7
44 6 19
44 7 19
45 1 10
45 2 11
45 3 10
45 4 11
45 5 4
45 6 11
45 7 12
46 1 81
46 2 81
46 3 76
46 4 76
46 5 32
46 6 88
46 7 88
47 1 5200
47 2 5574
47 3 4836
47 4 5184
47 5 2249
47 6 5288
47 7 5669
48 1 39
48 2 41
48 3 35
48 4 36
48 5 13
48 6 42
48 7 45
49 1 67
49 2 71
49 3 58
49 4 61
49 5 28
49 6 73
49 7 77
50 1 27
50 2 29
50 3 24
50 4 25
50 5 10
50 6 29
50 7 31
51 1 15
51 2 16
51 3 14
51 4 15
51 5 7
51 6 16
51 7 17
52 1 121
52 2 131
52 3 113
52 4 122
52 5 38
52 6 124
52 7 135
53 1 58
53 2 56
53 3 52
53 4 50
53 5 20
53 6 60
53 7 58
54 1 1715
54 2 1641
54 3 1533
54 4 1466
54 5 531
54 6 1806
54 7 1728
55 1 125
55 2 114
55 3 117
55 4 107
55 5 50
55 6 126
55 7 115
56 1 4010
56 2 3568
56 3 3514
56 4 3127
56 5 1301
56 6 4092
56 7 3641
57 1 1470
57 2 1312
57 3 1321
57 4 1179
57 5 486
57 6 1486
57 7 1327
58 1 1470
58 2 1267
58 3 1333
58 4 1149
58 5 466
58 6 1547
58 7 1333
59 1 2303
59 2 2038
59 3 1990
59 4 1761
59 5 752
59 6 2433
59 7 2153
60 1 1960
60 2 1691
60 3 1736
60 4 1498
60 5 778
60 6 2053
60 7 1771
61 1 2205
61 2 1917
61 3 1985
61 4 1726
61 5 685
61 6 2422
61 7 2106
62 1 4018
62 2 4298
62 3 3463
62 4 3705
62 5 1569
62 6 4071
62 7 4354
63 1 2744
63 2 2471
63 3 2532
63 4 2280
63 5 1179
63 6 2973
63 7 2677
64 1 2999
64 2 2897
64 3 2553
64 4 2466
64 5 1167
64 6 3190
64 7 3082
65 1 735
65 2 747
65 3 626
65 4 636
65 5 301
65 6 759
65 7 772
66 1 735
66 2 685
66 3 639
66 4 596
66 5 248
66 6 773
66 7 720
67 1 735
67 2 754
67 3 632
67 4 649
67 5 237
67 6 750
67 7 769
68 1 735
68 2 731
68 3 693
68 4 689
68 5 234
68 6 761
68 7 757
69 1 545
69 2 515
69 3 489
69 4 462
69 5 195
69 6 572
69 7 541
70 1 3386
70 2 3049
70 3 3134
70 4 2822
70 5 1444
70 6 3626
70 7 3265
71 1 3234
71 2 3025
71 3 2829
71 4 2646
71 5 1129
71 6 3295
71 7 3082
72 1 2205
72 2 2139
72 3 1886
72 4 1830
72 5 888
72 6 2277
72 7 2209
73 1 2206
73 2 1884
73 3 2093
73 4 1788
73 5 758
73 6 2317
73 7 1979
74 1 490
74 2 478
74 3 421
74 4 410
74 5 166
74 6 521
74 7 509
75 1 825
75 2 750
75 3 771
75 4 701
75 5 295
75 6 887
75 7 806
76 1 3528
76 2 3134
76 3 3074
76 4 2731
76 5 1519
76 6 3832
76 7 3404
77 1 3568
77 2 3436
77 3 3234
77 4 3115
77 5 1271
77 6 3791
77 7 3651
78 1 1200
78 2 1262
78 3 1066
78 4 1121
78 5 403
78 6 1204
78 7 1267
79 1 618
79 2 600
79 3 576
79 4 559
79 5 208
79 6 666
79 7 647
80 1 1470
80 2 1355
80 3 1371
80 4 1264
80 5 648
80 6 1557
80 7 1435
81 1 1715
81 2 1875
81 3 1483
81 4 1621
81 5 552
81 6 1821
81 7 1991
82 1 735
82 2 647
82 3 692
82 4 609
82 5 269
82 6 752
82 7 662
83 1 1960
83 2 1698
83 3 1859
83 4 1610
83 5 841
83 6 1976
83 7 1712
84 1 2889
84 2 3137
84 3 2688
84 4 2918
84 5 1273
84 6 3074
84 7 3338
85 1 618
85 2 641
85 3 548
85 4 569
85 5 223
85 6 634
85 7 658
86 1 490
86 2 530
86 3 427
86 4 462
86 5 178
86 6 511
86 7 553
87 1 735
87 2 699
87 3 687
87 4 654
87 5 265
87 6 777
87 7 739
88 1 490
88 2 526
88 3 446
88 4 479
88 5 169
88 6 530
88 7 569
89 1 921
89 2 980
89 3 800
89 4 851
89 5 322
89 6 925
89 7 984
90 1 326
90 2 343
90 3 309
90 4 325
90 5 144
90 6 355
90 7 374
91 1 5390
91 2 5519
91 3 4738
91 4 4852
91 5 1850
91 6 5535
91 7 5667
92 1 243
92 2 237
92 3 226
92 4 221
92 5 77
92 6 245
92 7 239
93 1 371
93 2 346
93 3 333
93 4 311
93 5 152
93 6 384
93 7 358
94 1 58
94 2 62
94 3 52
94 4 56
94 5 20
94 6 63
94 7 67
95 1 5059
95 2 4919
95 3 4492
95 4 4368
95 5 2094
95 6 5546
95 7 5393
96 1 1225
96 2 1072
96 3 1116
96 4 977
96 5 371
96 6 1244
96 7 1089
97 1 769
97 2 697
97 3 656
97 4 594
97 5 337
97 6 771
97 7 699
98 1 768
98 2 830
98 3 698
98 4 755
98 5 253
98 6 769
98 7 831
99 1 1670
99 2 1633
99 3 1461
99 4 1428
99 5 737
99 6 1784
99 7 1744
100 1 1670
100 2 1741
100 3 1437
100 4 1498
100 5 721
100 6 1715
100 7 1788
101 1 490
101 2 417
101 3 457
101 4 389
101 5 171
101 6 537
101 7 457
102 1 202
102 2 203
102 3 180
102 4 181
102 5 79
102 6 220
102 7 221
103 1 203
103 2 184
103 3 183
103 4 166
103 5 66
103 6 224
103 7 203
104 1 202
104 2 213
104 3 172
104 4 182
104 5 79
104 6 211
104 7 222
105 1 2744
105 2 2355
105 3 2459
105 4 2111
105 5 930
105 6 2813
105 7 2414
106 1 162
106 2 143
106 3 142
106 4 125
106 5 59
106 6 175
106 7 155
107 1 324
107 2 316
107 3 299
107 4 292
107 5 132
107 6 351
107 7 343
108 1 162
108 2 162
108 3 149
108 4 149
108 5 72
108 6 171
108 7 171
109 1 121
109 2 118
109 3 111
109 4 108
109 5 37
109 6 129
109 7 126
110 1 162
110 2 164
110 3 151
110 4 153
110 5 58
110 6 164
110 7 166
111 1 91
111 2 91
111 3 85
111 4 85
111 5 34
111 6 96
111 7 96

# Energy Consumption
1 1 0
1 2 513
1 3 0
1 4 360
1 5 134
1 6 0
1 7 299
2 1 0
2 2 437
2 3 0
2 4 331
2 5 97
2 6 0
2 7 281
3 1 0
3 2 185
3 3 0
3 4 128
3 5 43
3 6 0
3 7 123
4 1 0
4 2 498
4 3 0
4 4 280
4 5 96
4 6 0
4 7 250
5 1 0
5 2 159
5 3 0
5 4 95
5 5 28
5 6 0
5 7 79
6 1 0
6 2 315
6 3 0
6 4 193
6 5 70
6 6 0
6 7 159
7 1 0
7 2 35
7 3 0
7 4 30
7 5 10
7 6 0
7 7 24
8 1 0
8 2 657
8 3 0
8 4 441
8 5 105
8 6 0
8 7 309
9 1 0
9 2 304
9 3 0
9 4 229
9 5 63
9 6 0
9 7 195
10 1 0
10 2 503
10 3 0
10 4 383
10 5 118
10 6 0
10 7 280
11 1 0
11 2 375
11 3 0
11 4 316
11 5 84
11 6 0
11 7 246
12 1 0
12 2 258
12 3 0
12 4 195
12 5 58
12 6 0
12 7 157
13 1 0
13 2 175
13 3 0
13 4 129
13 5 47
13 6 0
13 7 98
14 1 0
14 2 532
14 3 0
14 4 354
14 5 122
14 6 0
14 7 281
15 1 0
15 2 783
15 3 0
15 4 524
15 5 155
15 6 0
15 7 365
16 1 0
16 2 16
16 3 0
16 4 12
16 5 5
16 6 0
16 7 10
17 1 0
17 2 23
17 3 0
17 4 16
17 5 6
17 6 0
17 7 14
18 1 0
18 2 13
18 3 0
18 4 11
18 5 3
18 6 0
18 7 8
19 1 0
19 2 87
19 3 0
19 4 75
19 5 24
19 6 0
19 7 58
20 1 0
20 2 108
20 3 0
20 4 72
20 5 24
20 6 0
20 7 65
21 1 0
21 2 709
21 3 0
21 4 486
21 5 153
21 6 0
21 7 361
22 1 0
22 2 30
22 3 0
22 4 26
22 5 8
22 6 0
22 7 18
23 1 0
23 2 885
23 3 0
23 4 533
23 5 170
23 6 0
23 7 483
24 1 0
24 2 10
24 3 0
24 4 7
24 5 3
24 6 0
24 7 6
25 1 0
25 2 849
25 3 0
25 4 624
25 5 174
25 6 0
25 7 512
26 1 0
26 2 502
26 3 0
26 4 381
26 5 97
26 6 0
26 7 278
27 1 0
27 2 8
27 3 0
27 4 6
27 5 2
27 6 0
27 7 4
28 1 0
28 2 8
28 3 0
28 4 6
28 5 2
28 6 0
28 7 4
29 1 0
29 2 4
29 3 0
29 4 3
29 5 2
29 6 0
29 7 3
30 1 0
30 2 31
30 3 0
30 4 22
30 5 9
30 6 0
30 7 17
31 1 0
31 2 421
31 3 0
31 4 257
31 5 97
31 6 0
31 7 250
32 1 0
32 2 583
32 3 0
32 4 423
32 5 137
32 6 0
32 7 271
33 1 0
33 2 354
33 3 0
33 4 303
33 5 84
33 6 0
33 7 206
34 1 0
34 2 1200
34 3 0
34 4 786
34 5 267
34 6 0
34 7 583
35 1 0
35 2 20
35 3 0
35 4 13
35 5 5
35 6 0
35 7 10
36 1 0
36 2 16
36 3 0
36 4 13
36 5 4
36 6 0
36 7 10
37 1 0
37 2 12
37 3 0
37 4 9
37 5 3
37 6 0
37 7 7
38 1 0
38 2 77
38 3 0
38 4 61
38 5 21
38 6 0
38 7 48
39 1 0
39 2 1258
39 3 0
39 4 806
39 5 242
39 6 0
39 7 642
40 1 0
40 2 394
40 3 0
40 4 319
40 5 88
40 6 0
40 7 197
41 1 0
41 2 609
41 3 0
41 4 472
41 5 146
41 6 0
41 7 383
42 1 0
42 2 1472
42 3 0
42 4 1080
42 5 274
42 6 0
42 7 842
43 1 0
43 2 16
43 3 0
43 4 13
43 5 5
43 6 0
43 7 8
44 1 0
44 2 6
44 3 0
44 4 4
44 5 2
44 6 0
44 7 3
45 1 0
45 2 4
45 3 0
45 4 3
45 5 1
45 6 0
45 7 2
46 1 0
46 2 22
46 3 0
46 4 15
46 5 5
46 6 0
46 7 13
47 1 0
47 2 1514
47 3 0
47 4 956
47 5 358
47 6 0
47 7 757
48 1 0
48 2 10
48 3 0
48 4 7
48 5 3
48 6 0
48 7 6
49 1 0
49 2 21
49 3 0
49 4 14
49 5 5
49 6 0
49 7 11
50 1 0
50 2 8
50 3 0
50 4 5
50 5 2
50 6 0
50 7 5
51 1 0
51 2 4
51 3 0
51 4 3
51 5 2
51 6 0
51 7 3
52 1 0
52 2 32
52 3 0
52 4 22
52 5 6
52 6 0
52 7 19
53 1 0
53 2 14
53 3 0
53 4 10
53 5 4
53 6 0
53 7 9
54 1 0
54 2 491
54 3 0
54 4 281
54 5 85
54 6 0
54 7 229
55 1 0
55 2 26
55 3 0
55 4 20
55 5 8
55 6 0
55 7 15
56 1 0
56 2 930
56 3 0
56 4 572
56 5 184
56 6 0
56 7 504
57 1 0
57 2 296
57 3 0
57 4 250
57 5 69
57 6 0
57 7 161
58 1 0
58 2 326
58 3 0
58 4 248
58 5 67
58 6 0
58 7 163
59 1 0
59 2 493
59 3 0
59 4 331
59 5 117
59 6 0
59 7 264
60 1 0
60 2 456
60 3 0
60 4 272
60 5 123
60 6 0
60 7 233
61 1 0
61 2 450
61 3 0
61 4 343
61 5 101
61 6 0
61 7 278
62 1 0
62 2 1153
62 3 0
62 4 764
62 5 224
62 6 0
62 7 590
63 1 0
63 2 714
63 3 0
63 4 469
63 5 180
63 6 0
63 7 372
64 1 0
64 2 661
64 3 0
64 4 493
64 5 183
64 6 0
64 7 440
65 1 0
65 2 204
65 3 0
65 4 132
65 5 43
65 6 0
65 7 106
66 1 0
66 2 196
66 3 0
66 4 126
66 5 40
66 6 0
66 7 106
67 1 0
67 2 172
67 3 0
67 4 135
67 5 36
67 6 0
67 7 100
68 1 0
68 2 177
68 3 0
68 4 151
68 5 36
68 6 0
68 7 106
69 1 0
69 2 119
69 3 0
69 4 91
69 5 29
69 6 0
69 7 73
70 1 0
70 2 720
70 3 0
70 4 612
70 5 217
70 6 0
70 7 471
71 1 0
71 2 904
71 3 0
71 4 561
71 5 167
71 6 0
71 7 444
72 1 0
72 2 560
72 3 0
72 4 337
72 5 125
72 6 0
72 7 285
73 1 0
73 2 433
73 3 0
73 4 370
73 5 110
73 6 0
73 7 288
74 1 0
74 2 133
74 3 0
74 4 80
74 5 27
74 6 0
74 7 66
75 1 0
75 2 169
75 3 0
75 4 137
75 5 44
75 6 0
75 7 106
76 1 0
76 2 790
76 3 0
76 4 548
76 5 215
76 6 0
76 7 466
77 1 0
77 2 794
77 3 0
77 4 593
77 5 182
77 6 0
77 7 453
78 1 0
78 2 310
78 3 0
78 4 238
78 5 60
78 6 0
78 7 186
79 1 0
79 2 154
79 3 0
79 4 114
79 5 30
79 6 0
79 7 94
80 1 0
80 2 374
80 3 0
80 4 238
80 5 101
80 6 0
80 7 200
81 1 0
81 2 439
81 3 0
81 4 301
81 5 84
81 6 0
81 7 241
82 1 0
82 2 158
82 3 0
82 4 132
82 5 42
82 6 0
82 7 89
83 1 0
83 2 415
83 3 0
83 4 341
83 5 132
83 6 0
83 7 229
84 1 0
84 2 713
84 3 0
84 4 573
84 5 198
84 6 0
84 7 413
85 1 0
85 2 179
85 3 0
85 4 125
85 5 34
85 6 0
85 7 98
86 1 0
86 2 150
86 3 0
86 4 90
86 5 27
86 6 0
86 7 70
87 1 0
87 2 172
87 3 0
87 4 140
87 5 42
87 6 0
87 7 108
88 1 0
88 2 151
88 3 0
88 4 100
88 5 26
88 6 0
88 7 71
89 1 0
89 2 290
89 3 0
89 4 172
89 5 48
89 6 0
89 7 132
90 1 0
90 2 102
90 3 0
90 4 69
90 5 21
90 6 0
90 7 52
91 1 0
91 2 1588
91 3 0
91 4 892
91 5 293
91 6 0
91 7 798
92 1 0
92 2 71
92 3 0
92 4 45
92 5 12
92 6 0
92 7 29
93 1 0
93 2 91
93 3 0
93 4 58
93 5 24
93 6 0
93 7 52
94 1 0
94 2 17
94 3 0
94 4 11
94 5 4
94 6 0
94 7 9
95 1 0
95 2 1387
95 3 0
95 4 813
95 5 305
95 6 0
95 7 668
96 1 0
96 2 308
96 3 0
96 4 213
96 5 57
96 6 0
96 7 145
97 1 0
97 2 196
97 3 0
97 4 124
97 5 50
97 6 0
97 7 103
98 1 0
98 2 210
98 3 0
98 4 137
98 5 37
98 6 0
98 7 110
99 1 0
99 2 417
99 3 0
99 4 281
99 5 114
99 6 0
99 7 249
100 1 0
100 2 503
100 3 0
100 4 300
100 5 114
100 6 0
100 7 258
101 1 0
101 2 94
101 3 0
101 4 82
101 5 28
101 6 0
101 7 59
102 1 0
102 2 49
102 3 0
102 4 37
102 5 12
102 6 0
102 7 31
103 1 0
103 2 51
103 3 0
103 4 34
103 5 11
103 6 0
103 7 30
104 1 0
104 2 53
104 3 0
104 4 33
104 5 13
104 6 0
104 7 27
105 1 0
105 2 624
105 3 0
105 4 393
105 5 133
105 6 0
105 7 334
106 1 0
106 2 33
106 3 0
106 4 28
106 5 9
106 6 0
106 7 20
107 1 0
107 2 78
107 3 0
107 4 53
107 5 20
107 6 0
107 7 43
108 1 0
108 2 38
108 3 0
108 4 33
108 5 12
108 6 0
108 7 22
109 1 0
109 2 28
109 3 0
109 4 23
109 5 6
109 6 0
109 7 19
110 1 0
110 2 49
110 3 0
110 4 33
110 5 9
110 6 0
110 7 23
111 1 0
111 2 21
111 3 0
111 4 17
111 5 5
111 6 0
111 7 12

# Precedence Relations
1 2
2 3
3 4
4 5
4 6
4 7
4 8
4 9
4 10
5 39
6 39
7 83
8 71
9 32
10 11
10 12
11 13
11 14
11 15
11 16
11 17
11 18
11 19
11 20
11 21
12 13
12 14
12 15
12 16
12 17
12 18
12 19
12 20
12 21
13 71
14 22
14 23
14 24
14 25
15 26
16 27
17 28
18 29
19 30
20 91
21 111
22 31
22 83
23 32
23 33
24 69
24 70
25 34
26 82
27 35
28 36
29 37
30 38
31 39
32 41
33 111
34 42
35 43
36 44
36 91
37 45
37 91
38 46
38 91
39 40
40 111
41 69
41 70
42 47
43 48
43 49
44 50
45 51
46 52
47 54
47 55
47 56
47 57
47 58
47 59
47 60
48 53
49 91
50 111
51 111
52 111
53 111
54 69
54 70
55 61
55 62
55 63
56 63
56 64
57 65
57 91
58 66
58 91
59 67
59 91
60 68
60 91
61 69
61 70
62 71
63 111
64 72
65 111
66 111
67 111
68 111
69 77
69 78
70 73
71 91
72 74
73 75
74 76
75 77
75 78
75 79
76 80
76 81
76 82
77 83
78 84
79 85
80 86
80 91
81 87
81 91
82 111
83 91
84 88
84 89
84 91
85 111
86 111
87 90
88 105
89 105
90 111
91 92
91 93
91 94
92 95
93 95
94 95
95 96
95 97
95 98
95 99
95 100
95 104
96 101
97 102
98 103
99 111
100 111
101 105
102 106
102 107
103 107
103 108
104 111
105 111
106 109
107 111
108 110
109 111
110 111

# Parameters
R_e = 0.0500
T = 6777.75
C_s = 4.0
C_w = 36.0
C_c = 5.0
