# Tasks
1 2 3 4 5 6 7 8 9 10 11 12 13 14 15 16 17 18 19 20

# Workstations
1 2 3 4 5 6 7 8 9 10 11 12 13 14 15 16 17 18 19 20

# Modes
1 2 3 4 5 6 7

# Processing Times
1 1 730
1 2 1110
1 3 738
1 4 1122
1 5 318
1 6 978
1 7 1488
2 1 589
2 2 767
2 3 605
2 4 788
2 5 230
2 6 742
2 7 966
3 1 474
3 2 724
3 3 472
3 4 720
3 5 169
3 6 647
3 7 988
4 1 390
4 2 546
4 3 386
4 4 541
4 5 168
4 6 548
4 7 767
5 1 462
5 2 675
5 3 461
5 4 673
5 5 161
5 6 663
5 7 969
6 1 496
6 2 620
6 3 476
6 4 594
6 5 155
6 6 660
6 7 825
7 1 480
7 2 594
7 3 472
7 4 584
7 5 155
7 6 662
7 7 819
8 1 425
8 2 567
8 3 427
8 4 569
8 5 184
8 6 596
8 7 795
9 1 545
9 2 851
9 3 526
9 4 821
9 5 235
9 6 766
9 7 1195
10 1 562
10 2 747
10 3 564
10 4 750
10 5 212
10 6 784
10 7 1042
11 1 438
11 2 637
11 3 444
11 4 645
11 5 179
11 6 589
11 7 857
12 1 702
12 2 1013
12 3 728
12 4 1050
12 5 234
12 6 987
12 7 1424
13 1 439
13 2 649
13 3 449
13 4 664
13 5 149
13 6 566
13 7 837
14 1 285
14 2 451
14 3 286
14 4 452
14 5 116
14 6 398
14 7 630
15 1 511
15 2 768
15 3 533
15 4 801
15 5 159
15 6 717
15 7 1077
16 1 483
16 2 731
16 3 484
16 4 732
16 5 165
16 6 648
16 7 981
17 1 468
17 2 735
17 3 473
17 4 742
17 5 176
17 6 655
17 7 1028
18 1 654
18 2 895
18 3 667
18 4 913
18 5 264
18 6 879
18 7 1202
19 1 534
19 2 811
19 3 527
19 4 801
19 5 179
19 6 719
19 7 1091
20 1 552
20 2 783
20 3 545
20 4 772
20 5 205
20 6 772
20 7 1095

# Energy Consumption
1 1 0
1 2 253
1 3 0
1 4 224
1 5 46
1 6 0
1 7 209
2 1 0
2 2 171
2 3 0
2 4 160
2 5 34
2 6 0
2 7 125
3 1 0
3 2 210
3 3 0
3 4 134
3 5 27
3 6 0
3 7 120
4 1 0
4 2 128
4 3 0
4 4 116
4 5 25
4 6 0
4 7 106
5 1 0
5 2 183
5 3 0
5 4 127
5 5 25
5 6 0
5 7 133
6 1 0
6 2 170
6 3 0
6 4 126
6 5 23
6 6 0
6 7 110
7 1 0
7 2 161
7 3 0
7 4 127
7 5 25
7 6 0
7 7 109
8 1 0
8 2 156
8 3 0
8 4 123
8 5 28
8 6 0
8 7 99
9 1 0
9 2 208
9 3 0
9 4 153
9 5 34
9 6 0
9 7 153
10 1 0
10 2 187
10 3 0
10 4 145
10 5 32
10 6 0
10 7 147
11 1 0
11 2 183
11 3 0
11 4 118
11 5 26
11 6 0
11 7 119
12 1 0
12 2 254
12 3 0
12 4 220
12 5 35
12 6 0
12 7 173
13 1 0
13 2 163
13 3 0
13 4 139
13 5 24
13 6 0
13 7 114
14 1 0
14 2 107
14 3 0
14 4 86
14 5 18
14 6 0
14 7 94
15 1 0
15 2 209
15 3 0
15 4 156
15 5 23
15 6 0
15 7 155
16 1 0
16 2 165
16 3 0
16 4 141
16 5 26
16 6 0
16 7 119
17 1 0
17 2 217
17 3 0
17 4 141
17 5 26
17 6 0
17 7 150
18 1 0
18 2 214
18 3 0
18 4 200
18 5 42
18 6 0
18 7 151
19 1 0
19 2 230
19 3 0
19 4 156
19 5 27
19 6 0
19 7 157
20 1 0
20 2 234
20 3 0
20 4 158
20 5 33
20 6 0
20 7 134

# Precedence Relations
1 13
2 3
2 4
2 5
2 6
3 13
4 13
5 7
5 8
6 9
6 14
7 13
8 9
8 10
8 11
8 12
9 13
10 20
11 13
11 14
11 15
12 13
13 16
13 17
13 18
13 19
14 20

# Parameters
R_e = 0.0500
T = 1562.4
C_s = 4.0
C_w = 36.0
C_c = 5.0
