# Tasks
1 2 3 4 5 6 7 8 9 10 11 12 13 14 15 16 17 18 19 20

# Workstations
1 2 3 4 5 6 7 8 9 10 11 12 13 14 15 16 17 18 19 20

# Modes
1 2 3 4 5 6 7

# Processing Times
1 1 209
1 2 289
1 3 223
1 4 308
1 5 131
1 6 221
1 7 305
2 1 93
2 2 141
2 3 98
2 4 149
2 5 56
2 6 100
2 7 151
3 1 197
3 2 242
3 3 214
3 4 263
3 5 132
3 6 207
3 7 255
4 1 223
4 2 318
4 3 239
4 4 340
4 5 149
4 6 243
4 7 347
5 1 75
5 2 105
5 3 81
5 4 113
5 5 44
5 6 78
5 7 109
6 1 92
6 2 140
6 3 100
6 4 152
6 5 58
6 6 98
6 7 148
7 1 36
7 2 55
7 3 40
7 4 61
7 5 22
7 6 39
7 7 59
8 1 27
8 2 42
8 3 30
8 4 46
8 5 19
8 6 30
8 7 46
9 1 26
9 2 35
9 3 29
9 4 39
9 5 15
9 6 27
9 7 36
10 1 114
10 2 170
10 3 123
10 4 183
10 5 72
10 6 116
10 7 172
11 1 128
11 2 197
11 3 140
11 4 216
11 5 77
11 6 138
11 7 212
12 1 229
12 2 333
12 3 243
12 4 353
12 5 144
12 6 237
12 7 344
13 1 383
13 2 564
13 3 414
13 4 610
13 5 239
13 6 416
13 7 612
14 1 113
14 2 150
14 3 121
14 4 161
14 5 74
14 6 117
14 7 156
15 1 217
15 2 283
15 3 238
15 4 310
15 5 128
15 6 219
15 7 285
16 1 306
16 2 379
16 3 332
16 4 411
16 5 204
16 6 324
16 7 401
17 1 50
17 2 71
17 3 53
17 4 75
17 5 35
17 6 51
17 7 72
18 1 125
18 2 180
18 3 134
18 4 192
18 5 72
18 6 138
18 7 198
19 1 68
19 2 96
19 3 74
19 4 105
19 5 42
19 6 73
19 7 103
20 1 120
20 2 156
20 3 129
20 4 167
20 5 70
20 6 129
20 7 168

# Energy Consumption
1 1 0
1 2 70
1 3 0
1 4 64
1 5 21
1 6 0
1 7 44
2 1 0
2 2 36
2 3 0
2 4 30
2 5 9
2 6 0
2 7 22
3 1 0
3 2 68
3 3 0
3 4 52
3 5 21
3 6 0
3 7 35
4 1 0
4 2 80
4 3 0
4 4 75
4 5 21
4 6 0
4 7 50
5 1 0
5 2 26
5 3 0
5 4 24
5 5 7
5 6 0
5 7 15
6 1 0
6 2 31
6 3 0
6 4 33
6 5 9
6 6 0
6 7 21
7 1 0
7 2 13
7 3 0
7 4 14
7 5 4
7 6 0
7 7 9
8 1 0
8 2 11
8 3 0
8 4 10
8 5 3
8 6 0
8 7 7
9 1 0
9 2 10
9 3 0
9 4 9
9 5 3
9 6 0
9 7 6
10 1 0
10 2 49
10 3 0
10 4 38
10 5 11
10 6 0
10 7 25
11 1 0
11 2 44
11 3 0
11 4 40
11 5 12
11 6 0
11 7 31
12 1 0
12 2 85
12 3 0
12 4 78
12 5 21
12 6 0
12 7 48
13 1 0
13 2 136
13 3 0
13 4 122
13 5 36
13 6 0
13 7 84
14 1 0
14 2 45
14 3 0
14 4 33
14 5 12
14 6 0
14 7 21
15 1 0
15 2 73
15 3 0
15 4 58
15 5 20
15 6 0
15 7 35
16 1 0
16 2 108
16 3 0
16 4 88
16 5 32
16 6 0
16 7 52
17 1 0
17 2 20
17 3 0
17 4 17
17 5 6
17 6 0
17 7 10
18 1 0
18 2 44
18 3 0
18 4 39
18 5 12
18 6 0
18 7 25
19 1 0
19 2 27
19 3 0
19 4 22
19 5 7
19 6 0
19 7 16
20 1 0
20 2 40
20 3 0
20 4 37
20 5 11
20 6 0
20 7 21

# Precedence Relations
1 10
2 10
4 9
6 7
6 8
7 10
8 10
9 11
9 12
9 13
9 14
10 15
10 16
10 17
10 18
10 19
18 20

# Parameters
R_e = 0.0500
T = 1000.0
C_s = 4.0
C_w = 36.0
C_c = 5.0
