# Tasks
1 2 3 4 5 6 7 8 9 10 11 12 13 14 15 16 17 18 19 20 21 22 23 24 25 26 27 28 29 30 31 32 33 34 35 36 37 38 39 40 41 42 43 44 45 46 47 48 49 50 51 52 53 54 55 56 57 58 59 60 61 62 63 64 65 66 67 68 69 70 71 72 73 74 75

# Workstations
1 2 3 4 5 6 7 8 9 10 11 12 13 14 15 16 17 18 19 20 21 22 23 24 25 26 27 28 29 30 31 32 33 34 35 36 37 38 39 40 41 42 43 44 45 46 47 48 49 50 51 52 53 54 55 56 57 58 59 60 61 62 63 64 65 66 67 68 69 70 71 72 73 74 75

# Modes
1 2 3 4 5 6 7

# Processing Times
1 1 23
1 2 22
1 3 21
1 4 20
1 5 9
1 6 25
1 7 24
2 1 24
2 2 23
2 3 22
2 4 21
2 5 9
2 6 26
2 7 25
3 1 25
3 2 24
3 3 23
3 4 22
3 5 9
3 6 27
3 7 26
4 1 26
4 2 25
4 3 24
4 4 23
4 5 10
4 6 28
4 7 27
5 1 23
5 2 22
5 3 21
5 4 20
5 5 9
5 6 25
5 7 24
6 1 22
6 2 21
6 3 20
6 4 20
6 5 8
6 6 24
6 7 23
7 1 6
7 2 6
7 3 6
7 4 6
7 5 3
7 6 7
7 7 7
8 1 22
8 2 21
8 3 20
8 4 20
8 5 8
8 6 24
8 7 23
9 1 23
9 2 22
9 3 21
9 4 20
9 5 9
9 6 25
9 7 24
10 1 21
10 2 20
10 3 20
10 4 19
10 5 8
10 6 23
10 7 22
11 1 22
11 2 21
11 3 20
11 4 20
11 5 8
11 6 24
11 7 23
12 1 15
12 2 15
12 3 14
12 4 14
12 5 6
12 6 17
12 7 17
13 1 5
13 2 5
13 3 5
13 4 5
13 5 2
13 6 6
13 7 6
14 1 23
14 2 22
14 3 21
14 4 20
14 5 9
14 6 25
14 7 24
15 1 4
15 2 4
15 3 4
15 4 4
15 5 2
15 6 5
15 7 5
16 1 26
16 2 25
16 3 24
16 4 23
16 5 10
16 6 28
16 7 27
17 1 21
17 2 20
17 3 20
17 4 19
17 5 8
17 6 23
17 7 22
18 1 5
18 2 5
18 3 5
18 4 5
18 5 2
18 6 6
18 7 6
19 1 24
19 2 23
19 3 22
19 4 21
19 5 9
19 6 26
19 7 25
20 1 25
20 2 24
20 3 23
20 4 22
20 5 9
20 6 27
20 7 26
21 1 26
21 2 25
21 3 24
21 4 23
21 5 10
21 6 28
21 7 27
22 1 26
22 2 25
22 3 24
22 4 23
22 5 10
22 6 28
22 7 27
23 1 24
23 2 23
23 3 22
23 4 21
23 5 9
23 6 26
23 7 25
24 1 27
24 2 26
24 3 25
24 4 24
24 5 10
24 6 30
24 7 28
25 1 20
25 2 19
25 3 19
25 4 18
25 5 8
25 6 22
25 7 21
26 1 23
26 2 22
26 3 21
26 4 20
26 5 9
26 6 25
26 7 24
27 1 25
27 2 24
27 3 23
27 4 22
27 5 9
27 6 27
27 7 26
28 1 13
28 2 13
28 3 12
28 4 12
28 5 5
28 6 14
28 7 14
29 1 3
29 2 3
29 3 3
29 4 3
29 5 2
29 6 4
29 7 4
30 1 11
30 2 11
30 3 10
30 4 10
30 5 4
30 6 12
30 7 12
31 1 21
31 2 20
31 3 20
31 4 19
31 5 8
31 6 23
31 7 22
32 1 22
32 2 21
32 3 20
32 4 20
32 5 8
32 6 24
32 7 23
33 1 21
33 2 20
33 3 20
33 4 19
33 5 8
33 6 23
33 7 22
34 1 22
34 2 21
34 3 20
34 4 20
34 5 8
34 6 24
34 7 23
35 1 25
35 2 24
35 3 23
35 4 22
35 5 9
35 6 27
35 7 26
36 1 8
36 2 8
36 3 8
36 4 8
36 5 3
36 6 9
36 7 9
37 1 22
37 2 21
37 3 20
37 4 20
37 5 8
37 6 24
37 7 23
38 1 24
38 2 23
38 3 22
38 4 21
38 5 9
38 6 26
38 7 25
39 1 22
39 2 21
39 3 20
39 4 20
39 5 8
39 6 24
39 7 23
40 1 21
40 2 20
40 3 20
40 4 19
40 5 8
40 6 23
40 7 22
41 1 6
41 2 6
41 3 6
41 4 6
41 5 3
41 6 7
41 7 7
42 1 26
42 2 25
42 3 24
42 4 23
42 5 10
42 6 28
42 7 27
43 1 22
43 2 21
43 3 20
43 4 20
43 5 8
43 6 24
43 7 23
44 1 6
44 2 6
44 3 6
44 4 6
44 5 3
44 6 7
44 7 7
45 1 21
45 2 20
45 3 20
45 4 19
45 5 8
45 6 23
45 7 22
46 1 25
46 2 24
46 3 23
46 4 22
46 5 9
46 6 27
46 7 26
47 1 11
47 2 11
47 3 10
47 4 10
47 5 4
47 6 12
47 7 12
48 1 22
48 2 21
48 3 20
48 4 20
48 5 8
48 6 24
48 7 23
49 1 21
49 2 20
49 3 20
49 4 19
49 5 8
49 6 23
49 7 22
50 1 25
50 2 24
50 3 23
50 4 22
50 5 9
50 6 27
50 7 26
51 1 22
51 2 21
51 3 20
51 4 20
51 5 8
51 6 24
51 7 23
52 1 22
52 2 21
52 3 20
52 4 20
52 5 8
52 6 24
52 7 23
53 1 23
53 2 22
53 3 21
53 4 20
53 5 9
53 6 25
53 7 24
54 1 22
54 2 21
54 3 20
54 4 20
54 5 8
54 6 24
54 7 23
55 1 22
55 2 21
55 3 20
55 4 20
55 5 8
55 6 24
55 7 23
56 1 25
56 2 24
56 3 23
56 4 22
56 5 9
56 6 27
56 7 26
57 1 23
57 2 22
57 3 21
57 4 20
57 5 9
57 6 25
57 7 24
58 1 21
58 2 20
58 3 20
58 4 19
58 5 8
58 6 23
58 7 22
59 1 22
59 2 21
59 3 20
59 4 20
59 5 8
59 6 24
59 7 23
60 1 22
60 2 21
60 3 20
60 4 20
60 5 8
60 6 24
60 7 23
61 1 22
61 2 21
61 3 20
61 4 20
61 5 8
61 6 24
61 7 23
62 1 22
62 2 21
62 3 20
62 4 20
62 5 8
62 6 24
62 7 23
63 1 21
63 2 20
63 3 20
63 4 19
63 5 8
63 6 23
63 7 22
64 1 27
64 2 26
64 3 25
64 4 24
64 5 10
64 6 30
64 7 28
65 1 23
65 2 22
65 3 21
65 4 20
65 5 9
65 6 25
65 7 24
66 1 2
66 2 2
66 3 2
66 4 2
66 5 1
66 6 3
66 7 3
67 1 26
67 2 25
67 3 24
67 4 23
67 5 10
67 6 28
67 7 27
68 1 25
68 2 24
68 3 23
68 4 22
68 5 9
68 6 27
68 7 26
69 1 24
69 2 23
69 3 22
69 4 21
69 5 9
69 6 26
69 7 25
70 1 22
70 2 21
70 3 20
70 4 20
70 5 8
70 6 24
70 7 23
71 1 24
71 2 23
71 3 22
71 4 21
71 5 9
71 6 26
71 7 25
72 1 4
72 2 4
72 3 4
72 4 4
72 5 2
72 6 5
72 7 5
73 1 22
73 2 21
73 3 20
73 4 20
73 5 8
73 6 24
73 7 23
74 1 10
74 2 10
74 3 10
74 4 10
74 5 4
74 6 11
74 7 11
75 1 25
75 2 24
75 3 23
75 4 22
75 5 9
75 6 27
75 7 26

# Energy Consumption
1 1 0
1 2 6
1 3 0
1 4 4
1 5 2
1 6 0
1 7 4
2 1 0
2 2 6
2 3 0
2 4 5
2 5 2
2 6 0
2 7 4
3 1 0
3 2 6
3 3 0
3 4 4
3 5 2
3 6 0
3 7 4
4 1 0
4 2 8
4 3 0
4 4 5
4 5 2
4 6 0
4 7 4
5 1 0
5 2 7
5 3 0
5 4 5
5 5 2
5 6 0
5 7 4
6 1 0
6 2 7
6 3 0
6 4 4
6 5 2
6 6 0
6 7 4
7 1 0
7 2 2
7 3 0
7 4 2
7 5 1
7 6 0
7 7 2
8 1 0
8 2 7
8 3 0
8 4 5
8 5 2
8 6 0
8 7 4
9 1 0
9 2 6
9 3 0
9 4 5
9 5 2
9 6 0
9 7 4
10 1 0
10 2 6
10 3 0
10 4 5
10 5 2
10 6 0
10 7 3
11 1 0
11 2 5
11 3 0
11 4 5
11 5 2
11 6 0
11 7 4
12 1 0
12 2 4
12 3 0
12 4 3
12 5 1
12 6 0
12 7 3
13 1 0
13 2 2
13 3 0
13 4 1
13 5 1
13 6 0
13 7 1
14 1 0
14 2 6
14 3 0
14 4 4
14 5 2
14 6 0
14 7 3
15 1 0
15 2 2
15 3 0
15 4 1
15 5 1
15 6 0
15 7 1
16 1 0
16 2 6
16 3 0
16 4 5
16 5 2
16 6 0
16 7 4
17 1 0
17 2 6
17 3 0
17 4 4
17 5 2
17 6 0
17 7 4
18 1 0
18 2 2
18 3 0
18 4 2
18 5 1
18 6 0
18 7 1
19 1 0
19 2 6
19 3 0
19 4 5
19 5 2
19 6 0
19 7 4
20 1 0
20 2 7
20 3 0
20 4 5
20 5 2
20 6 0
20 7 4
21 1 0
21 2 6
21 3 0
21 4 5
21 5 2
21 6 0
21 7 4
22 1 0
22 2 6
22 3 0
22 4 6
22 5 2
22 6 0
22 7 4
23 1 0
23 2 7
23 3 0
23 4 5
23 5 2
23 6 0
23 7 4
24 1 0
24 2 7
24 3 0
24 4 5
24 5 2
24 6 0
24 7 4
25 1 0
25 2 5
25 3 0
25 4 4
25 5 2
25 6 0
25 7 3
26 1 0
26 2 6
26 3 0
26 4 5
26 5 2
26 6 0
26 7 4
27 1 0
27 2 7
27 3 0
27 4 5
27 5 2
27 6 0
27 7 4
28 1 0
28 2 4
28 3 0
28 4 3
28 5 1
28 6 0
28 7 2
29 1 0
29 2 1
29 3 0
29 4 1
29 5 1
29 6 0
29 7 1
30 1 0
30 2 3
30 3 0
30 4 3
30 5 1
30 6 0
30 7 2
31 1 0
31 2 6
31 3 0
31 4 4
31 5 2
31 6 0
31 7 4
32 1 0
32 2 6
32 3 0
32 4 5
32 5 2
32 6 0
32 7 3
33 1 0
33 2 5
33 3 0
33 4 5
33 5 2
33 6 0
33 7 3
34 1 0
34 2 6
34 3 0
34 4 4
34 5 2
34 6 0
34 7 4
35 1 0
35 2 7
35 3 0
35 4 5
35 5 2
35 6 0
35 7 4
36 1 0
36 2 2
36 3 0
36 4 2
36 5 1
36 6 0
36 7 2
37 1 0
37 2 7
37 3 0
37 4 5
37 5 2
37 6 0
37 7 4
38 1 0
38 2 6
38 3 0
38 4 5
38 5 2
38 6 0
38 7 4
39 1 0
39 2 6
39 3 0
39 4 4
39 5 2
39 6 0
39 7 4
40 1 0
40 2 5
40 3 0
40 4 5
40 5 2
40 6 0
40 7 3
41 1 0
41 2 2
41 3 0
41 4 2
41 5 1
41 6 0
41 7 1
42 1 0
42 2 7
42 3 0
42 4 5
42 5 2
42 6 0
42 7 4
43 1 0
43 2 6
43 3 0
43 4 5
43 5 2
43 6 0
43 7 3
44 1 0
44 2 2
44 3 0
44 4 2
44 5 1
44 6 0
44 7 1
45 1 0
45 2 6
45 3 0
45 4 4
45 5 2
45 6 0
45 7 3
46 1 0
46 2 7
46 3 0
46 4 5
46 5 2
46 6 0
46 7 4
47 1 0
47 2 3
47 3 0
47 4 2
47 5 1
47 6 0
47 7 2
48 1 0
48 2 5
48 3 0
48 4 4
48 5 2
48 6 0
48 7 3
49 1 0
49 2 6
49 3 0
49 4 5
49 5 2
49 6 0
49 7 4
50 1 0
50 2 7
50 3 0
50 4 5
50 5 2
50 6 0
50 7 4
51 1 0
51 2 5
51 3 0
51 4 4
51 5 2
51 6 0
51 7 4
52 1 0
52 2 6
52 3 0
52 4 4
52 5 2
52 6 0
52 7 4
53 1 0
53 2 6
53 3 0
53 4 4
53 5 2
53 6 0
53 7 4
54 1 0
54 2 7
54 3 0
54 4 4
54 5 2
54 6 0
54 7 4
55 1 0
55 2 5
55 3 0
55 4 4
55 5 2
55 6 0
55 7 3
56 1 0
56 2 7
56 3 0
56 4 5
56 5 2
56 6 0
56 7 4
57 1 0
57 2 5
57 3 0
57 4 5
57 5 2
57 6 0
57 7 3
58 1 0
58 2 6
58 3 0
58 4 5
58 5 2
58 6 0
58 7 3
59 1 0
59 2 6
59 3 0
59 4 4
59 5 2
59 6 0
59 7 3
60 1 0
60 2 6
60 3 0
60 4 4
60 5 2
60 6 0
60 7 4
61 1 0
61 2 5
61 3 0
61 4 4
61 5 2
61 6 0
61 7 4
62 1 0
62 2 6
62 3 0
62 4 5
62 5 2
62 6 0
62 7 4
63 1 0
63 2 6
63 3 0
63 4 4
63 5 2
63 6 0
63 7 4
64 1 0
64 2 6
64 3 0
64 4 5
64 5 2
64 6 0
64 7 4
65 1 0
65 2 6
65 3 0
65 4 5
65 5 2
65 6 0
65 7 4
66 1 0
66 2 1
66 3 0
66 4 1
66 5 1
66 6 0
66 7 1
67 1 0
67 2 6
67 3 0
67 4 5
67 5 2
67 6 0
67 7 4
68 1 0
68 2 6
68 3 0
68 4 5
68 5 2
68 6 0
68 7 4
69 1 0
69 2 6
69 3 0
69 4 5
69 5 2
69 6 0
69 7 4
70 1 0
70 2 5
70 3 0
70 4 5
70 5 2
70 6 0
70 7 4
71 1 0
71 2 7
71 3 0
71 4 5
71 5 2
71 6 0
71 7 4
72 1 0
72 2 2
72 3 0
72 4 1
72 5 1
72 6 0
72 7 1
73 1 0
73 2 5
73 3 0
73 4 5
73 5 2
73 6 0
73 7 4
74 1 0
74 2 3
74 3 0
74 4 2
74 5 1
74 6 0
74 7 2
75 1 0
75 2 6
75 3 0
75 4 5
75 5 2
75 6 0
75 7 4

# Precedence Relations
1 2
1 3
1 4
1 5
1 6
1 7
2 15
3 13
3 24
4 8
4 14
4 16
5 12
5 15
6 9
6 10
6 11
6 13
9 20
9 24
10 18
12 19
13 22
15 17
15 20
15 23
16 21
16 26
17 30
18 26
18 30
20 27
21 33
24 25
25 28
25 30
25 33
25 34
26 31
26 32
26 41
27 29
27 35
27 36
31 37
31 39
32 44
32 45
33 41
35 38
35 42
36 40
36 43
39 51
40 46
42 47
43 48
43 50
46 51
46 48
47 49
47 50
47 52
47 53
49 59
49 61
49 62
50 54
50 55
50 60
50 62
52 56
52 57
53 58
55 63
58 65
59 64
59 66
62 67
66 68
68 69
68 70
68 71
68 72
68 73
68 74
68 75

# Parameters
R_e = 0.0500
T = 600.0
C_s = 4.0
C_w = 36.0
C_c = 5.0
