# Tasks
1 2 3 4 5 6 7 8 9 10 11 12 13 14 15 16 17 18 19 20

# Workstations
1 2 3 4 5 6 7 8 9 10 11 12 13 14 15 16 17 18 19 20

# Modes
1 2 3 4 5 6 7

# Processing Times
1 1 570
1 2 1164
1 3 609
1 4 1244
1 5 253
1 6 698
1 7 1424
2 1 504
2 2 1029
2 3 539
2 4 1100
2 5 224
2 6 617
2 7 1259
3 1 232
3 2 474
3 3 248
3 4 507
3 5 103
3 6 284
3 7 580
4 1 336
4 2 686
4 3 359
4 4 733
4 5 150
4 6 411
4 7 839
5 1 724
5 2 1478
5 3 774
5 4 1579
5 5 322
5 6 886
5 7 1808
6 1 463
6 2 946
6 3 495
6 4 1011
6 5 206
6 6 567
6 7 1157
7 1 537
7 2 1097
7 3 574
7 4 1172
7 5 239
7 6 657
7 7 1342
8 1 553
8 2 1129
8 3 591
8 4 1207
8 5 246
8 6 677
8 7 1381
9 1 669
9 2 1366
9 3 715
9 4 1460
9 5 297
9 6 819
9 7 1671
10 1 350
10 2 715
10 3 374
10 4 764
10 5 156
10 6 429
10 7 875
11 1 463
11 2 946
11 3 495
11 4 1011
11 5 206
11 6 567
11 7 1157
12 1 365
12 2 746
12 3 390
12 4 797
12 5 162
12 6 447
12 7 913
13 1 422
13 2 862
13 3 451
13 4 921
13 5 188
13 6 517
13 7 1055
14 1 544
14 2 1111
14 3 582
14 4 1187
14 5 242
14 6 666
14 7 1359
15 1 483
15 2 986
15 3 516
15 4 1054
15 5 215
15 6 591
15 7 1206
16 1 380
16 2 776
16 3 406
16 4 830
16 5 169
16 6 465
16 7 949
17 1 535
17 2 1093
17 3 572
17 4 1168
17 5 238
17 6 655
17 7 1337
18 1 628
18 2 1282
18 3 671
18 4 1370
18 5 279
18 6 768
18 7 1568
19 1 437
19 2 893
19 3 467
19 4 954
19 5 194
19 6 535
19 7 1093
20 1 283
20 2 578
20 3 303
20 4 618
20 5 126
20 6 347
20 7 707

# Energy Consumption
1 1 0
1 2 289
1 3 0
1 4 272
1 5 38
1 6 0
1 7 206
2 1 0
2 2 258
2 3 0
2 4 237
2 5 35
2 6 0
2 7 174
3 1 0
3 2 107
3 3 0
3 4 98
3 5 16
3 6 0
3 7 71
4 1 0
4 2 195
4 3 0
4 4 159
4 5 23
4 6 0
4 7 109
5 1 0
5 2 379
5 3 0
5 4 332
5 5 50
5 6 0
5 7 241
6 1 0
6 2 216
6 3 0
6 4 189
6 5 31
6 6 0
6 7 160
7 1 0
7 2 318
7 3 0
7 4 235
7 5 34
7 6 0
7 7 188
8 1 0
8 2 295
8 3 0
8 4 237
8 5 35
8 6 0
8 7 195
9 1 0
9 2 374
9 3 0
9 4 314
9 5 42
9 6 0
9 7 249
10 1 0
10 2 185
10 3 0
10 4 156
10 5 23
10 6 0
10 7 115
11 1 0
11 2 216
11 3 0
11 4 183
11 5 32
11 6 0
11 7 174
12 1 0
12 2 178
12 3 0
12 4 150
12 5 26
12 6 0
12 7 125
13 1 0
13 2 223
13 3 0
13 4 185
13 5 27
13 6 0
13 7 137
14 1 0
14 2 330
14 3 0
14 4 237
14 5 35
14 6 0
14 7 197
15 1 0
15 2 289
15 3 0
15 4 220
15 5 34
15 6 0
15 7 149
16 1 0
16 2 188
16 3 0
16 4 176
16 5 25
16 6 0
16 7 118
17 1 0
17 2 303
17 3 0
17 4 234
17 5 35
17 6 0
17 7 186
18 1 0
18 2 315
18 3 0
18 4 268
18 5 44
18 6 0
18 7 223
19 1 0
19 2 228
19 3 0
19 4 195
19 5 31
19 6 0
19 7 151
20 1 0
20 2 162
20 3 0
20 4 120
20 5 20
20 6 0
20 7 100

# Precedence Relations
1 10
2 10
3 10
4 6
4 8
4 12
5 7
5 9
5 10
5 11
6 10
7 18
8 11
9 12
9 17
9 18
10 13
10 14
10 15
10 16
11 17
11 18
13 20
14 17
15 17
16 18
17 19
17 20
18 19

# Parameters
R_e = 0.0500
T = 1898.4
C_s = 4.0
C_w = 36.0
C_c = 5.0
