# Tasks
1 2 3 4 5 6 7 8 9 10 11 12 13 14 15 16 17 18 19 20

# Workstations
1 2 3 4 5 6 7 8 9 10 11 12 13 14 15 16 17 18 19 20

# Modes
1 2 3 4 5 6 7

# Processing Times
1 1 471
1 2 402
1 3 518
1 4 442
1 5 442
1 6 662
1 7 565
2 1 570
2 2 487
2 3 627
2 4 536
2 5 535
2 6 801
2 7 684
3 1 335
3 2 286
3 3 369
3 4 315
3 5 314
3 6 471
3 7 402
4 1 590
4 2 504
4 3 649
4 4 554
4 5 554
4 6 829
4 7 708
5 1 564
5 2 481
5 3 620
5 4 529
5 5 529
5 6 793
5 7 676
6 1 599
6 2 511
6 3 659
6 4 562
6 5 562
6 6 842
6 7 718
7 1 494
7 2 422
7 3 543
7 4 464
7 5 464
7 6 694
7 7 593
8 1 547
8 2 467
8 3 602
8 4 514
8 5 513
8 6 769
8 7 656
9 1 714
9 2 609
9 3 785
9 4 670
9 5 670
9 6 1003
9 7 856
10 1 524
10 2 447
10 3 576
10 4 492
10 5 492
10 6 736
10 7 628
11 1 646
11 2 551
11 3 710
11 4 606
11 5 606
11 6 908
11 7 774
12 1 564
12 2 481
12 3 620
12 4 529
12 5 529
12 6 793
12 7 676
13 1 314
13 2 268
13 3 346
13 4 295
13 5 295
13 6 441
13 7 377
14 1 372
14 2 318
14 3 409
14 4 350
14 5 349
14 6 523
14 7 447
15 1 653
15 2 557
15 3 718
15 4 613
15 5 613
15 6 918
15 7 783
16 1 732
16 2 625
16 3 805
16 4 687
16 5 687
16 6 1028
16 7 878
17 1 471
17 2 402
17 3 518
17 4 442
17 5 442
17 6 662
17 7 565
18 1 281
18 2 240
18 3 309
18 4 264
18 5 264
18 6 395
18 7 338
19 1 381
19 2 325
19 3 419
19 4 358
19 5 358
19 6 536
19 7 457
20 1 638
20 2 545
20 3 702
20 4 599
20 5 598
20 6 896
20 7 766

# Energy Consumption
1 1 0
1 2 89
1 3 0
1 4 96
1 5 71
1 6 0
1 7 81
2 1 0
2 2 131
2 3 0
2 4 117
2 5 83
2 6 0
2 7 96
3 1 0
3 2 64
3 3 0
3 4 62
3 5 46
3 6 0
3 7 51
4 1 0
4 2 150
4 3 0
4 4 107
4 5 80
4 6 0
4 7 92
5 1 0
5 2 121
5 3 0
5 4 108
5 5 85
5 6 0
5 7 91
6 1 0
6 2 124
6 3 0
6 4 105
6 5 89
6 6 0
6 7 99
7 1 0
7 2 122
7 3 0
7 4 93
7 5 72
7 6 0
7 7 89
8 1 0
8 2 120
8 3 0
8 4 106
8 5 81
8 6 0
8 7 84
9 1 0
9 2 165
9 3 0
9 4 144
9 5 105
9 6 0
9 7 105
10 1 0
10 2 110
10 3 0
10 4 108
10 5 76
10 6 0
10 7 80
11 1 0
11 2 141
11 3 0
11 4 112
11 5 85
11 6 0
11 7 108
12 1 0
12 2 109
12 3 0
12 4 117
12 5 82
12 6 0
12 7 87
13 1 0
13 2 72
13 3 0
13 4 56
13 5 46
13 6 0
13 7 53
14 1 0
14 2 86
14 3 0
14 4 68
14 5 56
14 6 0
14 7 59
15 1 0
15 2 153
15 3 0
15 4 132
15 5 94
15 6 0
15 7 102
16 1 0
16 2 177
16 3 0
16 4 131
16 5 110
16 6 0
16 7 124
17 1 0
17 2 99
17 3 0
17 4 91
17 5 69
17 6 0
17 7 84
18 1 0
18 2 64
18 3 0
18 4 53
18 5 41
18 6 0
18 7 42
19 1 0
19 2 74
19 3 0
19 4 71
19 5 53
19 6 0
19 7 56
20 1 0
20 2 135
20 3 0
20 4 126
20 5 86
20 6 0
20 7 105

# Precedence Relations
1 5
1 6
2 5
3 4
4 14
5 7
5 8
5 9
7 10
7 11
8 12
8 13
10 14
11 14
12 14
13 15
14 16
14 17
14 18
14 19
14 20

# Parameters
R_e = 0.0500
T = 1079.4
C_s = 4.0
C_w = 36.0
C_c = 5.0
