# Tasks
1 2 3 4 5 6 7 8 9 10 11 12 13 14 15 16 17 18 19 20

# Workstations
1 2 3 4 5 6 7 8 9 10 11 12 13 14 15 16 17 18 19 20

# Modes
1 2 3 4 5 6 7

# Processing Times
1 1 464
1 2 479
1 3 450
1 4 464
1 5 298
1 6 569
1 7 587
2 1 154
2 2 156
2 3 161
2 4 163
2 5 94
2 6 178
2 7 180
3 1 506
3 2 518
3 3 492
3 4 504
3 5 318
3 6 562
3 7 575
4 1 476
4 2 409
4 3 487
4 4 418
4 5 266
4 6 569
4 7 489
5 1 77
5 2 67
5 3 76
5 4 66
5 5 52
5 6 90
5 7 78
6 1 155
6 2 169
6 3 157
6 4 171
6 5 95
6 6 185
6 7 202
7 1 340
7 2 309
7 3 354
7 4 322
7 5 216
7 6 424
7 7 385
8 1 467
8 2 453
8 3 466
8 4 452
8 5 289
8 6 520
8 7 505
9 1 94
9 2 84
9 3 95
9 4 85
9 5 61
9 6 104
9 7 93
10 1 65
10 2 63
10 3 63
10 4 61
10 5 44
10 6 81
10 7 78
11 1 192
11 2 167
11 3 185
11 4 161
11 5 131
11 6 239
11 7 208
12 1 127
12 2 140
12 3 132
12 4 145
12 5 83
12 6 148
12 7 163
13 1 204
13 2 210
13 3 211
13 4 217
13 5 118
13 6 226
13 7 232
14 1 108
14 2 112
14 3 111
14 4 115
14 5 73
14 6 124
14 7 128
15 1 481
15 2 453
15 3 496
15 4 467
15 5 326
15 6 555
15 7 523
16 1 213
16 2 218
16 3 206
16 4 211
16 5 122
16 6 263
16 7 269
17 1 116
17 2 113
17 3 122
17 4 119
17 5 80
17 6 143
17 7 140
18 1 74
18 2 79
18 3 71
18 4 76
18 5 42
18 6 91
18 7 98
19 1 220
19 2 192
19 3 231
19 4 202
19 5 154
19 6 266
19 7 232
20 1 117
20 2 118
20 3 122
20 4 123
20 5 82
20 6 138
20 7 139

# Energy Consumption
1 1 0
1 2 126
1 3 0
1 4 89
1 5 47
1 6 0
1 7 72
2 1 0
2 2 38
2 3 0
2 4 36
2 5 14
2 6 0
2 7 23
3 1 0
3 2 135
3 3 0
3 4 105
3 5 48
3 6 0
3 7 85
4 1 0
4 2 121
4 3 0
4 4 80
4 5 40
4 6 0
4 7 68
5 1 0
5 2 16
5 3 0
5 4 13
5 5 8
5 6 0
5 7 10
6 1 0
6 2 41
6 3 0
6 4 35
6 5 15
6 6 0
6 7 26
7 1 0
7 2 69
7 3 0
7 4 61
7 5 32
7 6 0
7 7 49
8 1 0
8 2 134
8 3 0
8 4 94
8 5 47
8 6 0
8 7 74
9 1 0
9 2 23
9 3 0
9 4 19
9 5 10
9 6 0
9 7 13
10 1 0
10 2 18
10 3 0
10 4 13
10 5 7
10 6 0
10 7 10
11 1 0
11 2 44
11 3 0
11 4 31
11 5 20
11 6 0
11 7 30
12 1 0
12 2 37
12 3 0
12 4 30
12 5 14
12 6 0
12 7 22
13 1 0
13 2 60
13 3 0
13 4 47
13 5 18
13 6 0
13 7 31
14 1 0
14 2 34
14 3 0
14 4 23
14 5 11
14 6 0
14 7 20
15 1 0
15 2 135
15 3 0
15 4 89
15 5 49
15 6 0
15 7 76
16 1 0
16 2 56
16 3 0
16 4 45
16 5 19
16 6 0
16 7 39
17 1 0
17 2 30
17 3 0
17 4 25
17 5 12
17 6 0
17 7 19
18 1 0
18 2 22
18 3 0
18 4 15
18 5 7
18 6 0
18 7 15
19 1 0
19 2 44
19 3 0
19 4 41
19 5 24
19 6 0
19 7 33
20 1 0
20 2 33
20 3 0
20 4 25
20 5 13
20 6 0
20 7 18

# Precedence Relations
1 9
2 9
3 9
4 9
5 11
5 12
8 10
9 13
9 14
9 15
9 16
14 17
15 18
17 20
18 19

# Parameters
R_e = 0.0500
T = 1000.0
C_s = 4.0
C_w = 36.0
C_c = 5.0
