# Tasks
1 2 3 4 5 6 7 8 9 10 11 12 13 14 15 16 17 18 19 20 21 22 23 24 25 26 27 28 29 30 31 32 33 34 35 36 37 38 39 40 41 42 43 44 45 46 47 48 49 50 51 52 53 54 55 56 57 58 59 60 61 62 63 64 65 66 67 68 69 70 71 72 73 74 75

# Workstations
1 2 3 4 5 6 7 8 9 10 11 12 13 14 15 16 17 18 19 20 21 22 23 24 25 26 27 28 29 30 31 32 33 34 35 36 37 38 39 40 41 42 43 44 45 46 47 48 49 50 51 52 53 54 55 56 57 58 59 60 61 62 63 64 65 66 67 68 69 70 71 72 73 74 75

# Modes
1 2 3 4 5 6 7

# Processing Times
1 1 23
1 2 25
1 3 22
1 4 24
1 5 8
1 6 25
1 7 27
2 1 24
2 2 26
2 3 22
2 4 23
2 5 9
2 6 25
2 7 27
3 1 25
3 2 26
3 3 22
3 4 23
3 5 11
3 6 28
3 7 29
4 1 26
4 2 26
4 3 24
4 4 24
4 5 10
4 6 28
4 7 28
5 1 23
5 2 25
5 3 21
5 4 23
5 5 8
5 6 26
5 7 28
6 1 22
6 2 20
6 3 20
6 4 18
6 5 10
6 6 23
6 7 21
7 1 6
7 2 6
7 3 6
7 4 6
7 5 2
7 6 7
7 7 7
8 1 22
8 2 22
8 3 21
8 4 21
8 5 7
8 6 24
8 7 24
9 1 23
9 2 24
9 3 20
9 4 21
9 5 11
9 6 24
9 7 25
10 1 21
10 2 19
10 3 20
10 4 18
10 5 9
10 6 23
10 7 21
11 1 22
11 2 21
11 3 20
11 4 19
11 5 10
11 6 23
11 7 22
12 1 15
12 2 17
12 3 15
12 4 16
12 5 6
12 6 16
12 7 18
13 1 5
13 2 5
13 3 5
13 4 5
13 5 3
13 6 6
13 7 6
14 1 23
14 2 23
14 3 21
14 4 21
14 5 10
14 6 25
14 7 25
15 1 4
15 2 4
15 3 4
15 4 4
15 5 2
15 6 5
15 7 5
16 1 26
16 2 24
16 3 24
16 4 22
16 5 11
16 6 28
16 7 25
17 1 21
17 2 20
17 3 19
17 4 18
17 5 8
17 6 23
17 7 22
18 1 5
18 2 6
18 3 5
18 4 6
18 5 2
18 6 6
18 7 7
19 1 24
19 2 26
19 3 21
19 4 23
19 5 11
19 6 26
19 7 28
20 1 25
20 2 26
20 3 22
20 4 23
20 5 10
20 6 26
20 7 27
21 1 26
21 2 26
21 3 24
21 4 24
21 5 9
21 6 28
21 7 28
22 1 26
22 2 27
22 3 23
22 4 24
22 5 9
22 6 29
22 7 30
23 1 24
23 2 22
23 3 22
23 4 21
23 5 11
23 6 26
23 7 24
24 1 27
24 2 24
24 3 26
24 4 23
24 5 11
24 6 29
24 7 26
25 1 20
25 2 21
25 3 19
25 4 20
25 5 9
25 6 21
25 7 22
26 1 23
26 2 24
26 3 22
26 4 23
26 5 7
26 6 24
26 7 25
27 1 25
27 2 22
27 3 22
27 4 20
27 5 10
27 6 27
27 7 24
28 1 13
28 2 14
28 3 12
28 4 13
28 5 5
28 6 14
28 7 15
29 1 3
29 2 3
29 3 3
29 4 3
29 5 2
29 6 4
29 7 4
30 1 11
30 2 11
30 3 10
30 4 10
30 5 4
30 6 12
30 7 12
31 1 21
31 2 20
31 3 20
31 4 19
31 5 7
31 6 23
31 7 22
32 1 22
32 2 22
32 3 20
32 4 20
32 5 9
32 6 24
32 7 24
33 1 21
33 2 22
33 3 20
33 4 21
33 5 9
33 6 23
33 7 25
34 1 22
34 2 24
34 3 20
34 4 22
34 5 9
34 6 25
34 7 27
35 1 25
35 2 26
35 3 22
35 4 23
35 5 10
35 6 27
35 7 28
36 1 8
36 2 9
36 3 8
36 4 8
36 5 4
36 6 9
36 7 10
37 1 22
37 2 22
37 3 21
37 4 21
37 5 10
37 6 24
37 7 24
38 1 24
38 2 22
38 3 22
38 4 20
38 5 9
38 6 26
38 7 23
39 1 22
39 2 21
39 3 20
39 4 19
39 5 9
39 6 23
39 7 22
40 1 21
40 2 23
40 3 19
40 4 21
40 5 8
40 6 23
40 7 26
41 1 6
41 2 6
41 3 6
41 4 6
41 5 3
41 6 7
41 7 7
42 1 26
42 2 28
42 3 23
42 4 25
42 5 11
42 6 28
42 7 30
43 1 22
43 2 20
43 3 20
43 4 18
43 5 9
43 6 24
43 7 22
44 1 6
44 2 6
44 3 6
44 4 6
44 5 2
44 6 7
44 7 7
45 1 21
45 2 23
45 3 20
45 4 22
45 5 7
45 6 22
45 7 24
46 1 25
46 2 25
46 3 23
46 4 23
46 5 9
46 6 26
46 7 26
47 1 11
47 2 12
47 3 10
47 4 11
47 5 4
47 6 12
47 7 13
48 1 22
48 2 23
48 3 20
48 4 21
48 5 9
48 6 23
48 7 24
49 1 21
49 2 23
49 3 19
49 4 21
49 5 9
49 6 23
49 7 25
50 1 25
50 2 27
50 3 23
50 4 24
50 5 9
50 6 26
50 7 29
51 1 22
51 2 23
51 3 21
51 4 22
51 5 8
51 6 23
51 7 24
52 1 22
52 2 24
52 3 20
52 4 22
52 5 9
52 6 24
52 7 26
53 1 23
53 2 22
53 3 20
53 4 19
53 5 10
53 6 24
53 7 23
54 1 22
54 2 22
54 3 21
54 4 21
54 5 9
54 6 24
54 7 24
55 1 22
55 2 21
55 3 20
55 4 19
55 5 9
55 6 24
55 7 23
56 1 25
56 2 23
56 3 24
56 4 22
56 5 11
56 6 26
56 7 24
57 1 23
57 2 21
57 3 20
57 4 18
57 5 8
57 6 24
57 7 22
58 1 21
58 2 19
58 3 20
58 4 18
58 5 9
58 6 23
58 7 20
59 1 22
59 2 20
59 3 20
59 4 18
59 5 8
59 6 23
59 7 21
60 1 22
60 2 19
60 3 21
60 4 18
60 5 10
60 6 24
60 7 21
61 1 22
61 2 20
61 3 21
61 4 19
61 5 8
61 6 23
61 7 21
62 1 22
62 2 24
62 3 20
62 4 22
62 5 8
62 6 23
62 7 25
63 1 21
63 2 19
63 3 20
63 4 18
63 5 7
63 6 22
63 7 20
64 1 27
64 2 27
64 3 24
64 4 24
64 5 12
64 6 28
64 7 28
65 1 23
65 2 24
65 3 21
65 4 22
65 5 10
65 6 26
65 7 27
66 1 2
66 2 2
66 3 2
66 4 2
66 5 1
66 6 3
66 7 3
67 1 26
67 2 27
67 3 24
67 4 25
67 5 11
67 6 28
67 7 30
68 1 25
68 2 25
68 3 23
68 4 23
68 5 11
68 6 26
68 7 26
69 1 24
69 2 23
69 3 23
69 4 22
69 5 9
69 6 25
69 7 24
70 1 22
70 2 20
70 3 19
70 4 18
70 5 10
70 6 25
70 7 22
71 1 24
71 2 23
71 3 22
71 4 21
71 5 10
71 6 25
71 7 24
72 1 4
72 2 4
72 3 4
72 4 4
72 5 2
72 6 5
72 7 5
73 1 22
73 2 19
73 3 20
73 4 17
73 5 9
73 6 23
73 7 20
74 1 10
74 2 10
74 3 9
74 4 9
74 5 4
74 6 11
74 7 11
75 1 25
75 2 23
75 3 24
75 4 22
75 5 9
75 6 26
75 7 24

# Energy Consumption
1 1 0
1 2 7
1 3 0
1 4 5
1 5 2
1 6 0
1 7 4
2 1 0
2 2 7
2 3 0
2 4 5
2 5 2
2 6 0
2 7 4
3 1 0
3 2 7
3 3 0
3 4 5
3 5 2
3 6 0
3 7 5
4 1 0
4 2 8
4 3 0
4 4 5
4 5 2
4 6 0
4 7 5
5 1 0
5 2 8
5 3 0
5 4 5
5 5 2
5 6 0
5 7 4
6 1 0
6 2 6
6 3 0
6 4 4
6 5 2
6 6 0
6 7 3
7 1 0
7 2 2
7 3 0
7 4 2
7 5 1
7 6 0
7 7 2
8 1 0
8 2 7
8 3 0
8 4 5
8 5 2
8 6 0
8 7 4
9 1 0
9 2 6
9 3 0
9 4 5
9 5 2
9 6 0
9 7 4
10 1 0
10 2 5
10 3 0
10 4 4
10 5 2
10 6 0
10 7 3
11 1 0
11 2 5
11 3 0
11 4 5
11 5 2
11 6 0
11 7 4
12 1 0
12 2 5
12 3 0
12 4 4
12 5 1
12 6 0
12 7 3
13 1 0
13 2 2
13 3 0
13 4 1
13 5 1
13 6 0
13 7 1
14 1 0
14 2 6
14 3 0
14 4 4
14 5 2
14 6 0
14 7 4
15 1 0
15 2 2
15 3 0
15 4 1
15 5 1
15 6 0
15 7 1
16 1 0
16 2 6
16 3 0
16 4 5
16 5 2
16 6 0
16 7 4
17 1 0
17 2 6
17 3 0
17 4 4
17 5 2
17 6 0
17 7 4
18 1 0
18 2 2
18 3 0
18 4 2
18 5 1
18 6 0
18 7 1
19 1 0
19 2 6
19 3 0
19 4 5
19 5 2
19 6 0
19 7 5
20 1 0
20 2 7
20 3 0
20 4 5
20 5 2
20 6 0
20 7 4
21 1 0
21 2 7
21 3 0
21 4 5
21 5 2
21 6 0
21 7 4
22 1 0
22 2 7
22 3 0
22 4 6
22 5 2
22 6 0
22 7 5
23 1 0
23 2 7
23 3 0
23 4 5
23 5 2
23 6 0
23 7 4
24 1 0
24 2 7
24 3 0
24 4 5
24 5 2
24 6 0
24 7 4
25 1 0
25 2 6
25 3 0
25 4 4
25 5 2
25 6 0
25 7 3
26 1 0
26 2 7
26 3 0
26 4 5
26 5 1
26 6 0
26 7 4
27 1 0
27 2 7
27 3 0
27 4 5
27 5 2
27 6 0
27 7 4
28 1 0
28 2 4
28 3 0
28 4 3
28 5 1
28 6 0
28 7 2
29 1 0
29 2 1
29 3 0
29 4 1
29 5 1
29 6 0
29 7 1
30 1 0
30 2 3
30 3 0
30 4 3
30 5 1
30 6 0
30 7 2
31 1 0
31 2 6
31 3 0
31 4 4
31 5 2
31 6 0
31 7 4
32 1 0
32 2 7
32 3 0
32 4 5
32 5 2
32 6 0
32 7 3
33 1 0
33 2 6
33 3 0
33 4 5
33 5 2
33 6 0
33 7 4
34 1 0
34 2 7
34 3 0
34 4 5
34 5 2
34 6 0
34 7 4
35 1 0
35 2 8
35 3 0
35 4 5
35 5 2
35 6 0
35 7 4
36 1 0
36 2 3
36 3 0
36 4 2
36 5 1
36 6 0
36 7 2
37 1 0
37 2 7
37 3 0
37 4 5
37 5 2
37 6 0
37 7 4
38 1 0
38 2 6
38 3 0
38 4 5
38 5 2
38 6 0
38 7 4
39 1 0
39 2 6
39 3 0
39 4 4
39 5 2
39 6 0
39 7 4
40 1 0
40 2 6
40 3 0
40 4 5
40 5 2
40 6 0
40 7 4
41 1 0
41 2 2
41 3 0
41 4 2
41 5 1
41 6 0
41 7 1
42 1 0
42 2 7
42 3 0
42 4 6
42 5 2
42 6 0
42 7 4
43 1 0
43 2 6
43 3 0
43 4 4
43 5 2
43 6 0
43 7 3
44 1 0
44 2 2
44 3 0
44 4 2
44 5 1
44 6 0
44 7 1
45 1 0
45 2 7
45 3 0
45 4 5
45 5 2
45 6 0
45 7 4
46 1 0
46 2 7
46 3 0
46 4 5
46 5 2
46 6 0
46 7 4
47 1 0
47 2 4
47 3 0
47 4 3
47 5 1
47 6 0
47 7 2
48 1 0
48 2 6
48 3 0
48 4 4
48 5 2
48 6 0
48 7 4
49 1 0
49 2 7
49 3 0
49 4 5
49 5 2
49 6 0
49 7 4
50 1 0
50 2 8
50 3 0
50 4 5
50 5 2
50 6 0
50 7 5
51 1 0
51 2 6
51 3 0
51 4 4
51 5 2
51 6 0
51 7 4
52 1 0
52 2 6
52 3 0
52 4 4
52 5 2
52 6 0
52 7 4
53 1 0
53 2 6
53 3 0
53 4 4
53 5 2
53 6 0
53 7 4
54 1 0
54 2 7
54 3 0
54 4 5
54 5 2
54 6 0
54 7 4
55 1 0
55 2 5
55 3 0
55 4 4
55 5 2
55 6 0
55 7 3
56 1 0
56 2 6
56 3 0
56 4 5
56 5 2
56 6 0
56 7 4
57 1 0
57 2 5
57 3 0
57 4 4
57 5 2
57 6 0
57 7 3
58 1 0
58 2 5
58 3 0
58 4 4
58 5 2
58 6 0
58 7 3
59 1 0
59 2 5
59 3 0
59 4 4
59 5 2
59 6 0
59 7 3
60 1 0
60 2 6
60 3 0
60 4 4
60 5 2
60 6 0
60 7 3
61 1 0
61 2 5
61 3 0
61 4 4
61 5 2
61 6 0
61 7 3
62 1 0
62 2 7
62 3 0
62 4 5
62 5 2
62 6 0
62 7 4
63 1 0
63 2 6
63 3 0
63 4 4
63 5 2
63 6 0
63 7 3
64 1 0
64 2 7
64 3 0
64 4 5
64 5 2
64 6 0
64 7 4
65 1 0
65 2 7
65 3 0
65 4 5
65 5 2
65 6 0
65 7 4
66 1 0
66 2 1
66 3 0
66 4 1
66 5 1
66 6 0
66 7 1
67 1 0
67 2 7
67 3 0
67 4 6
67 5 2
67 6 0
67 7 4
68 1 0
68 2 7
68 3 0
68 4 6
68 5 2
68 6 0
68 7 4
69 1 0
69 2 6
69 3 0
69 4 5
69 5 2
69 6 0
69 7 4
70 1 0
70 2 5
70 3 0
70 4 4
70 5 2
70 6 0
70 7 4
71 1 0
71 2 7
71 3 0
71 4 5
71 5 2
71 6 0
71 7 4
72 1 0
72 2 2
72 3 0
72 4 1
72 5 1
72 6 0
72 7 1
73 1 0
73 2 5
73 3 0
73 4 4
73 5 2
73 6 0
73 7 3
74 1 0
74 2 3
74 3 0
74 4 2
74 5 1
74 6 0
74 7 2
75 1 0
75 2 6
75 3 0
75 4 5
75 5 2
75 6 0
75 7 4

# Precedence Relations
1 2
1 3
1 4
1 5
1 6
1 7
2 15
3 13
3 24
4 8
4 14
4 16
5 12
5 15
6 9
6 10
6 11
6 13
9 20
9 24
10 18
12 19
13 22
15 17
15 20
15 23
16 21
16 26
17 30
18 26
18 30
20 27
21 33
24 25
25 28
25 30
25 33
25 34
26 31
26 32
26 41
27 29
27 35
27 36
31 37
31 39
32 44
32 45
33 41
35 38
35 42
36 40
36 43
39 51
40 46
42 47
43 48
43 50
46 51
46 48
47 49
47 50
47 52
47 53
49 59
49 61
49 62
50 54
50 55
50 60
50 62
52 56
52 57
53 58
55 63
58 65
59 64
59 66
62 67
66 68
68 69
68 70
68 71
68 72
68 73
68 74
68 75

# Parameters
R_e = 0.0500
T = 600.0
C_s = 4.0
C_w = 36.0
C_c = 5.0
