# Tasks
1 2 3 4 5 6 7 8 9 10 11 12 13 14 15 16 17 18 19 20 21 22 23 24 25 26 27 28 29 30 31 32 33 34 35 36 37 38 39 40 41 42 43 44 45 46 47 48 49 50 51 52 53 54 55 56 57 58 59 60 61 62 63 64 65 66 67 68 69 70 71 72 73 74 75 76 77 78 79 80 81 82 83 84 85 86 87 88 89 90 91 92 93 94 95 96 97 98 99 100

# Workstations
1 2 3 4 5 6 7 8 9 10 11 12 13 14 15 16 17 18 19 20 21 22 23 24 25 26 27 28 29 30 31 32 33 34 35 36 37 38 39 40 41 42 43 44 45 46 47 48 49 50 51 52 53 54 55 56 57 58 59 60 61 62 63 64 65 66 67 68 69 70 71 72 73 74 75 76 77 78 79 80 81 82 83 84 85 86 87 88 89 90 91 92 93 94 95 96 97 98 99 100

# Modes
1 2 3 4 5 6 7

# Processing Times
1 1 113
1 2 157
1 3 119
1 4 166
1 5 77
1 6 119
1 7 165
2 1 98
2 2 148
2 3 105
2 4 159
2 5 60
2 6 100
2 7 151
3 1 238
3 2 292
3 3 262
3 4 321
3 5 134
3 6 242
3 7 297
4 1 175
4 2 250
4 3 193
4 4 275
4 5 121
4 6 181
4 7 258
5 1 99
5 2 138
5 3 108
5 4 150
5 5 69
5 6 109
5 7 152
6 1 188
6 2 285
6 3 202
6 4 306
6 5 120
6 6 203
6 7 308
7 1 207
7 2 315
7 3 227
7 4 344
7 5 133
7 6 210
7 7 319
8 1 125
8 2 193
8 3 132
8 4 204
8 5 69
8 6 128
8 7 197
9 1 126
9 2 166
9 3 133
9 4 175
9 5 77
9 6 137
9 7 180
10 1 106
10 2 159
10 3 117
10 4 175
10 5 66
10 6 115
10 7 173
11 1 43
11 2 67
11 3 47
11 4 73
11 5 25
11 6 44
11 7 69
12 1 175
12 2 255
12 3 193
12 4 280
12 5 104
12 6 176
12 7 256
13 1 53
13 2 78
13 3 57
13 4 84
13 5 33
13 6 58
13 7 85
14 1 29
14 2 39
14 3 31
14 4 42
14 5 18
14 6 30
14 7 40
15 1 181
15 2 236
15 3 194
15 4 253
15 5 122
15 6 192
15 7 250
16 1 164
16 2 203
16 3 174
16 4 215
16 5 98
16 6 174
16 7 216
17 1 230
17 2 326
17 3 250
17 4 355
17 5 149
17 6 240
17 7 340
18 1 134
18 2 193
18 3 147
18 4 212
18 5 86
18 6 144
18 7 207
19 1 186
19 2 260
19 3 204
19 4 285
19 5 127
19 6 202
19 7 282
20 1 150
20 2 195
20 3 159
20 4 207
20 5 99
20 6 164
20 7 213
21 1 86
21 2 121
21 3 91
21 4 128
21 5 60
21 6 93
21 7 131
22 1 182
22 2 241
22 3 195
22 4 258
22 5 115
22 6 184
22 7 244
23 1 184
23 2 279
23 3 199
23 4 301
23 5 104
23 6 199
23 7 301
24 1 131
24 2 198
24 3 142
24 4 214
24 5 88
24 6 141
24 7 213
25 1 197
25 2 251
25 3 211
25 4 269
25 5 122
25 6 216
25 7 276
26 1 115
26 2 162
26 3 126
26 4 178
26 5 71
26 6 124
26 7 175
27 1 198
27 2 260
27 3 217
27 4 285
27 5 139
27 6 210
27 7 276
28 1 125
28 2 197
28 3 134
28 4 212
28 5 73
28 6 130
28 7 205
29 1 31
29 2 40
29 3 34
29 4 44
29 5 19
29 6 34
29 7 44
30 1 80
30 2 113
30 3 87
30 4 123
30 5 47
30 6 86
30 7 121
31 1 79
31 2 106
31 3 87
31 4 117
31 5 54
31 6 84
31 7 113
32 1 240
32 2 336
32 3 254
32 4 355
32 5 154
32 6 244
32 7 341
33 1 80
33 2 112
33 3 86
33 4 121
33 5 46
33 6 82
33 7 115
34 1 235
34 2 345
34 3 253
34 4 371
34 5 135
34 6 256
34 7 375
35 1 43
35 2 56
35 3 46
35 4 60
35 5 30
35 6 44
35 7 57
36 1 348
36 2 525
36 3 369
36 4 556
36 5 199
36 6 355
36 7 536
37 1 113
37 2 181
37 3 122
37 4 196
37 5 70
37 6 119
37 7 190
38 1 64
38 2 81
38 3 69
38 4 87
38 5 42
38 6 67
38 7 84
39 1 94
39 2 130
39 3 102
39 4 140
39 5 57
39 6 100
39 7 139
40 1 126
40 2 163
40 3 134
40 4 174
40 5 77
40 6 139
40 7 180
41 1 218
41 2 284
41 3 237
41 4 309
41 5 137
41 6 235
41 7 306
42 1 98
42 2 119
42 3 108
42 4 131
42 5 67
42 6 100
42 7 121
43 1 34
43 2 51
43 3 37
43 4 55
43 5 19
43 6 38
43 7 57
44 1 117
44 2 157
44 3 127
44 4 170
44 5 69
44 6 129
44 7 172
45 1 172
45 2 232
45 3 187
45 4 252
45 5 106
45 6 179
45 7 241
46 1 144
46 2 213
46 3 158
46 4 234
46 5 93
46 6 151
46 7 223
47 1 198
47 2 308
47 3 209
47 4 325
47 5 131
47 6 213
47 7 331
48 1 29
48 2 43
48 3 32
48 4 47
48 5 20
48 6 31
48 7 46
49 1 76
49 2 122
49 3 84
49 4 134
49 5 46
49 6 80
49 7 129
50 1 68
50 2 94
50 3 75
50 4 103
50 5 41
50 6 70
50 7 97
51 1 41
51 2 64
51 3 44
51 4 69
51 5 26
51 6 44
51 7 69
52 1 224
52 2 287
52 3 243
52 4 312
52 5 143
52 6 229
52 7 293
53 1 119
53 2 172
53 3 129
53 4 186
53 5 74
53 6 120
53 7 173
54 1 263
54 2 352
54 3 285
54 4 381
54 5 182
54 6 281
54 7 375
55 1 90
55 2 140
55 3 97
55 4 150
55 5 57
55 6 93
55 7 144
56 1 26
56 2 39
56 3 29
56 4 43
56 5 17
56 6 28
56 7 42
57 1 202
57 2 243
57 3 219
57 4 264
57 5 132
57 6 215
57 7 259
58 1 90
58 2 119
58 3 98
58 4 129
58 5 53
58 6 92
58 7 122
59 1 59
59 2 88
59 3 63
59 4 93
59 5 33
59 6 64
59 7 96
60 1 257
60 2 344
60 3 272
60 4 364
60 5 180
60 6 265
60 7 355
61 1 229
61 2 325
61 3 243
61 4 345
61 5 144
61 6 244
61 7 347
62 1 21
62 2 31
62 3 23
62 4 33
62 5 13
62 6 22
62 7 32
63 1 162
63 2 228
63 3 179
63 4 251
63 5 95
63 6 165
63 7 232
64 1 79
64 2 123
64 3 84
64 4 130
64 5 54
64 6 80
64 7 125
65 1 257
65 2 344
65 3 281
65 4 376
65 5 168
65 6 282
65 7 377
66 1 195
66 2 279
66 3 215
66 4 307
66 5 108
66 6 210
66 7 300
67 1 316
67 2 468
67 3 340
67 4 503
67 5 195
67 6 327
67 7 485
68 1 67
68 2 103
68 3 73
68 4 112
68 5 42
68 6 73
68 7 112
69 1 104
69 2 128
69 3 111
69 4 137
69 5 61
69 6 106
69 7 131
70 1 157
70 2 196
70 3 169
70 4 211
70 5 106
70 6 171
70 7 213
71 1 69
71 2 104
71 3 76
71 4 115
71 5 46
71 6 74
71 7 112
72 1 190
72 2 253
72 3 207
72 4 275
72 5 107
72 6 193
72 7 256
73 1 75
73 2 116
73 3 79
73 4 123
73 5 52
73 6 79
73 7 121
74 1 281
74 2 376
74 3 304
74 4 407
74 5 178
74 6 304
74 7 407
75 1 60
75 2 74
75 3 65
75 4 81
75 5 34
75 6 65
75 7 80
76 1 67
76 2 96
76 3 71
76 4 102
76 5 42
76 6 69
76 7 98
77 1 265
77 2 330
77 3 281
77 4 350
77 5 164
77 6 288
77 7 359
78 1 195
78 2 310
78 3 215
78 4 341
78 5 134
78 6 212
78 7 337
79 1 231
79 2 337
79 3 246
79 4 359
79 5 156
79 6 236
79 7 344
80 1 152
80 2 227
80 3 166
80 4 248
80 5 88
80 6 168
80 7 250
81 1 417
81 2 658
81 3 457
81 4 721
81 5 280
81 6 437
81 7 690
82 1 104
82 2 134
82 3 111
82 4 143
82 5 67
82 6 111
82 7 143
83 1 118
83 2 183
83 3 128
83 4 198
83 5 70
83 6 120
83 7 186
84 1 154
84 2 205
84 3 165
84 4 220
84 5 94
84 6 166
84 7 221
85 1 202
85 2 256
85 3 218
85 4 277
85 5 141
85 6 220
85 7 279
86 1 164
86 2 245
86 3 175
86 4 261
86 5 110
86 6 172
86 7 257
87 1 153
87 2 206
87 3 165
87 4 222
87 5 97
87 6 167
87 7 225
88 1 194
88 2 245
88 3 212
88 4 268
88 5 136
88 6 206
88 7 260
89 1 196
89 2 258
89 3 216
89 4 284
89 5 119
89 6 214
89 7 282
90 1 144
90 2 175
90 3 156
90 4 189
90 5 96
90 6 149
90 7 181
91 1 47
91 2 75
91 3 51
91 4 82
91 5 30
91 6 52
91 7 82
92 1 217
92 2 263
92 3 231
92 4 279
92 5 120
92 6 231
92 7 280
93 1 41
93 2 59
93 3 45
93 4 65
93 5 26
93 6 43
93 7 61
94 1 200
94 2 241
94 3 220
94 4 265
94 5 119
94 6 207
94 7 249
95 1 144
95 2 184
95 3 158
95 4 202
95 5 85
95 6 154
95 7 197
96 1 114
96 2 160
96 3 122
96 4 171
96 5 71
96 6 120
96 7 169
97 1 165
97 2 209
97 3 178
97 4 225
97 5 113
97 6 167
97 7 212
98 1 29
98 2 36
98 3 32
98 4 39
98 5 20
98 6 32
98 7 40
99 1 36
99 2 47
99 3 40
99 4 52
99 5 23
99 6 40
99 7 52
100 1 77
100 2 109
100 3 83
100 4 117
100 5 47
100 6 82
100 7 116

# Energy Consumption
1 1 0
1 2 38
1 3 0
1 4 35
1 5 12
1 6 0
1 7 24
2 1 0
2 2 38
2 3 0
2 4 32
2 5 9
2 6 0
2 7 22
3 1 0
3 2 82
3 3 0
3 4 63
3 5 22
3 6 0
3 7 41
4 1 0
4 2 63
4 3 0
4 4 61
4 5 17
4 6 0
4 7 38
5 1 0
5 2 34
5 3 0
5 4 32
5 5 11
5 6 0
5 7 21
6 1 0
6 2 63
6 3 0
6 4 65
6 5 19
6 6 0
6 7 43
7 1 0
7 2 71
7 3 0
7 4 75
7 5 20
7 6 0
7 7 46
8 1 0
8 2 50
8 3 0
8 4 43
8 5 11
8 6 0
8 7 28
9 1 0
9 2 45
9 3 0
9 4 38
9 5 13
9 6 0
9 7 27
10 1 0
10 2 46
10 3 0
10 4 37
10 5 10
10 6 0
10 7 25
11 1 0
11 2 15
11 3 0
11 4 14
11 5 4
11 6 0
11 7 10
12 1 0
12 2 65
12 3 0
12 4 62
12 5 15
12 6 0
12 7 36
13 1 0
13 2 19
13 3 0
13 4 17
13 5 5
13 6 0
13 7 12
14 1 0
14 2 12
14 3 0
14 4 9
14 5 3
14 6 0
14 7 6
15 1 0
15 2 61
15 3 0
15 4 47
15 5 19
15 6 0
15 7 31
16 1 0
16 2 58
16 3 0
16 4 46
16 5 15
16 6 0
16 7 28
17 1 0
17 2 88
17 3 0
17 4 78
17 5 23
17 6 0
17 7 43
18 1 0
18 2 47
18 3 0
18 4 43
18 5 14
18 6 0
18 7 26
19 1 0
19 2 72
19 3 0
19 4 59
19 5 20
19 6 0
19 7 43
20 1 0
20 2 50
20 3 0
20 4 46
20 5 16
20 6 0
20 7 27
21 1 0
21 2 27
21 3 0
21 4 27
21 5 10
21 6 0
21 7 19
22 1 0
22 2 59
22 3 0
22 4 55
22 5 17
22 6 0
22 7 36
23 1 0
23 2 73
23 3 0
23 4 60
23 5 15
23 6 0
23 7 45
24 1 0
24 2 46
24 3 0
24 4 44
24 5 14
24 6 0
24 7 31
25 1 0
25 2 65
25 3 0
25 4 51
25 5 18
25 6 0
25 7 35
26 1 0
26 2 47
26 3 0
26 4 34
26 5 11
26 6 0
26 7 23
27 1 0
27 2 73
27 3 0
27 4 62
27 5 20
27 6 0
27 7 34
28 1 0
28 2 44
28 3 0
28 4 39
28 5 12
28 6 0
28 7 28
29 1 0
29 2 11
29 3 0
29 4 10
29 5 3
29 6 0
29 7 7
30 1 0
30 2 31
30 3 0
30 4 27
30 5 7
30 6 0
30 7 16
31 1 0
31 2 26
31 3 0
31 4 23
31 5 9
31 6 0
31 7 17
32 1 0
32 2 86
32 3 0
32 4 74
32 5 24
32 6 0
32 7 46
33 1 0
33 2 25
33 3 0
33 4 24
33 5 7
33 6 0
33 7 16
34 1 0
34 2 89
34 3 0
34 4 72
34 5 20
34 6 0
34 7 54
35 1 0
35 2 17
35 3 0
35 4 12
35 5 5
35 6 0
35 7 9
36 1 0
36 2 157
36 3 0
36 4 113
36 5 31
36 6 0
36 7 71
37 1 0
37 2 54
37 3 0
37 4 39
37 5 11
37 6 0
37 7 24
38 1 0
38 2 22
38 3 0
38 4 17
38 5 7
38 6 0
38 7 12
39 1 0
39 2 33
39 3 0
39 4 27
39 5 9
39 6 0
39 7 18
40 1 0
40 2 41
40 3 0
40 4 34
40 5 13
40 6 0
40 7 25
41 1 0
41 2 82
41 3 0
41 4 66
41 5 21
41 6 0
41 7 43
42 1 0
42 2 32
42 3 0
42 4 24
42 5 11
42 6 0
42 7 17
43 1 0
43 2 12
43 3 0
43 4 11
43 5 3
43 6 0
43 7 8
44 1 0
44 2 44
44 3 0
44 4 31
44 5 10
44 6 0
44 7 25
45 1 0
45 2 59
45 3 0
45 4 52
45 5 16
45 6 0
45 7 32
46 1 0
46 2 54
46 3 0
46 4 48
46 5 14
46 6 0
46 7 33
47 1 0
47 2 88
47 3 0
47 4 66
47 5 20
47 6 0
47 7 47
48 1 0
48 2 11
48 3 0
48 4 10
48 5 3
48 6 0
48 7 7
49 1 0
49 2 30
49 3 0
49 4 25
49 5 7
49 6 0
49 7 17
50 1 0
50 2 29
50 3 0
50 4 20
50 5 7
50 6 0
50 7 13
51 1 0
51 2 18
51 3 0
51 4 15
51 5 4
51 6 0
51 7 10
52 1 0
52 2 85
52 3 0
52 4 60
52 5 21
52 6 0
52 7 37
53 1 0
53 2 44
53 3 0
53 4 34
53 5 12
53 6 0
53 7 24
54 1 0
54 2 104
54 3 0
54 4 73
54 5 29
54 6 0
54 7 54
55 1 0
55 2 35
55 3 0
55 4 33
55 5 9
55 6 0
55 7 20
56 1 0
56 2 12
56 3 0
56 4 10
56 5 3
56 6 0
56 7 7
57 1 0
57 2 62
57 3 0
57 4 50
57 5 21
57 6 0
57 7 34
58 1 0
58 2 28
58 3 0
58 4 28
58 5 8
58 6 0
58 7 16
59 1 0
59 2 25
59 3 0
59 4 19
59 5 5
59 6 0
59 7 13
60 1 0
60 2 78
60 3 0
60 4 80
60 5 28
60 6 0
60 7 51
61 1 0
61 2 84
61 3 0
61 4 72
61 5 23
61 6 0
61 7 50
62 1 0
62 2 10
62 3 0
62 4 7
62 5 2
62 6 0
62 7 5
63 1 0
63 2 60
63 3 0
63 4 50
63 5 16
63 6 0
63 7 32
64 1 0
64 2 37
64 3 0
64 4 27
64 5 9
64 6 0
64 7 18
65 1 0
65 2 88
65 3 0
65 4 72
65 5 24
65 6 0
65 7 53
66 1 0
66 2 68
66 3 0
66 4 59
66 5 17
66 6 0
66 7 37
67 1 0
67 2 106
67 3 0
67 4 95
67 5 28
67 6 0
67 7 70
68 1 0
68 2 31
68 3 0
68 4 23
68 5 7
68 6 0
68 7 14
69 1 0
69 2 31
69 3 0
69 4 25
69 5 9
69 6 0
69 7 17
70 1 0
70 2 59
70 3 0
70 4 45
70 5 16
70 6 0
70 7 26
71 1 0
71 2 32
71 3 0
71 4 25
71 5 8
71 6 0
71 7 15
72 1 0
72 2 67
72 3 0
72 4 54
72 5 16
72 6 0
72 7 36
73 1 0
73 2 27
73 3 0
73 4 27
73 5 8
73 6 0
73 7 15
74 1 0
74 2 105
74 3 0
74 4 81
74 5 26
74 6 0
74 7 56
75 1 0
75 2 21
75 3 0
75 4 18
75 5 5
75 6 0
75 7 11
76 1 0
76 2 23
76 3 0
76 4 19
76 5 7
76 6 0
76 7 15
77 1 0
77 2 95
77 3 0
77 4 76
77 5 25
77 6 0
77 7 48
78 1 0
78 2 76
78 3 0
78 4 75
78 5 20
78 6 0
78 7 46
79 1 0
79 2 78
79 3 0
79 4 70
79 5 24
79 6 0
79 7 49
80 1 0
80 2 57
80 3 0
80 4 54
80 5 13
80 6 0
80 7 33
81 1 0
81 2 147
81 3 0
81 4 134
81 5 44
81 6 0
81 7 91
82 1 0
82 2 35
82 3 0
82 4 30
82 5 11
82 6 0
82 7 20
83 1 0
83 2 48
83 3 0
83 4 40
83 5 11
83 6 0
83 7 28
84 1 0
84 2 58
84 3 0
84 4 41
84 5 15
84 6 0
84 7 29
85 1 0
85 2 76
85 3 0
85 4 50
85 5 21
85 6 0
85 7 39
86 1 0
86 2 67
86 3 0
86 4 52
86 5 17
86 6 0
86 7 38
87 1 0
87 2 50
87 3 0
87 4 41
87 5 14
87 6 0
87 7 31
88 1 0
88 2 59
88 3 0
88 4 51
88 5 21
88 6 0
88 7 36
89 1 0
89 2 73
89 3 0
89 4 59
89 5 18
89 6 0
89 7 42
90 1 0
90 2 49
90 3 0
90 4 39
90 5 14
90 6 0
90 7 23
91 1 0
91 2 18
91 3 0
91 4 18
91 5 5
91 6 0
91 7 11
92 1 0
92 2 75
92 3 0
92 4 52
92 5 19
92 6 0
92 7 37
93 1 0
93 2 17
93 3 0
93 4 13
93 5 4
93 6 0
93 7 9
94 1 0
94 2 61
94 3 0
94 4 49
94 5 18
94 6 0
94 7 36
95 1 0
95 2 55
95 3 0
95 4 40
95 5 13
95 6 0
95 7 27
96 1 0
96 2 39
96 3 0
96 4 36
96 5 11
96 6 0
96 7 23
97 1 0
97 2 47
97 3 0
97 4 45
97 5 17
97 6 0
97 7 26
98 1 0
98 2 10
98 3 0
98 4 8
98 5 4
98 6 0
98 7 5
99 1 0
99 2 15
99 3 0
99 4 11
99 5 4
99 6 0
99 7 7
100 1 0
100 2 26
100 3 0
100 4 25
100 5 8
100 6 0
100 7 17

# Precedence Relations
1 41
2 41
3 34
4 10
4 14
5 15
6 16
6 17
6 18
7 13
8 11
8 12
9 19
10 41
11 34
12 34
13 34
14 29
15 22
15 27
16 23
16 26
16 28
16 31
17 24
18 20
18 21
18 25
18 30
20 41
21 41
22 41
23 34
24 34
25 34
26 34
27 35
28 36
29 37
30 32
30 33
30 38
31 39
31 40
32 41
33 41
34 42
34 43
34 44
34 45
35 47
36 46
37 48
41 49
41 50
41 51
41 52
44 56
46 53
48 54
48 55
48 57
49 58
49 59
49 60
50 62
53 61
57 63
58 64
59 65
60 66
61 67
62 68
62 69
62 70
64 73
65 75
66 71
67 72
69 78
70 74
70 76
70 77
70 79
71 82
72 81
74 80
74 84
74 85
79 83
80 87
81 86
82 90
83 88
83 89
83 91
83 92
84 93
86 94
87 96
88 95
90 98
90 100
91 97
92 99

# Parameters
R_e = 0.0500
T = 1000.0
C_s = 4.0
C_w = 36.0
C_c = 5.0
