# Tasks
1 2 3 4 5 6 7 8 9 10 11 12 13 14 15 16 17 18 19 20

# Workstations
1 2 3 4 5 6 7 8 9 10 11 12 13 14 15 16 17 18 19 20

# Modes
1 2 3 4 5 6 7

# Processing Times
1 1 471
1 2 1113
1 3 444
1 4 1049
1 5 282
1 6 595
1 7 1406
2 1 570
2 2 1346
2 3 538
2 4 1269
2 5 341
2 6 720
2 7 1700
3 1 335
3 2 792
3 3 316
3 4 747
3 5 201
3 6 423
3 7 1000
4 1 590
4 2 1394
4 3 557
4 4 1314
4 5 353
4 6 745
4 7 1761
5 1 564
5 2 1332
5 3 532
5 4 1256
5 5 337
5 6 713
5 7 1682
6 1 599
6 2 1415
6 3 565
6 4 1334
6 5 358
6 6 757
6 7 1787
7 1 494
7 2 1167
7 3 466
7 4 1100
7 5 296
7 6 624
7 7 1474
8 1 547
8 2 1292
8 3 516
8 4 1218
8 5 327
8 6 691
8 7 1632
9 1 714
9 2 1687
9 3 673
9 4 1590
9 5 427
9 6 902
9 7 2131
10 1 524
10 2 1238
10 3 494
10 4 1167
10 5 313
10 6 662
10 7 1564
11 1 646
11 2 1526
11 3 609
11 4 1439
11 5 386
11 6 816
11 7 1927
12 1 564
12 2 1332
12 3 532
12 4 1256
12 5 337
12 6 713
12 7 1682
13 1 314
13 2 742
13 3 296
13 4 700
13 5 188
13 6 397
13 7 937
14 1 372
14 2 879
14 3 351
14 4 829
14 5 223
14 6 470
14 7 1110
15 1 653
15 2 1542
15 3 616
15 4 1454
15 5 391
15 6 825
15 7 1947
16 1 732
16 2 1729
16 3 690
16 4 1630
16 5 438
16 6 925
16 7 2184
17 1 471
17 2 1113
17 3 444
17 4 1049
17 5 282
17 6 595
17 7 1406
18 1 281
18 2 664
18 3 265
18 4 626
18 5 168
18 6 355
18 7 839
19 1 381
19 2 900
19 3 360
19 4 849
19 5 228
19 6 482
19 7 1137
20 1 638
20 2 1507
20 3 602
20 4 1421
20 5 382
20 6 806
20 7 1903

# Energy Consumption
1 1 0
1 2 317
1 3 0
1 4 203
1 5 45
1 6 0
1 7 172
2 1 0
2 2 314
2 3 0
2 4 241
2 5 50
2 6 0
2 7 247
3 1 0
3 2 199
3 3 0
3 4 151
3 5 29
3 6 0
3 7 137
4 1 0
4 2 343
4 3 0
4 4 269
4 5 53
4 6 0
4 7 224
5 1 0
5 2 322
5 3 0
5 4 263
5 5 49
5 6 0
5 7 214
6 1 0
6 2 344
6 3 0
6 4 293
6 5 54
6 6 0
6 7 232
7 1 0
7 2 295
7 3 0
7 4 226
7 5 46
7 6 0
7 7 205
8 1 0
8 2 338
8 3 0
8 4 258
8 5 47
8 6 0
8 7 238
9 1 0
9 2 375
9 3 0
9 4 306
9 5 66
9 6 0
9 7 258
10 1 0
10 2 318
10 3 0
10 4 245
10 5 48
10 6 0
10 7 191
11 1 0
11 2 366
11 3 0
11 4 273
11 5 55
11 6 0
11 7 239
12 1 0
12 2 332
12 3 0
12 4 243
12 5 50
12 6 0
12 7 203
13 1 0
13 2 218
13 3 0
13 4 132
13 5 29
13 6 0
13 7 131
14 1 0
14 2 254
14 3 0
14 4 158
14 5 35
14 6 0
14 7 159
15 1 0
15 2 356
15 3 0
15 4 277
15 5 60
15 6 0
15 7 250
16 1 0
16 2 413
16 3 0
16 4 351
16 5 63
16 6 0
16 7 264
17 1 0
17 2 293
17 3 0
17 4 203
17 5 42
17 6 0
17 7 170
18 1 0
18 2 170
18 3 0
18 4 118
18 5 26
18 6 0
18 7 119
19 1 0
19 2 236
19 3 0
19 4 154
19 5 37
19 6 0
19 7 160
20 1 0
20 2 389
20 3 0
20 4 265
20 5 54
20 6 0
20 7 272

# Precedence Relations
1 5
1 6
2 5
3 4
4 14
5 7
5 8
5 9
7 10
7 11
8 12
8 13
10 14
11 14
12 14
13 15
14 16
14 17
14 18
14 19
14 20

# Parameters
R_e = 0.0500
T = 2293.2000000000003
C_s = 4.0
C_w = 36.0
C_c = 5.0
