# Tasks
1 2 3 4 5 6 7 8 9 10 11

# Workstations
1 2 3 4 5 6 7 8 9 10 11

# Modes
1 2 3 4 5 6 7

# Processing Times
1 1 4
1 2 8
1 3 4
1 4 8
1 5 3
1 6 6
1 7 12
2 1 38
2 2 70
2 3 35
2 4 64
2 5 24
2 6 53
2 7 98
3 1 45
3 2 83
3 3 41
3 4 76
3 5 28
3 6 63
3 7 116
4 1 12
4 2 22
4 3 11
4 4 20
4 5 8
4 6 17
4 7 31
5 1 10
5 2 19
5 3 10
5 4 18
5 5 7
5 6 14
5 7 27
6 1 8
6 2 15
6 3 8
6 4 14
6 5 5
6 6 12
6 7 21
7 1 12
7 2 22
7 3 11
7 4 20
7 5 8
7 6 17
7 7 31
8 1 10
8 2 19
8 3 10
8 4 18
8 5 7
8 6 14
8 7 27
9 1 2
9 2 4
9 3 2
9 4 4
9 5 2
9 6 3
9 7 6
10 1 10
10 2 19
10 3 10
10 4 18
10 5 7
10 6 14
10 7 27
11 1 34
11 2 63
11 3 31
11 4 57
11 5 21
11 6 48
11 7 88

# Energy Consumption
1 1 0
1 2 2
1 3 0
1 4 2
1 5 1
1 6 0
1 7 2
2 1 0
2 2 21
2 3 0
2 4 13
2 5 4
2 6 0
2 7 14
3 1 0
3 2 21
3 3 0
3 4 15
3 5 5
3 6 0
3 7 18
4 1 0
4 2 5
4 3 0
4 4 5
4 5 2
4 6 0
4 7 4
5 1 0
5 2 6
5 3 0
5 4 4
5 5 2
5 6 0
5 7 4
6 1 0
6 2 5
6 3 0
6 4 4
6 5 1
6 6 0
6 7 3
7 1 0
7 2 7
7 3 0
7 4 5
7 5 2
7 6 0
7 7 5
8 1 0
8 2 5
8 3 0
8 4 4
8 5 2
8 6 0
8 7 4
9 1 0
9 2 2
9 3 0
9 4 1
9 5 1
9 6 0
9 7 1
10 1 0
10 2 6
10 3 0
10 4 4
10 5 2
10 6 0
10 7 4
11 1 0
11 2 15
11 3 0
11 4 12
11 5 4
11 6 0
11 7 12

# Precedence Relations
1 4
2 4
2 5
3 11
4 6
5 7
6 8
7 9
8 10
9 10
10 11

# Parameters
R_e = 0.0500
T = 600.0
C_s = 4.0
C_w = 36.0
C_c = 5.0
