# Tasks
1 2 3 4 5 6 7 8 9 10 11 12 13 14 15 16 17 18 19 20 21 22 23 24 25 26 27 28 29

# Workstations
1 2 3 4 5 6 7 8 9 10 11 12 13 14 15 16 17 18 19 20 21 22 23 24 25 26 27 28 29

# Modes
1 2 3 4 5 6 7

# Processing Times
1 1 7
1 2 14
1 3 8
1 4 15
1 5 6
1 6 8
1 7 16
2 1 19
2 2 38
2 3 19
2 4 38
2 5 17
2 6 20
2 7 39
3 1 15
3 2 31
3 3 16
3 4 32
3 5 14
3 6 16
3 7 33
4 1 5
4 2 12
4 3 5
4 4 12
4 5 5
4 6 6
4 7 13
5 1 12
5 2 23
5 3 13
5 4 24
5 5 11
5 6 13
5 7 24
6 1 10
6 2 22
6 3 10
6 4 22
6 5 10
6 6 11
6 7 25
7 1 8
7 2 17
7 3 9
7 4 18
7 5 8
7 6 9
7 7 18
8 1 16
8 2 35
8 3 16
8 4 35
8 5 14
8 6 17
8 7 37
9 1 2
9 2 5
9 3 2
9 4 5
9 5 2
9 6 3
9 7 6
10 1 6
10 2 14
10 3 6
10 4 14
10 5 6
10 6 7
10 7 15
11 1 21
11 2 48
11 3 22
11 4 49
11 5 20
11 6 24
11 7 53
12 1 10
12 2 23
12 3 10
12 4 23
12 5 9
12 6 11
12 7 25
13 1 9
13 2 21
13 3 10
13 4 22
13 5 9
13 6 9
13 7 21
14 1 4
14 2 8
14 3 4
14 4 8
14 5 4
14 6 5
14 7 9
15 1 14
15 2 33
15 3 15
15 4 35
15 5 13
15 6 16
15 7 36
16 1 7
16 2 18
16 3 8
16 4 19
16 5 7
16 6 8
16 7 19
17 1 14
17 2 26
17 3 14
17 4 26
17 5 12
17 6 15
17 7 27
18 1 17
18 2 42
18 3 17
18 4 42
18 5 15
18 6 18
18 7 44
19 1 10
19 2 21
19 3 11
19 4 22
19 5 10
19 6 11
19 7 22
20 1 16
20 2 35
20 3 16
20 4 34
20 5 14
20 6 17
20 7 36
21 1 1
21 2 3
21 3 1
21 4 3
21 5 1
21 6 2
21 7 4
22 1 9
22 2 23
22 3 10
22 4 24
22 5 9
22 6 10
22 7 24
23 1 25
23 2 62
23 3 24
23 4 60
23 5 22
23 6 27
23 7 66
24 1 14
24 2 30
24 3 14
24 4 29
24 5 13
24 6 16
24 7 33
25 1 14
25 2 29
25 3 15
25 4 30
25 5 12
25 6 15
25 7 31
26 1 2
26 2 5
26 3 2
26 4 5
26 5 2
26 6 3
26 7 6
27 1 10
27 2 25
27 3 10
27 4 24
27 5 10
27 6 11
27 7 28
28 1 7
28 2 14
28 3 8
28 4 15
28 5 7
28 6 8
28 7 16
29 1 20
29 2 37
29 3 21
29 4 39
29 5 18
29 6 21
29 7 39

# Energy Consumption
1 1 0
1 2 4
1 3 0
1 4 4
1 5 1
1 6 0
1 7 3
2 1 0
2 2 10
2 3 0
2 4 9
2 5 3
2 6 0
2 7 6
3 1 0
3 2 8
3 3 0
3 4 7
3 5 3
3 6 0
3 7 5
4 1 0
4 2 4
4 3 0
4 4 3
4 5 1
4 6 0
4 7 2
5 1 0
5 2 6
5 3 0
5 4 5
5 5 2
5 6 0
5 7 3
6 1 0
6 2 6
6 3 0
6 4 5
6 5 2
6 6 0
6 7 4
7 1 0
7 2 5
7 3 0
7 4 4
7 5 2
7 6 0
7 7 3
8 1 0
8 2 11
8 3 0
8 4 8
8 5 3
8 6 0
8 7 6
9 1 0
9 2 2
9 3 0
9 4 1
9 5 1
9 6 0
9 7 1
10 1 0
10 2 5
10 3 0
10 4 3
10 5 1
10 6 0
10 7 3
11 1 0
11 2 11
11 3 0
11 4 11
11 5 4
11 6 0
11 7 7
12 1 0
12 2 6
12 3 0
12 4 6
12 5 2
12 6 0
12 7 4
13 1 0
13 2 7
13 3 0
13 4 5
13 5 2
13 6 0
13 7 4
14 1 0
14 2 3
14 3 0
14 4 2
14 5 1
14 6 0
14 7 2
15 1 0
15 2 9
15 3 0
15 4 7
15 5 3
15 6 0
15 7 5
16 1 0
16 2 5
16 3 0
16 4 4
16 5 2
16 6 0
16 7 3
17 1 0
17 2 7
17 3 0
17 4 5
17 5 2
17 6 0
17 7 4
18 1 0
18 2 13
18 3 0
18 4 9
18 5 3
18 6 0
18 7 7
19 1 0
19 2 7
19 3 0
19 4 4
19 5 2
19 6 0
19 7 4
20 1 0
20 2 9
20 3 0
20 4 7
20 5 2
20 6 0
20 7 6
21 1 0
21 2 1
21 3 0
21 4 1
21 5 1
21 6 0
21 7 1
22 1 0
22 2 6
22 3 0
22 4 5
22 5 2
22 6 0
22 7 4
23 1 0
23 2 19
23 3 0
23 4 13
23 5 4
23 6 0
23 7 10
24 1 0
24 2 9
24 3 0
24 4 6
24 5 2
24 6 0
24 7 5
25 1 0
25 2 9
25 3 0
25 4 6
25 5 2
25 6 0
25 7 4
26 1 0
26 2 2
26 3 0
26 4 1
26 5 1
26 6 0
26 7 1
27 1 0
27 2 7
27 3 0
27 4 6
27 5 2
27 6 0
27 7 4
28 1 0
28 2 5
28 3 0
28 4 4
28 5 2
28 6 0
28 7 3
29 1 0
29 2 10
29 3 0
29 4 8
29 5 3
29 6 0
29 7 5

# Precedence Relations
1 3
1 25
2 6
2 26
3 4
4 5
5 8
5 13
6 8
7 9
7 12
7 25
8 11
8 16
9 10
10 14
10 15
11 17
12 15
13 17
14 16
15 19
16 18
17 20
18 22
19 21
20 23
21 22
22 23
23 24
23 28
24 29
25 29
26 27
27 29
28 29

# Parameters
R_e = 0.0500
T = 36.0
C_s = 4.0
C_w = 36.0
C_c = 5.0
