# Tasks
1 2 3 4 5 6 7 8 9 10 11 12 13 14 15 16 17 18 19 20 21 22 23 24 25 26 27 28 29 30 31 32 33 34 35 36 37 38 39 40 41 42 43 44 45 46 47 48 49 50 51 52 53

# Workstations
1 2 3 4 5 6 7 8 9 10 11 12 13 14 15 16 17 18 19 20 21 22 23 24 25 26 27 28 29 30 31 32 33 34 35 36 37 38 39 40 41 42 43 44 45 46 47 48 49 50 51 52 53

# Modes
1 2 3 4 5 6 7

# Processing Times
1 1 971
1 2 1891
1 3 932
1 4 1814
1 5 784
1 6 984
1 7 1916
2 1 142
2 2 281
2 3 136
2 4 268
2 5 134
2 6 149
2 7 295
3 1 142
3 2 291
3 3 138
3 4 283
3 5 133
3 6 151
3 7 309
4 1 142
4 2 317
4 3 144
4 4 320
4 5 128
4 6 148
4 7 331
5 1 103
5 2 192
5 3 107
5 4 199
5 5 91
5 6 112
5 7 209
6 1 96
6 2 211
6 3 95
6 4 209
6 5 86
6 6 104
6 7 227
7 1 99
7 2 207
7 3 103
7 4 214
7 5 83
7 6 104
7 7 217
8 1 1207
8 2 2578
8 3 1264
8 4 2700
8 5 1064
8 6 1255
8 7 2680
9 1 160
9 2 329
9 3 164
9 4 337
9 5 139
9 6 173
9 7 355
10 1 180
10 2 391
10 3 178
10 4 386
10 5 166
10 6 195
10 7 422
11 1 82
11 2 187
11 3 85
11 4 194
11 5 67
11 6 83
11 7 189
12 1 60
12 2 133
12 3 59
12 4 131
12 5 57
12 6 66
12 7 145
13 1 112
13 2 260
13 3 112
13 4 258
13 5 97
13 6 116
13 7 269
14 1 420
14 2 768
14 3 426
14 4 778
14 5 348
14 6 451
14 7 824
15 1 1556
15 2 3662
15 3 1530
15 4 3599
15 5 1340
15 6 1712
15 7 4028
16 1 236
16 2 586
16 3 238
16 4 589
16 5 209
16 6 249
16 7 619
17 1 259
17 2 473
17 3 267
17 4 487
17 5 223
17 6 275
17 7 501
18 1 125
18 2 304
18 3 124
18 4 302
18 5 111
18 6 131
18 7 318
19 1 601
19 2 1214
19 3 607
19 4 1225
19 5 482
19 6 634
19 7 1281
20 1 80
20 2 175
20 3 83
20 4 180
20 5 75
20 6 81
20 7 176
21 1 80
21 2 194
21 3 79
21 4 190
21 5 72
21 6 86
21 7 209
22 1 70
22 2 173
22 3 69
22 4 171
22 5 60
22 6 74
22 7 182
23 1 89
23 2 220
23 3 88
23 4 216
23 5 75
23 6 95
23 7 235
24 1 89
24 2 187
24 3 92
24 4 193
24 5 80
24 6 93
24 7 195
25 1 105
25 2 211
25 3 110
25 4 221
25 5 86
25 6 109
25 7 219
26 1 330
26 2 747
26 3 339
26 4 767
26 5 274
26 6 340
26 7 770
27 1 132
27 2 321
27 3 135
27 4 328
27 5 123
27 6 146
27 7 354
28 1 69
28 2 135
28 3 71
28 4 139
28 5 57
28 6 75
28 7 145
29 1 99
29 2 181
29 3 96
29 4 176
29 5 82
29 6 100
29 7 182
30 1 70
30 2 132
30 3 72
30 4 135
30 5 64
30 6 75
30 7 141
31 1 70
31 2 153
31 3 71
31 4 154
31 5 57
31 6 72
31 7 157
32 1 158
32 2 346
32 3 152
32 4 332
32 5 129
32 6 162
32 7 354
33 1 191
33 2 435
33 3 201
33 4 457
33 5 180
33 6 210
33 7 477
34 1 70
34 2 150
34 3 70
34 4 150
34 5 66
34 6 73
34 7 155
35 1 53
35 2 129
35 3 52
35 4 126
35 5 50
35 6 58
35 7 140
36 1 50
36 2 120
36 3 51
36 4 121
36 5 42
36 6 52
36 7 123
37 1 125
37 2 248
37 3 128
37 4 253
37 5 112
37 6 132
37 7 261
38 1 353
38 2 806
38 3 352
38 4 804
38 5 307
38 6 356
38 7 811
39 1 70
39 2 158
39 3 69
39 4 156
39 5 60
39 6 71
39 7 160
40 1 128
40 2 316
40 3 125
40 4 307
40 5 121
40 6 137
40 7 338
41 1 65
41 2 135
41 3 69
41 4 142
41 5 56
41 6 70
41 7 144
42 1 1775
42 2 4272
42 3 1717
42 4 4131
42 5 1509
42 6 1941
42 7 4671
43 1 91
43 2 175
43 3 89
43 4 171
43 5 78
43 6 98
43 7 188
44 1 91
44 2 208
44 3 90
44 4 205
44 5 75
44 6 98
44 7 223
45 1 113
45 2 256
45 3 113
45 4 256
45 5 107
45 6 116
45 7 263
46 1 487
46 2 939
46 3 499
46 4 961
46 5 428
46 6 499
46 7 961
47 1 138
47 2 269
47 3 145
47 4 281
47 5 111
47 6 142
47 7 277
48 1 80
48 2 182
48 3 80
48 4 180
48 5 66
48 6 86
48 7 194
49 1 80
49 2 165
49 3 82
49 4 169
49 5 74
49 6 85
49 7 174
50 1 65
50 2 156
50 3 65
50 4 154
50 5 55
50 6 67
50 7 160
51 1 40
51 2 90
51 3 42
51 4 94
51 5 34
51 6 42
51 7 94
52 1 742
52 2 1530
52 3 759
52 4 1565
52 5 623
52 6 793
52 7 1635
53 1 1085
53 2 2486
53 3 1080
53 4 2474
53 5 940
53 6 1094
53 7 2505

# Energy Consumption
1 1 0
1 2 481
1 3 0
1 4 372
1 5 117
1 6 0
1 7 284
2 1 0
2 2 71
2 3 0
2 4 58
2 5 22
2 6 0
2 7 42
3 1 0
3 2 75
3 3 0
3 4 59
3 5 21
3 6 0
3 7 39
4 1 0
4 2 85
4 3 0
4 4 65
4 5 20
4 6 0
4 7 41
5 1 0
5 2 47
5 3 0
5 4 36
5 5 15
5 6 0
5 7 26
6 1 0
6 2 57
6 3 0
6 4 40
6 5 13
6 6 0
6 7 30
7 1 0
7 2 52
7 3 0
7 4 40
7 5 13
7 6 0
7 7 33
8 1 0
8 2 754
8 3 0
8 4 560
8 5 161
8 6 0
8 7 382
9 1 0
9 2 94
9 3 0
9 4 64
9 5 20
9 6 0
9 7 48
10 1 0
10 2 113
10 3 0
10 4 83
10 5 26
10 6 0
10 7 60
11 1 0
11 2 42
11 3 0
11 4 41
11 5 11
11 6 0
11 7 23
12 1 0
12 2 32
12 3 0
12 4 29
12 5 10
12 6 0
12 7 20
13 1 0
13 2 75
13 3 0
13 4 48
13 5 16
13 6 0
13 7 40
14 1 0
14 2 197
14 3 0
14 4 144
14 5 55
14 6 0
14 7 100
15 1 0
15 2 945
15 3 0
15 4 702
15 5 207
15 6 0
15 7 510
16 1 0
16 2 150
16 3 0
16 4 115
16 5 31
16 6 0
16 7 79
17 1 0
17 2 125
17 3 0
17 4 93
17 5 36
17 6 0
17 7 61
18 1 0
18 2 89
18 3 0
18 4 61
18 5 17
18 6 0
18 7 46
19 1 0
19 2 354
19 3 0
19 4 223
19 5 72
19 6 0
19 7 192
20 1 0
20 2 42
20 3 0
20 4 36
20 5 11
20 6 0
20 7 27
21 1 0
21 2 53
21 3 0
21 4 38
21 5 12
21 6 0
21 7 31
22 1 0
22 2 41
22 3 0
22 4 36
22 5 9
22 6 0
22 7 27
23 1 0
23 2 65
23 3 0
23 4 44
23 5 12
23 6 0
23 7 34
24 1 0
24 2 53
24 3 0
24 4 40
24 5 12
24 6 0
24 7 27
25 1 0
25 2 62
25 3 0
25 4 45
25 5 14
25 6 0
25 7 28
26 1 0
26 2 173
26 3 0
26 4 153
26 5 41
26 6 0
26 7 96
27 1 0
27 2 89
27 3 0
27 4 70
27 5 20
27 6 0
27 7 50
28 1 0
28 2 40
28 3 0
28 4 29
28 5 9
28 6 0
28 7 19
29 1 0
29 2 48
29 3 0
29 4 34
29 5 13
29 6 0
29 7 24
30 1 0
30 2 30
30 3 0
30 4 26
30 5 10
30 6 0
30 7 19
31 1 0
31 2 35
31 3 0
31 4 29
31 5 9
31 6 0
31 7 20
32 1 0
32 2 104
32 3 0
32 4 61
32 5 20
32 6 0
32 7 43
33 1 0
33 2 111
33 3 0
33 4 94
33 5 26
33 6 0
33 7 68
34 1 0
34 2 34
34 3 0
34 4 30
34 5 10
34 6 0
34 7 20
35 1 0
35 2 30
35 3 0
35 4 24
35 5 8
35 6 0
35 7 18
36 1 0
36 2 27
36 3 0
36 4 25
36 5 7
36 6 0
36 7 18
37 1 0
37 2 57
37 3 0
37 4 53
37 5 16
37 6 0
37 7 33
38 1 0
38 2 193
38 3 0
38 4 158
38 5 48
38 6 0
38 7 110
39 1 0
39 2 41
39 3 0
39 4 32
39 5 10
39 6 0
39 7 22
40 1 0
40 2 74
40 3 0
40 4 58
40 5 18
40 6 0
40 7 47
41 1 0
41 2 31
41 3 0
41 4 31
41 5 9
41 6 0
41 7 18
42 1 0
42 2 987
42 3 0
42 4 865
42 5 241
42 6 0
42 7 620
43 1 0
43 2 41
43 3 0
43 4 32
43 5 13
43 6 0
43 7 26
44 1 0
44 2 47
44 3 0
44 4 37
44 5 12
44 6 0
44 7 30
45 1 0
45 2 71
45 3 0
45 4 49
45 5 16
45 6 0
45 7 36
46 1 0
46 2 246
46 3 0
46 4 198
46 5 63
46 6 0
46 7 145
47 1 0
47 2 79
47 3 0
47 4 52
47 5 16
47 6 0
47 7 39
48 1 0
48 2 49
48 3 0
48 4 34
48 5 11
48 6 0
48 7 28
49 1 0
49 2 40
49 3 0
49 4 34
49 5 11
49 6 0
49 7 22
50 1 0
50 2 45
50 3 0
50 4 30
50 5 9
50 6 0
50 7 22
51 1 0
51 2 27
51 3 0
51 4 18
51 5 5
51 6 0
51 7 12
52 1 0
52 2 459
52 3 0
52 4 324
52 5 95
52 6 0
52 7 240
53 1 0
53 2 554
53 3 0
53 4 447
53 5 148
53 6 0
53 7 328

# Precedence Relations
1 2
1 3
1 4
1 5
1 6
1 7
2 36
3 36
4 9
5 9
6 9
7 9
8 9
9 10
10 11
11 12
12 13
12 14
12 15
13 16
13 17
13 18
14 22
15 16
15 17
16 29
16 30
16 31
17 19
18 42
19 20
19 21
19 22
20 23
21 24
22 25
23 36
24 36
25 26
26 27
27 28
28 29
28 30
28 31
28 32
28 33
28 34
29 35
30 35
31 35
32 35
33 35
34 35
35 36
36 37
37 38
37 39
37 40
38 41
39 41
40 41
41 42
42 43
42 44
42 45
42 46
42 47
43 48
44 49
45 51
45 52
46 50
47 51
47 52
48 51
48 52
49 51
49 52
50 51
50 52
51 53
52 53

# Parameters
R_e = 0.0500
T = 2806.0
C_s = 4.0
C_w = 36.0
C_c = 5.0
