# Tasks
1 2 3 4 5 6 7 8 9 10 11 12 13 14 15 16 17 18 19 20

# Workstations
1 2 3 4 5 6 7 8 9 10 11 12 13 14 15 16 17 18 19 20

# Modes
1 2 3 4 5 6 7

# Processing Times
1 1 209
1 2 220
1 3 181
1 4 191
1 5 78
1 6 211
1 7 222
2 1 57
2 2 62
2 3 53
2 4 58
2 5 23
2 6 63
2 7 68
3 1 204
3 2 212
3 3 178
3 4 185
3 5 66
3 6 209
3 7 217
4 1 119
4 2 119
4 3 106
4 4 106
4 5 36
4 6 125
4 7 125
5 1 180
5 2 196
5 3 169
5 4 184
5 5 73
5 6 192
5 7 209
6 1 82
6 2 73
6 3 75
6 4 67
6 5 33
6 6 85
6 7 76
7 1 174
7 2 155
7 3 164
7 4 146
7 5 53
7 6 187
7 7 166
8 1 64
8 2 64
8 3 60
8 4 60
8 5 26
8 6 68
8 7 68
9 1 116
9 2 117
9 3 109
9 4 110
9 5 45
9 6 121
9 7 122
10 1 206
10 2 177
10 3 192
10 4 165
10 5 73
10 6 211
10 7 181
11 1 83
11 2 77
11 3 77
11 4 72
11 5 30
11 6 86
11 7 80
12 1 73
12 2 79
12 3 69
12 4 75
12 5 29
12 6 77
12 7 83
13 1 162
13 2 159
13 3 145
13 4 142
13 5 66
13 6 163
13 7 160
14 1 58
14 2 56
14 3 52
14 4 50
14 5 26
14 6 61
14 7 59
15 1 161
15 2 155
15 3 141
15 4 136
15 5 64
15 6 165
15 7 159
16 1 319
16 2 286
16 3 277
16 4 248
16 5 130
16 6 324
16 7 291
17 1 87
17 2 80
17 3 76
17 4 70
17 5 33
17 6 91
17 7 84
18 1 148
18 2 159
18 3 127
18 4 136
18 5 50
18 6 160
18 7 172
19 1 56
19 2 60
19 3 49
19 4 52
19 5 20
19 6 59
19 7 63
20 1 169
20 2 171
20 3 145
20 4 147
20 5 74
20 6 174
20 7 176

# Energy Consumption
1 1 0
1 2 55
1 3 0
1 4 38
1 5 12
1 6 0
1 7 32
2 1 0
2 2 15
2 3 0
2 4 12
2 5 4
2 6 0
2 7 10
3 1 0
3 2 52
3 3 0
3 4 34
3 5 10
3 6 0
3 7 32
4 1 0
4 2 35
4 3 0
4 4 20
4 5 6
4 6 0
4 7 19
5 1 0
5 2 59
5 3 0
5 4 38
5 5 11
5 6 0
5 7 29
6 1 0
6 2 22
6 3 0
6 4 13
6 5 5
6 6 0
6 7 11
7 1 0
7 2 36
7 3 0
7 4 31
7 5 8
7 6 0
7 7 24
8 1 0
8 2 19
8 3 0
8 4 13
8 5 4
8 6 0
8 7 10
9 1 0
9 2 29
9 3 0
9 4 23
9 5 7
9 6 0
9 7 18
10 1 0
10 2 45
10 3 0
10 4 35
10 5 11
10 6 0
10 7 25
11 1 0
11 2 19
11 3 0
11 4 16
11 5 5
11 6 0
11 7 12
12 1 0
12 2 20
12 3 0
12 4 16
12 5 5
12 6 0
12 7 12
13 1 0
13 2 39
13 3 0
13 4 28
13 5 11
13 6 0
13 7 21
14 1 0
14 2 14
14 3 0
14 4 10
14 5 4
14 6 0
14 7 8
15 1 0
15 2 46
15 3 0
15 4 30
15 5 11
15 6 0
15 7 21
16 1 0
16 2 65
16 3 0
16 4 47
16 5 19
16 6 0
16 7 39
17 1 0
17 2 23
17 3 0
17 4 15
17 5 5
17 6 0
17 7 13
18 1 0
18 2 36
18 3 0
18 4 29
18 5 8
18 6 0
18 7 24
19 1 0
19 2 14
19 3 0
19 4 12
19 5 4
19 6 0
19 7 10
20 1 0
20 2 45
20 3 0
20 4 29
20 5 11
20 6 0
20 7 26

# Precedence Relations
1 7
2 7
3 4
3 5
3 6
4 7
5 7
6 8
6 9
6 10
6 16
6 18
7 11
7 12
7 13
7 14
8 15
8 19
9 17
10 17
11 17
12 16
12 18
14 19
16 20
17 19
17 20
18 19

# Parameters
R_e = 0.0500
T = 1000.0
C_s = 4.0
C_w = 36.0
C_c = 5.0
