# Tasks
1 2 3 4 5 6 7 8 9 10 11 12 13 14 15 16 17 18 19 20

# Workstations
1 2 3 4 5 6 7 8 9 10 11 12 13 14 15 16 17 18 19 20

# Modes
1 2 3 4 5 6 7

# Processing Times
1 1 165
1 2 337
1 3 177
1 4 361
1 5 74
1 6 202
1 7 413
2 1 79
2 2 162
2 3 85
2 4 174
2 5 36
2 6 97
2 7 199
3 1 84
3 2 172
3 3 90
3 4 184
3 5 38
3 6 103
3 7 211
4 1 234
4 2 478
4 3 250
4 4 511
4 5 104
4 6 287
4 7 585
5 1 79
5 2 162
5 3 85
5 4 174
5 5 36
5 6 97
5 7 199
6 1 241
6 2 492
6 3 258
6 4 526
6 5 107
6 6 295
6 7 602
7 1 74
7 2 152
7 3 80
7 4 163
7 5 33
7 6 91
7 7 186
8 1 96
8 2 196
8 3 103
8 4 210
8 5 43
8 6 118
8 7 240
9 1 44
9 2 90
9 3 48
9 4 97
9 5 20
9 6 54
9 7 111
10 1 225
10 2 460
10 3 241
10 4 492
10 5 100
10 6 276
10 7 563
11 1 77
11 2 158
11 3 83
11 4 169
11 5 35
11 6 95
11 7 194
12 1 124
12 2 254
12 3 133
12 4 272
12 5 56
12 6 152
12 7 311
13 1 119
13 2 243
13 3 128
13 4 260
13 5 53
13 6 146
13 7 298
14 1 160
14 2 327
14 3 171
14 4 350
14 5 72
14 6 196
14 7 400
15 1 41
15 2 84
15 3 44
15 4 90
15 5 19
15 6 51
15 7 103
16 1 204
16 2 417
16 3 218
16 4 446
16 5 91
16 6 250
16 7 510
17 1 319
17 2 652
17 3 341
17 4 697
17 5 142
17 6 391
17 7 798
18 1 248
18 2 507
18 3 265
18 4 542
18 5 111
18 6 304
18 7 621
19 1 127
19 2 260
19 3 136
19 4 278
19 5 57
19 6 156
19 7 318
20 1 84
20 2 172
20 3 90
20 4 184
20 5 38
20 6 103
20 7 211

# Energy Consumption
1 1 0
1 2 84
1 3 0
1 4 79
1 5 11
1 6 0
1 7 60
2 1 0
2 2 41
2 3 0
2 4 38
2 5 6
2 6 0
2 7 28
3 1 0
3 2 39
3 3 0
3 4 36
3 5 6
3 6 0
3 7 26
4 1 0
4 2 136
4 3 0
4 4 111
4 5 16
4 6 0
4 7 76
5 1 0
5 2 42
5 3 0
5 4 37
5 5 6
5 6 0
5 7 27
6 1 0
6 2 112
6 3 0
6 4 99
6 5 16
6 6 0
6 7 84
7 1 0
7 2 44
7 3 0
7 4 33
7 5 5
7 6 0
7 7 26
8 1 0
8 2 52
8 3 0
8 4 42
8 5 7
8 6 0
8 7 34
9 1 0
9 2 25
9 3 0
9 4 21
9 5 3
9 6 0
9 7 17
10 1 0
10 2 119
10 3 0
10 4 101
10 5 15
10 6 0
10 7 74
11 1 0
11 2 37
11 3 0
11 4 31
11 5 6
11 6 0
11 7 30
12 1 0
12 2 61
12 3 0
12 4 52
12 5 9
12 6 0
12 7 43
13 1 0
13 2 63
13 3 0
13 4 53
13 5 8
13 6 0
13 7 39
14 1 0
14 2 98
14 3 0
14 4 70
14 5 11
14 6 0
14 7 58
15 1 0
15 2 25
15 3 0
15 4 19
15 5 3
15 6 0
15 7 13
16 1 0
16 2 101
16 3 0
16 4 95
16 5 13
16 6 0
16 7 64
17 1 0
17 2 181
17 3 0
17 4 140
17 5 21
17 6 0
17 7 111
18 1 0
18 2 125
18 3 0
18 4 106
18 5 18
18 6 0
18 7 89
19 1 0
19 2 67
19 3 0
19 4 57
19 5 9
19 6 0
19 7 44
20 1 0
20 2 49
20 3 0
20 4 36
20 5 6
20 6 0
20 7 30

# Precedence Relations
1 11
2 7
3 6
3 7
4 5
4 6
5 11
7 8
7 9
7 10
8 11
9 11
10 12
10 13
11 14
11 15
11 16
11 17
15 19
15 20
16 18
17 19

# Parameters
R_e = 0.0500
T = 1000.0
C_s = 4.0
C_w = 36.0
C_c = 5.0
