# Tasks
1 2 3 4 5 6 7 8 9 10 11 12 13 14 15 16 17 18 19 20

# Workstations
1 2 3 4 5 6 7 8 9 10 11 12 13 14 15 16 17 18 19 20

# Modes
1 2 3 4 5 6 7

# Processing Times
1 1 260
1 2 396
1 3 263
1 4 400
1 5 114
1 6 349
1 7 531
2 1 482
2 2 628
2 3 495
2 4 645
2 5 188
2 6 607
2 7 791
3 1 250
3 2 382
3 3 249
3 4 380
3 5 90
3 6 342
3 7 522
4 1 119
4 2 167
4 3 118
4 4 166
4 5 52
4 6 168
4 7 235
5 1 324
5 2 474
5 3 323
5 4 473
5 5 113
5 6 465
5 7 680
6 1 357
6 2 447
6 3 343
6 4 429
6 5 112
6 6 475
6 7 595
7 1 292
7 2 361
7 3 288
7 4 355
7 5 94
7 6 403
7 7 498
8 1 323
8 2 431
8 3 324
8 4 433
8 5 140
8 6 453
8 7 605
9 1 119
9 2 186
9 3 115
9 4 180
9 5 52
9 6 168
9 7 262
10 1 179
10 2 238
10 3 180
10 4 239
10 5 68
10 6 250
10 7 332
11 1 166
11 2 242
11 3 169
11 4 245
11 5 68
11 6 224
11 7 326
12 1 62
12 2 90
12 3 65
12 4 94
12 5 21
12 6 88
12 7 127
13 1 298
13 2 441
13 3 305
13 4 451
13 5 101
13 6 384
13 7 569
14 1 311
14 2 492
14 3 312
14 4 493
14 5 127
14 6 434
14 7 687
15 1 539
15 2 810
15 3 562
15 4 844
15 5 167
15 6 756
15 7 1136
16 1 188
16 2 285
16 3 189
16 4 286
16 5 64
16 6 253
16 7 383
17 1 113
17 2 178
17 3 114
17 4 180
17 5 43
17 6 159
17 7 249
18 1 168
18 2 230
18 3 172
18 4 235
18 5 68
18 6 226
18 7 309
19 1 334
19 2 507
19 3 330
19 4 501
19 5 112
19 6 450
19 7 682
20 1 142
20 2 202
20 3 140
20 4 200
20 5 53
20 6 199
20 7 283

# Energy Consumption
1 1 0
1 2 91
1 3 0
1 4 80
1 5 17
1 6 0
1 7 75
2 1 0
2 2 140
2 3 0
2 4 131
2 5 28
2 6 0
2 7 103
3 1 0
3 2 111
3 3 0
3 4 71
3 5 15
3 6 0
3 7 63
4 1 0
4 2 40
4 3 0
4 4 36
4 5 8
4 6 0
4 7 33
5 1 0
5 2 129
5 3 0
5 4 90
5 5 18
5 6 0
5 7 93
6 1 0
6 2 123
6 3 0
6 4 91
6 5 17
6 6 0
6 7 79
7 1 0
7 2 98
7 3 0
7 4 77
7 5 15
7 6 0
7 7 67
8 1 0
8 2 118
8 3 0
8 4 94
8 5 22
8 6 0
8 7 75
9 1 0
9 2 46
9 3 0
9 4 34
9 5 8
9 6 0
9 7 34
10 1 0
10 2 60
10 3 0
10 4 46
10 5 11
10 6 0
10 7 47
11 1 0
11 2 70
11 3 0
11 4 45
11 5 10
11 6 0
11 7 46
12 1 0
12 2 23
12 3 0
12 4 20
12 5 4
12 6 0
12 7 16
13 1 0
13 2 111
13 3 0
13 4 94
13 5 17
13 6 0
13 7 78
14 1 0
14 2 117
14 3 0
14 4 94
14 5 19
14 6 0
14 7 103
15 1 0
15 2 220
15 3 0
15 4 164
15 5 25
15 6 0
15 7 164
16 1 0
16 2 65
16 3 0
16 4 55
16 5 10
16 6 0
16 7 47
17 1 0
17 2 53
17 3 0
17 4 35
17 5 7
17 6 0
17 7 37
18 1 0
18 2 55
18 3 0
18 4 52
18 5 11
18 6 0
18 7 39
19 1 0
19 2 144
19 3 0
19 4 98
19 5 17
19 6 0
19 7 98
20 1 0
20 2 61
20 3 0
20 4 41
20 5 9
20 6 0
20 7 35

# Precedence Relations
1 4
2 5
2 6
3 5
3 6
4 7
5 8
5 9
6 8
6 9
7 11
8 10
8 12
8 13
8 16
9 13
9 16
10 14
11 16
12 15
13 17
13 19
14 18
15 18
16 19
17 18
17 20

# Parameters
R_e = 0.0500
T = 1000.0
C_s = 4.0
C_w = 36.0
C_c = 5.0
