# Tasks
1 2 3 4 5 6 7 8 9 10 11 12 13 14 15 16 17 18 19 20 21 22 23 24 25 26 27 28 29 30 31 32 33 34 35 36 37 38 39 40 41 42 43 44 45 46 47 48 49 50 51 52 53 54 55 56 57 58 59 60 61 62 63 64 65 66 67 68 69 70 71 72 73 74 75 76 77 78 79 80 81 82 83 84 85 86 87 88 89 90 91 92 93 94

# Workstations
1 2 3 4 5 6 7 8 9 10 11 12 13 14 15 16 17 18 19 20 21 22 23 24 25 26 27 28 29 30 31 32 33 34 35 36 37 38 39 40 41 42 43 44 45 46 47 48 49 50 51 52 53 54 55 56 57 58 59 60 61 62 63 64 65 66 67 68 69 70 71 72 73 74 75 76 77 78 79 80 81 82 83 84 85 86 87 88 89 90 91 92 93 94

# Modes
1 2 3 4 5 6 7

# Processing Times
1 1 158
1 2 163
1 3 154
1 4 159
1 5 109
1 6 192
1 7 199
2 1 42
2 2 43
2 3 42
2 4 43
2 5 29
2 6 53
2 7 54
3 1 17
3 2 18
3 3 18
3 4 19
3 5 11
3 6 20
3 7 21
4 1 24
4 2 21
4 3 26
4 4 22
4 5 14
4 6 30
4 7 26
5 1 71
5 2 62
5 3 70
5 4 61
5 5 49
5 6 84
5 7 73
6 1 66
6 2 72
6 3 64
6 4 70
6 5 42
6 6 81
6 7 89
7 1 50
7 2 46
7 3 49
7 4 45
7 5 35
7 6 56
7 7 52
8 1 55
8 2 54
8 3 55
8 4 54
8 5 35
8 6 63
8 7 62
9 1 30
9 2 27
9 3 29
9 4 26
9 5 19
9 6 35
9 7 31
10 1 28
10 2 27
10 3 30
10 4 29
10 5 19
10 6 34
10 7 32
11 1 113
11 2 98
11 3 116
11 4 101
11 5 77
11 6 133
11 7 115
12 1 114
12 2 126
12 3 120
12 4 132
12 5 72
12 6 138
12 7 152
13 1 57
13 2 59
13 3 60
13 4 62
13 5 38
13 6 63
13 7 66
14 1 65
14 2 68
14 3 68
14 4 71
14 5 45
14 6 81
14 7 85
15 1 15
15 2 15
15 3 15
15 4 15
15 5 11
15 6 17
15 7 17
16 1 11
16 2 12
16 3 11
16 4 12
16 5 7
16 6 14
16 7 15
17 1 10
17 2 10
17 3 11
17 4 11
17 5 7
17 6 12
17 7 12
18 1 19
18 2 21
18 3 19
18 4 21
18 5 12
18 6 23
18 7 26
19 1 8
19 2 7
19 3 8
19 4 7
19 5 6
19 6 10
19 7 9
20 1 17
20 2 18
20 3 18
20 4 19
20 5 12
20 6 21
20 7 23
21 1 57
21 2 58
21 3 59
21 4 60
21 5 32
21 6 68
21 7 69
22 1 40
22 2 38
22 3 39
22 4 37
22 5 24
22 6 48
22 7 46
23 1 17
23 2 17
23 3 17
23 4 17
23 5 12
23 6 20
23 7 20
24 1 11
24 2 10
24 3 12
24 4 11
24 5 7
24 6 13
24 7 12
25 1 17
25 2 18
25 3 18
25 4 19
25 5 11
25 6 20
25 7 22
26 1 27
26 2 26
26 3 28
26 4 27
26 5 16
26 6 32
26 7 31
27 1 17
27 2 17
27 3 18
27 4 18
27 5 10
27 6 21
27 7 21
28 1 18
28 2 18
28 3 18
28 4 18
28 5 10
28 6 23
28 7 23
29 1 16
29 2 16
29 3 16
29 4 16
29 5 10
29 6 19
29 7 19
30 1 18
30 2 19
30 3 19
30 4 20
30 5 12
30 6 21
30 7 22
31 1 50
31 2 54
31 3 52
31 4 56
31 5 31
31 6 60
31 7 64
32 1 18
32 2 19
32 3 18
32 4 19
32 5 11
32 6 23
32 7 24
33 1 13
33 2 12
33 3 14
33 4 13
33 5 9
33 6 16
33 7 15
34 1 21
34 2 22
34 3 22
34 4 23
34 5 15
34 6 24
34 7 25
35 1 63
35 2 67
35 3 66
35 4 70
35 5 37
35 6 76
35 7 81
36 1 8
36 2 8
36 3 9
36 4 9
36 5 5
36 6 10
36 7 10
37 1 63
37 2 69
37 3 61
37 4 66
37 5 40
37 6 72
37 7 79
38 1 9
38 2 8
38 3 10
38 4 9
38 5 6
38 6 11
38 7 10
39 1 20
39 2 22
39 3 21
39 4 23
39 5 14
39 6 23
39 7 25
40 1 72
40 2 79
40 3 75
40 4 82
40 5 48
40 6 82
40 7 90
41 1 30
41 2 27
41 3 30
41 4 27
41 5 21
41 6 35
41 7 32
42 1 69
42 2 75
42 3 68
42 4 74
42 5 41
42 6 87
42 7 94
43 1 27
43 2 25
43 3 29
43 4 27
43 5 19
43 6 32
43 7 30
44 1 9
44 2 10
44 3 9
44 4 10
44 5 6
44 6 12
44 7 13
45 1 41
45 2 38
45 3 43
45 4 40
45 5 27
45 6 47
45 7 43
46 1 38
46 2 39
46 3 38
46 4 39
46 5 23
46 6 43
46 7 44
47 1 76
47 2 82
47 3 79
47 4 85
47 5 48
47 6 91
47 7 98
48 1 31
48 2 30
48 3 32
48 4 31
48 5 21
48 6 35
48 7 34
49 1 11
49 2 11
49 3 11
49 4 11
49 5 7
49 6 14
49 7 14
50 1 29
50 2 26
50 3 29
50 4 26
50 5 19
50 6 36
50 7 32
51 1 48
51 2 43
51 3 50
51 4 45
51 5 29
51 6 54
51 7 49
52 1 8
52 2 9
52 3 8
52 4 9
52 5 5
52 6 10
52 7 11
53 1 171
53 2 181
53 3 171
53 4 181
53 5 99
53 6 199
53 7 211
54 1 48
54 2 50
54 3 47
54 4 49
54 5 31
54 6 59
54 7 61
55 1 43
55 2 46
55 3 44
55 4 47
55 5 26
55 6 52
55 7 56
56 1 18
56 2 16
56 3 19
56 4 17
56 5 11
56 6 23
56 7 20
57 1 94
57 2 103
57 3 98
57 4 107
57 5 52
57 6 109
57 7 119
58 1 9
58 2 8
58 3 10
58 4 9
58 5 6
58 6 11
58 7 10
59 1 19
59 2 21
59 3 19
59 4 21
59 5 13
59 6 24
59 7 26
60 1 24
60 2 26
60 3 25
60 4 27
60 5 15
60 6 27
60 7 30
61 1 8
61 2 9
61 3 8
61 4 9
61 5 5
61 6 10
61 7 11
62 1 34
62 2 32
62 3 35
62 4 33
62 5 20
62 6 38
62 7 36
63 1 62
63 2 54
63 3 64
63 4 56
63 5 37
63 6 69
63 7 60
64 1 12
64 2 13
64 3 13
64 4 14
64 5 9
64 6 14
64 7 15
65 1 8
65 2 8
65 3 9
65 4 9
65 5 6
65 6 10
65 7 10
66 1 47
66 2 48
66 3 50
66 4 51
66 5 32
66 6 54
66 7 55
67 1 27
67 2 30
67 3 28
67 4 31
67 5 17
67 6 30
67 7 34
68 1 18
68 2 16
68 3 19
68 4 17
68 5 13
68 6 23
68 7 20
69 1 52
69 2 45
69 3 55
69 4 47
69 5 35
69 6 60
69 7 52
70 1 65
70 2 70
70 3 63
70 4 68
70 5 39
70 6 80
70 7 86
71 1 72
71 2 79
71 3 69
71 4 76
71 5 51
71 6 83
71 7 90
72 1 51
72 2 49
72 3 49
72 4 47
72 5 34
72 6 61
72 7 59
73 1 58
73 2 50
73 3 57
73 4 49
73 5 36
73 6 73
73 7 63
74 1 53
74 2 49
74 3 56
74 4 52
74 5 34
74 6 61
74 7 56
75 1 76
75 2 72
75 3 74
75 4 70
75 5 47
75 6 91
75 7 86
76 1 93
76 2 100
76 3 96
76 4 103
76 5 60
76 6 115
76 7 124
77 1 86
77 2 92
77 3 89
77 4 95
77 5 60
77 6 99
77 7 106
78 1 76
78 2 81
78 3 76
78 4 81
78 5 53
78 6 90
78 7 96
79 1 9
79 2 10
79 3 10
79 4 11
79 5 6
79 6 11
79 7 12
80 1 14
80 2 14
80 3 14
80 4 14
80 5 10
80 6 17
80 7 17
81 1 55
81 2 48
81 3 54
81 4 47
81 5 31
81 6 65
81 7 57
82 1 32
82 2 31
82 3 31
82 4 30
82 5 20
82 6 37
82 7 35
83 1 22
83 2 21
83 3 22
83 4 21
83 5 15
83 6 26
83 7 24
84 1 35
84 2 33
84 3 36
84 4 34
84 5 23
84 6 44
84 7 41
85 1 63
85 2 61
85 3 63
85 4 61
85 5 35
85 6 73
85 7 71
86 1 59
86 2 57
86 3 57
86 4 55
86 5 36
86 6 74
86 7 71
87 1 149
87 2 130
87 3 148
87 4 129
87 5 96
87 6 181
87 7 158
88 1 40
88 2 44
88 3 40
88 4 44
88 5 27
88 6 49
88 7 54
89 1 24
89 2 24
89 3 25
89 4 25
89 5 16
89 6 28
89 7 28
90 1 123
90 2 118
90 3 123
90 4 118
90 5 75
90 6 142
90 7 136
91 1 25
91 2 25
91 3 27
91 4 27
91 5 15
91 6 31
91 7 31
92 1 115
92 2 119
92 3 120
92 4 125
92 5 77
92 6 143
92 7 148
93 1 103
93 2 107
93 3 104
93 4 108
93 5 69
93 6 123
93 7 128
94 1 54
94 2 52
94 3 54
94 4 52
94 5 34
94 6 60
94 7 58

# Energy Consumption
1 1 0
1 2 43
1 3 0
1 4 31
1 5 17
1 6 0
1 7 25
2 1 0
2 2 11
2 3 0
2 4 10
2 5 5
2 6 0
2 7 7
3 1 0
3 2 5
3 3 0
3 4 4
3 5 2
3 6 0
3 7 4
4 1 0
4 2 7
4 3 0
4 4 5
4 5 3
4 6 0
4 7 4
5 1 0
5 2 15
5 3 0
5 4 12
5 5 8
5 6 0
5 7 10
6 1 0
6 2 18
6 3 0
6 4 14
6 5 7
6 6 0
6 7 12
7 1 0
7 2 11
7 3 0
7 4 9
7 5 6
7 6 0
7 7 7
8 1 0
8 2 16
8 3 0
8 4 12
8 5 6
8 6 0
8 7 10
9 1 0
9 2 8
9 3 0
9 4 6
9 5 4
9 6 0
9 7 5
10 1 0
10 2 8
10 3 0
10 4 6
10 5 3
10 6 0
10 7 5
11 1 0
11 2 26
11 3 0
11 4 20
11 5 12
11 6 0
11 7 17
12 1 0
12 2 34
12 3 0
12 4 28
12 5 12
12 6 0
12 7 20
13 1 0
13 2 17
13 3 0
13 4 14
13 5 6
13 6 0
13 7 9
14 1 0
14 2 21
14 3 0
14 4 15
14 5 7
14 6 0
14 7 13
15 1 0
15 2 5
15 3 0
15 4 3
15 5 2
15 6 0
15 7 3
16 1 0
16 2 4
16 3 0
16 4 3
16 5 2
16 6 0
16 7 3
17 1 0
17 2 3
17 3 0
17 4 3
17 5 2
17 6 0
17 7 2
18 1 0
18 2 6
18 3 0
18 4 5
18 5 2
18 6 0
18 7 4
19 1 0
19 2 2
19 3 0
19 4 2
19 5 1
19 6 0
19 7 2
20 1 0
20 2 5
20 3 0
20 4 4
20 5 2
20 6 0
20 7 3
21 1 0
21 2 17
21 3 0
21 4 12
21 5 5
21 6 0
21 7 10
22 1 0
22 2 11
22 3 0
22 4 8
22 5 4
22 6 0
22 7 7
23 1 0
23 2 5
23 3 0
23 4 4
23 5 2
23 6 0
23 7 3
24 1 0
24 2 3
24 3 0
24 4 3
24 5 2
24 6 0
24 7 2
25 1 0
25 2 5
25 3 0
25 4 4
25 5 2
25 6 0
25 7 3
26 1 0
26 2 8
26 3 0
26 4 6
26 5 3
26 6 0
26 7 5
27 1 0
27 2 5
27 3 0
27 4 4
27 5 2
27 6 0
27 7 3
28 1 0
28 2 6
28 3 0
28 4 4
28 5 2
28 6 0
28 7 4
29 1 0
29 2 5
29 3 0
29 4 4
29 5 2
29 6 0
29 7 3
30 1 0
30 2 6
30 3 0
30 4 4
30 5 2
30 6 0
30 7 4
31 1 0
31 2 13
31 3 0
31 4 12
31 5 5
31 6 0
31 7 10
32 1 0
32 2 5
32 3 0
32 4 4
32 5 2
32 6 0
32 7 4
33 1 0
33 2 4
33 3 0
33 4 3
33 5 2
33 6 0
33 7 2
34 1 0
34 2 6
34 3 0
34 4 6
34 5 3
34 6 0
34 7 4
35 1 0
35 2 16
35 3 0
35 4 14
35 5 6
35 6 0
35 7 10
36 1 0
36 2 2
36 3 0
36 4 2
36 5 1
36 6 0
36 7 2
37 1 0
37 2 18
37 3 0
37 4 14
37 5 6
37 6 0
37 7 10
38 1 0
38 2 3
38 3 0
38 4 2
38 5 1
38 6 0
38 7 2
39 1 0
39 2 6
39 3 0
39 4 5
39 5 3
39 6 0
39 7 4
40 1 0
40 2 19
40 3 0
40 4 16
40 5 8
40 6 0
40 7 13
41 1 0
41 2 7
41 3 0
41 4 6
41 5 4
41 6 0
41 7 5
42 1 0
42 2 19
42 3 0
42 4 14
42 5 6
42 6 0
42 7 14
43 1 0
43 2 6
43 3 0
43 4 6
43 5 3
43 6 0
43 7 5
44 1 0
44 2 3
44 3 0
44 4 2
44 5 1
44 6 0
44 7 2
45 1 0
45 2 12
45 3 0
45 4 9
45 5 4
45 6 0
45 7 7
46 1 0
46 2 10
46 3 0
46 4 8
46 5 4
46 6 0
46 7 6
47 1 0
47 2 20
47 3 0
47 4 17
47 5 7
47 6 0
47 7 14
48 1 0
48 2 8
48 3 0
48 4 7
48 5 4
48 6 0
48 7 6
49 1 0
49 2 3
49 3 0
49 4 3
49 5 2
49 6 0
49 7 2
50 1 0
50 2 8
50 3 0
50 4 5
50 5 3
50 6 0
50 7 5
51 1 0
51 2 13
51 3 0
51 4 9
51 5 5
51 6 0
51 7 7
52 1 0
52 2 3
52 3 0
52 4 2
52 5 1
52 6 0
52 7 2
53 1 0
53 2 49
53 3 0
53 4 38
53 5 14
53 6 0
53 7 30
54 1 0
54 2 15
54 3 0
54 4 10
54 5 5
54 6 0
54 7 9
55 1 0
55 2 12
55 3 0
55 4 10
55 5 4
55 6 0
55 7 8
56 1 0
56 2 5
56 3 0
56 4 4
56 5 2
56 6 0
56 7 3
57 1 0
57 2 25
57 3 0
57 4 21
57 5 8
57 6 0
57 7 15
58 1 0
58 2 2
58 3 0
58 4 2
58 5 1
58 6 0
58 7 2
59 1 0
59 2 6
59 3 0
59 4 5
59 5 3
59 6 0
59 7 4
60 1 0
60 2 7
60 3 0
60 4 6
60 5 3
60 6 0
60 7 5
61 1 0
61 2 3
61 3 0
61 4 2
61 5 1
61 6 0
61 7 2
62 1 0
62 2 8
62 3 0
62 4 7
62 5 3
62 6 0
62 7 6
63 1 0
63 2 16
63 3 0
63 4 12
63 5 6
63 6 0
63 7 9
64 1 0
64 2 3
64 3 0
64 4 3
64 5 2
64 6 0
64 7 2
65 1 0
65 2 3
65 3 0
65 4 2
65 5 1
65 6 0
65 7 2
66 1 0
66 2 12
66 3 0
66 4 11
66 5 5
66 6 0
66 7 8
67 1 0
67 2 8
67 3 0
67 4 7
67 5 3
67 6 0
67 7 5
68 1 0
68 2 4
68 3 0
68 4 4
68 5 2
68 6 0
68 7 3
69 1 0
69 2 11
69 3 0
69 4 10
69 5 6
69 6 0
69 7 8
70 1 0
70 2 19
70 3 0
70 4 13
70 5 6
70 6 0
70 7 13
71 1 0
71 2 21
71 3 0
71 4 14
71 5 8
71 6 0
71 7 12
72 1 0
72 2 13
72 3 0
72 4 9
72 5 6
72 6 0
72 7 8
73 1 0
73 2 12
73 3 0
73 4 11
73 5 6
73 6 0
73 7 9
74 1 0
74 2 13
74 3 0
74 4 12
74 5 6
74 6 0
74 7 8
75 1 0
75 2 20
75 3 0
75 4 16
75 5 8
75 6 0
75 7 12
76 1 0
76 2 28
76 3 0
76 4 20
76 5 9
76 6 0
76 7 17
77 1 0
77 2 28
77 3 0
77 4 21
77 5 10
77 6 0
77 7 15
78 1 0
78 2 22
78 3 0
78 4 17
78 5 9
78 6 0
78 7 13
79 1 0
79 2 3
79 3 0
79 4 3
79 5 1
79 6 0
79 7 2
80 1 0
80 2 5
80 3 0
80 4 3
80 5 2
80 6 0
80 7 3
81 1 0
81 2 13
81 3 0
81 4 9
81 5 5
81 6 0
81 7 9
82 1 0
82 2 9
82 3 0
82 4 7
82 5 3
82 6 0
82 7 5
83 1 0
83 2 6
83 3 0
83 4 5
83 5 3
83 6 0
83 7 4
84 1 0
84 2 9
84 3 0
84 4 8
84 5 4
84 6 0
84 7 6
85 1 0
85 2 19
85 3 0
85 4 12
85 5 5
85 6 0
85 7 9
86 1 0
86 2 14
86 3 0
86 4 12
86 5 6
86 6 0
86 7 10
87 1 0
87 2 39
87 3 0
87 4 24
87 5 15
87 6 0
87 7 21
88 1 0
88 2 11
88 3 0
88 4 9
88 5 5
88 6 0
88 7 7
89 1 0
89 2 7
89 3 0
89 4 6
89 5 3
89 6 0
89 7 4
90 1 0
90 2 31
90 3 0
90 4 24
90 5 12
90 6 0
90 7 18
91 1 0
91 2 6
91 3 0
91 4 6
91 5 3
91 6 0
91 7 5
92 1 0
92 2 32
92 3 0
92 4 27
92 5 11
92 6 0
92 7 21
93 1 0
93 2 29
93 3 0
93 4 20
93 5 10
93 6 0
93 7 17
94 1 0
94 2 15
94 3 0
94 4 11
94 5 6
94 6 0
94 7 9

# Precedence Relations
1 2
1 3
1 4
1 5
1 6
1 7
1 8
1 9
1 10
2 11
2 17
3 12
4 11
4 16
5 11
5 13
5 18
5 16
6 11
6 15
6 13
6 19
7 42
8 29
9 11
10 19
10 37
10 48
10 50
11 14
12 20
12 61
12 52
13 82
14 25
14 23
14 30
14 31
14 24
14 32
14 22
14 21
14 26
14 28
14 27
14 29
15 81
16 75
17 82
18 75
19 75
20 78
21 71
21 60
21 53
21 39
21 40
21 41
22 38
22 72
22 49
22 58
23 34
23 35
24 37
24 44
25 57
25 63
25 33
25 73
25 60
25 65
25 56
26 41
26 43
27 62
27 58
27 54
27 55
27 56
28 33
28 35
28 40
28 43
28 49
28 51
28 52
28 54
29 75
30 59
30 42
30 36
31 74
32 36
32 47
32 44
32 60
32 45
32 69
32 46
32 48
32 50
33 78
34 78
35 78
36 82
37 61
37 73
37 64
37 66
37 67
37 68
37 69
37 70
37 71
37 72
37 62
38 82
39 82
40 78
41 78
42 74
43 78
44 75
45 75
46 75
46 76
47 75
48 75
49 78
50 75
51 78
52 78
53 76
53 77
54 78
55 77
56 77
57 76
57 77
58 77
59 82
60 77
61 77
62 77
63 77
64 74
65 74
66 75
66 76
67 74
68 82
69 77
69 75
70 77
70 76
71 76
72 76
73 77
74 82
75 82
76 82
77 78
78 79
78 80
79 81
80 81
81 82
82 83
83 84
83 85
84 86
85 86
86 87
87 88
88 89
88 90
89 92
90 91
90 93
92 94

# Parameters
R_e = 0.0500
T = 600.0
C_s = 4.0
C_w = 36.0
C_c = 5.0
