# Tasks
1 2 3 4 5 6 7 8 9 10 11 12 13 14 15 16 17 18 19 20

# Workstations
1 2 3 4 5 6 7 8 9 10 11 12 13 14 15 16 17 18 19 20

# Modes
1 2 3 4 5 6 7

# Processing Times
1 1 209
1 2 407
1 3 207
1 4 403
1 5 195
1 6 221
1 7 429
2 1 57
2 2 113
2 3 60
2 4 118
2 5 54
2 6 60
2 7 118
3 1 204
3 2 418
3 3 198
3 4 404
3 5 193
3 6 221
3 7 452
4 1 119
4 2 266
4 3 122
4 4 271
4 5 103
4 6 121
4 7 269
5 1 180
5 2 335
5 3 183
5 4 341
5 5 152
5 6 197
5 7 366
6 1 82
6 2 181
6 3 80
6 4 176
6 5 74
6 6 86
6 7 189
7 1 174
7 2 363
7 3 169
7 4 353
7 5 163
7 6 178
7 7 370
8 1 64
8 2 137
8 3 66
8 4 140
8 5 54
8 6 67
8 7 143
9 1 116
9 2 239
9 3 115
9 4 236
9 5 94
9 6 123
9 7 253
10 1 206
10 2 447
10 3 214
10 4 463
10 5 169
10 6 215
10 7 465
11 1 83
11 2 189
11 3 85
11 4 192
11 5 74
11 6 88
11 7 200
12 1 73
12 2 161
12 3 73
12 4 159
12 5 65
12 6 74
12 7 162
13 1 162
13 2 377
13 3 166
13 4 385
13 5 147
13 6 177
13 7 412
14 1 58
14 2 107
14 3 56
14 4 103
14 5 51
14 6 62
14 7 114
15 1 161
15 2 379
15 3 168
15 4 395
15 5 151
15 6 167
15 7 393
16 1 319
16 2 791
16 3 331
16 4 821
16 5 296
16 6 328
16 7 813
17 1 87
17 2 159
17 3 89
17 4 162
17 5 73
17 6 93
17 7 170
18 1 148
18 2 360
18 3 149
18 4 362
18 5 134
18 6 150
18 7 364
19 1 56
19 2 114
19 3 57
19 4 116
19 5 51
19 6 58
19 7 117
20 1 169
20 2 370
20 3 165
20 4 361
20 5 160
20 6 184
20 7 403

# Energy Consumption
1 1 0
1 2 104
1 3 0
1 4 83
1 5 29
1 6 0
1 7 64
2 1 0
2 2 29
2 3 0
2 4 26
2 5 9
2 6 0
2 7 17
3 1 0
3 2 108
3 3 0
3 4 84
3 5 31
3 6 0
3 7 57
4 1 0
4 2 72
4 3 0
4 4 55
4 5 16
4 6 0
4 7 34
5 1 0
5 2 82
5 3 0
5 4 62
5 5 25
5 6 0
5 7 45
6 1 0
6 2 49
6 3 0
6 4 34
6 5 12
6 6 0
6 7 25
7 1 0
7 2 90
7 3 0
7 4 65
7 5 25
7 6 0
7 7 56
8 1 0
8 2 41
8 3 0
8 4 29
8 5 9
8 6 0
8 7 21
9 1 0
9 2 69
9 3 0
9 4 45
9 5 14
9 6 0
9 7 34
10 1 0
10 2 129
10 3 0
10 4 99
10 5 27
10 6 0
10 7 66
11 1 0
11 2 42
11 3 0
11 4 41
11 5 12
11 6 0
11 7 25
12 1 0
12 2 38
12 3 0
12 4 35
12 5 11
12 6 0
12 7 23
13 1 0
13 2 108
13 3 0
13 4 71
13 5 23
13 6 0
13 7 61
14 1 0
14 2 28
14 3 0
14 4 19
14 5 8
14 6 0
14 7 14
15 1 0
15 2 98
15 3 0
15 4 78
15 5 24
15 6 0
15 7 50
16 1 0
16 2 202
16 3 0
16 4 160
16 5 43
16 6 0
16 7 104
17 1 0
17 2 42
17 3 0
17 4 31
17 5 12
17 6 0
17 7 21
18 1 0
18 2 105
18 3 0
18 4 73
18 5 21
18 6 0
18 7 52
19 1 0
19 2 34
19 3 0
19 4 22
19 5 8
19 6 0
19 7 18
20 1 0
20 2 89
20 3 0
20 4 72
20 5 23
20 6 0
20 7 61

# Precedence Relations
1 7
2 7
3 4
3 5
3 6
4 7
5 7
6 8
6 9
6 10
6 16
6 18
7 11
7 12
7 13
7 14
8 15
8 19
9 17
10 17
11 17
12 16
12 18
14 19
16 20
17 19
17 20
18 19

# Parameters
R_e = 0.0500
T = 1000.0
C_s = 4.0
C_w = 36.0
C_c = 5.0
