# Tasks
1 2 3 4 5 6 7 8 9 10 11 12 13 14 15 16 17 18 19 20 21 22 23 24 25 26 27 28 29 30

# Workstations
1 2 3 4 5 6 7 8 9 10 11 12 13 14 15 16 17 18 19 20 21 22 23 24 25 26 27 28 29 30

# Modes
1 2 3 4 5 6 7

# Processing Times
1 1 8
1 2 13
1 3 8
1 4 12
1 5 8
1 6 10
1 7 16
2 1 7
2 2 10
2 3 6
2 4 9
2 5 6
2 6 9
2 7 12
3 1 19
3 2 25
3 3 17
3 4 22
3 5 17
3 6 22
3 7 29
4 1 10
4 2 16
4 3 10
4 4 15
4 5 9
4 6 13
4 7 20
5 1 2
5 2 3
5 3 2
5 4 3
5 5 2
5 6 3
5 7 4
6 1 6
6 2 8
6 3 6
6 4 7
6 5 5
6 6 8
6 7 10
7 1 14
7 2 18
7 3 12
7 4 16
7 5 14
7 6 16
7 7 20
8 1 10
8 2 15
8 3 10
8 4 14
8 5 9
8 6 12
8 7 18
9 1 1
9 2 2
9 3 1
9 4 2
9 5 1
9 6 2
9 7 3
10 1 4
10 2 7
10 3 4
10 4 7
10 5 4
10 6 5
10 7 9
11 1 14
11 2 19
11 3 14
11 4 18
11 5 13
11 6 18
11 7 24
12 1 15
12 2 23
12 3 14
12 4 21
12 5 14
12 6 19
12 7 29
13 1 5
13 2 8
13 3 5
13 4 7
13 5 5
13 6 7
13 7 10
14 1 12
14 2 18
14 3 11
14 4 16
14 5 11
14 6 15
14 7 22
15 1 9
15 2 14
15 3 9
15 4 14
15 5 9
15 6 11
15 7 18
16 1 10
16 2 15
16 3 9
16 4 13
16 5 10
16 6 12
16 7 18
17 1 2
17 2 3
17 3 2
17 4 3
17 5 2
17 6 3
17 7 4
18 1 10
18 2 16
18 3 10
18 4 16
18 5 9
18 6 13
18 7 20
19 1 18
19 2 26
19 3 16
19 4 23
19 5 18
19 6 21
19 7 30
20 1 16
20 2 22
20 3 15
20 4 20
20 5 15
20 6 19
20 7 26
21 1 21
21 2 26
21 3 18
21 4 23
21 5 20
21 6 26
21 7 32
22 1 14
22 2 17
22 3 14
22 4 16
22 5 12
22 6 17
22 7 21
23 1 16
23 2 21
23 3 15
23 4 19
23 5 15
23 6 20
23 7 27
24 1 7
24 2 10
24 3 6
24 4 9
24 5 7
24 6 8
24 7 12
25 1 17
25 2 22
25 3 16
25 4 20
25 5 15
25 6 20
25 7 25
26 1 9
26 2 12
26 3 8
26 4 11
26 5 8
26 6 12
26 7 15
27 1 25
27 2 38
27 3 23
27 4 35
27 5 23
27 6 31
27 7 47
28 1 7
28 2 9
28 3 7
28 4 9
28 5 6
28 6 9
28 7 12
29 1 14
29 2 21
29 3 14
29 4 20
29 5 13
29 6 17
29 7 26
30 1 2
30 2 3
30 3 2
30 4 3
30 5 2
30 6 3
30 7 4

# Energy Consumption
1 1 0
1 2 4
1 3 0
1 4 3
1 5 2
1 6 0
1 7 3
2 1 0
2 2 3
2 3 0
2 4 2
2 5 1
2 6 0
2 7 2
3 1 0
3 2 8
3 3 0
3 4 5
3 5 3
3 6 0
3 7 4
4 1 0
4 2 5
4 3 0
4 4 4
4 5 2
4 6 0
4 7 3
5 1 0
5 2 1
5 3 0
5 4 1
5 5 1
5 6 0
5 7 1
6 1 0
6 2 2
6 3 0
6 4 2
6 5 1
6 6 0
6 7 2
7 1 0
7 2 5
7 3 0
7 4 4
7 5 3
7 6 0
7 7 3
8 1 0
8 2 4
8 3 0
8 4 3
8 5 2
8 6 0
8 7 3
9 1 0
9 2 1
9 3 0
9 4 1
9 5 1
9 6 0
9 7 1
10 1 0
10 2 2
10 3 0
10 4 2
10 5 1
10 6 0
10 7 2
11 1 0
11 2 6
11 3 0
11 4 4
11 5 3
11 6 0
11 7 4
12 1 0
12 2 6
12 3 0
12 4 5
12 5 3
12 6 0
12 7 5
13 1 0
13 2 3
13 3 0
13 4 2
13 5 1
13 6 0
13 7 2
14 1 0
14 2 5
14 3 0
14 4 4
14 5 2
14 6 0
14 7 3
15 1 0
15 2 4
15 3 0
15 4 3
15 5 2
15 6 0
15 7 3
16 1 0
16 2 4
16 3 0
16 4 3
16 5 2
16 6 0
16 7 3
17 1 0
17 2 1
17 3 0
17 4 1
17 5 1
17 6 0
17 7 1
18 1 0
18 2 5
18 3 0
18 4 4
18 5 2
18 6 0
18 7 3
19 1 0
19 2 7
19 3 0
19 4 5
19 5 3
19 6 0
19 7 4
20 1 0
20 2 6
20 3 0
20 4 5
20 5 3
20 6 0
20 7 4
21 1 0
21 2 7
21 3 0
21 4 5
21 5 4
21 6 0
21 7 4
22 1 0
22 2 5
22 3 0
22 4 4
22 5 2
22 6 0
22 7 4
23 1 0
23 2 7
23 3 0
23 4 4
23 5 3
23 6 0
23 7 4
24 1 0
24 2 3
24 3 0
24 4 2
24 5 2
24 6 0
24 7 2
25 1 0
25 2 5
25 3 0
25 4 4
25 5 3
25 6 0
25 7 4
26 1 0
26 2 4
26 3 0
26 4 3
26 5 2
26 6 0
26 7 3
27 1 0
27 2 11
27 3 0
27 4 8
27 5 4
27 6 0
27 7 7
28 1 0
28 2 3
28 3 0
28 4 2
28 5 1
28 6 0
28 7 2
29 1 0
29 2 6
29 3 0
29 4 5
29 5 2
29 6 0
29 7 4
30 1 0
30 2 1
30 3 0
30 4 1
30 5 1
30 6 0
30 7 1

# Precedence Relations
1 4
1 5
2 11
2 12
3 16
3 17
4 7
5 6
6 7
7 8
8 9
9 26
10 24
12 13
13 14
14 15
14 20
15 22
16 20
17 18
18 19
20 21
20 24
21 22
22 23
23 27
24 25
25 26
26 27
27 28
27 29
29 30

# Parameters
R_e = 0.0500
T = 36.0
C_s = 4.0
C_w = 36.0
C_c = 5.0
