# Tasks
1 2 3 4 5 6 7 8 9 10 11 12 13 14 15 16 17 18 19 20

# Workstations
1 2 3 4 5 6 7 8 9 10 11 12 13 14 15 16 17 18 19 20

# Modes
1 2 3 4 5 6 7

# Processing Times
1 1 374
1 2 784
1 3 372
1 4 779
1 5 334
1 6 409
1 7 857
2 1 318
2 2 667
2 3 316
2 4 663
2 5 284
2 6 348
2 7 729
3 1 153
3 2 321
3 3 153
3 4 319
3 5 137
3 6 168
3 7 351
4 1 182
4 2 382
4 3 181
4 4 380
4 5 163
4 6 199
4 7 418
5 1 168
5 2 353
5 3 167
5 4 351
5 5 150
5 6 184
5 7 386
6 1 313
6 2 657
6 3 311
6 4 653
6 5 280
6 6 342
6 7 718
7 1 159
7 2 334
7 3 158
7 4 332
7 5 142
7 6 174
7 7 365
8 1 166
8 2 348
8 3 165
8 4 346
8 5 149
8 6 182
8 7 381
9 1 55
9 2 116
9 3 55
9 4 116
9 5 50
9 6 61
9 7 127
10 1 242
10 2 508
10 3 241
10 4 505
10 5 217
10 6 265
10 7 556
11 1 76
11 2 160
11 3 76
11 4 159
11 5 68
11 6 84
11 7 175
12 1 177
12 2 372
12 3 176
12 4 370
12 5 158
12 6 194
12 7 407
13 1 166
13 2 348
13 3 165
13 4 346
13 5 149
13 6 182
13 7 381
14 1 119
14 2 250
14 3 119
14 4 249
14 5 107
14 6 131
14 7 274
15 1 150
15 2 315
15 3 150
15 4 313
15 5 134
15 6 164
15 7 345
16 1 303
16 2 636
16 3 302
16 4 632
16 5 271
16 6 332
16 7 695
17 1 138
17 2 290
17 3 138
17 4 289
17 5 124
17 6 151
17 7 317
18 1 52
18 2 109
18 3 52
18 4 109
18 5 47
18 6 57
18 7 120
19 1 48
19 2 101
19 3 48
19 4 101
19 5 43
19 6 53
19 7 111
20 1 146
20 2 307
20 3 146
20 4 306
20 5 131
20 6 160
20 7 336

# Energy Consumption
1 1 0
1 2 200
1 3 0
1 4 160
1 5 50
1 6 0
1 7 127
2 1 0
2 2 168
2 3 0
2 4 143
2 5 46
2 6 0
2 7 103
3 1 0
3 2 83
3 3 0
3 4 67
3 5 22
3 6 0
3 7 45
4 1 0
4 2 103
4 3 0
4 4 77
4 5 25
4 6 0
4 7 52
5 1 0
5 2 86
5 3 0
5 4 64
5 5 24
5 6 0
5 7 47
6 1 0
6 2 177
6 3 0
6 4 123
6 5 42
6 6 0
6 7 93
7 1 0
7 2 83
7 3 0
7 4 61
7 5 22
7 6 0
7 7 55
8 1 0
8 2 102
8 3 0
8 4 72
8 5 23
8 6 0
8 7 55
9 1 0
9 2 34
9 3 0
9 4 22
9 5 8
9 6 0
9 7 17
10 1 0
10 2 147
10 3 0
10 4 108
10 5 34
10 6 0
10 7 79
11 1 0
11 2 36
11 3 0
11 4 34
11 5 11
11 6 0
11 7 22
12 1 0
12 2 87
12 3 0
12 4 82
12 5 26
12 6 0
12 7 56
13 1 0
13 2 100
13 3 0
13 4 64
13 5 24
13 6 0
13 7 57
14 1 0
14 2 65
14 3 0
14 4 46
14 5 17
14 6 0
14 7 34
15 1 0
15 2 82
15 3 0
15 4 62
15 5 21
15 6 0
15 7 44
16 1 0
16 2 163
16 3 0
16 4 123
16 5 40
16 6 0
16 7 89
17 1 0
17 2 77
17 3 0
17 4 56
17 5 20
17 6 0
17 7 39
18 1 0
18 2 32
18 3 0
18 4 22
18 5 8
18 6 0
18 7 18
19 1 0
19 2 30
19 3 0
19 4 19
19 5 7
19 6 0
19 7 17
20 1 0
20 2 74
20 3 0
20 4 61
20 5 19
20 6 0
20 7 51

# Precedence Relations
1 11
2 4
2 5
2 6
3 4
3 6
3 7
4 11
5 8
5 9
5 10
6 20
7 12
7 13
7 18
8 11
9 11
10 12
10 13
11 14
11 15
11 16
11 17
11 18
13 19
15 19
15 20
17 19
17 20
18 19

# Parameters
R_e = 0.0500
T = 1000.0
C_s = 4.0
C_w = 36.0
C_c = 5.0
