# Tasks
1 2 3 4 5 6 7 8 9 10 11 12 13 14 15 16 17 18 19 20

# Workstations
1 2 3 4 5 6 7 8 9 10 11 12 13 14 15 16 17 18 19 20

# Modes
1 2 3 4 5 6 7

# Processing Times
1 1 730
1 2 905
1 3 708
1 4 878
1 5 272
1 6 1011
1 7 1254
2 1 589
2 2 730
2 3 572
2 4 708
2 5 219
2 6 816
2 7 1011
3 1 474
3 2 588
3 3 460
3 4 571
3 5 177
3 6 657
3 7 815
4 1 390
4 2 484
4 3 379
4 4 470
4 5 146
4 6 541
4 7 671
5 1 462
5 2 573
5 3 448
5 4 556
5 5 172
5 6 640
5 7 794
6 1 496
6 2 615
6 3 481
6 4 597
6 5 185
6 6 687
6 7 852
7 1 480
7 2 595
7 3 466
7 4 577
7 5 179
7 6 665
7 7 824
8 1 425
8 2 527
8 3 413
8 4 511
8 5 159
8 6 589
8 7 730
9 1 545
9 2 676
9 3 529
9 4 656
9 5 203
9 6 755
9 7 937
10 1 562
10 2 697
10 3 545
10 4 676
10 5 209
10 6 779
10 7 966
11 1 438
11 2 543
11 3 425
11 4 527
11 5 163
11 6 607
11 7 752
12 1 702
12 2 870
12 3 681
12 4 844
12 5 262
12 6 973
12 7 1205
13 1 439
13 2 544
13 3 426
13 4 528
13 5 164
13 6 608
13 7 754
14 1 285
14 2 354
14 3 277
14 4 344
14 5 106
14 6 395
14 7 491
15 1 511
15 2 634
15 3 496
15 4 615
15 5 190
15 6 708
15 7 878
16 1 483
16 2 599
16 3 469
16 4 581
16 5 180
16 6 669
16 7 830
17 1 468
17 2 580
17 3 454
17 4 563
17 5 175
17 6 649
17 7 804
18 1 654
18 2 811
18 3 635
18 4 787
18 5 244
18 6 906
18 7 1124
19 1 534
19 2 662
19 3 518
19 4 642
19 5 199
19 6 740
19 7 917
20 1 552
20 2 684
20 3 536
20 4 664
20 5 206
20 6 765
20 7 948

# Energy Consumption
1 1 0
1 2 207
1 3 0
1 4 175
1 5 40
1 6 0
1 7 176
2 1 0
2 2 163
2 3 0
2 4 144
2 5 33
2 6 0
2 7 131
3 1 0
3 2 170
3 3 0
3 4 107
3 5 28
3 6 0
3 7 99
4 1 0
4 2 114
4 3 0
4 4 101
4 5 21
4 6 0
4 7 93
5 1 0
5 2 155
5 3 0
5 4 105
5 5 27
5 6 0
5 7 109
6 1 0
6 2 169
6 3 0
6 4 126
6 5 27
6 6 0
6 7 113
7 1 0
7 2 162
7 3 0
7 4 125
7 5 28
7 6 0
7 7 110
8 1 0
8 2 145
8 3 0
8 4 111
8 5 25
8 6 0
8 7 91
9 1 0
9 2 165
9 3 0
9 4 122
9 5 29
9 6 0
9 7 120
10 1 0
10 2 175
10 3 0
10 4 131
10 5 32
10 6 0
10 7 136
11 1 0
11 2 156
11 3 0
11 4 97
11 5 23
11 6 0
11 7 105
12 1 0
12 2 219
12 3 0
12 4 177
12 5 39
12 6 0
12 7 146
13 1 0
13 2 137
13 3 0
13 4 110
13 5 27
13 6 0
13 7 103
14 1 0
14 2 84
14 3 0
14 4 66
14 5 16
14 6 0
14 7 73
15 1 0
15 2 172
15 3 0
15 4 120
15 5 28
15 6 0
15 7 127
16 1 0
16 2 135
16 3 0
16 4 112
16 5 28
16 6 0
16 7 101
17 1 0
17 2 172
17 3 0
17 4 107
17 5 26
17 6 0
17 7 117
18 1 0
18 2 194
18 3 0
18 4 173
18 5 39
18 6 0
18 7 141
19 1 0
19 2 188
19 3 0
19 4 125
19 5 30
19 6 0
19 7 132
20 1 0
20 2 204
20 3 0
20 4 136
20 5 33
20 6 0
20 7 116

# Precedence Relations
1 13
2 3
2 4
2 5
2 6
3 13
4 13
5 7
5 8
6 9
6 14
7 13
8 9
8 10
8 11
8 12
9 13
10 20
11 13
11 14
11 15
12 13
13 16
13 17
13 18
13 19
14 20

# Parameters
R_e = 0.0500
T = 1316.7
C_s = 4.0
C_w = 36.0
C_c = 5.0
