# Tasks
1 2 3 4 5 6 7 8 9 10 11 12 13 14 15 16 17 18 19 20

# Workstations
1 2 3 4 5 6 7 8 9 10 11 12 13 14 15 16 17 18 19 20

# Modes
1 2 3 4 5 6 7

# Processing Times
1 1 210
1 2 221
1 3 182
1 4 192
1 5 79
1 6 212
1 7 223
2 1 169
2 2 184
2 3 157
2 4 171
2 5 66
2 6 184
2 7 201
3 1 191
3 2 199
3 3 166
3 4 173
3 5 62
3 6 195
3 7 204
4 1 141
4 2 141
4 3 126
4 4 126
4 5 43
4 6 148
4 7 148
5 1 66
5 2 72
5 3 62
5 4 68
5 5 27
5 6 71
5 7 77
6 1 117
6 2 104
6 3 107
6 4 95
6 5 47
6 6 121
6 7 108
7 1 232
7 2 207
7 3 218
7 4 195
7 5 71
7 6 249
7 7 222
8 1 39
8 2 39
8 3 36
8 4 36
8 5 16
8 6 42
8 7 42
9 1 164
9 2 165
9 3 153
9 4 154
9 5 63
9 6 171
9 7 172
10 1 167
10 2 144
10 3 156
10 4 134
10 5 59
10 6 171
10 7 147
11 1 120
11 2 111
11 3 112
11 4 103
11 5 44
11 6 125
11 7 115
12 1 33
12 2 36
12 3 32
12 4 34
12 5 13
12 6 35
12 7 38
13 1 35
13 2 35
13 3 32
13 4 32
13 5 15
13 6 36
13 7 36
14 1 255
14 2 246
14 3 228
14 4 220
14 5 111
14 6 268
14 7 259
15 1 134
15 2 129
15 3 118
15 4 113
15 5 53
15 6 138
15 7 133
16 1 275
16 2 247
16 3 239
16 4 214
16 5 112
16 6 280
16 7 251
17 1 22
17 2 21
17 3 20
17 4 19
17 5 9
17 6 23
17 7 22
18 1 110
18 2 119
18 3 94
18 4 102
18 5 38
18 6 119
18 7 129
19 1 218
19 2 233
19 3 189
19 4 202
19 5 75
19 6 229
19 7 245
20 1 94
20 2 96
20 3 81
20 4 83
20 5 41
20 6 97
20 7 99

# Energy Consumption
1 1 0
1 2 55
1 3 0
1 4 38
1 5 12
1 6 0
1 7 32
2 1 0
2 2 44
2 3 0
2 4 35
2 5 10
2 6 0
2 7 28
3 1 0
3 2 48
3 3 0
3 4 32
3 5 9
3 6 0
3 7 30
4 1 0
4 2 42
4 3 0
4 4 24
4 5 7
4 6 0
4 7 22
5 1 0
5 2 22
5 3 0
5 4 14
5 5 4
5 6 0
5 7 11
6 1 0
6 2 31
6 3 0
6 4 18
6 5 7
6 6 0
6 7 15
7 1 0
7 2 48
7 3 0
7 4 42
7 5 11
7 6 0
7 7 33
8 1 0
8 2 12
8 3 0
8 4 8
8 5 3
8 6 0
8 7 6
9 1 0
9 2 41
9 3 0
9 4 32
9 5 10
9 6 0
9 7 26
10 1 0
10 2 37
10 3 0
10 4 29
10 5 9
10 6 0
10 7 20
11 1 0
11 2 27
11 3 0
11 4 22
11 5 7
11 6 0
11 7 17
12 1 0
12 2 9
12 3 0
12 4 8
12 5 3
12 6 0
12 7 6
13 1 0
13 2 9
13 3 0
13 4 7
13 5 3
13 6 0
13 7 5
14 1 0
14 2 60
14 3 0
14 4 41
14 5 18
14 6 0
14 7 32
15 1 0
15 2 39
15 3 0
15 4 25
15 5 9
15 6 0
15 7 17
16 1 0
16 2 56
16 3 0
16 4 41
16 5 16
16 6 0
16 7 33
17 1 0
17 2 6
17 3 0
17 4 4
17 5 2
17 6 0
17 7 4
18 1 0
18 2 27
18 3 0
18 4 22
18 5 6
18 6 0
18 7 18
19 1 0
19 2 52
19 3 0
19 4 44
19 5 12
19 6 0
19 7 36
20 1 0
20 2 26
20 3 0
20 4 17
20 5 6
20 6 0
20 7 15

# Precedence Relations
1 9
2 3
2 4
2 5
3 9
4 7
4 8
5 6
6 9
7 9
8 10
8 11
8 12
9 13
9 14
9 15
9 16
9 17
13 20
14 18
15 19
16 18
16 19
17 19

# Parameters
R_e = 0.0500
T = 1000.0
C_s = 4.0
C_w = 36.0
C_c = 5.0
