# Tasks
1 2 3 4 5 6 7 8 9 10 11 12 13 14 15 16 17 18 19 20 21 22 23 24 25 26 27 28 29

# Workstations
1 2 3 4 5 6 7 8 9 10 11 12 13 14 15 16 17 18 19 20 21 22 23 24 25 26 27 28 29

# Modes
1 2 3 4 5 6 7

# Processing Times
1 1 7
1 2 17
1 3 7
1 4 17
1 5 5
1 6 9
1 7 22
2 1 19
2 2 45
2 3 18
2 4 43
2 5 12
2 6 24
2 7 57
3 1 15
3 2 36
3 3 15
3 4 34
3 5 9
3 6 19
3 7 46
4 1 5
4 2 12
4 3 5
4 4 12
4 5 3
4 6 7
4 7 16
5 1 12
5 2 29
5 3 12
5 4 28
5 5 8
5 6 16
5 7 37
6 1 10
6 2 24
6 3 10
6 4 23
6 5 6
6 6 13
6 7 31
7 1 8
7 2 19
7 3 8
7 4 18
7 5 5
7 6 11
7 7 24
8 1 16
8 2 38
8 3 16
8 4 36
8 5 10
8 6 21
8 7 48
9 1 2
9 2 5
9 3 2
9 4 5
9 5 2
9 6 3
9 7 7
10 1 6
10 2 15
10 3 6
10 4 15
10 5 4
10 6 8
10 7 19
11 1 21
11 2 50
11 3 20
11 4 48
11 5 13
11 6 27
11 7 64
12 1 10
12 2 24
12 3 10
12 4 23
12 5 6
12 6 13
12 7 31
13 1 9
13 2 22
13 3 9
13 4 21
13 5 6
13 6 12
13 7 28
14 1 4
14 2 10
14 3 4
14 4 10
14 5 3
14 6 6
14 7 13
15 1 14
15 2 34
15 3 14
15 4 33
15 5 9
15 6 18
15 7 43
16 1 7
16 2 17
16 3 7
16 4 17
16 5 5
16 6 9
16 7 22
17 1 14
17 2 34
17 3 14
17 4 33
17 5 9
17 6 18
17 7 43
18 1 17
18 2 41
18 3 17
18 4 39
18 5 11
18 6 22
18 7 52
19 1 10
19 2 24
19 3 10
19 4 23
19 5 6
19 6 13
19 7 31
20 1 16
20 2 38
20 3 16
20 4 36
20 5 10
20 6 21
20 7 48
21 1 1
21 2 3
21 3 1
21 4 3
21 5 1
21 6 2
21 7 4
22 1 9
22 2 22
22 3 9
22 4 21
22 5 6
22 6 12
22 7 28
23 1 25
23 2 60
23 3 24
23 4 57
23 5 15
23 6 32
23 7 76
24 1 14
24 2 34
24 3 14
24 4 33
24 5 9
24 6 18
24 7 43
25 1 14
25 2 34
25 3 14
25 4 33
25 5 9
25 6 18
25 7 43
26 1 2
26 2 5
26 3 2
26 4 5
26 5 2
26 6 3
26 7 7
27 1 10
27 2 24
27 3 10
27 4 23
27 5 6
27 6 13
27 7 31
28 1 7
28 2 17
28 3 7
28 4 17
28 5 5
28 6 9
28 7 22
29 1 20
29 2 48
29 3 19
29 4 46
29 5 12
29 6 26
29 7 61

# Energy Consumption
1 1 0
1 2 5
1 3 0
1 4 4
1 5 1
1 6 0
1 7 3
2 1 0
2 2 11
2 3 0
2 4 9
2 5 2
2 6 0
2 7 9
3 1 0
3 2 10
3 3 0
3 4 7
3 5 2
3 6 0
3 7 7
4 1 0
4 2 3
4 3 0
4 4 3
4 5 1
4 6 0
4 7 3
5 1 0
5 2 8
5 3 0
5 4 6
5 5 2
5 6 0
5 7 5
6 1 0
6 2 6
6 3 0
6 4 6
6 5 1
6 6 0
6 7 5
7 1 0
7 2 5
7 3 0
7 4 4
7 5 1
7 6 0
7 7 4
8 1 0
8 2 10
8 3 0
8 4 8
8 5 2
8 6 0
8 7 7
9 1 0
9 2 2
9 3 0
9 4 1
9 5 1
9 6 0
9 7 1
10 1 0
10 2 4
10 3 0
10 4 4
10 5 1
10 6 0
10 7 3
11 1 0
11 2 12
11 3 0
11 4 10
11 5 2
11 6 0
11 7 8
12 1 0
12 2 6
12 3 0
12 4 5
12 5 1
12 6 0
12 7 4
13 1 0
13 2 7
13 3 0
13 4 4
13 5 1
13 6 0
13 7 4
14 1 0
14 2 3
14 3 0
14 4 2
14 5 1
14 6 0
14 7 2
15 1 0
15 2 8
15 3 0
15 4 7
15 5 2
15 6 0
15 7 6
16 1 0
16 2 5
16 3 0
16 4 4
16 5 1
16 6 0
16 7 3
17 1 0
17 2 9
17 3 0
17 4 7
17 5 2
17 6 0
17 7 6
18 1 0
18 2 11
18 3 0
18 4 8
18 5 2
18 6 0
18 7 8
19 1 0
19 2 7
19 3 0
19 4 5
19 5 1
19 6 0
19 7 5
20 1 0
20 2 10
20 3 0
20 4 7
20 5 2
20 6 0
20 7 7
21 1 0
21 2 1
21 3 0
21 4 1
21 5 1
21 6 0
21 7 1
22 1 0
22 2 7
22 3 0
22 4 5
22 5 1
22 6 0
22 7 4
23 1 0
23 2 17
23 3 0
23 4 13
23 5 3
23 6 0
23 7 10
24 1 0
24 2 9
24 3 0
24 4 7
24 5 2
24 6 0
24 7 7
25 1 0
25 2 10
25 3 0
25 4 7
25 5 2
25 6 0
25 7 7
26 1 0
26 2 2
26 3 0
26 4 1
26 5 1
26 6 0
26 7 2
27 1 0
27 2 6
27 3 0
27 4 5
27 5 1
27 6 0
27 7 5
28 1 0
28 2 5
28 3 0
28 4 4
28 5 1
28 6 0
28 7 4
29 1 0
29 2 14
29 3 0
29 4 10
29 5 2
29 6 0
29 7 8

# Precedence Relations
1 3
1 25
2 6
2 26
3 4
4 5
5 8
5 13
6 8
7 9
7 12
7 25
8 11
8 16
9 10
10 14
10 15
11 17
12 15
13 17
14 16
15 19
16 18
17 20
18 22
19 21
20 23
21 22
22 23
23 24
23 28
24 29
25 29
26 27
27 29
28 29

# Parameters
R_e = 0.0500
T = 79.8
C_s = 4.0
C_w = 36.0
C_c = 5.0
