# Tasks
1 2 3 4 5 6 7 8 9 10 11 12 13 14 15 16 17 18 19 20

# Workstations
1 2 3 4 5 6 7 8 9 10 11 12 13 14 15 16 17 18 19 20

# Modes
1 2 3 4 5 6 7

# Processing Times
1 1 142
1 2 353
1 3 122
1 4 304
1 5 92
1 6 205
1 7 509
2 1 34
2 2 82
2 3 30
2 4 70
2 5 23
2 6 49
2 7 118
3 1 140
3 2 327
3 3 127
3 4 297
3 5 89
3 6 183
3 7 427
4 1 214
4 2 478
4 3 201
4 4 448
4 5 150
4 6 308
4 7 688
5 1 121
5 2 240
5 3 110
5 4 218
5 5 67
5 6 166
5 7 329
6 1 279
6 2 612
6 3 254
6 4 556
6 5 177
6 6 395
6 7 866
7 1 50
7 2 112
7 3 46
7 4 101
7 5 33
7 6 65
7 7 145
8 1 282
8 2 539
8 3 268
8 4 512
8 5 178
8 6 375
8 7 716
9 1 129
9 2 240
9 3 122
9 4 227
9 5 82
9 6 166
9 7 307
10 1 175
10 2 350
10 3 159
10 4 317
10 5 110
10 6 243
10 7 485
11 1 97
11 2 205
11 3 92
11 4 193
11 5 58
11 6 138
11 7 290
12 1 132
12 2 244
12 3 125
12 4 231
12 5 81
12 6 191
12 7 352
13 1 107
13 2 216
13 3 97
13 4 195
13 5 67
13 6 141
13 7 285
14 1 132
14 2 274
14 3 113
14 4 234
14 5 91
14 6 183
14 7 379
15 1 69
15 2 172
15 3 62
15 4 155
15 5 45
15 6 91
15 7 227
16 1 169
16 2 322
16 3 160
16 4 304
16 5 104
16 6 212
16 7 404
17 1 73
17 2 132
17 3 64
17 4 116
17 5 46
17 6 106
17 7 192
18 1 231
18 2 570
18 3 205
18 4 505
18 5 161
18 6 304
18 7 750
19 1 120
19 2 217
19 3 111
19 4 200
19 5 79
19 6 166
19 7 299
20 1 186
20 2 415
20 3 169
20 4 376
20 5 120
20 6 255
20 7 568

# Energy Consumption
1 1 0
1 2 101
1 3 0
1 4 59
1 5 15
1 6 0
1 7 63
2 1 0
2 2 20
2 3 0
2 4 14
2 5 4
2 6 0
2 7 18
3 1 0
3 2 82
3 3 0
3 4 60
3 5 13
3 6 0
3 7 59
4 1 0
4 2 118
4 3 0
4 4 92
4 5 23
4 6 0
4 7 88
5 1 0
5 2 58
5 3 0
5 4 46
5 5 10
5 6 0
5 7 42
6 1 0
6 2 149
6 3 0
6 4 122
6 5 27
6 6 0
6 7 113
7 1 0
7 2 29
7 3 0
7 4 21
7 5 6
7 6 0
7 7 21
8 1 0
8 2 141
8 3 0
8 4 109
8 5 26
8 6 0
8 7 105
9 1 0
9 2 54
9 3 0
9 4 44
9 5 13
9 6 0
9 7 38
10 1 0
10 2 90
10 3 0
10 4 67
10 5 17
10 6 0
10 7 60
11 1 0
11 2 50
11 3 0
11 4 37
11 5 9
11 6 0
11 7 36
12 1 0
12 2 61
12 3 0
12 4 45
12 5 12
12 6 0
12 7 43
13 1 0
13 2 64
13 3 0
13 4 37
13 5 11
13 6 0
13 7 40
14 1 0
14 2 79
14 3 0
14 4 45
14 5 15
14 6 0
14 7 55
15 1 0
15 2 40
15 3 0
15 4 30
15 5 7
15 6 0
15 7 30
16 1 0
16 2 77
16 3 0
16 4 66
16 5 15
16 6 0
16 7 49
17 1 0
17 2 35
17 3 0
17 4 23
17 5 7
17 6 0
17 7 24
18 1 0
18 2 146
18 3 0
18 4 95
18 5 25
18 6 0
18 7 107
19 1 0
19 2 57
19 3 0
19 4 37
19 5 13
19 6 0
19 7 42
20 1 0
20 2 107
20 3 0
20 4 71
20 5 17
20 6 0
20 7 82

# Precedence Relations
1 6
2 7
4 8
5 9
6 10
7 11
8 12
10 13
11 13
12 14
12 15
13 16
13 17
13 18
14 20
15 19

# Parameters
R_e = 0.0500
T = 1000.0
C_s = 4.0
C_w = 36.0
C_c = 5.0
