# Tasks
1 2 3 4 5 6 7 8 9 10 11 12 13 14 15 16 17 18 19 20 21 22 23 24 25 26 27 28 29 30 31 32 33 34 35 36 37 38 39 40 41 42 43 44 45 46 47 48 49 50 51 52 53 54 55 56 57 58 59 60 61 62 63 64 65 66 67 68 69 70 71 72 73 74 75 76 77 78 79 80 81 82 83 84 85 86 87 88 89 90 91 92 93 94 95 96 97 98 99 100

# Workstations
1 2 3 4 5 6 7 8 9 10 11 12 13 14 15 16 17 18 19 20 21 22 23 24 25 26 27 28 29 30 31 32 33 34 35 36 37 38 39 40 41 42 43 44 45 46 47 48 49 50 51 52 53 54 55 56 57 58 59 60 61 62 63 64 65 66 67 68 69 70 71 72 73 74 75 76 77 78 79 80 81 82 83 84 85 86 87 88 89 90 91 92 93 94 95 96 97 98 99 100

# Modes
1 2 3 4 5 6 7

# Processing Times
1 1 124
1 2 131
1 3 117
1 4 124
1 5 38
1 6 134
1 7 142
2 1 461
2 2 500
2 3 406
2 4 440
2 5 181
2 6 500
2 7 542
3 1 193
3 2 201
3 3 166
3 4 173
3 5 64
3 6 196
3 7 204
4 1 190
4 2 190
4 3 176
4 4 176
4 5 81
4 6 208
4 7 208
5 1 113
5 2 123
5 3 99
5 4 107
5 5 35
5 6 125
5 7 136
6 1 201
6 2 179
6 3 187
6 4 166
6 5 64
6 6 218
6 7 194
7 1 368
7 2 328
7 3 314
7 4 280
7 5 139
7 6 382
7 7 341
8 1 160
8 2 160
8 3 151
8 4 151
8 5 63
8 6 164
8 7 164
9 1 430
9 2 432
9 3 374
9 4 376
9 5 161
9 6 467
9 7 469
10 1 56
10 2 49
10 3 53
10 4 47
10 5 23
10 6 60
10 7 52
11 1 580
11 2 534
11 3 544
11 4 501
11 5 226
11 6 591
11 7 544
12 1 367
12 2 393
12 3 324
12 4 347
12 5 165
12 6 403
12 7 431
13 1 263
13 2 258
13 3 239
13 4 235
13 5 99
13 6 271
13 7 266
14 1 37
14 2 36
14 3 33
14 4 32
14 5 15
14 6 40
14 7 39
15 1 47
15 2 46
15 3 43
15 4 42
15 5 18
15 6 50
15 7 49
16 1 263
16 2 236
16 3 231
16 4 207
16 5 103
16 6 275
16 7 247
17 1 492
17 2 451
17 3 438
17 4 402
17 5 195
17 6 511
17 7 469
18 1 143
18 2 154
18 3 132
18 4 142
18 5 55
18 6 152
18 7 164
19 1 221
19 2 236
19 3 209
19 4 224
19 5 71
19 6 222
19 7 237
20 1 140
20 2 142
20 3 120
20 4 121
20 5 47
20 6 149
20 7 151
21 1 530
21 2 514
21 3 471
21 4 456
21 5 187
21 6 543
21 7 527
22 1 129
22 2 130
22 3 116
22 4 116
22 5 40
22 6 131
22 7 132
23 1 66
23 2 59
23 3 60
23 4 53
23 5 26
23 6 72
23 7 64
24 1 85
24 2 73
24 3 75
24 4 64
24 5 34
24 6 89
24 7 76
25 1 206
25 2 210
25 3 190
25 4 194
25 5 72
25 6 216
25 7 221
26 1 171
26 2 175
26 3 154
26 4 157
26 5 61
26 6 172
26 7 176
27 1 109
27 2 94
27 3 96
27 4 83
27 5 42
27 6 115
27 7 99
28 1 481
28 2 489
28 3 456
28 4 464
28 5 191
28 6 492
28 7 500
29 1 34
29 2 34
29 3 32
29 4 32
29 5 13
29 6 37
29 7 37
30 1 527
30 2 495
30 3 500
30 4 470
30 5 215
30 6 564
30 7 530
31 1 179
31 2 170
31 3 161
31 4 153
31 5 73
31 6 190
31 7 181
32 1 83
32 2 83
32 3 76
32 4 76
32 5 27
32 6 90
32 7 90
33 1 91
33 2 94
33 3 86
33 4 89
33 5 36
33 6 98
33 7 102
34 1 318
34 2 341
34 3 282
34 4 302
34 5 106
34 6 324
34 7 347
35 1 267
35 2 270
35 3 245
35 4 248
35 5 112
35 6 293
35 7 296
36 1 26
36 2 27
36 3 23
36 4 24
36 5 9
36 6 29
36 7 30
37 1 425
37 2 414
37 3 386
37 4 376
37 5 150
37 6 428
37 7 417
38 1 214
38 2 196
38 3 183
38 4 168
38 5 70
38 6 229
38 7 210
39 1 72
39 2 67
39 3 66
39 4 61
39 5 30
39 6 78
39 7 73
40 1 441
40 2 475
40 3 407
40 4 439
40 5 190
40 6 471
40 7 507
41 1 619
41 2 551
41 3 551
41 4 490
41 5 264
41 6 630
41 7 561
42 1 196
42 2 204
42 3 177
42 4 185
42 5 78
42 6 213
42 7 222
43 1 256
43 2 230
43 3 230
43 4 207
43 5 103
43 6 270
43 7 243
44 1 219
44 2 208
44 3 199
44 4 189
44 5 80
44 6 241
44 7 229
45 1 487
45 2 519
45 3 415
45 4 442
45 5 215
45 6 506
45 7 539
46 1 216
46 2 215
46 3 196
46 4 195
46 5 85
46 6 228
46 7 227
47 1 160
47 2 172
47 3 151
47 4 163
47 5 67
47 6 169
47 7 182
48 1 165
48 2 171
48 3 154
48 4 160
48 5 64
48 6 181
48 7 188
49 1 79
49 2 84
49 3 71
49 4 76
49 5 30
49 6 85
49 7 91
50 1 145
50 2 152
50 3 125
50 4 131
50 5 50
50 6 157
50 7 165
51 1 124
51 2 130
51 3 108
51 4 113
51 5 53
51 6 125
51 7 131
52 1 96
52 2 104
52 3 88
52 4 95
52 5 33
52 6 100
52 7 108
53 1 238
53 2 227
53 3 207
53 4 197
53 5 72
53 6 256
53 7 244
54 1 356
54 2 341
54 3 332
54 4 318
54 5 145
54 6 358
54 7 343
55 1 422
55 2 385
55 3 395
55 4 360
55 5 159
55 6 427
55 7 390
56 1 145
56 2 130
56 3 133
56 4 120
56 5 49
56 6 155
56 7 139
57 1 99
57 2 89
57 3 92
57 4 83
57 5 39
57 6 105
57 7 94
58 1 73
58 2 63
58 3 69
58 4 60
58 5 32
58 6 79
58 7 69
59 1 199
59 2 177
59 3 189
59 4 168
59 5 64
59 6 214
59 7 190
60 1 56
60 2 49
60 3 51
60 4 44
60 5 23
60 6 61
60 7 53
61 1 83
61 2 73
61 3 79
61 4 69
61 5 31
61 6 87
61 7 77
62 1 85
62 2 91
62 3 79
62 4 84
62 5 37
62 6 91
62 7 97
63 1 122
63 2 110
63 3 110
63 4 99
63 5 38
63 6 128
63 7 116
64 1 276
64 2 267
64 3 239
64 4 231
64 5 95
64 6 293
64 7 284
65 1 224
65 2 228
65 3 210
65 4 214
65 5 70
65 6 237
65 7 241
66 1 79
66 2 74
66 3 74
66 4 69
66 5 32
66 6 85
66 7 80
67 1 208
67 2 214
67 3 191
67 4 197
67 5 68
67 6 213
67 7 219
68 1 97
68 2 97
68 3 91
68 4 91
68 5 33
68 6 100
68 7 100
69 1 195
69 2 185
69 3 182
69 4 173
69 5 62
69 6 208
69 7 197
70 1 273
70 2 246
70 3 240
70 4 216
70 5 90
70 6 285
70 7 257
71 1 188
71 2 176
71 3 162
71 4 151
71 5 75
71 6 203
71 7 190
72 1 240
72 2 233
72 3 205
72 4 199
72 5 75
72 6 242
72 7 235
73 1 340
73 2 291
73 3 299
73 4 256
73 5 133
73 6 349
73 7 299
74 1 384
74 2 375
74 3 358
74 4 350
74 5 165
74 6 393
74 7 384
75 1 564
75 2 513
75 3 502
75 4 457
75 5 220
75 6 616
75 7 561
76 1 139
76 2 124
76 3 125
76 4 111
76 5 57
76 6 143
76 7 127
77 1 90
77 2 87
77 3 84
77 4 81
77 5 31
77 6 95
77 7 92
78 1 123
78 2 130
78 3 108
78 4 114
78 5 40
78 6 133
78 7 141
79 1 183
79 2 178
79 3 165
79 4 160
79 5 59
79 6 199
79 7 193
80 1 530
80 2 489
80 3 481
80 4 444
80 5 190
80 6 539
80 7 498
81 1 153
81 2 168
81 3 133
81 4 146
81 5 66
81 6 165
81 7 181
82 1 77
82 2 68
82 3 69
82 4 61
82 5 27
82 6 84
82 7 74
83 1 254
83 2 220
83 3 229
83 4 198
83 5 103
83 6 270
83 7 234
84 1 250
84 2 272
84 3 216
84 4 235
84 5 86
84 6 257
84 7 279
85 1 491
85 2 509
85 3 453
85 4 470
85 5 166
85 6 503
85 7 521
86 1 103
86 2 112
86 3 88
86 4 96
86 5 37
86 6 107
86 7 116
87 1 104
87 2 99
87 3 89
87 4 85
87 5 45
87 6 110
87 7 105
88 1 125
88 2 134
88 3 109
88 4 117
88 5 45
88 6 126
88 7 135
89 1 124
89 2 132
89 3 107
89 4 114
89 5 42
89 6 127
89 7 135
90 1 51
90 2 54
90 3 49
90 4 51
90 5 18
90 6 52
90 7 55
91 1 91
91 2 94
91 3 82
91 4 85
91 5 41
91 6 96
91 7 99
92 1 256
92 2 249
92 3 237
92 4 231
92 5 83
92 6 271
92 7 263
93 1 604
93 2 564
93 3 529
93 4 494
93 5 221
93 6 633
93 7 591
94 1 517
94 2 551
94 3 443
94 4 472
94 5 222
94 6 568
94 7 606
95 1 159
95 2 155
95 3 151
95 4 148
95 5 71
95 6 162
95 7 158
96 1 92
96 2 81
96 3 79
96 4 70
96 5 34
96 6 100
96 7 88
97 1 210
97 2 191
97 3 197
97 4 179
97 5 76
97 6 224
97 7 204
98 1 231
98 2 250
98 3 202
98 4 218
98 5 84
98 6 239
98 7 259
99 1 249
99 2 244
99 3 226
99 4 222
99 5 86
99 6 262
99 7 257
100 1 123
100 2 129
100 3 110
100 4 115
100 5 43
100 6 126
100 7 132

# Energy Consumption
1 1 0
1 2 33
1 3 0
1 4 25
1 5 6
1 6 0
1 7 21
2 1 0
2 2 118
2 3 0
2 4 90
2 5 28
2 6 0
2 7 75
3 1 0
3 2 49
3 3 0
3 4 32
3 5 10
3 6 0
3 7 30
4 1 0
4 2 56
4 3 0
4 4 33
4 5 12
4 6 0
4 7 31
5 1 0
5 2 37
5 3 0
5 4 22
5 5 6
5 6 0
5 7 19
6 1 0
6 2 52
6 3 0
6 4 31
6 5 10
6 6 0
6 7 27
7 1 0
7 2 75
7 3 0
7 4 60
7 5 21
7 6 0
7 7 50
8 1 0
8 2 47
8 3 0
8 4 32
8 5 10
8 6 0
8 7 23
9 1 0
9 2 107
9 3 0
9 4 78
9 5 25
9 6 0
9 7 69
10 1 0
10 2 13
10 3 0
10 4 10
10 5 4
10 6 0
10 7 7
11 1 0
11 2 127
11 3 0
11 4 107
11 5 36
11 6 0
11 7 78
12 1 0
12 2 97
12 3 0
12 4 73
12 5 26
12 6 0
12 7 63
13 1 0
13 2 63
13 3 0
13 4 46
13 5 16
13 6 0
13 7 35
14 1 0
14 2 9
14 3 0
14 4 6
14 5 3
14 6 0
14 7 5
15 1 0
15 2 14
15 3 0
15 4 10
15 5 3
15 6 0
15 7 7
16 1 0
16 2 54
16 3 0
16 4 39
16 5 15
16 6 0
16 7 33
17 1 0
17 2 127
17 3 0
17 4 83
17 5 28
17 6 0
17 7 70
18 1 0
18 2 35
18 3 0
18 4 30
18 5 9
18 6 0
18 7 23
19 1 0
19 2 53
19 3 0
19 4 49
19 5 12
19 6 0
19 7 34
20 1 0
20 2 38
20 3 0
20 4 24
20 5 7
20 6 0
20 7 23
21 1 0
21 2 123
21 3 0
21 4 84
21 5 30
21 6 0
21 7 64
22 1 0
22 2 30
22 3 0
22 4 26
22 5 7
22 6 0
22 7 19
23 1 0
23 2 18
23 3 0
23 4 11
23 5 4
23 6 0
23 7 10
24 1 0
24 2 20
24 3 0
24 4 13
24 5 5
24 6 0
24 7 11
25 1 0
25 2 51
25 3 0
25 4 37
25 5 12
25 6 0
25 7 30
26 1 0
26 2 44
26 3 0
26 4 33
26 5 9
26 6 0
26 7 23
27 1 0
27 2 27
27 3 0
27 4 19
27 5 7
27 6 0
27 7 14
28 1 0
28 2 140
28 3 0
28 4 101
28 5 30
28 6 0
28 7 61
29 1 0
29 2 9
29 3 0
29 4 7
29 5 2
29 6 0
29 7 6
30 1 0
30 2 132
30 3 0
30 4 99
30 5 35
30 6 0
30 7 74
31 1 0
31 2 44
31 3 0
31 4 28
31 5 11
31 6 0
31 7 27
32 1 0
32 2 23
32 3 0
32 4 17
32 5 5
32 6 0
32 7 11
33 1 0
33 2 23
33 3 0
33 4 20
33 5 6
33 6 0
33 7 13
34 1 0
34 2 95
34 3 0
34 4 60
34 5 16
34 6 0
34 7 46
35 1 0
35 2 75
35 3 0
35 4 50
35 5 18
35 6 0
35 7 40
36 1 0
36 2 7
36 3 0
36 4 6
36 5 2
36 6 0
36 7 5
37 1 0
37 2 119
37 3 0
37 4 81
37 5 22
37 6 0
37 7 62
38 1 0
38 2 46
38 3 0
38 4 35
38 5 11
38 6 0
38 7 28
39 1 0
39 2 19
39 3 0
39 4 12
39 5 5
39 6 0
39 7 11
40 1 0
40 2 119
40 3 0
40 4 97
40 5 27
40 6 0
40 7 62
41 1 0
41 2 128
41 3 0
41 4 99
41 5 38
41 6 0
41 7 80
42 1 0
42 2 51
42 3 0
42 4 40
42 5 13
42 6 0
42 7 29
43 1 0
43 2 59
43 3 0
43 4 43
43 5 16
43 6 0
43 7 30
44 1 0
44 2 58
44 3 0
44 4 38
44 5 13
44 6 0
44 7 32
45 1 0
45 2 156
45 3 0
45 4 89
45 5 32
45 6 0
45 7 72
46 1 0
46 2 57
46 3 0
46 4 38
46 5 14
46 6 0
46 7 32
47 1 0
47 2 47
47 3 0
47 4 31
47 5 11
47 6 0
47 7 25
48 1 0
48 2 39
48 3 0
48 4 30
48 5 11
48 6 0
48 7 24
49 1 0
49 2 25
49 3 0
49 4 17
49 5 5
49 6 0
49 7 13
50 1 0
50 2 41
50 3 0
50 4 25
50 5 8
50 6 0
50 7 24
51 1 0
51 2 29
51 3 0
51 4 21
51 5 9
51 6 0
51 7 20
52 1 0
52 2 25
52 3 0
52 4 18
52 5 6
52 6 0
52 7 15
53 1 0
53 2 56
53 3 0
53 4 38
53 5 12
53 6 0
53 7 36
54 1 0
54 2 102
54 3 0
54 4 61
54 5 24
54 6 0
54 7 46
55 1 0
55 2 86
55 3 0
55 4 68
55 5 24
55 6 0
55 7 48
56 1 0
56 2 34
56 3 0
56 4 22
56 5 7
56 6 0
56 7 20
57 1 0
57 2 21
57 3 0
57 4 18
57 5 6
57 6 0
57 7 12
58 1 0
58 2 17
58 3 0
58 4 13
58 5 5
58 6 0
58 7 9
59 1 0
59 2 43
59 3 0
59 4 32
59 5 10
59 6 0
59 7 24
60 1 0
60 2 14
60 3 0
60 4 8
60 5 4
60 6 0
60 7 7
61 1 0
61 2 18
61 3 0
61 4 14
61 5 5
61 6 0
61 7 11
62 1 0
62 2 25
62 3 0
62 4 18
62 5 6
62 6 0
62 7 14
63 1 0
63 2 32
63 3 0
63 4 21
63 5 6
63 6 0
63 7 17
64 1 0
64 2 61
64 3 0
64 4 47
64 5 15
64 6 0
64 7 41
65 1 0
65 2 63
65 3 0
65 4 45
65 5 10
65 6 0
65 7 33
66 1 0
66 2 22
66 3 0
66 4 15
66 5 6
66 6 0
66 7 12
67 1 0
67 2 49
67 3 0
67 4 41
67 5 11
67 6 0
67 7 29
68 1 0
68 2 24
68 3 0
68 4 20
68 5 5
68 6 0
68 7 14
69 1 0
69 2 43
69 3 0
69 4 34
69 5 10
69 6 0
69 7 27
70 1 0
70 2 59
70 3 0
70 4 47
70 5 14
70 6 0
70 7 38
71 1 0
71 2 53
71 3 0
71 4 32
71 5 12
71 6 0
71 7 28
72 1 0
72 2 61
72 3 0
72 4 37
72 5 11
72 6 0
72 7 31
73 1 0
73 2 67
73 3 0
73 4 53
73 5 20
73 6 0
73 7 44
74 1 0
74 2 104
74 3 0
74 4 69
74 5 26
74 6 0
74 7 50
75 1 0
75 2 116
75 3 0
75 4 90
75 5 33
75 6 0
75 7 74
76 1 0
76 2 32
76 3 0
76 4 23
76 5 9
76 6 0
76 7 18
77 1 0
77 2 21
77 3 0
77 4 16
77 5 5
77 6 0
77 7 12
78 1 0
78 2 32
78 3 0
78 4 25
78 5 6
78 6 0
78 7 21
79 1 0
79 2 46
79 3 0
79 4 33
79 5 9
79 6 0
79 7 28
80 1 0
80 2 135
80 3 0
80 4 84
80 5 30
80 6 0
80 7 70
81 1 0
81 2 40
81 3 0
81 4 28
81 5 11
81 6 0
81 7 22
82 1 0
82 2 17
82 3 0
82 4 14
82 5 5
82 6 0
82 7 10
83 1 0
83 2 54
83 3 0
83 4 42
83 5 17
83 6 0
83 7 32
84 1 0
84 2 62
84 3 0
84 4 47
84 5 14
84 6 0
84 7 35
85 1 0
85 2 142
85 3 0
85 4 103
85 5 25
85 6 0
85 7 77
86 1 0
86 2 32
86 3 0
86 4 19
86 5 6
86 6 0
86 7 15
87 1 0
87 2 25
87 3 0
87 4 19
87 5 8
87 6 0
87 7 16
88 1 0
88 2 39
88 3 0
88 4 25
88 5 7
88 6 0
88 7 17
89 1 0
89 2 40
89 3 0
89 4 23
89 5 7
89 6 0
89 7 19
90 1 0
90 2 17
90 3 0
90 4 11
90 5 3
90 6 0
90 7 8
91 1 0
91 2 28
91 3 0
91 4 16
91 5 7
91 6 0
91 7 14
92 1 0
92 2 74
92 3 0
92 4 48
92 5 12
92 6 0
92 7 32
93 1 0
93 2 149
93 3 0
93 4 91
93 5 34
93 6 0
93 7 85
94 1 0
94 2 150
94 3 0
94 4 93
94 5 35
94 6 0
94 7 81
95 1 0
95 2 44
95 3 0
95 4 28
95 5 11
95 6 0
95 7 20
96 1 0
96 2 24
96 3 0
96 4 16
96 5 6
96 6 0
96 7 12
97 1 0
97 2 54
97 3 0
97 4 38
97 5 12
97 6 0
97 7 30
98 1 0
98 2 64
98 3 0
98 4 40
98 5 13
98 6 0
98 7 35
99 1 0
99 2 63
99 3 0
99 4 44
99 5 14
99 6 0
99 7 37
100 1 0
100 2 38
100 3 0
100 4 23
100 5 7
100 6 0
100 7 19

# Precedence Relations
1 7
2 8
3 10
4 9
4 11
4 12
4 13
4 15
4 31
5 24
6 14
7 19
8 16
9 18
10 19
11 17
11 20
11 23
11 89
11 90
13 91
13 92
14 21
14 24
15 22
16 25
17 27
18 29
19 31
20 26
21 28
21 32
21 44
22 30
22 33
22 34
24 33
24 34
24 91
25 42
26 35
27 37
28 38
29 39
30 40
31 36
31 44
31 72
33 41
34 43
35 49
36 47
37 49
38 50
39 52
40 48
41 45
41 69
42 53
43 46
43 51
43 98
44 60
45 54
46 55
47 56
48 58
49 59
51 57
52 60
52 61
54 65
55 63
56 64
57 62
58 67
58 68
60 69
61 66
62 73
63 70
64 71
66 72
66 75
67 98
69 74
69 80
70 76
71 77
72 78
72 81
73 79
73 80
73 87
76 82
77 83
78 85
79 84
79 89
80 86
80 90
80 92
81 87
81 88
81 91
82 94
83 95
84 93
85 94
86 96
87 97
88 98
90 99
90 100

# Parameters
R_e = 0.0500
T = 1000.0
C_s = 4.0
C_w = 36.0
C_c = 5.0
