# Tasks
1 2 3 4 5 6 7 8 9 10 11 12 13 14 15 16 17 18 19 20 21 22 23 24 25 26 27 28 29 30 31 32 33 34 35

# Workstations
1 2 3 4 5 6 7 8 9 10 11 12 13 14 15 16 17 18 19 20 21 22 23 24 25 26 27 28 29 30 31 32 33 34 35

# Modes
1 2 3 4 5 6 7

# Processing Times
1 1 29
1 2 69
1 3 28
1 4 66
1 5 18
1 6 37
1 7 88
2 1 3
2 2 8
2 3 3
2 4 8
2 5 2
2 6 4
2 7 11
3 1 5
3 2 12
3 3 5
3 4 12
3 5 3
3 6 7
3 7 16
4 1 22
4 2 52
4 3 21
4 4 50
4 5 14
4 6 28
4 7 66
5 1 6
5 2 15
5 3 6
5 4 15
5 5 4
5 6 8
5 7 19
6 1 14
6 2 34
6 3 14
6 4 33
6 5 9
6 6 18
6 7 43
7 1 2
7 2 5
7 3 2
7 4 5
7 5 2
7 6 3
7 7 7
8 1 5
8 2 12
8 3 5
8 4 12
8 5 3
8 6 7
8 7 16
9 1 22
9 2 52
9 3 21
9 4 50
9 5 14
9 6 28
9 7 66
10 1 30
10 2 71
10 3 29
10 4 67
10 5 18
10 6 38
10 7 90
11 1 23
11 2 55
11 3 22
11 4 52
11 5 14
11 6 30
11 7 70
12 1 30
12 2 71
12 3 29
12 4 67
12 5 18
12 6 38
12 7 90
13 1 23
13 2 55
13 3 22
13 4 52
13 5 14
13 6 30
13 7 70
14 1 2
14 2 5
14 3 2
14 4 5
14 5 2
14 6 3
14 7 7
15 1 19
15 2 45
15 3 18
15 4 43
15 5 12
15 6 24
15 7 57
16 1 29
16 2 69
16 3 28
16 4 66
16 5 18
16 6 37
16 7 88
17 1 2
17 2 5
17 3 2
17 4 5
17 5 2
17 6 3
17 7 7
18 1 2
18 2 5
18 3 2
18 4 5
18 5 2
18 6 3
18 7 7
19 1 19
19 2 45
19 3 18
19 4 43
19 5 12
19 6 24
19 7 57
20 1 29
20 2 69
20 3 28
20 4 66
20 5 18
20 6 37
20 7 88
21 1 6
21 2 15
21 3 6
21 4 15
21 5 4
21 6 8
21 7 19
22 1 10
22 2 24
22 3 10
22 4 23
22 5 6
22 6 13
22 7 31
23 1 16
23 2 38
23 3 16
23 4 36
23 5 10
23 6 21
23 7 48
24 1 23
24 2 55
24 3 22
24 4 52
24 5 14
24 6 30
24 7 70
25 1 5
25 2 12
25 3 5
25 4 12
25 5 3
25 6 7
25 7 16
26 1 5
26 2 12
26 3 5
26 4 12
26 5 3
26 6 7
26 7 16
27 1 5
27 2 12
27 3 5
27 4 12
27 5 3
27 6 7
27 7 16
28 1 40
28 2 95
28 3 38
28 4 90
28 5 24
28 6 51
28 7 120
29 1 2
29 2 5
29 3 2
29 4 5
29 5 2
29 6 3
29 7 7
30 1 5
30 2 12
30 3 5
30 4 12
30 5 3
30 6 7
30 7 16
31 1 5
31 2 12
31 3 5
31 4 12
31 5 3
31 6 7
31 7 16
32 1 1
32 2 3
32 3 1
32 4 3
32 5 1
32 6 2
32 7 4
33 1 40
33 2 95
33 3 38
33 4 90
33 5 24
33 6 51
33 7 120
34 1 2
34 2 5
34 3 2
34 4 5
34 5 2
34 6 3
34 7 7
35 1 2
35 2 5
35 3 2
35 4 5
35 5 2
35 6 3
35 7 7

# Energy Consumption
1 1 0
1 2 20
1 3 0
1 4 13
1 5 3
1 6 0
1 7 11
2 1 0
2 2 2
2 3 0
2 4 2
2 5 1
2 6 0
2 7 2
3 1 0
3 2 4
3 3 0
3 4 3
3 5 1
3 6 0
3 7 3
4 1 0
4 2 13
4 3 0
4 4 11
4 5 3
4 6 0
4 7 9
5 1 0
5 2 4
5 3 0
5 4 4
5 5 1
5 6 0
5 7 3
6 1 0
6 2 9
6 3 0
6 4 8
6 5 2
6 6 0
6 7 6
7 1 0
7 2 2
7 3 0
7 4 2
7 5 1
7 6 0
7 7 1
8 1 0
8 2 4
8 3 0
8 4 3
8 5 1
8 6 0
8 7 3
9 1 0
9 2 12
9 3 0
9 4 10
9 5 3
9 6 0
9 7 8
10 1 0
10 2 19
10 3 0
10 4 15
10 5 3
10 6 0
10 7 11
11 1 0
11 2 14
11 3 0
11 4 10
11 5 2
11 6 0
11 7 9
12 1 0
12 2 18
12 3 0
12 4 13
12 5 3
12 6 0
12 7 11
13 1 0
13 2 17
13 3 0
13 4 10
13 5 3
13 6 0
13 7 10
14 1 0
14 2 2
14 3 0
14 4 1
14 5 1
14 6 0
14 7 2
15 1 0
15 2 11
15 3 0
15 4 9
15 5 2
15 6 0
15 7 8
16 1 0
16 2 17
16 3 0
16 4 15
16 5 3
16 6 0
16 7 11
17 1 0
17 2 2
17 3 0
17 4 1
17 5 1
17 6 0
17 7 1
18 1 0
18 2 2
18 3 0
18 4 1
18 5 1
18 6 0
18 7 1
19 1 0
19 2 12
19 3 0
19 4 8
19 5 2
19 6 0
19 7 8
20 1 0
20 2 18
20 3 0
20 4 13
20 5 3
20 6 0
20 7 13
21 1 0
21 2 4
21 3 0
21 4 4
21 5 1
21 6 0
21 7 3
22 1 0
22 2 7
22 3 0
22 4 5
22 5 1
22 6 0
22 7 4
23 1 0
23 2 11
23 3 0
23 4 8
23 5 2
23 6 0
23 7 7
24 1 0
24 2 13
24 3 0
24 4 10
24 5 3
24 6 0
24 7 11
25 1 0
25 2 4
25 3 0
25 4 3
25 5 1
25 6 0
25 7 3
26 1 0
26 2 4
26 3 0
26 4 3
26 5 1
26 6 0
26 7 3
27 1 0
27 2 3
27 3 0
27 4 3
27 5 1
27 6 0
27 7 3
28 1 0
28 2 24
28 3 0
28 4 18
28 5 4
28 6 0
28 7 18
29 1 0
29 2 2
29 3 0
29 4 1
29 5 1
29 6 0
29 7 1
30 1 0
30 2 3
30 3 0
30 4 3
30 5 1
30 6 0
30 7 3
31 1 0
31 2 4
31 3 0
31 4 3
31 5 1
31 6 0
31 7 3
32 1 0
32 2 1
32 3 0
32 4 1
32 5 1
32 6 0
32 7 1
33 1 0
33 2 25
33 3 0
33 4 20
33 5 4
33 6 0
33 7 16
34 1 0
34 2 2
34 3 0
34 4 2
34 5 1
34 6 0
34 7 1
35 1 0
35 2 2
35 3 0
35 4 1
35 5 1
35 6 0
35 7 1

# Precedence Relations
1 2
1 5
1 7
1 10
1 12
2 3
3 4
4 11
5 6
6 7
6 8
7 14
7 18
8 9
9 13
10 14
11 28
11 33
12 18
13 28
13 33
14 15
15 16
16 21
17 20
18 19
19 20
20 21
21 22
21 25
21 30
21 32
22 23
23 24
24 27
25 26
26 27
27 28
27 33
27 34
28 29
30 31
31 32
32 33
33 35

# Parameters
R_e = 0.0500
T = 126.0
C_s = 4.0
C_w = 36.0
C_c = 5.0
