# Tasks
1 2 3 4 5 6 7 8 9 10 11 12 13 14 15 16 17 18 19 20

# Workstations
1 2 3 4 5 6 7 8 9 10 11 12 13 14 15 16 17 18 19 20

# Modes
1 2 3 4 5 6 7

# Processing Times
1 1 374
1 2 319
1 3 411
1 4 351
1 5 351
1 6 526
1 7 448
2 1 318
2 2 272
2 3 350
2 4 299
2 5 299
2 6 447
2 7 382
3 1 153
3 2 131
3 3 169
3 4 144
3 5 144
3 6 215
3 7 184
4 1 182
4 2 156
4 3 200
4 4 172
4 5 171
4 6 256
4 7 220
5 1 168
5 2 144
5 3 185
5 4 159
5 5 158
5 6 236
5 7 203
6 1 313
6 2 267
6 3 344
6 4 294
6 5 294
6 6 440
6 7 375
7 1 159
7 2 136
7 3 175
7 4 150
7 5 150
7 6 224
7 7 191
8 1 166
8 2 142
8 3 183
8 4 157
8 5 156
8 6 234
8 7 200
9 1 55
9 2 47
9 3 61
9 4 52
9 5 52
9 6 78
9 7 67
10 1 242
10 2 207
10 3 266
10 4 228
10 5 227
10 6 340
10 7 291
11 1 76
11 2 65
11 3 84
11 4 72
11 5 72
11 6 107
11 7 92
12 1 177
12 2 151
12 3 195
12 4 166
12 5 166
12 6 249
12 7 213
13 1 166
13 2 142
13 3 183
13 4 157
13 5 156
13 6 234
13 7 200
14 1 119
14 2 102
14 3 131
14 4 113
14 5 112
14 6 168
14 7 144
15 1 150
15 2 128
15 3 165
15 4 141
15 5 141
15 6 211
15 7 180
16 1 303
16 2 259
16 3 333
16 4 285
16 5 285
16 6 426
16 7 364
17 1 138
17 2 118
17 3 152
17 4 130
17 5 130
17 6 194
17 7 166
18 1 52
18 2 45
18 3 58
18 4 50
18 5 49
18 6 74
18 7 64
19 1 48
19 2 41
19 3 53
19 4 46
19 5 45
19 6 68
19 7 58
20 1 146
20 2 125
20 3 161
20 4 138
20 5 137
20 6 206
20 7 176

# Energy Consumption
1 1 0
1 2 71
1 3 0
1 4 77
1 5 56
1 6 0
1 7 65
2 1 0
2 2 73
2 3 0
2 4 66
2 5 46
2 6 0
2 7 54
3 1 0
3 2 29
3 3 0
3 4 29
3 5 21
3 6 0
3 7 23
4 1 0
4 2 47
4 3 0
4 4 34
4 5 25
4 6 0
4 7 29
5 1 0
5 2 37
5 3 0
5 4 33
5 5 26
5 6 0
5 7 28
6 1 0
6 2 65
6 3 0
6 4 55
6 5 47
6 6 0
6 7 52
7 1 0
7 2 40
7 3 0
7 4 30
7 5 24
7 6 0
7 7 29
8 1 0
8 2 37
8 3 0
8 4 33
8 5 25
8 6 0
8 7 26
9 1 0
9 2 13
9 3 0
9 4 12
9 5 9
9 6 0
9 7 9
10 1 0
10 2 51
10 3 0
10 4 51
10 5 35
10 6 0
10 7 38
11 1 0
11 2 17
11 3 0
11 4 14
11 5 11
11 6 0
11 7 13
12 1 0
12 2 34
12 3 0
12 4 37
12 5 26
12 6 0
12 7 28
13 1 0
13 2 38
13 3 0
13 4 30
13 5 24
13 6 0
13 7 28
14 1 0
14 2 28
14 3 0
14 4 22
14 5 18
14 6 0
14 7 19
15 1 0
15 2 36
15 3 0
15 4 31
15 5 22
15 6 0
15 7 24
16 1 0
16 2 74
16 3 0
16 4 55
16 5 46
16 6 0
16 7 52
17 1 0
17 2 29
17 3 0
17 4 27
17 5 21
17 6 0
17 7 25
18 1 0
18 2 12
18 3 0
18 4 11
18 5 8
18 6 0
18 7 8
19 1 0
19 2 10
19 3 0
19 4 10
19 5 7
19 6 0
19 7 8
20 1 0
20 2 31
20 3 0
20 4 29
20 5 20
20 6 0
20 7 24

# Precedence Relations
1 11
2 4
2 5
2 6
3 4
3 6
3 7
4 11
5 8
5 9
5 10
6 20
7 12
7 13
7 18
8 11
9 11
10 12
10 13
11 14
11 15
11 16
11 17
11 18
13 19
15 19
15 20
17 19
17 20
18 19

# Parameters
R_e = 0.0500
T = 1000.0
C_s = 4.0
C_w = 36.0
C_c = 5.0
