# Tasks
1 2 3 4 5 6 7 8 9 10 11

# Workstations
1 2 3 4 5 6 7 8 9 10 11

# Modes
1 2 3 4 5 6 7

# Processing Times
1 1 4
1 2 7
1 3 5
1 4 8
1 5 2
1 6 5
1 7 9
2 1 38
2 2 60
2 3 41
2 4 64
2 5 18
2 6 45
2 7 71
3 1 45
3 2 71
3 3 48
3 4 76
3 5 21
3 6 54
3 7 84
4 1 12
4 2 19
4 3 13
4 4 21
4 5 6
4 6 15
4 7 23
5 1 10
5 2 16
5 3 11
5 4 18
5 5 5
5 6 12
5 7 19
6 1 8
6 2 13
6 3 9
6 4 14
6 5 4
6 6 10
6 7 16
7 1 12
7 2 19
7 3 13
7 4 21
7 5 6
7 6 15
7 7 23
8 1 10
8 2 16
8 3 11
8 4 18
8 5 5
8 6 12
8 7 19
9 1 2
9 2 4
9 3 3
9 4 5
9 5 1
9 6 3
9 7 5
10 1 10
10 2 16
10 3 11
10 4 18
10 5 5
10 6 12
10 7 19
11 1 34
11 2 54
11 3 37
11 4 58
11 5 16
11 6 41
11 7 64

# Energy Consumption
1 1 0
1 2 3
1 3 0
1 4 2
1 5 1
1 6 0
1 7 2
2 1 0
2 2 16
2 3 0
2 4 14
2 5 3
2 6 0
2 7 10
3 1 0
3 2 21
3 3 0
3 4 15
3 5 4
3 6 0
3 7 11
4 1 0
4 2 5
4 3 0
4 4 4
4 5 1
4 6 0
4 7 4
5 1 0
5 2 5
5 3 0
5 4 4
5 5 1
5 6 0
5 7 3
6 1 0
6 2 4
6 3 0
6 4 4
6 5 1
6 6 0
6 7 3
7 1 0
7 2 6
7 3 0
7 4 5
7 5 1
7 6 0
7 7 4
8 1 0
8 2 4
8 3 0
8 4 4
8 5 1
8 6 0
8 7 3
9 1 0
9 2 1
9 3 0
9 4 1
9 5 1
9 6 0
9 7 1
10 1 0
10 2 5
10 3 0
10 4 4
10 5 1
10 6 0
10 7 3
11 1 0
11 2 15
11 3 0
11 4 12
11 5 3
11 6 0
11 7 9

# Precedence Relations
1 4
2 4
2 5
3 11
4 6
5 7
6 8
7 9
8 10
9 10
10 11

# Parameters
R_e = 0.0500
T = 600.0
C_s = 4.0
C_w = 36.0
C_c = 5.0
