# Tasks
1 2 3 4 5 6 7 8 9 10 11 12 13 14 15 16 17 18 19 20 21 22 23 24 25 26 27 28 29 30 31 32 33 34 35 36 37 38 39 40 41 42 43 44 45 46 47 48 49 50 51 52 53 54 55 56 57 58 59 60 61 62 63 64 65 66 67 68 69 70 71 72 73 74 75 76 77 78 79 80 81 82 83 84 85 86 87 88 89 90 91 92 93 94 95 96 97 98 99 100 101 102 103 104 105 106 107 108 109 110 111

# Workstations
1 2 3 4 5 6 7 8 9 10 11 12 13 14 15 16 17 18 19 20 21 22 23 24 25 26 27 28 29 30 31 32 33 34 35 36 37 38 39 40 41 42 43 44 45 46 47 48 49 50 51 52 53 54 55 56 57 58 59 60 61 62 63 64 65 66 67 68 69 70 71 72 73 74 75 76 77 78 79 80 81 82 83 84 85 86 87 88 89 90 91 92 93 94 95 96 97 98 99 100 101 102 103 104 105 106 107 108 109 110 111

# Modes
1 2 3 4 5 6 7

# Processing Times
1 1 1960
1 2 2709
1 3 2113
1 4 2920
1 5 1157
1 6 2130
1 7 2944
2 1 1715
2 2 2585
2 3 1852
2 4 2792
2 5 1036
2 6 1746
2 7 2631
3 1 735
3 2 900
3 3 786
3 4 962
3 5 436
3 6 750
3 7 918
4 1 1715
4 2 2445
4 3 1878
4 4 2677
4 5 1148
4 6 1798
4 7 2563
5 1 490
5 2 683
5 3 536
5 4 747
5 5 292
5 6 508
5 7 708
6 1 1225
6 2 1857
6 3 1313
6 4 1990
6 5 793
6 6 1302
6 7 1974
7 1 169
7 2 258
7 3 183
7 4 279
7 5 109
7 6 186
7 7 284
8 1 2252
8 2 3466
8 3 2440
8 4 3755
8 5 1535
8 6 2426
8 7 3734
9 1 1225
9 2 1613
9 3 1344
9 4 1769
9 5 809
9 6 1245
9 7 1639
10 1 2319
10 2 3459
10 3 2445
10 4 3647
10 5 1599
10 6 2548
10 7 3800
11 1 1715
11 2 2639
11 3 1839
11 4 2830
11 5 1078
11 6 1879
11 7 2891
12 1 980
12 2 1424
12 3 1054
12 4 1531
12 5 554
12 6 1016
12 7 1476
13 1 735
13 2 1081
13 3 783
13 4 1152
13 5 489
13 6 769
13 7 1131
14 1 2281
14 2 3027
14 3 2416
14 4 3206
14 5 1404
14 6 2451
14 7 3252
15 1 2750
15 2 3575
15 3 2967
15 4 3857
15 5 1682
15 6 2886
15 7 3752
16 1 77
16 2 96
16 3 83
16 4 103
16 5 54
16 6 81
16 7 101
17 1 89
17 2 126
17 3 96
17 4 136
17 5 52
17 6 92
17 7 130
18 1 51
18 2 74
18 3 55
18 4 79
18 5 31
18 6 55
18 7 79
19 1 364
19 2 509
19 3 396
19 4 553
19 5 211
19 6 372
19 7 519
20 1 405
20 2 527
20 3 443
20 4 577
20 5 272
20 6 407
20 7 530
21 1 3060
21 2 4285
21 3 3247
21 4 4547
21 5 1955
21 6 3259
21 7 4563
22 1 125
22 2 165
22 3 136
22 4 179
22 5 71
22 6 129
22 7 170
23 1 3429
23 2 5198
23 3 3721
23 4 5641
23 5 1969
23 6 3666
23 7 5557
24 1 43
24 2 65
24 3 48
24 4 72
24 5 30
24 6 46
24 7 70
25 1 3430
25 2 4360
25 3 3619
25 4 4600
25 5 1956
25 6 3506
25 7 4456
26 1 1960
26 2 2752
26 3 2141
26 4 3006
26 5 1204
26 6 2119
26 7 2975
27 1 29
27 2 38
27 3 32
27 4 42
27 5 19
27 6 30
27 7 40
28 1 27
28 2 43
28 3 30
28 4 47
28 5 17
28 6 29
28 7 46
29 1 15
29 2 20
29 3 17
29 4 22
29 5 10
29 6 16
29 7 21
30 1 121
30 2 171
30 3 132
30 4 186
30 5 76
30 6 123
30 7 174
31 1 1715
31 2 2292
31 3 1846
31 4 2467
31 5 1157
31 6 1737
31 7 2321
32 1 2127
32 2 2977
32 3 2298
32 4 3216
32 5 1181
32 6 2330
32 7 3262
33 1 1470
33 2 2049
33 3 1569
33 4 2186
33 5 858
33 6 1578
33 7 2199
34 1 4037
34 2 5912
34 3 4429
34 4 6485
34 5 2481
34 6 4177
34 7 6116
35 1 68
35 2 89
35 3 74
35 4 97
35 5 44
35 6 74
35 7 97
36 1 62
36 2 94
36 3 67
36 4 102
36 5 41
36 6 64
36 7 96
37 1 42
37 2 68
37 3 45
37 4 72
37 5 29
37 6 46
37 7 74
38 1 364
38 2 459
38 3 385
38 4 485
38 5 218
38 6 390
38 7 492
39 1 4998
39 2 6888
39 3 5297
39 4 7300
39 5 2958
39 6 5053
39 7 6964
40 1 1470
40 2 1895
40 3 1565
40 4 2017
40 5 906
40 6 1533
40 7 1976
41 1 2963
41 2 3857
41 3 3258
41 4 4241
41 5 1880
41 6 3201
41 7 4167
42 1 5689
42 2 6893
42 3 5985
42 4 7252
42 5 3527
42 6 6083
42 7 7370
43 1 68
43 2 101
43 3 75
43 4 111
43 5 48
43 6 70
43 7 103
44 1 18
44 2 25
44 3 20
44 4 28
44 5 12
44 6 20
44 7 28
45 1 10
45 2 14
45 3 11
45 4 16
45 5 7
45 6 11
45 7 16
46 1 81
46 2 120
46 3 88
46 4 131
46 5 53
46 6 83
46 7 123
47 1 5200
47 2 8089
47 3 5528
47 4 8599
47 5 3025
47 6 5719
47 7 8896
48 1 39
48 2 58
48 3 42
48 4 63
48 5 22
48 6 41
48 7 61
49 1 67
49 2 107
49 3 74
49 4 118
49 5 47
49 6 72
49 7 115
50 1 27
50 2 38
50 3 30
50 4 42
50 5 17
50 6 28
50 7 39
51 1 15
51 2 24
51 3 16
51 4 26
51 5 9
51 6 17
51 7 26
52 1 121
52 2 155
52 3 131
52 4 168
52 5 71
52 6 132
52 7 169
53 1 58
53 2 84
53 3 63
53 4 91
53 5 40
53 6 61
53 7 89
54 1 1715
54 2 2291
54 3 1815
54 4 2424
54 5 1120
54 6 1867
54 7 2494
55 1 125
55 2 194
55 3 133
55 4 206
55 5 70
55 6 133
55 7 206
56 1 4010
56 2 5889
56 3 4407
56 4 6473
56 5 2472
56 6 4371
56 7 6420
57 1 1470
57 2 1767
57 3 1564
57 4 1880
57 5 904
57 6 1513
57 7 1819
58 1 1470
58 2 1940
58 3 1606
58 4 2119
58 5 859
58 6 1605
58 7 2118
59 1 2303
59 2 3415
59 3 2524
59 4 3742
59 5 1547
59 6 2444
59 7 3624
60 1 1960
60 2 2617
60 3 2085
60 4 2784
60 5 1297
60 6 2015
60 7 2690
61 1 2205
61 2 3124
61 3 2380
61 4 3371
61 5 1231
61 6 2276
61 7 3224
62 1 4018
62 2 5860
62 3 4293
62 4 6261
62 5 2765
62 6 4296
62 7 6265
63 1 2744
63 2 3847
63 3 2960
63 4 4150
63 5 1730
63 6 2884
63 7 4043
64 1 2999
64 2 4658
64 3 3185
64 4 4946
64 5 1699
64 6 3035
64 7 4714
65 1 735
65 2 983
65 3 792
65 4 1060
65 5 458
65 6 807
65 7 1080
66 1 735
66 2 1050
66 3 802
66 4 1146
66 5 455
66 6 799
66 7 1141
67 1 735
67 2 1088
67 3 807
67 4 1195
67 5 505
67 6 778
67 7 1151
68 1 735
68 2 1124
68 3 794
68 4 1214
68 5 496
68 6 745
68 7 1139
69 1 545
69 2 670
69 3 589
69 4 724
69 5 314
69 6 585
69 7 719
70 1 3386
70 2 4214
70 3 3591
70 4 4469
70 5 2270
70 6 3448
70 7 4292
71 1 3234
71 2 4855
71 3 3509
71 4 5268
71 5 2066
71 6 3323
71 7 4989
72 1 2205
72 2 2934
72 3 2418
72 4 3217
72 5 1294
72 6 2339
72 7 3112
73 1 2206
73 2 3387
73 3 2413
73 4 3705
73 5 1344
73 6 2274
73 7 3492
74 1 490
74 2 655
74 3 524
74 4 700
74 5 341
74 6 494
74 7 660
75 1 825
75 2 1008
75 3 887
75 4 1084
75 5 551
75 6 879
75 7 1074
76 1 3528
76 2 5043
76 3 3816
76 4 5455
76 5 2230
76 6 3529
76 7 5044
77 1 3568
77 2 4431
77 3 3901
77 4 4844
77 5 2496
77 6 3652
77 7 4535
78 1 1200
78 2 1906
78 3 1280
78 4 2032
78 5 724
78 6 1237
78 7 1965
79 1 618
79 2 901
79 3 663
79 4 967
79 5 408
79 6 668
79 7 974
80 1 1470
80 2 2187
80 3 1555
80 4 2314
80 5 911
80 6 1515
80 7 2253
81 1 1715
81 2 2704
81 3 1815
81 4 2861
81 5 945
81 6 1827
81 7 2881
82 1 735
82 2 947
82 3 784
82 4 1009
82 5 464
82 6 779
82 7 1003
83 1 1960
83 2 3038
83 3 2151
83 4 3334
83 5 1166
83 6 1992
83 7 3087
84 1 2889
84 2 3832
84 3 3147
84 4 4174
84 5 1690
84 6 3001
84 7 3980
85 1 618
85 2 781
85 3 653
85 4 825
85 5 385
85 6 648
85 7 819
86 1 490
86 2 730
86 3 519
86 4 773
86 5 336
86 6 493
86 7 734
87 1 735
87 2 988
87 3 803
87 4 1079
87 5 494
87 6 799
87 7 1074
88 1 490
88 2 618
88 3 536
88 4 675
88 5 301
88 6 491
88 7 619
89 1 921
89 2 1212
89 3 975
89 4 1283
89 5 555
89 6 1005
89 7 1322
90 1 326
90 2 395
90 3 343
90 4 415
90 5 182
90 6 352
90 7 426
91 1 5390
91 2 8527
91 3 5878
91 4 9298
91 5 3283
91 6 5677
91 7 8980
92 1 243
92 2 295
92 3 257
92 4 312
92 5 170
92 6 248
92 7 301
93 1 371
93 2 533
93 3 401
93 4 575
93 5 258
93 6 375
93 7 538
94 1 58
94 2 70
94 3 63
94 4 76
94 5 39
94 6 62
94 7 75
95 1 5059
95 2 6462
95 3 5417
95 4 6919
95 5 3138
95 6 5370
95 7 6859
96 1 1225
96 2 1713
96 3 1330
96 4 1860
96 5 828
96 6 1340
96 7 1874
97 1 769
97 2 974
97 3 840
97 4 1064
97 5 434
97 6 773
97 7 979
98 1 768
98 2 952
98 3 841
98 4 1042
98 5 430
98 6 844
98 7 1046
99 1 1670
99 2 2178
99 3 1822
99 4 2376
99 5 1156
99 6 1733
99 7 2261
100 1 1670
100 2 2347
100 3 1762
100 4 2476
100 5 1102
100 6 1790
100 7 2516
101 1 490
101 2 754
101 3 534
101 4 822
101 5 340
101 6 509
101 7 783
102 1 202
102 2 275
102 3 220
102 4 299
102 5 125
102 6 222
102 7 302
103 1 203
103 2 249
103 3 223
103 4 274
103 5 118
103 6 206
103 7 253
104 1 202
104 2 317
104 3 220
104 4 345
104 5 123
104 6 212
104 7 333
105 1 2744
105 2 4318
105 3 2961
105 4 4659
105 5 1560
105 6 2847
105 7 4480
106 1 162
106 2 233
106 3 174
106 4 250
106 5 107
106 6 165
106 7 237
107 1 324
107 2 467
107 3 353
107 4 509
107 5 223
107 6 333
107 7 479
108 1 162
108 2 195
108 3 176
108 4 212
108 5 111
108 6 164
108 7 197
109 1 121
109 2 163
109 3 131
109 4 176
109 5 70
109 6 122
109 7 165
110 1 162
110 2 222
110 3 172
110 4 235
110 5 93
110 6 178
110 7 243
111 1 91
111 2 113
111 3 97
111 4 120
111 5 56
111 6 96
111 7 119

# Energy Consumption
1 1 0
1 2 649
1 3 0
1 4 602
1 5 179
1 6 0
1 7 422
2 1 0
2 2 650
2 3 0
2 4 553
2 5 156
2 6 0
2 7 373
3 1 0
3 2 251
3 3 0
3 4 188
3 5 69
3 6 0
3 7 125
4 1 0
4 2 609
4 3 0
4 4 589
4 5 162
4 6 0
4 7 368
5 1 0
5 2 166
5 3 0
5 4 157
5 5 46
5 6 0
5 7 97
6 1 0
6 2 410
6 3 0
6 4 423
6 5 120
6 6 0
6 7 272
7 1 0
7 2 58
7 3 0
7 4 61
7 5 16
7 6 0
7 7 41
8 1 0
8 2 881
8 3 0
8 4 787
8 5 226
8 6 0
8 7 524
9 1 0
9 2 429
9 3 0
9 4 377
9 5 128
9 6 0
9 7 246
10 1 0
10 2 988
10 3 0
10 4 753
10 5 240
10 6 0
10 7 536
11 1 0
11 2 586
11 3 0
11 4 522
11 5 164
11 6 0
11 7 417
12 1 0
12 2 361
12 3 0
12 4 335
12 5 79
12 6 0
12 7 203
13 1 0
13 2 260
13 3 0
13 4 231
13 5 73
13 6 0
13 7 155
14 1 0
14 2 896
14 3 0
14 4 650
14 5 219
14 6 0
14 7 433
15 1 0
15 2 913
15 3 0
15 4 712
15 5 256
15 6 0
15 7 458
16 1 0
16 2 28
16 3 0
16 4 22
16 5 9
16 6 0
16 7 13
17 1 0
17 2 34
17 3 0
17 4 30
17 5 9
17 6 0
17 7 17
18 1 0
18 2 18
18 3 0
18 4 16
18 5 5
18 6 0
18 7 10
19 1 0
19 2 141
19 3 0
19 4 113
19 5 33
19 6 0
19 7 78
20 1 0
20 2 135
20 3 0
20 4 127
20 5 42
20 6 0
20 7 67
21 1 0
21 2 946
21 3 0
21 4 954
21 5 296
21 6 0
21 7 645
22 1 0
22 2 41
22 3 0
22 4 38
22 5 11
22 6 0
22 7 25
23 1 0
23 2 1356
23 3 0
23 4 1115
23 5 278
23 6 0
23 7 816
24 1 0
24 2 16
24 3 0
24 4 15
24 5 5
24 6 0
24 7 10
25 1 0
25 2 1120
25 3 0
25 4 867
25 5 279
25 6 0
25 7 563
26 1 0
26 2 795
26 3 0
26 4 562
26 5 183
26 6 0
26 7 376
27 1 0
27 2 11
27 3 0
27 4 10
27 5 3
27 6 0
27 7 5
28 1 0
28 2 10
28 3 0
28 4 9
28 5 3
28 6 0
28 7 7
29 1 0
29 2 6
29 3 0
29 4 5
29 5 2
29 6 0
29 7 4
30 1 0
30 2 46
30 3 0
30 4 41
30 5 11
30 6 0
30 7 22
31 1 0
31 2 562
31 3 0
31 4 473
31 5 183
31 6 0
31 7 342
32 1 0
32 2 755
32 3 0
32 4 664
32 5 180
32 6 0
32 7 435
33 1 0
33 2 452
33 3 0
33 4 431
33 5 129
33 6 0
33 7 305
34 1 0
34 2 1523
34 3 0
34 4 1254
34 5 363
34 6 0
34 7 868
35 1 0
35 2 27
35 3 0
35 4 19
35 5 7
35 6 0
35 7 15
36 1 0
36 2 28
36 3 0
36 4 21
36 5 7
36 6 0
36 7 13
37 1 0
37 2 21
37 3 0
37 4 15
37 5 5
37 6 0
37 7 10
38 1 0
38 2 125
38 3 0
38 4 90
38 5 32
38 6 0
38 7 65
39 1 0
39 2 1736
39 3 0
39 4 1358
39 5 465
39 6 0
39 7 891
40 1 0
40 2 475
40 3 0
40 4 394
40 5 145
40 6 0
40 7 269
41 1 0
41 2 1103
41 3 0
41 4 895
41 5 277
41 6 0
41 7 586
42 1 0
42 2 1814
42 3 0
42 4 1315
42 5 534
42 6 0
42 7 1001
43 1 0
43 2 24
43 3 0
43 4 21
43 5 7
43 6 0
43 7 13
44 1 0
44 2 7
44 3 0
44 4 6
44 5 2
44 6 0
44 7 4
45 1 0
45 2 4
45 3 0
45 4 4
45 5 2
45 6 0
45 7 3
46 1 0
46 2 30
46 3 0
46 4 27
46 5 8
46 6 0
46 7 18
47 1 0
47 2 2308
47 3 0
47 4 1732
47 5 450
47 6 0
47 7 1252
48 1 0
48 2 14
48 3 0
48 4 13
48 5 4
48 6 0
48 7 9
49 1 0
49 2 26
49 3 0
49 4 22
49 5 7
49 6 0
49 7 15
50 1 0
50 2 12
50 3 0
50 4 9
50 5 3
50 6 0
50 7 5
51 1 0
51 2 7
51 3 0
51 4 6
51 5 2
51 6 0
51 7 4
52 1 0
52 2 46
52 3 0
52 4 32
52 5 11
52 6 0
52 7 22
53 1 0
53 2 22
53 3 0
53 4 17
53 5 7
53 6 0
53 7 13
54 1 0
54 2 674
54 3 0
54 4 462
54 5 174
54 6 0
54 7 353
55 1 0
55 2 48
55 3 0
55 4 45
55 5 11
55 6 0
55 7 28
56 1 0
56 2 1751
56 3 0
56 4 1364
56 5 373
56 6 0
56 7 924
57 1 0
57 2 446
57 3 0
57 4 351
57 5 139
57 6 0
57 7 235
58 1 0
58 2 445
58 3 0
58 4 448
58 5 122
58 6 0
58 7 266
59 1 0
59 2 937
59 3 0
59 4 751
59 5 225
59 6 0
59 7 476
60 1 0
60 2 590
60 3 0
60 4 609
60 5 200
60 6 0
60 7 384
61 1 0
61 2 799
61 3 0
61 4 699
61 5 193
61 6 0
61 7 457
62 1 0
62 2 1758
62 3 0
62 4 1291
62 5 388
62 6 0
62 7 801
63 1 0
63 2 1010
63 3 0
63 4 824
63 5 275
63 6 0
63 7 557
64 1 0
64 2 1372
64 3 0
64 4 1002
64 5 258
64 6 0
64 7 654
65 1 0
65 2 250
65 3 0
65 4 202
65 5 65
65 6 0
65 7 151
66 1 0
66 2 256
66 3 0
66 4 220
66 5 70
66 6 0
66 7 139
67 1 0
67 2 245
67 3 0
67 4 225
67 5 71
67 6 0
67 7 166
68 1 0
68 2 337
68 3 0
68 4 240
68 5 73
68 6 0
68 7 141
69 1 0
69 2 159
69 3 0
69 4 131
69 5 46
69 6 0
69 7 91
70 1 0
70 2 1251
70 3 0
70 4 933
70 5 334
70 6 0
70 7 520
71 1 0
71 2 1455
71 3 0
71 4 1139
71 5 316
71 6 0
71 7 653
72 1 0
72 2 773
72 3 0
72 4 628
72 5 190
72 6 0
72 7 429
73 1 0
73 2 781
73 3 0
73 4 806
73 5 204
73 6 0
73 7 421
74 1 0
74 2 183
74 3 0
74 4 138
74 5 49
74 6 0
74 7 91
75 1 0
75 2 276
75 3 0
75 4 234
75 5 81
75 6 0
75 7 145
76 1 0
76 2 1182
76 3 0
76 4 1015
76 5 336
76 6 0
76 7 749
77 1 0
77 2 1264
77 3 0
77 4 1039
77 5 366
77 6 0
77 7 602
78 1 0
78 2 464
78 3 0
78 4 443
78 5 107
78 6 0
78 7 265
79 1 0
79 2 209
79 3 0
79 4 188
79 5 63
79 6 0
79 7 139
80 1 0
80 2 542
80 3 0
80 4 503
80 5 133
80 6 0
80 7 293
81 1 0
81 2 601
81 3 0
81 4 528
81 5 148
81 6 0
81 7 380
82 1 0
82 2 247
82 3 0
82 4 211
82 5 70
82 6 0
82 7 136
83 1 0
83 2 796
83 3 0
83 4 672
83 5 173
83 6 0
83 7 462
84 1 0
84 2 1069
84 3 0
84 4 761
84 5 263
84 6 0
84 7 509
85 1 0
85 2 232
85 3 0
85 4 149
85 5 56
85 6 0
85 7 114
86 1 0
86 2 198
86 3 0
86 4 152
86 5 52
86 6 0
86 7 107
87 1 0
87 2 238
87 3 0
87 4 196
87 5 71
87 6 0
87 7 144
88 1 0
88 2 149
88 3 0
88 4 129
88 5 47
88 6 0
88 7 86
89 1 0
89 2 341
89 3 0
89 4 263
89 5 83
89 6 0
89 7 194
90 1 0
90 2 111
90 3 0
90 4 85
90 5 27
90 6 0
90 7 54
91 1 0
91 2 1998
91 3 0
91 4 2031
91 5 508
91 6 0
91 7 1116
92 1 0
92 2 84
92 3 0
92 4 58
92 5 27
92 6 0
92 7 39
93 1 0
93 2 154
93 3 0
93 4 112
93 5 40
93 6 0
93 7 76
94 1 0
94 2 18
94 3 0
94 4 14
94 5 6
94 6 0
94 7 11
95 1 0
95 2 1909
95 3 0
95 4 1353
95 5 460
95 6 0
95 7 924
96 1 0
96 2 415
96 3 0
96 4 385
96 5 118
96 6 0
96 7 253
97 1 0
97 2 218
97 3 0
97 4 213
97 5 65
97 6 0
97 7 119
98 1 0
98 2 248
98 3 0
98 4 189
98 5 67
98 6 0
98 7 129
99 1 0
99 2 651
99 3 0
99 4 486
99 5 177
99 6 0
99 7 304
100 1 0
100 2 544
100 3 0
100 4 514
100 5 177
100 6 0
100 7 349
101 1 0
101 2 181
101 3 0
101 4 161
101 5 49
101 6 0
101 7 98
102 1 0
102 2 66
102 3 0
102 4 55
102 5 20
102 6 0
102 7 43
103 1 0
103 2 57
103 3 0
103 4 60
103 5 17
103 6 0
103 7 31
104 1 0
104 2 73
104 3 0
104 4 63
104 5 20
104 6 0
104 7 43
105 1 0
105 2 1093
105 3 0
105 4 1021
105 5 233
105 6 0
105 7 637
106 1 0
106 2 64
106 3 0
106 4 48
106 5 17
106 6 0
106 7 35
107 1 0
107 2 136
107 3 0
107 4 101
107 5 35
107 6 0
107 7 64
108 1 0
108 2 58
108 3 0
108 4 44
108 5 16
108 6 0
108 7 24
109 1 0
109 2 38
109 3 0
109 4 36
109 5 11
109 6 0
109 7 23
110 1 0
110 2 53
110 3 0
110 4 48
110 5 15
110 6 0
110 7 35
111 1 0
111 2 26
111 3 0
111 4 23
111 5 9
111 6 0
111 7 15

# Precedence Relations
1 2
2 3
3 4
4 5
4 6
4 7
4 8
4 9
4 10
5 39
6 39
7 83
8 71
9 32
10 11
10 12
11 13
11 14
11 15
11 16
11 17
11 18
11 19
11 20
11 21
12 13
12 14
12 15
12 16
12 17
12 18
12 19
12 20
12 21
13 71
14 22
14 23
14 24
14 25
15 26
16 27
17 28
18 29
19 30
20 91
21 111
22 31
22 83
23 32
23 33
24 69
24 70
25 34
26 82
27 35
28 36
29 37
30 38
31 39
32 41
33 111
34 42
35 43
36 44
36 91
37 45
37 91
38 46
38 91
39 40
40 111
41 69
41 70
42 47
43 48
43 49
44 50
45 51
46 52
47 54
47 55
47 56
47 57
47 58
47 59
47 60
48 53
49 91
50 111
51 111
52 111
53 111
54 69
54 70
55 61
55 62
55 63
56 63
56 64
57 65
57 91
58 66
58 91
59 67
59 91
60 68
60 91
61 69
61 70
62 71
63 111
64 72
65 111
66 111
67 111
68 111
69 77
69 78
70 73
71 91
72 74
73 75
74 76
75 77
75 78
75 79
76 80
76 81
76 82
77 83
78 84
79 85
80 86
80 91
81 87
81 91
82 111
83 91
84 88
84 89
84 91
85 111
86 111
87 90
88 105
89 105
90 111
91 92
91 93
91 94
92 95
93 95
94 95
95 96
95 97
95 98
95 99
95 100
95 104
96 101
97 102
98 103
99 111
100 111
101 105
102 106
102 107
103 107
103 108
104 111
105 111
106 109
107 111
108 110
109 111
110 111

# Parameters
R_e = 0.0500
T = 9762.9
C_s = 4.0
C_w = 36.0
C_c = 5.0
