# Tasks
1 2 3 4 5 6 7 8 9 10 11 12 13 14 15 16 17 18 19 20

# Workstations
1 2 3 4 5 6 7 8 9 10 11 12 13 14 15 16 17 18 19 20

# Modes
1 2 3 4 5 6 7

# Processing Times
1 1 141
1 2 296
1 3 141
1 4 295
1 5 126
1 6 155
1 7 324
2 1 118
2 2 248
2 3 118
2 4 247
2 5 106
2 6 129
2 7 271
3 1 136
3 2 286
3 3 136
3 4 285
3 5 122
3 6 149
3 7 313
4 1 117
4 2 246
4 3 117
4 4 245
4 5 105
4 6 128
4 7 269
5 1 140
5 2 294
5 3 140
5 4 293
5 5 125
5 6 153
5 7 322
6 1 194
6 2 407
6 3 193
6 4 405
6 5 174
6 6 212
6 7 445
7 1 110
7 2 231
7 3 110
7 4 230
7 5 99
7 6 121
7 7 253
8 1 69
8 2 145
8 3 69
8 4 145
8 5 62
8 6 76
8 7 159
9 1 80
9 2 168
9 3 80
9 4 167
9 5 72
9 6 88
9 7 184
10 1 219
10 2 460
10 3 218
10 4 458
10 5 196
10 6 240
10 7 503
11 1 155
11 2 325
11 3 155
11 4 323
11 5 139
11 6 170
11 7 356
12 1 168
12 2 353
12 3 167
12 4 351
12 5 150
12 6 184
12 7 386
13 1 60
13 2 126
13 3 60
13 4 126
13 5 54
13 6 66
13 7 138
14 1 185
14 2 388
14 3 184
14 4 386
14 5 166
14 6 203
14 7 424
15 1 218
15 2 457
15 3 217
15 4 455
15 5 195
15 6 239
15 7 500
16 1 192
16 2 403
16 3 191
16 4 401
16 5 172
16 6 210
16 7 441
17 1 148
17 2 311
17 3 148
17 4 310
17 5 133
17 6 162
17 7 340
18 1 102
18 2 214
18 3 102
18 4 213
18 5 92
18 6 112
18 7 234
19 1 214
19 2 449
19 3 213
19 4 447
19 5 192
19 6 234
19 7 491
20 1 140
20 2 294
20 3 140
20 4 293
20 5 125
20 6 153
20 7 322

# Energy Consumption
1 1 0
1 2 76
1 3 0
1 4 61
1 5 19
1 6 0
1 7 48
2 1 0
2 2 63
2 3 0
2 4 54
2 5 17
2 6 0
2 7 39
3 1 0
3 2 74
3 3 0
3 4 60
3 5 20
3 6 0
3 7 40
4 1 0
4 2 66
4 3 0
4 4 50
4 5 17
4 6 0
4 7 34
5 1 0
5 2 72
5 3 0
5 4 53
5 5 20
5 6 0
5 7 39
6 1 0
6 2 110
6 3 0
6 4 77
6 5 26
6 6 0
6 7 58
7 1 0
7 2 58
7 3 0
7 4 43
7 5 16
7 6 0
7 7 38
8 1 0
8 2 43
8 3 0
8 4 31
8 5 10
8 6 0
8 7 23
9 1 0
9 2 48
9 3 0
9 4 32
9 5 11
9 6 0
9 7 25
10 1 0
10 2 133
10 3 0
10 4 98
10 5 31
10 6 0
10 7 72
11 1 0
11 2 72
11 3 0
11 4 68
11 5 23
11 6 0
11 7 43
12 1 0
12 2 83
12 3 0
12 4 78
12 5 24
12 6 0
12 7 53
13 1 0
13 2 37
13 3 0
13 4 24
13 5 9
13 6 0
13 7 21
14 1 0
14 2 100
14 3 0
14 4 72
14 5 26
14 6 0
14 7 52
15 1 0
15 2 118
15 3 0
15 4 89
15 5 31
15 6 0
15 7 64
16 1 0
16 2 103
16 3 0
16 4 78
16 5 25
16 6 0
16 7 57
17 1 0
17 2 82
17 3 0
17 4 60
17 5 22
17 6 0
17 7 41
18 1 0
18 2 63
18 3 0
18 4 43
18 5 14
18 6 0
18 7 34
19 1 0
19 2 131
19 3 0
19 4 82
19 5 29
19 6 0
19 7 74
20 1 0
20 2 71
20 3 0
20 4 59
20 5 18
20 6 0
20 7 48

# Precedence Relations
1 5
2 7
3 6
3 10
4 8
4 9
4 10
5 13
6 11
7 12
8 18
9 15
10 13
11 15
12 15
13 14
13 15
14 16
15 17
15 18
15 19
16 20
17 20
18 20
19 20

# Parameters
R_e = 0.0500
T = 1000.0
C_s = 4.0
C_w = 36.0
C_c = 5.0
