# Tasks
1 2 3 4 5 6 7 8 9 10 11 12 13 14 15 16 17 18 19 20 21 22 23 24 25 26 27 28 29 30 31 32 33 34 35 36 37 38 39 40 41 42 43 44 45 46 47 48 49 50

# Workstations
1 2 3 4 5 6 7 8 9 10 11 12 13 14 15 16 17 18 19 20 21 22 23 24 25 26 27 28 29 30 31 32 33 34 35 36 37 38 39 40 41 42 43 44 45 46 47 48 49 50

# Modes
1 2 3 4 5 6 7

# Processing Times
1 1 192
1 2 296
1 3 182
1 4 280
1 5 178
1 6 213
1 7 329
2 1 342
2 2 466
2 3 321
2 4 437
2 5 290
2 6 426
2 7 580
3 1 36
3 2 47
3 3 34
3 4 44
3 5 33
3 6 41
3 7 53
4 1 323
4 2 496
4 3 298
4 4 458
4 5 303
4 6 373
4 7 573
5 1 120
5 2 148
5 3 112
5 4 138
5 5 104
5 6 135
5 7 167
6 1 473
6 2 631
6 3 423
6 4 564
6 5 387
6 6 521
6 7 695
7 1 494
7 2 610
7 3 463
7 4 572
7 5 443
7 6 596
7 7 735
8 1 120
8 2 175
8 3 112
8 4 163
8 5 103
8 6 144
8 7 209
9 1 214
9 2 273
9 3 185
9 4 236
9 5 185
9 6 244
9 7 311
10 1 199
10 2 314
10 3 179
10 4 283
10 5 161
10 6 231
10 7 364
11 1 96
11 2 125
11 3 89
11 4 116
11 5 83
11 6 116
11 7 151
12 1 600
12 2 897
12 3 544
12 4 814
12 5 483
12 6 663
12 7 991
13 1 277
13 2 422
13 3 263
13 4 401
13 5 229
13 6 313
13 7 477
14 1 170
14 2 245
14 3 148
14 4 213
14 5 151
14 6 206
14 7 297
15 1 222
15 2 328
15 3 193
15 4 285
15 5 210
15 6 263
15 7 388
16 1 84
16 2 120
16 3 79
16 4 112
16 5 68
16 6 94
16 7 134
17 1 222
17 2 268
17 3 207
17 4 250
17 5 180
17 6 247
17 7 298
18 1 169
18 2 262
18 3 161
18 4 249
18 5 152
18 6 204
18 7 316
19 1 102
19 2 146
19 3 94
19 4 135
19 5 92
19 6 119
19 7 170
20 1 116
20 2 160
20 3 100
20 4 137
20 5 108
20 6 144
20 7 198
21 1 29
21 2 35
21 3 26
21 4 32
21 5 27
21 6 33
21 7 40
22 1 208
22 2 251
22 3 190
22 4 229
22 5 184
22 6 258
22 7 311
23 1 403
23 2 521
23 3 361
23 4 467
23 5 337
23 6 454
23 7 587
24 1 446
24 2 599
24 3 408
24 4 548
24 5 366
24 6 558
24 7 749
25 1 604
25 2 781
25 3 553
25 4 715
25 5 569
25 6 750
25 7 970
26 1 518
26 2 636
26 3 469
26 4 575
26 5 418
26 6 646
26 7 793
27 1 32
27 2 49
27 3 30
27 4 46
27 5 28
27 6 37
27 7 57
28 1 276
28 2 351
28 3 244
28 4 311
28 5 261
28 6 328
28 7 417
29 1 47
29 2 70
29 3 45
29 4 67
29 5 39
29 6 54
29 7 81
30 1 539
30 2 690
30 3 478
30 4 612
30 5 468
30 6 649
30 7 831
31 1 71
31 2 110
31 3 61
31 4 94
31 5 58
31 6 88
31 7 136
32 1 191
32 2 241
32 3 164
32 4 207
32 5 176
32 6 226
32 7 285
33 1 178
33 2 235
33 3 168
33 4 221
33 5 153
33 6 198
33 7 261
34 1 58
34 2 80
34 3 54
34 4 75
34 5 47
34 6 70
34 7 96
35 1 210
35 2 334
35 3 188
35 4 298
35 5 179
35 6 248
35 7 395
36 1 137
36 2 175
36 3 119
36 4 151
36 5 114
36 6 155
36 7 198
37 1 542
37 2 858
37 3 514
37 4 813
37 5 490
37 6 653
37 7 1034
38 1 135
38 2 177
38 3 129
38 4 169
38 5 129
38 6 169
38 7 221
39 1 123
39 2 181
39 3 110
39 4 162
39 5 117
39 6 136
39 7 200
40 1 126
40 2 164
40 3 118
40 4 153
40 5 103
40 6 140
40 7 183
41 1 228
41 2 311
41 3 212
41 4 289
41 5 210
41 6 261
41 7 356
42 1 238
42 2 332
42 3 217
42 4 303
42 5 212
42 6 269
42 7 375
43 1 268
43 2 392
43 3 253
43 4 370
43 5 229
43 6 312
43 7 456
44 1 412
44 2 597
44 3 365
44 4 529
44 5 380
44 6 500
44 7 724
45 1 146
45 2 234
45 3 137
45 4 219
45 5 139
45 6 162
45 7 259
46 1 294
46 2 435
46 3 258
46 4 382
46 5 256
46 6 355
46 7 526
47 1 92
47 2 134
47 3 87
47 4 126
47 5 74
47 6 105
47 7 152
48 1 48
48 2 66
48 3 45
48 4 62
48 5 43
48 6 59
48 7 81
49 1 114
49 2 182
49 3 103
49 4 164
49 5 104
49 6 128
49 7 204
50 1 526
50 2 753
50 3 474
50 4 678
50 5 458
50 6 591
50 7 845

# Energy Consumption
1 1 0
1 2 70
1 3 0
1 4 61
1 5 27
1 6 0
1 7 46
2 1 0
2 2 115
2 3 0
2 4 91
2 5 43
2 6 0
2 7 84
3 1 0
3 2 14
3 3 0
3 4 9
3 5 5
3 6 0
3 7 8
4 1 0
4 2 140
4 3 0
4 4 97
4 5 47
4 6 0
4 7 80
5 1 0
5 2 38
5 3 0
5 4 27
5 5 16
5 6 0
5 7 25
6 1 0
6 2 152
6 3 0
6 4 116
6 5 61
6 6 0
6 7 102
7 1 0
7 2 154
7 3 0
7 4 115
7 5 70
7 6 0
7 7 107
8 1 0
8 2 42
8 3 0
8 4 34
8 5 15
8 6 0
8 7 32
9 1 0
9 2 75
9 3 0
9 4 51
9 5 27
9 6 0
9 7 45
10 1 0
10 2 82
10 3 0
10 4 62
10 5 24
10 6 0
10 7 55
11 1 0
11 2 37
11 3 0
11 4 24
11 5 13
11 6 0
11 7 19
12 1 0
12 2 225
12 3 0
12 4 173
12 5 71
12 6 0
12 7 144
13 1 0
13 2 114
13 3 0
13 4 86
13 5 33
13 6 0
13 7 65
14 1 0
14 2 56
14 3 0
14 4 46
14 5 22
14 6 0
14 7 39
15 1 0
15 2 78
15 3 0
15 4 60
15 5 32
15 6 0
15 7 56
16 1 0
16 2 27
16 3 0
16 4 25
16 5 11
16 6 0
16 7 17
17 1 0
17 2 77
17 3 0
17 4 46
17 5 28
17 6 0
17 7 41
18 1 0
18 2 76
18 3 0
18 4 48
18 5 24
18 6 0
18 7 46
19 1 0
19 2 35
19 3 0
19 4 25
19 5 14
19 6 0
19 7 22
20 1 0
20 2 38
20 3 0
20 4 28
20 5 17
20 6 0
20 7 30
21 1 0
21 2 9
21 3 0
21 4 6
21 5 5
21 6 0
21 7 5
22 1 0
22 2 69
22 3 0
22 4 50
22 5 28
22 6 0
22 7 47
23 1 0
23 2 153
23 3 0
23 4 92
23 5 53
23 6 0
23 7 82
24 1 0
24 2 162
24 3 0
24 4 114
24 5 55
24 6 0
24 7 103
25 1 0
25 2 177
25 3 0
25 4 140
25 5 91
25 6 0
25 7 125
26 1 0
26 2 160
26 3 0
26 4 117
26 5 61
26 6 0
26 7 110
27 1 0
27 2 15
27 3 0
27 4 10
27 5 5
27 6 0
27 7 9
28 1 0
28 2 93
28 3 0
28 4 63
28 5 41
28 6 0
28 7 60
29 1 0
29 2 19
29 3 0
29 4 15
29 5 6
29 6 0
29 7 12
30 1 0
30 2 172
30 3 0
30 4 122
30 5 71
30 6 0
30 7 115
31 1 0
31 2 32
31 3 0
31 4 19
31 5 10
31 6 0
31 7 20
32 1 0
32 2 58
32 3 0
32 4 45
32 5 26
32 6 0
32 7 40
33 1 0
33 2 63
33 3 0
33 4 43
33 5 24
33 6 0
33 7 33
34 1 0
34 2 24
34 3 0
34 4 15
34 5 7
34 6 0
34 7 14
35 1 0
35 2 88
35 3 0
35 4 58
35 5 28
35 6 0
35 7 50
36 1 0
36 2 42
36 3 0
36 4 29
36 5 19
36 6 0
36 7 29
37 1 0
37 2 215
37 3 0
37 4 174
37 5 72
37 6 0
37 7 147
38 1 0
38 2 51
38 3 0
38 4 35
38 5 19
38 6 0
38 7 28
39 1 0
39 2 48
39 3 0
39 4 31
39 5 18
39 6 0
39 7 28
40 1 0
40 2 47
40 3 0
40 4 30
40 5 17
40 6 0
40 7 27
41 1 0
41 2 80
41 3 0
41 4 63
41 5 32
41 6 0
41 7 54
42 1 0
42 2 77
42 3 0
42 4 57
42 5 34
42 6 0
42 7 57
43 1 0
43 2 116
43 3 0
43 4 69
43 5 35
43 6 0
43 7 67
44 1 0
44 2 154
44 3 0
44 4 102
44 5 54
44 6 0
44 7 102
45 1 0
45 2 54
45 3 0
45 4 43
45 5 22
45 6 0
45 7 32
46 1 0
46 2 102
46 3 0
46 4 81
46 5 40
46 6 0
46 7 78
47 1 0
47 2 32
47 3 0
47 4 28
47 5 12
47 6 0
47 7 20
48 1 0
48 2 19
48 3 0
48 4 13
48 5 7
48 6 0
48 7 11
49 1 0
49 2 54
49 3 0
49 4 32
49 5 15
49 6 0
49 7 30
50 1 0
50 2 185
50 3 0
50 4 130
50 5 69
50 6 0
50 7 110

# Precedence Relations
1 8
2 7
2 9
2 11
2 12
5 10
7 36
8 14
9 15
10 16
11 17
11 20
12 13
12 18
12 19
12 21
13 36
14 25
15 22
16 24
17 23
18 26
19 27
22 36
23 29
24 30
25 28
25 31
26 28
26 34
26 35
27 32
27 33
28 36
29 38
30 38
31 37
32 39
33 40
36 41
36 42
36 43
36 44
36 45
36 47
37 46
41 48
46 49
46 50

# Parameters
R_e = 0.0500
T = 1000.0
C_s = 4.0
C_w = 36.0
C_c = 5.0
