# Tasks
1 2 3 4 5 6 7 8 9 10 11 12 13 14 15 16 17 18 19 20 21 22 23 24 25 26 27 28 29 30 31 32 33 34 35 36 37 38 39 40 41 42 43 44 45 46 47 48 49 50 51 52 53 54 55 56 57 58 59 60 61 62 63 64 65 66 67 68 69 70 71 72 73 74 75 76 77 78 79 80 81 82 83

# Workstations
1 2 3 4 5 6 7 8 9 10 11 12 13 14 15 16 17 18 19 20 21 22 23 24 25 26 27 28 29 30 31 32 33 34 35 36 37 38 39 40 41 42 43 44 45 46 47 48 49 50 51 52 53 54 55 56 57 58 59 60 61 62 63 64 65 66 67 68 69 70 71 72 73 74 75 76 77 78 79 80 81 82 83

# Modes
1 2 3 4 5 6 7

# Processing Times
1 1 1673
1 2 2073
1 3 1622
1 4 2010
1 5 623
1 6 2317
1 7 2871
2 1 985
2 2 1221
2 3 955
2 4 1184
2 5 367
2 6 1365
2 7 1691
3 1 1836
3 2 2275
3 3 1781
3 4 2206
3 5 683
3 6 2543
3 7 3151
4 1 973
4 2 1206
4 3 944
4 4 1170
4 5 362
4 6 1348
4 7 1671
5 1 1700
5 2 2107
5 3 1649
5 4 2043
5 5 633
5 6 2355
5 7 2918
6 1 2881
6 2 3570
6 3 2794
6 4 3462
6 5 1072
6 6 3990
6 7 4944
7 1 2231
7 2 2765
7 3 2163
7 4 2681
7 5 830
7 6 3090
7 7 3829
8 1 1040
8 2 1289
8 3 1009
8 4 1250
8 5 387
8 6 1441
8 7 1786
9 1 1793
9 2 2222
9 3 1739
9 4 2155
9 5 667
9 6 2483
9 7 3078
10 1 1250
10 2 1549
10 3 1212
10 4 1502
10 5 465
10 6 1731
10 7 2146
11 1 700
11 2 868
11 3 679
11 4 842
11 5 261
11 6 970
11 7 1203
12 1 464
12 2 575
12 3 450
12 4 558
12 5 173
12 6 643
12 7 797
13 1 500
13 2 620
13 3 485
13 4 602
13 5 186
13 6 693
13 7 859
14 1 1133
14 2 1404
14 3 1099
14 4 1362
14 5 422
14 6 1569
14 7 1945
15 1 577
15 2 715
15 3 560
15 4 694
15 5 215
15 6 800
15 7 991
16 1 483
16 2 599
16 3 469
16 4 581
16 5 180
16 6 669
16 7 830
17 1 880
17 2 1091
17 3 854
17 4 1058
17 5 328
17 6 1219
17 7 1511
18 1 667
18 2 827
18 3 647
18 4 802
18 5 248
18 6 924
18 7 1146
19 1 600
19 2 744
19 3 582
19 4 722
19 5 224
19 6 831
19 7 1031
20 1 233
20 2 289
20 3 226
20 4 281
20 5 87
20 6 323
20 7 401
21 1 408
21 2 506
21 3 396
21 4 491
21 5 152
21 6 565
21 7 701
22 1 847
22 2 1050
22 3 822
22 4 1018
22 5 315
22 6 1173
22 7 1455
23 1 767
23 2 951
23 3 744
23 4 922
23 5 286
23 6 1063
23 7 1317
24 1 850
24 2 1054
24 3 825
24 4 1022
24 5 317
24 6 1178
24 7 1460
25 1 780
25 2 967
25 3 757
25 4 938
25 5 291
25 6 1081
25 7 1340
26 1 912
26 2 1130
26 3 885
26 4 1096
26 5 340
26 6 1263
26 7 1565
27 1 748
27 2 927
27 3 726
27 4 899
27 5 279
27 6 1036
27 7 1284
28 1 1863
28 2 2309
28 3 1807
28 4 2239
28 5 693
28 6 2580
28 7 3198
29 1 714
29 2 885
29 3 693
29 4 859
29 5 266
29 6 989
29 7 1226
30 1 1004
30 2 1244
30 3 974
30 4 1207
30 5 374
30 6 1391
30 7 1723
31 1 713
31 2 884
31 3 692
31 4 858
31 5 266
31 6 988
31 7 1225
32 1 642
32 2 796
32 3 623
32 4 772
32 5 239
32 6 890
32 7 1103
33 1 629
33 2 780
33 3 610
33 4 757
33 5 234
33 6 872
33 7 1081
34 1 1234
34 2 1529
34 3 1197
34 4 1483
34 5 459
34 6 1709
34 7 2118
35 1 1143
35 2 1417
35 3 1109
35 4 1374
35 5 425
35 6 1583
35 7 1963
36 1 1266
36 2 1569
36 3 1228
36 4 1522
36 5 471
36 6 1754
36 7 2173
37 1 792
37 2 982
37 3 768
37 4 953
37 5 295
37 6 1097
37 7 1360
38 1 1251
38 2 1550
38 3 1213
38 4 1503
38 5 466
38 6 1733
38 7 2147
39 1 1310
39 2 1624
39 3 1271
39 4 1575
39 5 488
39 6 1815
39 7 2249
40 1 663
40 2 822
40 3 643
40 4 797
40 5 247
40 6 919
40 7 1139
41 1 494
41 2 613
41 3 479
41 4 595
41 5 184
41 6 685
41 7 849
42 1 1288
42 2 1596
42 3 1249
42 4 1548
42 5 479
42 6 1784
42 7 2211
43 1 792
43 2 982
43 3 768
43 4 953
43 5 295
43 6 1097
43 7 1360
44 1 578
44 2 717
44 3 561
44 4 696
44 5 215
44 6 801
44 7 993
45 1 594
45 2 736
45 3 576
45 4 714
45 5 221
45 6 823
45 7 1020
46 1 578
46 2 717
46 3 561
46 4 696
46 5 215
46 6 801
46 7 993
47 1 622
47 2 771
47 3 604
47 4 748
47 5 232
47 6 862
47 7 1068
48 1 578
48 2 717
48 3 561
48 4 696
48 5 215
48 6 801
48 7 993
49 1 564
49 2 699
49 3 547
49 4 678
49 5 210
49 6 782
49 7 968
50 1 578
50 2 717
50 3 561
50 4 696
50 5 215
50 6 801
50 7 993
51 1 578
51 2 717
51 3 561
51 4 696
51 5 215
51 6 801
51 7 993
52 1 578
52 2 717
52 3 561
52 4 696
52 5 215
52 6 801
52 7 993
53 1 578
53 2 717
53 3 561
53 4 696
53 5 215
53 6 801
53 7 993
54 1 578
54 2 717
54 3 561
54 4 696
54 5 215
54 6 801
54 7 993
55 1 578
55 2 717
55 3 561
55 4 696
55 5 215
55 6 801
55 7 993
56 1 578
56 2 717
56 3 561
56 4 696
56 5 215
56 6 801
56 7 993
57 1 578
57 2 717
57 3 561
57 4 696
57 5 215
57 6 801
57 7 993
58 1 578
58 2 717
58 3 561
58 4 696
58 5 215
58 6 801
58 7 993
59 1 578
59 2 717
59 3 561
59 4 696
59 5 215
59 6 801
59 7 993
60 1 578
60 2 717
60 3 561
60 4 696
60 5 215
60 6 801
60 7 993
61 1 578
61 2 717
61 3 561
61 4 696
61 5 215
61 6 801
61 7 993
62 1 578
62 2 717
62 3 561
62 4 696
62 5 215
62 6 801
62 7 993
63 1 578
63 2 717
63 3 561
63 4 696
63 5 215
63 6 801
63 7 993
64 1 578
64 2 717
64 3 561
64 4 696
64 5 215
64 6 801
64 7 993
65 1 578
65 2 717
65 3 561
65 4 696
65 5 215
65 6 801
65 7 993
66 1 578
66 2 717
66 3 561
66 4 696
66 5 215
66 6 801
66 7 993
67 1 578
67 2 717
67 3 561
67 4 696
67 5 215
67 6 801
67 7 993
68 1 578
68 2 717
68 3 561
68 4 696
68 5 215
68 6 801
68 7 993
69 1 467
69 2 579
69 3 453
69 4 562
69 5 174
69 6 647
69 7 802
70 1 887
70 2 1099
70 3 860
70 4 1066
70 5 330
70 6 1229
70 7 1522
71 1 396
71 2 491
71 3 384
71 4 477
71 5 148
71 6 549
71 7 680
72 1 1296
72 2 1606
72 3 1257
72 4 1558
72 5 482
72 6 1795
72 7 2224
73 1 1100
73 2 1363
73 3 1067
73 4 1322
73 5 409
73 6 1524
73 7 1888
74 1 2543
74 2 3151
74 3 2466
74 4 3055
74 5 946
74 6 3522
74 7 4364
75 1 764
75 2 947
75 3 741
75 4 919
75 5 285
75 6 1058
75 7 1312
76 1 357
76 2 443
76 3 347
76 4 430
76 5 133
76 6 495
76 7 614
77 1 701
77 2 869
77 3 680
77 4 843
77 5 261
77 6 971
77 7 1204
78 1 1164
78 2 1443
78 3 1129
78 4 1399
78 5 433
78 6 1612
78 7 1999
79 1 286
79 2 355
79 3 278
79 4 345
79 5 107
79 6 397
79 7 492
80 1 2100
80 2 2602
80 3 2036
80 4 2523
80 5 781
80 6 2909
80 7 3604
81 1 450
81 2 558
81 3 437
81 4 541
81 5 168
81 6 624
81 7 773
82 1 1300
82 2 1611
82 3 1261
82 4 1562
82 5 484
82 6 1801
82 7 2231
83 1 3691
83 2 4574
83 3 3579
83 4 4435
83 5 1373
83 6 5112
83 7 6335

# Energy Consumption
1 1 0
1 2 473
1 3 0
1 4 401
1 5 90
1 6 0
1 7 403
2 1 0
2 2 273
2 3 0
2 4 240
2 5 54
2 6 0
2 7 219
3 1 0
3 2 658
3 3 0
3 4 411
3 5 108
3 6 0
3 7 381
4 1 0
4 2 283
4 3 0
4 4 249
4 5 52
4 6 0
4 7 230
5 1 0
5 2 570
5 3 0
5 4 385
5 5 98
5 6 0
5 7 399
6 1 0
6 2 976
6 3 0
6 4 729
6 5 157
6 6 0
6 7 656
7 1 0
7 2 749
7 3 0
7 4 580
7 5 130
7 6 0
7 7 509
8 1 0
8 2 353
8 3 0
8 4 271
8 5 59
8 6 0
8 7 222
9 1 0
9 2 541
9 3 0
9 4 401
9 5 95
9 6 0
9 7 393
10 1 0
10 2 388
10 3 0
10 4 290
10 5 70
10 6 0
10 7 302
11 1 0
11 2 249
11 3 0
11 4 154
11 5 37
11 6 0
11 7 167
12 1 0
12 2 145
12 3 0
12 4 117
12 5 26
12 6 0
12 7 97
13 1 0
13 2 156
13 3 0
13 4 126
13 5 30
13 6 0
13 7 117
14 1 0
14 2 333
14 3 0
14 4 258
14 5 64
14 6 0
14 7 290
15 1 0
15 2 194
15 3 0
15 4 135
15 5 31
15 6 0
15 7 143
16 1 0
16 2 135
16 3 0
16 4 112
16 5 28
16 6 0
16 7 101
17 1 0
17 2 322
17 3 0
17 4 201
17 5 47
17 6 0
17 7 220
18 1 0
18 2 198
18 3 0
18 4 176
18 5 39
18 6 0
18 7 144
19 1 0
19 2 211
19 3 0
19 4 141
19 5 33
19 6 0
19 7 148
20 1 0
20 2 87
20 3 0
20 4 58
20 5 14
20 6 0
20 7 49
21 1 0
21 2 127
21 3 0
21 4 97
21 5 25
21 6 0
21 7 93
22 1 0
22 2 241
22 3 0
22 4 190
22 5 45
22 6 0
22 7 213
23 1 0
23 2 229
23 3 0
23 4 173
23 5 41
23 6 0
23 7 167
24 1 0
24 2 256
24 3 0
24 4 185
24 5 48
24 6 0
24 7 181
25 1 0
25 2 240
25 3 0
25 4 173
25 5 47
25 6 0
25 7 182
26 1 0
26 2 257
26 3 0
26 4 239
26 5 51
26 6 0
26 7 191
27 1 0
27 2 262
27 3 0
27 4 166
27 5 42
27 6 0
27 7 179
28 1 0
28 2 623
28 3 0
28 4 404
28 5 101
28 6 0
28 7 385
29 1 0
29 2 249
29 3 0
29 4 163
29 5 39
29 6 0
29 7 169
30 1 0
30 2 364
30 3 0
30 4 249
30 5 55
30 6 0
30 7 237
31 1 0
31 2 227
31 3 0
31 4 164
31 5 43
31 6 0
31 7 151
32 1 0
32 2 216
32 3 0
32 4 148
32 5 38
32 6 0
32 7 141
33 1 0
33 2 186
33 3 0
33 4 140
33 5 37
33 6 0
33 7 159
34 1 0
34 2 393
34 3 0
34 4 303
34 5 71
34 6 0
34 7 276
35 1 0
35 2 372
35 3 0
35 4 249
35 5 64
35 6 0
35 7 248
36 1 0
36 2 353
36 3 0
36 4 275
36 5 71
36 6 0
36 7 278
37 1 0
37 2 270
37 3 0
37 4 204
37 5 44
37 6 0
37 7 197
38 1 0
38 2 403
38 3 0
38 4 328
38 5 66
38 6 0
38 7 268
39 1 0
39 2 382
39 3 0
39 4 305
39 5 71
39 6 0
39 7 274
40 1 0
40 2 200
40 3 0
40 4 163
40 5 37
40 6 0
40 7 170
41 1 0
41 2 180
41 3 0
41 4 130
41 5 29
41 6 0
41 7 119
42 1 0
42 2 446
42 3 0
42 4 305
42 5 77
42 6 0
42 7 272
43 1 0
43 2 293
43 3 0
43 4 202
43 5 42
43 6 0
43 7 195
44 1 0
44 2 201
44 3 0
44 4 137
44 5 31
44 6 0
44 7 137
45 1 0
45 2 189
45 3 0
45 4 150
45 5 33
45 6 0
45 7 134
46 1 0
46 2 180
46 3 0
46 4 129
46 5 35
46 6 0
46 7 139
47 1 0
47 2 210
47 3 0
47 4 138
47 5 34
47 6 0
47 7 129
48 1 0
48 2 193
48 3 0
48 4 149
48 5 34
48 6 0
48 7 143
49 1 0
49 2 173
49 3 0
49 4 127
49 5 31
49 6 0
49 7 135
50 1 0
50 2 202
50 3 0
50 4 141
50 5 33
50 6 0
50 7 145
51 1 0
51 2 163
51 3 0
51 4 150
51 5 31
51 6 0
51 7 133
52 1 0
52 2 185
52 3 0
52 4 128
52 5 35
52 6 0
52 7 122
53 1 0
53 2 207
53 3 0
53 4 127
53 5 35
53 6 0
53 7 125
54 1 0
54 2 187
54 3 0
54 4 134
54 5 34
54 6 0
54 7 149
55 1 0
55 2 166
55 3 0
55 4 130
55 5 34
55 6 0
55 7 142
56 1 0
56 2 186
56 3 0
56 4 130
56 5 32
56 6 0
56 7 135
57 1 0
57 2 187
57 3 0
57 4 132
57 5 31
57 6 0
57 7 130
58 1 0
58 2 159
58 3 0
58 4 151
58 5 33
58 6 0
58 7 120
59 1 0
59 2 185
59 3 0
59 4 146
59 5 34
59 6 0
59 7 134
60 1 0
60 2 200
60 3 0
60 4 148
60 5 31
60 6 0
60 7 126
61 1 0
61 2 165
61 3 0
61 4 139
61 5 32
61 6 0
61 7 121
62 1 0
62 2 211
62 3 0
62 4 141
62 5 34
62 6 0
62 7 147
63 1 0
63 2 173
63 3 0
63 4 143
63 5 33
63 6 0
63 7 148
64 1 0
64 2 193
64 3 0
64 4 142
64 5 32
64 6 0
64 7 149
65 1 0
65 2 200
65 3 0
65 4 138
65 5 33
65 6 0
65 7 141
66 1 0
66 2 173
66 3 0
66 4 134
66 5 33
66 6 0
66 7 141
67 1 0
67 2 192
67 3 0
67 4 148
67 5 32
67 6 0
67 7 143
68 1 0
68 2 188
68 3 0
68 4 130
68 5 33
68 6 0
68 7 140
69 1 0
69 2 173
69 3 0
69 4 115
69 5 28
69 6 0
69 7 100
70 1 0
70 2 306
70 3 0
70 4 199
70 5 49
70 6 0
70 7 226
71 1 0
71 2 130
71 3 0
71 4 88
71 5 24
71 6 0
71 7 89
72 1 0
72 2 448
72 3 0
72 4 333
72 5 75
72 6 0
72 7 305
73 1 0
73 2 339
73 3 0
73 4 289
73 5 61
73 6 0
73 7 252
74 1 0
74 2 738
74 3 0
74 4 615
74 5 150
74 6 0
74 7 566
75 1 0
75 2 271
75 3 0
75 4 186
75 5 43
75 6 0
75 7 166
76 1 0
76 2 115
76 3 0
76 4 85
76 5 21
76 6 0
76 7 79
77 1 0
77 2 251
77 3 0
77 4 170
77 5 42
77 6 0
77 7 177
78 1 0
78 2 326
78 3 0
78 4 277
78 5 62
78 6 0
78 7 254
79 1 0
79 2 95
79 3 0
79 4 73
79 5 17
79 6 0
79 7 63
80 1 0
80 2 638
80 3 0
80 4 488
80 5 123
80 6 0
80 7 435
81 1 0
81 2 163
81 3 0
81 4 106
81 5 24
81 6 0
81 7 105
82 1 0
82 2 437
82 3 0
82 4 295
82 5 73
82 6 0
82 7 277
83 1 0
83 2 1226
83 3 0
83 4 867
83 5 219
83 6 0
83 7 765

# Precedence Relations
1 2
2 3
2 4
2 5
3 6
4 6
4 7
5 8
6 9
6 10
7 11
8 77
8 78
9 12
10 13
10 14
10 25
11 15
12 16
13 17
13 18
13 20
14 19
15 20
15 39
16 77
16 78
17 21
17 22
17 28
18 23
19 24
20 26
21 27
22 27
23 74
24 28
24 29
25 32
26 74
27 69
28 32
29 30
30 31
31 39
32 33
32 34
32 35
32 36
33 37
34 77
34 78
35 77
35 78
36 38
36 39
37 40
38 41
39 42
39 43
39 44
39 75
40 77
40 78
41 45
42 77
42 78
43 77
43 78
44 46
45 47
46 48
47 49
48 50
49 69
50 51
51 52
52 53
53 54
54 55
55 56
56 57
57 58
58 59
59 60
60 61
61 62
62 63
63 64
64 65
65 66
66 67
67 68
68 74
68 75
69 70
69 71
70 72
71 73
72 73
73 74
73 75
74 76
75 76
76 77
76 78
77 79
78 79
79 80
79 81
80 82
81 83
82 83

# Parameters
R_e = 0.0500
T = 6651.75
C_s = 4.0
C_w = 36.0
C_c = 5.0
