# Tasks
1 2 3 4 5 6 7 8 9 10 11 12 13 14 15 16 17 18 19 20 21 22 23 24 25 26 27 28 29 30 31 32 33 34 35 36 37 38 39 40 41 42 43 44 45 46 47 48 49 50 51 52 53 54 55 56 57 58 59 60 61 62 63 64 65 66 67 68 69 70 71 72 73 74 75 76 77 78 79 80 81 82 83 84 85 86 87 88 89 90 91 92 93 94 95 96 97 98 99 100 101 102 103 104 105 106 107 108 109 110 111

# Workstations
1 2 3 4 5 6 7 8 9 10 11 12 13 14 15 16 17 18 19 20 21 22 23 24 25 26 27 28 29 30 31 32 33 34 35 36 37 38 39 40 41 42 43 44 45 46 47 48 49 50 51 52 53 54 55 56 57 58 59 60 61 62 63 64 65 66 67 68 69 70 71 72 73 74 75 76 77 78 79 80 81 82 83 84 85 86 87 88 89 90 91 92 93 94 95 96 97 98 99 100 101 102 103 104 105 106 107 108 109 110 111

# Modes
1 2 3 4 5 6 7

# Processing Times
1 1 1960
1 2 4109
1 3 1948
1 4 4083
1 5 1750
1 6 2142
1 7 4490
2 1 1715
2 2 3595
2 3 1705
2 4 3572
2 5 1531
2 6 1874
2 7 3928
3 1 735
3 2 1541
3 3 731
3 4 1532
3 5 657
3 6 804
3 7 1684
4 1 1715
4 2 3595
4 3 1705
4 4 3572
4 5 1531
4 6 1874
4 7 3928
5 1 490
5 2 1028
5 3 487
5 4 1022
5 5 438
5 6 536
5 7 1124
6 1 1225
6 2 2568
6 3 1218
6 4 2552
6 5 1094
6 6 1339
6 7 2806
7 1 169
7 2 355
7 3 168
7 4 353
7 5 151
7 6 185
7 7 388
8 1 2252
8 2 4721
8 3 2238
8 4 4691
8 5 2011
8 6 2461
8 7 5159
9 1 1225
9 2 2568
9 3 1218
9 4 2552
9 5 1094
9 6 1339
9 7 2806
10 1 2319
10 2 4861
10 3 2305
10 4 4830
10 5 2070
10 6 2534
10 7 5312
11 1 1715
11 2 3595
11 3 1705
11 4 3572
11 5 1531
11 6 1874
11 7 3928
12 1 980
12 2 2055
12 3 974
12 4 2042
12 5 875
12 6 1071
12 7 2246
13 1 735
13 2 1541
13 3 731
13 4 1532
13 5 657
13 6 804
13 7 1684
14 1 2281
14 2 4782
14 3 2267
14 4 4752
14 5 2037
14 6 2493
14 7 5225
15 1 2750
15 2 5765
15 3 2733
15 4 5729
15 5 2455
15 6 3005
15 7 6299
16 1 77
16 2 162
16 3 77
16 4 161
16 5 69
16 6 85
16 7 178
17 1 89
17 2 187
17 3 89
17 4 186
17 5 80
17 6 98
17 7 205
18 1 51
18 2 107
18 3 51
18 4 107
18 5 46
18 6 56
18 7 117
19 1 364
19 2 763
19 3 362
19 4 759
19 5 325
19 6 398
19 7 834
20 1 405
20 2 849
20 3 403
20 4 844
20 5 362
20 6 443
20 7 928
21 1 3060
21 2 6415
21 3 3041
21 4 6374
21 5 2732
21 6 3344
21 7 7010
22 1 125
22 2 263
22 3 125
22 4 262
22 5 112
22 6 137
22 7 288
23 1 3429
23 2 7188
23 3 3408
23 4 7142
23 5 3061
23 6 3747
23 7 7854
24 1 43
24 2 91
24 3 43
24 4 91
24 5 39
24 6 47
24 7 100
25 1 3430
25 2 7190
25 3 3409
25 4 7144
25 5 3062
25 6 3748
25 7 7856
26 1 1960
26 2 4109
26 3 1948
26 4 4083
26 5 1750
26 6 2142
26 7 4490
27 1 29
27 2 61
27 3 29
27 4 61
27 5 26
27 6 32
27 7 67
28 1 27
28 2 57
28 3 27
28 4 57
28 5 25
28 6 30
28 7 63
29 1 15
29 2 32
29 3 15
29 4 32
29 5 14
29 6 17
29 7 35
30 1 121
30 2 254
30 3 121
30 4 253
30 5 109
30 6 133
30 7 278
31 1 1715
31 2 3595
31 3 1705
31 4 3572
31 5 1531
31 6 1874
31 7 3928
32 1 2127
32 2 4459
32 3 2114
32 4 4431
32 5 1899
32 6 2324
32 7 4872
33 1 1470
33 2 3082
33 3 1461
33 4 3063
33 5 1313
33 6 1607
33 7 3368
34 1 4037
34 2 8462
34 3 4012
34 4 8408
34 5 3604
34 6 4411
34 7 9246
35 1 68
35 2 143
35 3 68
35 4 143
35 5 61
35 6 75
35 7 157
36 1 62
36 2 130
36 3 62
36 4 130
36 5 56
36 6 68
36 7 143
37 1 42
37 2 89
37 3 42
37 4 89
37 5 38
37 6 46
37 7 98
38 1 364
38 2 763
38 3 362
38 4 759
38 5 325
38 6 398
38 7 834
39 1 4998
39 2 10477
39 3 4967
39 4 10410
39 5 4462
39 6 5461
39 7 11448
40 1 1470
40 2 3082
40 3 1461
40 4 3063
40 5 1313
40 6 1607
40 7 3368
41 1 2963
41 2 6211
41 3 2945
41 4 6172
41 5 2645
41 6 3238
41 7 6787
42 1 5689
42 2 11925
42 3 5653
42 4 11849
42 5 5079
42 6 6216
42 7 13030
43 1 68
43 2 143
43 3 68
43 4 143
43 5 61
43 6 75
43 7 157
44 1 18
44 2 38
44 3 18
44 4 38
44 5 17
44 6 20
44 7 42
45 1 10
45 2 21
45 3 10
45 4 21
45 5 9
45 6 11
45 7 23
46 1 81
46 2 170
46 3 81
46 4 169
46 5 73
46 6 89
46 7 186
47 1 5200
47 2 10900
47 3 5167
47 4 10831
47 5 4642
47 6 5682
47 7 11910
48 1 39
48 2 82
48 3 39
48 4 82
48 5 35
48 6 43
48 7 90
49 1 67
49 2 141
49 3 67
49 4 141
49 5 60
49 6 74
49 7 155
50 1 27
50 2 57
50 3 27
50 4 57
50 5 25
50 6 30
50 7 63
51 1 15
51 2 32
51 3 15
51 4 32
51 5 14
51 6 17
51 7 35
52 1 121
52 2 254
52 3 121
52 4 253
52 5 109
52 6 133
52 7 278
53 1 58
53 2 122
53 3 58
53 4 122
53 5 52
53 6 64
53 7 134
54 1 1715
54 2 3595
54 3 1705
54 4 3572
54 5 1531
54 6 1874
54 7 3928
55 1 125
55 2 263
55 3 125
55 4 262
55 5 112
55 6 137
55 7 288
56 1 4010
56 2 8406
56 3 3985
56 4 8353
56 5 3580
56 6 4382
56 7 9185
57 1 1470
57 2 3082
57 3 1461
57 4 3063
57 5 1313
57 6 1607
57 7 3368
58 1 1470
58 2 3082
58 3 1461
58 4 3063
58 5 1313
58 6 1607
58 7 3368
59 1 2303
59 2 4828
59 3 2289
59 4 4798
59 5 2056
59 6 2517
59 7 5276
60 1 1960
60 2 4109
60 3 1948
60 4 4083
60 5 1750
60 6 2142
60 7 4490
61 1 2205
61 2 4622
61 3 2191
61 4 4593
61 5 1969
61 6 2410
61 7 5050
62 1 4018
62 2 8423
62 3 3993
62 4 8370
62 5 3587
62 6 4391
62 7 9203
63 1 2744
63 2 5752
63 3 2727
63 4 5716
63 5 2450
63 6 2999
63 7 6285
64 1 2999
64 2 6287
64 3 2980
64 4 6247
64 5 2677
64 6 3277
64 7 6870
65 1 735
65 2 1541
65 3 731
65 4 1532
65 5 657
65 6 804
65 7 1684
66 1 735
66 2 1541
66 3 731
66 4 1532
66 5 657
66 6 804
66 7 1684
67 1 735
67 2 1541
67 3 731
67 4 1532
67 5 657
67 6 804
67 7 1684
68 1 735
68 2 1541
68 3 731
68 4 1532
68 5 657
68 6 804
68 7 1684
69 1 545
69 2 1143
69 3 542
69 4 1136
69 5 487
69 6 596
69 7 1249
70 1 3386
70 2 7098
70 3 3365
70 4 7053
70 5 3023
70 6 3700
70 7 7756
71 1 3234
71 2 6779
71 3 3214
71 4 6736
71 5 2887
71 6 3534
71 7 7407
72 1 2205
72 2 4622
72 3 2191
72 4 4593
72 5 1969
72 6 2410
72 7 5050
73 1 2206
73 2 4624
73 3 2192
73 4 4595
73 5 1970
73 6 2411
73 7 5053
74 1 490
74 2 1028
74 3 487
74 4 1022
74 5 438
74 6 536
74 7 1124
75 1 825
75 2 1730
75 3 820
75 4 1719
75 5 737
75 6 902
75 7 1891
76 1 3528
76 2 7396
76 3 3506
76 4 7349
76 5 3150
76 6 3855
76 7 8081
77 1 3568
77 2 7479
77 3 3546
77 4 7432
77 5 3185
77 6 3899
77 7 8172
78 1 1200
78 2 2516
78 3 1193
78 4 2500
78 5 1072
78 6 1312
78 7 2749
79 1 618
79 2 1296
79 3 615
79 4 1288
79 5 552
79 6 676
79 7 1417
80 1 1470
80 2 3082
80 3 1461
80 4 3063
80 5 1313
80 6 1607
80 7 3368
81 1 1715
81 2 3595
81 3 1705
81 4 3572
81 5 1531
81 6 1874
81 7 3928
82 1 735
82 2 1541
82 3 731
82 4 1532
82 5 657
82 6 804
82 7 1684
83 1 1960
83 2 4109
83 3 1948
83 4 4083
83 5 1750
83 6 2142
83 7 4490
84 1 2889
84 2 6056
84 3 2871
84 4 6018
84 5 2579
84 6 3157
84 7 6617
85 1 618
85 2 1296
85 3 615
85 4 1288
85 5 552
85 6 676
85 7 1417
86 1 490
86 2 1028
86 3 487
86 4 1022
86 5 438
86 6 536
86 7 1124
87 1 735
87 2 1541
87 3 731
87 4 1532
87 5 657
87 6 804
87 7 1684
88 1 490
88 2 1028
88 3 487
88 4 1022
88 5 438
88 6 536
88 7 1124
89 1 921
89 2 1931
89 3 916
89 4 1919
89 5 823
89 6 1007
89 7 2110
90 1 326
90 2 684
90 3 324
90 4 680
90 5 291
90 6 357
90 7 748
91 1 5390
91 2 11298
91 3 5356
91 4 11226
91 5 4812
91 6 5890
91 7 12345
92 1 243
92 2 510
92 3 242
92 4 507
92 5 217
92 6 266
92 7 558
93 1 371
93 2 778
93 3 369
93 4 774
93 5 332
93 6 406
93 7 851
94 1 58
94 2 122
94 3 58
94 4 122
94 5 52
94 6 64
94 7 134
95 1 5059
95 2 10605
95 3 5027
95 4 10538
95 5 4516
95 6 5528
95 7 11588
96 1 1225
96 2 2568
96 3 1218
96 4 2552
96 5 1094
96 6 1339
96 7 2806
97 1 769
97 2 1612
97 3 765
97 4 1602
97 5 687
97 6 841
97 7 1762
98 1 768
98 2 1610
98 3 764
98 4 1600
98 5 686
98 6 840
98 7 1760
99 1 1670
99 2 3501
99 3 1660
99 4 3479
99 5 1491
99 6 1825
99 7 3826
100 1 1670
100 2 3501
100 3 1660
100 4 3479
100 5 1491
100 6 1825
100 7 3826
101 1 490
101 2 1028
101 3 487
101 4 1022
101 5 438
101 6 536
101 7 1124
102 1 202
102 2 424
102 3 201
102 4 422
102 5 181
102 6 221
102 7 464
103 1 203
103 2 426
103 3 202
103 4 424
103 5 182
103 6 222
103 7 466
104 1 202
104 2 424
104 3 201
104 4 422
104 5 181
104 6 221
104 7 464
105 1 2744
105 2 5752
105 3 2727
105 4 5716
105 5 2450
105 6 2999
105 7 6285
106 1 162
106 2 340
106 3 161
106 4 338
106 5 145
106 6 178
106 7 372
107 1 324
107 2 680
107 3 322
107 4 676
107 5 290
107 6 355
107 7 743
108 1 162
108 2 340
108 3 161
108 4 338
108 5 145
108 6 178
108 7 372
109 1 121
109 2 254
109 3 121
109 4 253
109 5 109
109 6 133
109 7 278
110 1 162
110 2 340
110 3 161
110 4 338
110 5 145
110 6 178
110 7 372
111 1 91
111 2 191
111 3 91
111 4 190
111 5 82
111 6 100
111 7 209

# Energy Consumption
1 1 0
1 2 1044
1 3 0
1 4 836
1 5 261
1 6 0
1 7 664
2 1 0
2 2 903
2 3 0
2 4 767
2 5 244
2 6 0
2 7 555
3 1 0
3 2 396
3 3 0
3 4 319
3 5 104
3 6 0
3 7 212
4 1 0
4 2 964
4 3 0
4 4 721
4 5 234
4 6 0
4 7 486
5 1 0
5 2 250
5 3 0
5 4 185
5 5 70
5 6 0
5 7 136
6 1 0
6 2 692
6 3 0
6 4 480
6 5 163
6 6 0
6 7 361
7 1 0
7 2 88
7 3 0
7 4 65
7 5 23
7 6 0
7 7 59
8 1 0
8 2 1381
8 3 0
8 4 972
8 5 305
8 6 0
8 7 735
9 1 0
9 2 731
9 3 0
9 4 478
9 5 157
9 6 0
9 7 374
10 1 0
10 2 1400
10 3 0
10 4 1028
10 5 321
10 6 0
10 7 751
11 1 0
11 2 792
11 3 0
11 4 749
11 5 244
11 6 0
11 7 474
12 1 0
12 2 480
12 3 0
12 4 449
12 5 140
12 6 0
12 7 308
13 1 0
13 2 441
13 3 0
13 4 283
13 5 103
13 6 0
13 7 249
14 1 0
14 2 1226
14 3 0
14 4 875
14 5 318
14 6 0
14 7 634
15 1 0
15 2 1488
15 3 0
15 4 1118
15 5 378
15 6 0
15 7 797
16 1 0
16 2 42
16 3 0
16 4 32
16 5 10
16 6 0
16 7 23
17 1 0
17 2 50
17 3 0
17 4 36
17 5 13
17 6 0
17 7 25
18 1 0
18 2 32
18 3 0
18 4 22
18 5 7
18 6 0
18 7 17
19 1 0
19 2 223
19 3 0
19 4 138
19 5 49
19 6 0
19 7 125
20 1 0
20 2 203
20 3 0
20 4 169
20 5 51
20 6 0
20 7 139
21 1 0
21 2 1724
21 3 0
21 4 1265
21 5 421
21 6 0
21 7 1019
22 1 0
22 2 62
22 3 0
22 4 55
22 5 16
22 6 0
22 7 43
23 1 0
23 2 2122
23 3 0
23 4 1434
23 5 460
23 6 0
23 7 1123
24 1 0
24 2 26
24 3 0
24 4 19
24 5 6
24 6 0
24 7 14
25 1 0
25 2 2085
25 3 0
25 4 1429
25 5 478
25 6 0
25 7 974
26 1 0
26 2 947
26 3 0
26 4 813
26 5 260
26 6 0
26 7 556
27 1 0
27 2 17
27 3 0
27 4 13
27 5 5
27 6 0
27 7 10
28 1 0
28 2 17
28 3 0
28 4 12
28 5 4
28 6 0
28 7 9
29 1 0
29 2 9
29 3 0
29 4 7
29 5 3
29 6 0
29 7 5
30 1 0
30 2 58
30 3 0
30 4 48
30 5 17
30 6 0
30 7 36
31 1 0
31 2 819
31 3 0
31 4 664
31 5 227
31 6 0
31 7 491
32 1 0
32 2 1331
32 3 0
32 4 810
32 5 283
32 6 0
32 7 591
33 1 0
33 2 784
33 3 0
33 4 625
33 5 190
33 6 0
33 7 478
34 1 0
34 2 1912
34 3 0
34 4 1635
34 5 522
34 6 0
34 7 1174
35 1 0
35 2 33
35 3 0
35 4 27
35 5 9
35 6 0
35 7 20
36 1 0
36 2 29
36 3 0
36 4 26
36 5 9
36 6 0
36 7 21
37 1 0
37 2 21
37 3 0
37 4 19
37 5 6
37 6 0
37 7 13
38 1 0
38 2 183
38 3 0
38 4 149
38 5 51
38 6 0
38 7 113
39 1 0
39 2 2676
39 3 0
39 4 2120
39 5 701
39 6 0
39 7 1540
40 1 0
40 2 716
40 3 0
40 4 576
40 5 186
40 6 0
40 7 469
41 1 0
41 2 1417
41 3 0
41 4 1336
41 5 423
41 6 0
41 7 824
42 1 0
42 2 2756
42 3 0
42 4 2480
42 5 810
42 6 0
42 7 1728
43 1 0
43 2 34
43 3 0
43 4 27
43 5 10
43 6 0
43 7 22
44 1 0
44 2 9
44 3 0
44 4 7
44 5 3
44 6 0
44 7 6
45 1 0
45 2 6
45 3 0
45 4 4
45 5 2
45 6 0
45 7 4
46 1 0
46 2 45
46 3 0
46 4 35
46 5 11
46 6 0
46 7 28
47 1 0
47 2 3163
47 3 0
47 4 1998
47 5 668
47 6 0
47 7 1641
48 1 0
48 2 22
48 3 0
48 4 16
48 5 6
48 6 0
48 7 13
49 1 0
49 2 34
49 3 0
49 4 29
49 5 9
49 6 0
49 7 20
50 1 0
50 2 17
50 3 0
50 4 12
50 5 4
50 6 0
50 7 9
51 1 0
51 2 10
51 3 0
51 4 7
51 5 3
51 6 0
51 7 5
52 1 0
52 2 77
52 3 0
52 4 53
52 5 17
52 6 0
52 7 41
53 1 0
53 2 28
53 3 0
53 4 23
53 5 9
53 6 0
53 7 18
54 1 0
54 2 1073
54 3 0
54 4 783
54 5 243
54 6 0
54 7 588
55 1 0
55 2 59
55 3 0
55 4 57
55 5 18
55 6 0
55 7 38
56 1 0
56 2 2520
56 3 0
56 4 1744
56 5 552
56 6 0
56 7 1232
57 1 0
57 2 778
57 3 0
57 4 564
57 5 194
57 6 0
57 7 492
58 1 0
58 2 893
58 3 0
58 4 585
58 5 208
58 6 0
58 7 490
59 1 0
59 2 1395
59 3 0
59 4 1034
59 5 326
59 6 0
59 7 643
60 1 0
60 2 939
60 3 0
60 4 869
60 5 256
60 6 0
60 7 568
61 1 0
61 2 1143
61 3 0
61 4 1003
61 5 307
61 6 0
61 7 613
62 1 0
62 2 2029
62 3 0
62 4 1683
62 5 520
62 6 0
62 7 1231
63 1 0
63 2 1718
63 3 0
63 4 1092
63 5 380
63 6 0
63 7 843
64 1 0
64 2 1628
64 3 0
64 4 1270
64 5 384
64 6 0
64 7 833
65 1 0
65 2 360
65 3 0
65 4 312
65 5 103
65 6 0
65 7 233
66 1 0
66 2 363
66 3 0
66 4 294
66 5 95
66 6 0
66 7 209
67 1 0
67 2 450
67 3 0
67 4 282
67 5 101
67 6 0
67 7 223
68 1 0
68 2 453
68 3 0
68 4 283
68 5 98
68 6 0
68 7 207
69 1 0
69 2 302
69 3 0
69 4 221
69 5 72
69 6 0
69 7 155
70 1 0
70 2 1873
70 3 0
70 4 1332
70 5 466
70 6 0
70 7 932
71 1 0
71 2 1573
71 3 0
71 4 1474
71 5 411
71 6 0
71 7 1059
72 1 0
72 2 1264
72 3 0
72 4 850
72 5 315
72 6 0
72 7 633
73 1 0
73 2 1030
73 3 0
73 4 835
73 5 277
73 6 0
73 7 634
74 1 0
74 2 254
74 3 0
74 4 210
74 5 64
74 6 0
74 7 155
75 1 0
75 2 416
75 3 0
75 4 342
75 5 114
75 6 0
75 7 282
76 1 0
76 2 1721
76 3 0
76 4 1403
76 5 487
76 6 0
76 7 974
77 1 0
77 2 1755
77 3 0
77 4 1442
77 5 494
77 6 0
77 7 1025
78 1 0
78 2 635
78 3 0
78 4 479
78 5 170
78 6 0
78 7 388
79 1 0
79 2 302
79 3 0
79 4 241
79 5 79
79 6 0
79 7 206
80 1 0
80 2 743
80 3 0
80 4 669
80 5 189
80 6 0
80 7 440
81 1 0
81 2 966
81 3 0
81 4 702
81 5 233
81 6 0
81 7 553
82 1 0
82 2 409
82 3 0
82 4 282
82 5 97
82 6 0
82 7 228
83 1 0
83 2 945
83 3 0
83 4 824
83 5 278
83 6 0
83 7 638
84 1 0
84 2 1629
84 3 0
84 4 1191
84 5 390
84 6 0
84 7 813
85 1 0
85 2 324
85 3 0
85 4 271
85 5 80
85 6 0
85 7 181
86 1 0
86 2 250
86 3 0
86 4 208
86 5 63
86 6 0
86 7 155
87 1 0
87 2 432
87 3 0
87 4 300
87 5 94
87 6 0
87 7 227
88 1 0
88 2 269
88 3 0
88 4 205
88 5 62
88 6 0
88 7 137
89 1 0
89 2 543
89 3 0
89 4 357
89 5 123
89 6 0
89 7 255
90 1 0
90 2 172
90 3 0
90 4 138
90 5 46
90 6 0
90 7 98
91 1 0
91 2 3187
91 3 0
91 4 2395
91 5 747
91 6 0
91 7 1618
92 1 0
92 2 114
92 3 0
92 4 104
92 5 35
92 6 0
92 7 83
93 1 0
93 2 196
93 3 0
93 4 156
93 5 50
93 6 0
93 7 106
94 1 0
94 2 34
94 3 0
94 4 22
94 5 8
94 6 0
94 7 20
95 1 0
95 2 3161
95 3 0
95 4 2160
95 5 700
95 6 0
95 7 1627
96 1 0
96 2 616
96 3 0
96 4 504
96 5 170
96 6 0
96 7 409
97 1 0
97 2 441
97 3 0
97 4 325
97 5 108
97 6 0
97 7 217
98 1 0
98 2 474
98 3 0
98 4 322
98 5 108
98 6 0
98 7 255
99 1 0
99 2 1042
99 3 0
99 4 633
99 5 228
99 6 0
99 7 565
100 1 0
100 2 913
100 3 0
100 4 735
100 5 230
100 6 0
100 7 547
101 1 0
101 2 240
101 3 0
101 4 219
101 5 65
101 6 0
101 7 145
102 1 0
102 2 109
102 3 0
102 4 79
102 5 27
102 6 0
102 7 69
103 1 0
103 2 105
103 3 0
103 4 93
103 5 26
103 6 0
103 7 61
104 1 0
104 2 105
104 3 0
104 4 81
104 5 26
104 6 0
104 7 66
105 1 0
105 2 1366
105 3 0
105 4 1209
105 5 391
105 6 0
105 7 824
106 1 0
106 2 84
106 3 0
106 4 72
106 5 23
106 6 0
106 7 49
107 1 0
107 2 195
107 3 0
107 4 124
107 5 46
107 6 0
107 7 97
108 1 0
108 2 101
108 3 0
108 4 63
108 5 22
108 6 0
108 7 47
109 1 0
109 2 60
109 3 0
109 4 54
109 5 17
109 6 0
109 7 42
110 1 0
110 2 101
110 3 0
110 4 62
110 5 21
110 6 0
110 7 56
111 1 0
111 2 51
111 3 0
111 4 36
111 5 14
111 6 0
111 7 26

# Precedence Relations
1 2
2 3
3 4
4 5
4 6
4 7
4 8
4 9
4 10
5 39
6 39
7 83
8 71
9 32
10 11
10 12
11 13
11 14
11 15
11 16
11 17
11 18
11 19
11 20
11 21
12 13
12 14
12 15
12 16
12 17
12 18
12 19
12 20
12 21
13 71
14 22
14 23
14 24
14 25
15 26
16 27
17 28
18 29
19 30
20 91
21 111
22 31
22 83
23 32
23 33
24 69
24 70
25 34
26 82
27 35
28 36
29 37
30 38
31 39
32 41
33 111
34 42
35 43
36 44
36 91
37 45
37 91
38 46
38 91
39 40
40 111
41 69
41 70
42 47
43 48
43 49
44 50
45 51
46 52
47 54
47 55
47 56
47 57
47 58
47 59
47 60
48 53
49 91
50 111
51 111
52 111
53 111
54 69
54 70
55 61
55 62
55 63
56 63
56 64
57 65
57 91
58 66
58 91
59 67
59 91
60 68
60 91
61 69
61 70
62 71
63 111
64 72
65 111
66 111
67 111
68 111
69 77
69 78
70 73
71 91
72 74
73 75
74 76
75 77
75 78
75 79
76 80
76 81
76 82
77 83
78 84
79 85
80 86
80 91
81 87
81 91
82 111
83 91
84 88
84 89
84 91
85 111
86 111
87 90
88 105
89 105
90 111
91 92
91 93
91 94
92 95
93 95
94 95
95 96
95 97
95 98
95 99
95 100
95 104
96 101
97 102
98 103
99 111
100 111
101 105
102 106
102 107
103 107
103 108
104 111
105 111
106 109
107 111
108 110
109 111
110 111

# Parameters
R_e = 0.0500
T = 13681.5
C_s = 4.0
C_w = 36.0
C_c = 5.0
