# Tasks
1 2 3 4 5 6 7 8 9 10 11 12 13 14 15 16 17 18 19 20 21 22 23 24 25 26 27 28 29 30 31 32 33 34 35 36 37 38 39 40 41 42 43 44 45

# Workstations
1 2 3 4 5 6 7 8 9 10 11 12 13 14 15 16 17 18 19 20 21 22 23 24 25 26 27 28 29 30 31 32 33 34 35 36 37 38 39 40 41 42 43 44 45

# Modes
1 2 3 4 5 6 7

# Processing Times
1 1 9
1 2 19
1 3 10
1 4 21
1 5 4
1 6 11
1 7 23
2 1 9
2 2 19
2 3 10
2 4 21
2 5 4
2 6 12
2 7 24
3 1 10
3 2 19
3 3 11
3 4 21
3 5 4
3 6 13
3 7 24
4 1 10
4 2 23
4 3 11
4 4 25
4 5 4
4 6 13
4 7 29
5 1 17
5 2 36
5 3 18
5 4 39
5 5 6
5 6 20
5 7 42
6 1 17
6 2 42
6 3 19
6 4 47
6 5 7
6 6 19
6 7 47
7 1 13
7 2 33
7 3 15
7 4 37
7 5 6
7 6 16
7 7 39
8 1 13
8 2 31
8 3 14
8 4 33
8 5 6
8 6 16
8 7 36
9 1 20
9 2 49
9 3 22
9 4 54
9 5 8
9 6 25
9 7 60
10 1 20
10 2 47
10 3 22
10 4 50
10 5 8
10 6 24
10 7 57
11 1 10
11 2 19
11 3 11
11 4 21
11 5 5
11 6 13
11 7 23
12 1 11
12 2 26
12 3 12
12 4 29
12 5 5
12 6 14
12 7 33
13 1 6
13 2 12
13 3 7
13 4 13
13 5 3
13 6 8
13 7 15
14 1 22
14 2 44
14 3 24
14 4 47
14 5 8
14 6 25
14 7 50
15 1 11
15 2 25
15 3 12
15 4 27
15 5 5
15 6 13
15 7 28
16 1 19
16 2 39
16 3 21
16 4 42
16 5 7
16 6 24
16 7 48
17 1 12
17 2 24
17 3 13
17 4 26
17 5 5
17 6 14
17 7 27
18 1 3
18 2 7
18 3 4
18 4 8
18 5 2
18 6 4
18 7 9
19 1 7
19 2 16
19 3 8
19 4 17
19 5 3
19 6 9
19 7 19
20 1 4
20 2 9
20 3 5
20 4 10
20 5 2
20 6 5
20 7 11
21 1 55
21 2 104
21 3 59
21 4 112
21 5 19
21 6 66
21 7 124
22 1 14
22 2 34
22 3 16
22 4 38
22 5 6
22 6 17
22 7 40
23 1 27
23 2 66
23 3 29
23 4 71
23 5 9
23 6 32
23 7 78
24 1 29
24 2 66
24 3 32
24 4 71
24 5 11
24 6 33
24 7 74
25 1 26
25 2 62
25 3 29
25 4 67
25 5 12
25 6 33
25 7 77
26 1 6
26 2 12
26 3 7
26 4 13
26 5 3
26 6 8
26 7 15
27 1 5
27 2 11
27 3 6
27 4 12
27 5 3
27 6 6
27 7 14
28 1 24
28 2 60
28 3 27
28 4 66
28 5 10
28 6 28
28 7 69
29 1 4
29 2 9
29 3 5
29 4 10
29 5 2
29 6 5
29 7 11
30 1 5
30 2 12
30 3 6
30 4 14
30 5 3
30 6 7
30 7 15
31 1 7
31 2 15
31 3 8
31 4 16
31 5 3
31 6 8
31 7 18
32 1 4
32 2 9
32 3 5
32 4 10
32 5 2
32 6 5
32 7 11
33 1 15
33 2 32
33 3 17
33 4 35
33 5 7
33 6 19
33 7 40
34 1 3
34 2 6
34 3 4
34 4 7
34 5 2
34 6 4
34 7 8
35 1 7
35 2 17
35 3 8
35 4 19
35 5 3
35 6 9
35 7 21
36 1 9
36 2 20
36 3 10
36 4 22
36 5 4
36 6 11
36 7 23
37 1 4
37 2 9
37 3 5
37 4 10
37 5 2
37 6 5
37 7 12
38 1 7
38 2 17
38 3 8
38 4 19
38 5 4
38 6 9
38 7 22
39 1 5
39 2 11
39 3 6
39 4 12
39 5 2
39 6 7
39 7 14
40 1 4
40 2 8
40 3 5
40 4 9
40 5 2
40 6 5
40 7 10
41 1 21
41 2 43
41 3 23
41 4 46
41 5 9
41 6 24
41 7 48
42 1 12
42 2 24
42 3 13
42 4 26
42 5 6
42 6 15
42 7 29
43 1 6
43 2 15
43 3 7
43 4 17
43 5 2
43 6 7
43 7 17
44 1 5
44 2 10
44 3 6
44 4 11
44 5 2
44 6 6
44 7 12
45 1 5
45 2 13
45 3 6
45 4 14
45 5 3
45 6 6
45 7 15

# Energy Consumption
1 1 0
1 2 5
1 3 0
1 4 5
1 5 1
1 6 0
1 7 4
2 1 0
2 2 5
2 3 0
2 4 5
2 5 1
2 6 0
2 7 4
3 1 0
3 2 5
3 3 0
3 4 5
3 5 1
3 6 0
3 7 3
4 1 0
4 2 7
4 3 0
4 4 6
4 5 1
4 6 0
4 7 4
5 1 0
5 2 10
5 3 0
5 4 9
5 5 1
5 6 0
5 7 6
6 1 0
6 2 10
6 3 0
6 4 9
6 5 2
6 6 0
6 7 7
7 1 0
7 2 10
7 3 0
7 4 8
7 5 1
7 6 0
7 7 6
8 1 0
8 2 9
8 3 0
8 4 7
8 5 1
8 6 0
8 7 6
9 1 0
9 2 14
9 3 0
9 4 12
9 5 2
9 6 0
9 7 9
10 1 0
10 2 13
10 3 0
10 4 11
10 5 2
10 6 0
10 7 8
11 1 0
11 2 5
11 3 0
11 4 4
11 5 1
11 6 0
11 7 4
12 1 0
12 2 7
12 3 0
12 4 6
12 5 1
12 6 0
12 7 5
13 1 0
13 2 4
13 3 0
13 4 3
13 5 1
13 6 0
13 7 2
14 1 0
14 2 14
14 3 0
14 4 10
14 5 2
14 6 0
14 7 8
15 1 0
15 2 8
15 3 0
15 4 6
15 5 1
15 6 0
15 7 4
16 1 0
16 2 10
16 3 0
16 4 9
16 5 1
16 6 0
16 7 6
17 1 0
17 2 7
17 3 0
17 4 6
17 5 1
17 6 0
17 7 4
18 1 0
18 2 2
18 3 0
18 4 2
18 5 1
18 6 0
18 7 2
19 1 0
19 2 5
19 3 0
19 4 4
19 5 1
19 6 0
19 7 3
20 1 0
20 2 3
20 3 0
20 4 2
20 5 1
20 6 0
20 7 2
21 1 0
21 2 29
21 3 0
21 4 25
21 5 3
21 6 0
21 7 17
22 1 0
22 2 10
22 3 0
22 4 7
22 5 1
22 6 0
22 7 6
23 1 0
23 2 17
23 3 0
23 4 14
23 5 2
23 6 0
23 7 12
24 1 0
24 2 17
24 3 0
24 4 15
24 5 2
24 6 0
24 7 10
25 1 0
25 2 17
25 3 0
25 4 14
25 5 2
25 6 0
25 7 11
26 1 0
26 2 3
26 3 0
26 4 3
26 5 1
26 6 0
26 7 3
27 1 0
27 2 4
27 3 0
27 4 3
27 5 1
27 6 0
27 7 2
28 1 0
28 2 18
28 3 0
28 4 15
28 5 2
28 6 0
28 7 10
29 1 0
29 2 3
29 3 0
29 4 3
29 5 1
29 6 0
29 7 2
30 1 0
30 2 4
30 3 0
30 4 3
30 5 1
30 6 0
30 7 3
31 1 0
31 2 4
31 3 0
31 4 4
31 5 1
31 6 0
31 7 3
32 1 0
32 2 3
32 3 0
32 4 3
32 5 1
32 6 0
32 7 2
33 1 0
33 2 8
33 3 0
33 4 8
33 5 2
33 6 0
33 7 6
34 1 0
34 2 2
34 3 0
34 4 2
34 5 1
34 6 0
34 7 2
35 1 0
35 2 5
35 3 0
35 4 5
35 5 1
35 6 0
35 7 3
36 1 0
36 2 6
36 3 0
36 4 5
36 5 1
36 6 0
36 7 4
37 1 0
37 2 3
37 3 0
37 4 3
37 5 1
37 6 0
37 7 2
38 1 0
38 2 5
38 3 0
38 4 4
38 5 1
38 6 0
38 7 4
39 1 0
39 2 3
39 3 0
39 4 3
39 5 1
39 6 0
39 7 2
40 1 0
40 2 3
40 3 0
40 4 2
40 5 1
40 6 0
40 7 2
41 1 0
41 2 11
41 3 0
41 4 9
41 5 2
41 6 0
41 7 7
42 1 0
42 2 8
42 3 0
42 4 6
42 5 1
42 6 0
42 7 5
43 1 0
43 2 4
43 3 0
43 4 4
43 5 1
43 6 0
43 7 3
44 1 0
44 2 3
44 3 0
44 4 3
44 5 1
44 6 0
44 7 2
45 1 0
45 2 4
45 3 0
45 4 3
45 5 1
45 6 0
45 7 2

# Precedence Relations
1 3
1 7
2 4
2 8
3 5
4 6
5 9
6 10
7 9
7 14
8 10
8 14
9 41
10 41
11 13
12 13
12 37
13 14
13 15
14 17
14 25
14 29
14 30
14 31
14 32
15 16
15 18
15 23
15 24
16 19
17 26
17 27
18 19
19 20
19 33
20 21
21 22
22 28
23 33
24 33
25 26
26 38
27 28
27 33
28 38
29 41
30 41
31 41
32 41
33 34
33 35
33 36
34 38
35 40
36 38
37 43
38 40
39 41
40 41
41 42
42 44
42 45

# Parameters
R_e = 0.0500
T = 85.0
C_s = 4.0
C_w = 36.0
C_c = 5.0
