# Tasks
1 2 3 4 5 6 7 8 9 10 11 12 13 14 15 16 17 18 19 20

# Workstations
1 2 3 4 5 6 7 8 9 10 11 12 13 14 15 16 17 18 19 20

# Modes
1 2 3 4 5 6 7

# Processing Times
1 1 730
1 2 926
1 3 663
1 4 841
1 5 682
1 6 868
1 7 1101
2 1 589
2 2 748
2 3 535
2 4 679
2 5 550
2 6 700
2 7 889
3 1 474
3 2 602
3 3 431
3 4 547
3 5 443
3 6 564
3 7 716
4 1 390
4 2 495
4 3 354
4 4 450
4 5 364
4 6 464
4 7 589
5 1 462
5 2 586
5 3 420
5 4 532
5 5 432
5 6 549
5 7 697
6 1 496
6 2 630
6 3 451
6 4 572
6 5 463
6 6 590
6 7 749
7 1 480
7 2 609
7 3 436
7 4 553
7 5 448
7 6 571
7 7 724
8 1 425
8 2 540
8 3 386
8 4 490
8 5 397
8 6 505
8 7 642
9 1 545
9 2 692
9 3 495
9 4 628
9 5 509
9 6 648
9 7 823
10 1 562
10 2 713
10 3 510
10 4 647
10 5 525
10 6 668
10 7 848
11 1 438
11 2 556
11 3 398
11 4 505
11 5 409
11 6 521
11 7 661
12 1 702
12 2 891
12 3 637
12 4 809
12 5 655
12 6 834
12 7 1059
13 1 439
13 2 557
13 3 399
13 4 506
13 5 410
13 6 522
13 7 662
14 1 285
14 2 362
14 3 259
14 4 329
14 5 266
14 6 339
14 7 431
15 1 511
15 2 649
15 3 464
15 4 589
15 5 477
15 6 608
15 7 772
16 1 483
16 2 613
16 3 439
16 4 557
16 5 451
16 6 574
16 7 729
17 1 468
17 2 594
17 3 425
17 4 539
17 5 437
17 6 556
17 7 706
18 1 654
18 2 830
18 3 594
18 4 754
18 5 611
18 6 777
18 7 987
19 1 534
19 2 678
19 3 485
19 4 616
19 5 499
19 6 635
19 7 806
20 1 552
20 2 701
20 3 501
20 4 637
20 5 516
20 6 656
20 7 833

# Energy Consumption
1 1 0
1 2 217
1 3 0
1 4 182
1 5 104
1 6 0
1 7 152
2 1 0
2 2 184
2 3 0
2 4 141
2 5 82
2 6 0
2 7 128
3 1 0
3 2 171
3 3 0
3 4 100
3 5 63
3 6 0
3 7 98
4 1 0
4 2 140
4 3 0
4 4 95
4 5 56
4 6 0
4 7 82
5 1 0
5 2 149
5 3 0
5 4 101
5 5 63
5 6 0
5 7 103
6 1 0
6 2 151
6 3 0
6 4 117
6 5 73
6 6 0
6 7 110
7 1 0
7 2 154
7 3 0
7 4 111
7 5 71
7 6 0
7 7 105
8 1 0
8 2 127
8 3 0
8 4 102
8 5 58
8 6 0
8 7 96
9 1 0
9 2 190
9 3 0
9 4 136
9 5 74
9 6 0
9 7 119
10 1 0
10 2 185
10 3 0
10 4 141
10 5 78
10 6 0
10 7 127
11 1 0
11 2 162
11 3 0
11 4 101
11 5 64
11 6 0
11 7 84
12 1 0
12 2 223
12 3 0
12 4 172
12 5 97
12 6 0
12 7 154
13 1 0
13 2 151
13 3 0
13 4 109
13 5 59
13 6 0
13 7 89
14 1 0
14 2 82
14 3 0
14 4 71
14 5 39
14 6 0
14 7 56
15 1 0
15 2 155
15 3 0
15 4 123
15 5 72
15 6 0
15 7 111
16 1 0
16 2 136
16 3 0
16 4 123
16 5 70
16 6 0
16 7 90
17 1 0
17 2 171
17 3 0
17 4 99
17 5 67
17 6 0
17 7 97
18 1 0
18 2 241
18 3 0
18 4 143
18 5 94
18 6 0
18 7 144
19 1 0
19 2 159
19 3 0
19 4 112
19 5 71
19 6 0
19 7 104
20 1 0
20 2 167
20 3 0
20 4 130
20 5 78
20 6 0
20 7 124

# Precedence Relations
1 13
2 3
2 4
2 5
2 6
3 13
4 13
5 7
5 8
6 9
6 14
7 13
8 9
8 10
8 11
8 12
9 13
10 20
11 13
11 14
11 15
12 13
13 16
13 17
13 18
13 19
14 20

# Parameters
R_e = 0.0500
T = 1156.05
C_s = 4.0
C_w = 36.0
C_c = 5.0
