# Tasks
1 2 3 4 5 6 7 8 9 10 11 12 13 14 15 16 17 18 19 20

# Workstations
1 2 3 4 5 6 7 8 9 10 11 12 13 14 15 16 17 18 19 20

# Modes
1 2 3 4 5 6 7

# Processing Times
1 1 210
1 2 429
1 3 225
1 4 459
1 5 94
1 6 257
1 7 525
2 1 169
2 2 345
2 3 181
2 4 369
2 5 76
2 6 207
2 7 422
3 1 191
3 2 390
3 3 205
3 4 417
3 5 85
3 6 234
3 7 477
4 1 141
4 2 288
4 3 151
4 4 308
4 5 63
4 6 173
4 7 353
5 1 66
5 2 135
5 3 71
5 4 145
5 5 30
5 6 81
5 7 166
6 1 117
6 2 239
6 3 125
6 4 256
6 5 52
6 6 144
6 7 293
7 1 232
7 2 474
7 3 248
7 4 507
7 5 103
7 6 284
7 7 580
8 1 39
8 2 80
8 3 42
8 4 86
8 5 18
8 6 48
8 7 98
9 1 164
9 2 335
9 3 176
9 4 358
9 5 73
9 6 201
9 7 410
10 1 167
10 2 341
10 3 179
10 4 365
10 5 75
10 6 205
10 7 418
11 1 120
11 2 245
11 3 129
11 4 262
11 5 54
11 6 147
11 7 300
12 1 33
12 2 68
12 3 36
12 4 73
12 5 15
12 6 41
12 7 84
13 1 35
13 2 72
13 3 38
13 4 77
13 5 16
13 6 43
13 7 89
14 1 255
14 2 521
14 3 273
14 4 557
14 5 114
14 6 312
14 7 638
15 1 134
15 2 274
15 3 144
15 4 293
15 5 60
15 6 164
15 7 336
16 1 275
16 2 562
16 3 294
16 4 601
16 5 123
16 6 337
16 7 688
17 1 22
17 2 45
17 3 24
17 4 49
17 5 10
17 6 27
17 7 56
18 1 110
18 2 225
18 3 118
18 4 241
18 5 49
18 6 135
18 7 276
19 1 218
19 2 446
19 3 233
19 4 477
19 5 97
19 6 267
19 7 546
20 1 94
20 2 192
20 3 101
20 4 206
20 5 42
20 6 115
20 7 235

# Energy Consumption
1 1 0
1 2 107
1 3 0
1 4 101
1 5 14
1 6 0
1 7 76
2 1 0
2 2 87
2 3 0
2 4 80
2 5 12
2 6 0
2 7 59
3 1 0
3 2 88
3 3 0
3 4 81
3 5 13
3 6 0
3 7 59
4 1 0
4 2 82
4 3 0
4 4 67
4 5 10
4 6 0
4 7 46
5 1 0
5 2 35
5 3 0
5 4 31
5 5 5
5 6 0
5 7 23
6 1 0
6 2 55
6 3 0
6 4 48
6 5 8
6 6 0
6 7 41
7 1 0
7 2 138
7 3 0
7 4 102
7 5 15
7 6 0
7 7 81
8 1 0
8 2 21
8 3 0
8 4 17
8 5 3
8 6 0
8 7 14
9 1 0
9 2 92
9 3 0
9 4 77
9 5 11
9 6 0
9 7 61
10 1 0
10 2 88
10 3 0
10 4 75
10 5 11
10 6 0
10 7 55
11 1 0
11 2 56
11 3 0
11 4 48
11 5 9
11 6 0
11 7 45
12 1 0
12 2 17
12 3 0
12 4 14
12 5 3
12 6 0
12 7 12
13 1 0
13 2 19
13 3 0
13 4 16
13 5 3
13 6 0
13 7 12
14 1 0
14 2 155
14 3 0
14 4 111
14 5 17
14 6 0
14 7 93
15 1 0
15 2 81
15 3 0
15 4 62
15 5 10
15 6 0
15 7 42
16 1 0
16 2 136
16 3 0
16 4 128
16 5 18
16 6 0
16 7 86
17 1 0
17 2 13
17 3 0
17 4 10
17 5 2
17 6 0
17 7 8
18 1 0
18 2 56
18 3 0
18 4 47
18 5 8
18 6 0
18 7 40
19 1 0
19 2 114
19 3 0
19 4 98
19 5 16
19 6 0
19 7 76
20 1 0
20 2 54
20 3 0
20 4 40
20 5 7
20 6 0
20 7 34

# Precedence Relations
1 9
2 3
2 4
2 5
3 9
4 7
4 8
5 6
6 9
7 9
8 10
8 11
8 12
9 13
9 14
9 15
9 16
9 17
13 20
14 18
15 19
16 18
16 19
17 19

# Parameters
R_e = 0.0500
T = 1000.0
C_s = 4.0
C_w = 36.0
C_c = 5.0
