# Tasks
1 2 3 4 5 6 7 8 9 10 11 12 13 14 15 16 17 18 19 20

# Workstations
1 2 3 4 5 6 7 8 9 10 11 12 13 14 15 16 17 18 19 20

# Modes
1 2 3 4 5 6 7

# Processing Times
1 1 22
1 2 45
1 3 24
1 4 49
1 5 8
1 6 25
1 7 51
2 1 128
2 2 268
2 3 137
2 4 286
2 5 56
2 6 154
2 7 321
3 1 104
3 2 195
3 3 114
3 4 214
3 5 46
3 6 119
3 7 222
4 1 54
4 2 121
4 3 58
4 4 129
4 5 22
4 6 63
4 7 140
5 1 133
5 2 281
5 3 146
5 4 308
5 5 56
5 6 162
5 7 341
6 1 78
6 2 191
6 3 84
6 4 206
6 5 25
6 6 89
6 7 218
7 1 89
7 2 222
7 3 96
7 4 238
7 5 32
7 6 107
7 7 266
8 1 252
8 2 584
8 3 270
8 4 626
8 5 112
8 6 282
8 7 653
9 1 274
9 2 666
9 3 297
9 4 721
9 5 103
9 6 319
9 7 774
10 1 134
10 2 310
10 3 141
10 4 326
10 5 53
10 6 168
10 7 387
11 1 212
11 2 395
11 3 229
11 4 427
11 5 79
11 6 265
11 7 493
12 1 95
12 2 218
12 3 104
12 4 238
12 5 34
12 6 116
12 7 266
13 1 288
13 2 556
13 3 313
13 4 604
13 5 105
13 6 340
13 7 656
14 1 225
14 2 441
14 3 243
14 4 475
14 5 70
14 6 272
14 7 533
15 1 146
15 2 321
15 3 157
15 4 345
15 5 61
15 6 177
15 7 389
16 1 82
16 2 167
16 3 90
16 4 183
16 5 32
16 6 101
16 7 205
17 1 110
17 2 217
17 3 121
17 4 237
17 5 40
17 6 134
17 7 263
18 1 198
18 2 438
18 3 212
18 4 469
18 5 83
18 6 240
18 7 530
19 1 125
19 2 284
19 3 133
19 4 301
19 5 45
19 6 155
19 7 351
20 1 26
20 2 56
20 3 28
20 4 61
20 5 9
20 6 30
20 7 65

# Energy Consumption
1 1 0
1 2 12
1 3 0
1 4 11
1 5 2
1 6 0
1 7 8
2 1 0
2 2 67
2 3 0
2 4 62
2 5 9
2 6 0
2 7 45
3 1 0
3 2 44
3 3 0
3 4 42
3 5 7
3 6 0
3 7 28
4 1 0
4 2 35
4 3 0
4 4 28
4 5 4
4 6 0
4 7 19
5 1 0
5 2 73
5 3 0
5 4 65
5 5 9
5 6 0
5 7 46
6 1 0
6 2 44
6 3 0
6 4 39
6 5 4
6 6 0
6 7 31
7 1 0
7 2 65
7 3 0
7 4 48
7 5 5
7 6 0
7 7 38
8 1 0
8 2 153
8 3 0
8 4 123
8 5 16
8 6 0
8 7 92
9 1 0
9 2 182
9 3 0
9 4 155
9 5 15
9 6 0
9 7 116
10 1 0
10 2 80
10 3 0
10 4 67
10 5 8
10 6 0
10 7 51
11 1 0
11 2 91
11 3 0
11 4 78
11 5 12
11 6 0
11 7 74
12 1 0
12 2 52
12 3 0
12 4 45
12 5 6
12 6 0
12 7 37
13 1 0
13 2 144
13 3 0
13 4 122
13 5 15
13 6 0
13 7 85
14 1 0
14 2 131
14 3 0
14 4 95
14 5 11
14 6 0
14 7 78
15 1 0
15 2 94
15 3 0
15 4 72
15 5 10
15 6 0
15 7 49
16 1 0
16 2 41
16 3 0
16 4 39
16 5 5
16 6 0
16 7 26
17 1 0
17 2 61
17 3 0
17 4 48
17 5 6
17 6 0
17 7 37
18 1 0
18 2 108
18 3 0
18 4 92
18 5 13
18 6 0
18 7 76
19 1 0
19 2 73
19 3 0
19 4 62
19 5 7
19 6 0
19 7 49
20 1 0
20 2 16
20 3 0
20 4 12
20 5 2
20 6 0
20 7 10

# Precedence Relations
1 2
1 3
1 4
2 5
2 6
3 5
3 6
4 7
5 7
5 8
6 7
6 8
6 9
7 10
7 11
8 10
9 11
10 12
10 13
11 12
11 14
12 15
12 16
13 14
13 15
14 17
14 18
15 18
17 19
17 20

# Parameters
R_e = 0.0500
T = 1000.0
C_s = 4.0
C_w = 36.0
C_c = 5.0
