# Tasks
1 2 3 4 5 6 7 8 9 10 11 12 13 14 15 16 17 18 19 20

# Workstations
1 2 3 4 5 6 7 8 9 10 11 12 13 14 15 16 17 18 19 20

# Modes
1 2 3 4 5 6 7

# Processing Times
1 1 142
1 2 150
1 3 123
1 4 130
1 5 53
1 6 144
1 7 152
2 1 34
2 2 37
2 3 32
2 4 35
2 5 14
2 6 37
2 7 41
3 1 140
3 2 146
3 3 122
3 4 127
3 5 46
3 6 143
3 7 149
4 1 214
4 2 213
4 3 191
4 4 190
4 5 65
4 6 224
4 7 223
5 1 121
5 2 132
5 3 114
5 4 124
5 5 49
5 6 130
5 7 141
6 1 279
6 2 248
6 3 253
6 4 225
6 5 112
6 6 289
6 7 257
7 1 50
7 2 45
7 3 47
7 4 43
7 5 16
7 6 54
7 7 49
8 1 282
8 2 281
8 3 261
8 4 260
8 5 113
8 6 299
8 7 298
9 1 129
9 2 130
9 3 121
9 4 122
9 5 50
9 6 134
9 7 135
10 1 175
10 2 151
10 3 163
10 4 141
10 5 62
10 6 179
10 7 155
11 1 97
11 2 90
11 3 90
11 4 84
11 5 35
11 6 101
11 7 94
12 1 132
12 2 142
12 3 125
12 4 134
12 5 52
12 6 139
12 7 149
13 1 107
13 2 105
13 3 96
13 4 94
13 5 44
13 6 108
13 7 106
14 1 132
14 2 128
14 3 118
14 4 115
14 5 58
14 6 139
14 7 135
15 1 69
15 2 67
15 3 61
15 4 59
15 5 28
15 6 71
15 7 69
16 1 169
16 2 152
16 3 147
16 4 132
16 5 69
16 6 172
16 7 155
17 1 73
17 2 67
17 3 64
17 4 59
17 5 28
17 6 77
17 7 71
18 1 231
18 2 248
18 3 198
18 4 212
18 5 78
18 6 250
18 7 268
19 1 120
19 2 129
19 3 104
19 4 112
19 5 42
19 6 126
19 7 136
20 1 186
20 2 189
20 3 160
20 4 162
20 5 82
20 6 192
20 7 195

# Energy Consumption
1 1 0
1 2 38
1 3 0
1 4 26
1 5 9
1 6 0
1 7 22
2 1 0
2 2 9
2 3 0
2 4 8
2 5 3
2 6 0
2 7 6
3 1 0
3 2 36
3 3 0
3 4 23
3 5 7
3 6 0
3 7 22
4 1 0
4 2 63
4 3 0
4 4 35
4 5 10
4 6 0
4 7 33
5 1 0
5 2 40
5 3 0
5 4 26
5 5 8
5 6 0
5 7 20
6 1 0
6 2 72
6 3 0
6 4 43
6 5 17
6 6 0
6 7 35
7 1 0
7 2 11
7 3 0
7 4 10
7 5 3
7 6 0
7 7 8
8 1 0
8 2 83
8 3 0
8 4 54
8 5 17
8 6 0
8 7 41
9 1 0
9 2 33
9 3 0
9 4 26
9 5 8
9 6 0
9 7 20
10 1 0
10 2 39
10 3 0
10 4 30
10 5 9
10 6 0
10 7 21
11 1 0
11 2 22
11 3 0
11 4 18
11 5 6
11 6 0
11 7 14
12 1 0
12 2 35
12 3 0
12 4 29
12 5 9
12 6 0
12 7 22
13 1 0
13 2 26
13 3 0
13 4 19
13 5 7
13 6 0
13 7 14
14 1 0
14 2 31
14 3 0
14 4 22
14 5 9
14 6 0
14 7 17
15 1 0
15 2 20
15 3 0
15 4 13
15 5 5
15 6 0
15 7 9
16 1 0
16 2 35
16 3 0
16 4 25
16 5 10
16 6 0
16 7 21
17 1 0
17 2 19
17 3 0
17 4 13
17 5 4
17 6 0
17 7 11
18 1 0
18 2 57
18 3 0
18 4 45
18 5 12
18 6 0
18 7 37
19 1 0
19 2 29
19 3 0
19 4 25
19 5 7
19 6 0
19 7 20
20 1 0
20 2 50
20 3 0
20 4 32
20 5 12
20 6 0
20 7 29

# Precedence Relations
1 6
2 7
4 8
5 9
6 10
7 11
8 12
10 13
11 13
12 14
12 15
13 16
13 17
13 18
14 20
15 19

# Parameters
R_e = 0.0500
T = 1000.0
C_s = 4.0
C_w = 36.0
C_c = 5.0
