# Tasks
1 2 3 4 5 6 7 8 9 10 11 12 13 14 15 16 17 18 19 20

# Workstations
1 2 3 4 5 6 7 8 9 10 11 12 13 14 15 16 17 18 19 20

# Modes
1 2 3 4 5 6 7

# Processing Times
1 1 210
1 2 324
1 3 188
1 4 289
1 5 169
1 6 244
1 7 376
2 1 169
2 2 230
2 3 152
2 4 207
2 5 136
2 6 187
2 7 254
3 1 191
3 2 247
3 3 175
3 4 227
3 5 160
3 6 215
3 7 278
4 1 141
4 2 217
4 3 129
4 4 198
4 5 121
4 6 168
4 7 258
5 1 66
5 2 82
5 3 63
5 4 78
5 5 56
5 6 83
5 7 103
6 1 117
6 2 156
6 3 108
6 4 144
6 5 95
6 6 130
6 7 173
7 1 232
7 2 287
7 3 212
7 4 262
7 5 214
7 6 258
7 7 319
8 1 39
8 2 57
8 3 35
8 4 51
8 5 33
8 6 47
8 7 69
9 1 164
9 2 210
9 3 156
9 4 200
9 5 149
9 6 196
9 7 251
10 1 167
10 2 264
10 3 152
10 4 240
10 5 139
10 6 206
10 7 325
11 1 120
11 2 156
11 3 112
11 4 146
11 5 112
11 6 148
11 7 192
12 1 33
12 2 50
12 3 30
12 4 45
12 5 28
12 6 39
12 7 59
13 1 35
13 2 54
13 3 33
13 4 50
13 5 30
13 6 40
13 7 62
14 1 255
14 2 367
14 3 241
14 4 346
14 5 221
14 6 286
14 7 411
15 1 134
15 2 198
15 3 120
15 4 177
15 5 127
15 6 167
15 7 246
16 1 275
16 2 391
16 3 237
16 4 337
16 5 228
16 6 304
16 7 433
17 1 22
17 2 27
17 3 21
17 4 25
17 5 21
17 6 26
17 7 32
18 1 110
18 2 170
18 3 98
18 4 151
18 5 93
18 6 137
18 7 212
19 1 218
19 2 311
19 3 195
19 4 278
19 5 197
19 6 246
19 7 351
20 1 94
20 2 130
20 3 81
20 4 111
20 5 79
20 6 110
20 7 152

# Energy Consumption
1 1 0
1 2 76
1 3 0
1 4 63
1 5 26
1 6 0
1 7 52
2 1 0
2 2 57
2 3 0
2 4 43
2 5 21
2 6 0
2 7 37
3 1 0
3 2 70
3 3 0
3 4 42
3 5 23
3 6 0
3 7 38
4 1 0
4 2 62
4 3 0
4 4 42
4 5 19
4 6 0
4 7 36
5 1 0
5 2 21
5 3 0
5 4 15
5 5 9
5 6 0
5 7 16
6 1 0
6 2 38
6 3 0
6 4 30
6 5 15
6 6 0
6 7 26
7 1 0
7 2 73
7 3 0
7 4 53
7 5 34
7 6 0
7 7 47
8 1 0
8 2 14
8 3 0
8 4 11
8 5 5
8 6 0
8 7 11
9 1 0
9 2 58
9 3 0
9 4 44
9 5 22
9 6 0
9 7 37
10 1 0
10 2 69
10 3 0
10 4 53
10 5 21
10 6 0
10 7 49
11 1 0
11 2 46
11 3 0
11 4 30
11 5 18
11 6 0
11 7 25
12 1 0
12 2 13
12 3 0
12 4 10
12 5 5
12 6 0
12 7 9
13 1 0
13 2 15
13 3 0
13 4 11
13 5 5
13 6 0
13 7 9
14 1 0
14 2 83
14 3 0
14 4 75
14 5 32
14 6 0
14 7 53
15 1 0
15 2 47
15 3 0
15 4 37
15 5 20
15 6 0
15 7 36
16 1 0
16 2 87
16 3 0
16 4 75
16 5 36
16 6 0
16 7 54
17 1 0
17 2 8
17 3 0
17 4 5
17 5 4
17 6 0
17 7 5
18 1 0
18 2 50
18 3 0
18 4 29
18 5 15
18 6 0
18 7 31
19 1 0
19 2 73
19 3 0
19 4 51
19 5 28
19 6 0
19 7 45
20 1 0
20 2 31
20 3 0
20 4 23
20 5 12
20 6 0
20 7 23

# Precedence Relations
1 9
2 3
2 4
2 5
3 9
4 7
4 8
5 6
6 9
7 9
8 10
8 11
8 12
9 13
9 14
9 15
9 16
9 17
13 20
14 18
15 19
16 18
16 19
17 19

# Parameters
R_e = 0.0500
T = 1000.0
C_s = 4.0
C_w = 36.0
C_c = 5.0
