# Tasks
1 2 3 4 5 6 7 8 9 10 11 12 13 14 15 16 17 18 19 20

# Workstations
1 2 3 4 5 6 7 8 9 10 11 12 13 14 15 16 17 18 19 20

# Modes
1 2 3 4 5 6 7

# Processing Times
1 1 27
1 2 53
1 3 27
1 4 53
1 5 26
1 6 29
1 7 56
2 1 123
2 2 243
2 3 128
2 4 252
2 5 117
2 6 129
2 7 254
3 1 188
3 2 385
3 3 182
3 4 373
3 5 178
3 6 203
3 7 416
4 1 152
4 2 340
4 3 155
4 4 347
4 5 132
4 6 154
4 7 344
5 1 210
5 2 390
5 3 214
5 4 397
5 5 178
5 6 230
5 7 426
6 1 206
6 2 453
6 3 200
6 4 439
6 5 186
6 6 215
6 7 471
7 1 234
7 2 488
7 3 228
7 4 474
7 5 219
7 6 239
7 7 497
8 1 178
8 2 381
8 3 182
8 4 388
8 5 149
8 6 186
8 7 397
9 1 82
9 2 169
9 3 81
9 4 167
9 5 66
9 6 87
9 7 179
10 1 126
10 2 274
10 3 131
10 4 284
10 5 103
10 6 132
10 7 285
11 1 93
11 2 212
11 3 95
11 4 215
11 5 82
11 6 99
11 7 225
12 1 135
12 2 298
12 3 134
12 4 295
12 5 120
12 6 136
12 7 299
13 1 159
13 2 370
13 3 163
13 4 378
13 5 144
13 6 174
13 7 404
14 1 177
14 2 324
14 3 169
14 4 310
14 5 155
14 6 188
14 7 343
15 1 196
15 2 462
15 3 205
15 4 482
15 5 184
15 6 204
15 7 479
16 1 165
16 2 410
16 3 172
16 4 426
16 5 153
16 6 170
16 7 422
17 1 104
17 2 190
17 3 106
17 4 193
17 5 88
17 6 111
17 7 203
18 1 157
18 2 382
18 3 158
18 4 384
18 5 142
18 6 159
18 7 386
19 1 87
19 2 176
19 3 88
19 4 178
19 5 78
19 6 89
19 7 180
20 1 140
20 2 307
20 3 137
20 4 300
20 5 132
20 6 153
20 7 334

# Energy Consumption
1 1 0
1 2 14
1 3 0
1 4 11
1 5 4
1 6 0
1 7 9
2 1 0
2 2 62
2 3 0
2 4 55
2 5 19
2 6 0
2 7 36
3 1 0
3 2 99
3 3 0
3 4 78
3 5 28
3 6 0
3 7 53
4 1 0
4 2 92
4 3 0
4 4 70
4 5 21
4 6 0
4 7 43
5 1 0
5 2 95
5 3 0
5 4 72
5 5 29
5 6 0
5 7 52
6 1 0
6 2 122
6 3 0
6 4 83
6 5 28
6 6 0
6 7 61
7 1 0
7 2 121
7 3 0
7 4 87
7 5 34
7 6 0
7 7 75
8 1 0
8 2 112
8 3 0
8 4 81
8 5 23
8 6 0
8 7 57
9 1 0
9 2 49
9 3 0
9 4 32
9 5 10
9 6 0
9 7 24
10 1 0
10 2 79
10 3 0
10 4 61
10 5 16
10 6 0
10 7 41
11 1 0
11 2 47
11 3 0
11 4 46
11 5 14
11 6 0
11 7 28
12 1 0
12 2 70
12 3 0
12 4 65
12 5 20
12 6 0
12 7 41
13 1 0
13 2 106
13 3 0
13 4 70
13 5 23
13 6 0
13 7 60
14 1 0
14 2 84
14 3 0
14 4 58
14 5 25
14 6 0
14 7 42
15 1 0
15 2 120
15 3 0
15 4 94
15 5 29
15 6 0
15 7 61
16 1 0
16 2 105
16 3 0
16 4 83
16 5 23
16 6 0
16 7 54
17 1 0
17 2 51
17 3 0
17 4 37
17 5 15
17 6 0
17 7 25
18 1 0
18 2 112
18 3 0
18 4 78
18 5 22
18 6 0
18 7 55
19 1 0
19 2 52
19 3 0
19 4 33
19 5 12
19 6 0
19 7 27
20 1 0
20 2 74
20 3 0
20 4 60
20 5 19
20 6 0
20 7 50

# Precedence Relations
1 9
2 9
3 9
4 7
5 6
5 8
6 9
7 9
8 10
8 11
9 12
9 13
9 14
9 15
10 17
12 17
13 16
16 19
16 20
17 18

# Parameters
R_e = 0.0500
T = 1000.0
C_s = 4.0
C_w = 36.0
C_c = 5.0
