# Tasks
1 2 3 4 5 6 7 8 9 10 11 12 13 14 15 16 17 18 19 20 21 22 23 24 25 26 27 28 29 30 31 32 33 34 35 36 37 38 39 40 41 42 43 44 45 46 47 48 49 50 51 52 53

# Workstations
1 2 3 4 5 6 7 8 9 10 11 12 13 14 15 16 17 18 19 20 21 22 23 24 25 26 27 28 29 30 31 32 33 34 35 36 37 38 39 40 41 42 43 44 45 46 47 48 49 50 51 52 53

# Modes
1 2 3 4 5 6 7

# Processing Times
1 1 971
1 2 2413
1 3 828
1 4 2058
1 5 537
1 6 1379
1 7 3426
2 1 142
2 2 343
2 3 128
2 4 309
2 5 88
2 6 190
2 7 459
3 1 142
3 2 332
3 3 135
3 4 315
3 5 98
3 6 204
3 7 477
4 1 142
4 2 317
4 3 133
4 4 295
4 5 84
4 6 205
4 7 456
5 1 103
5 2 205
5 3 89
5 4 176
5 5 62
5 6 133
5 7 265
6 1 96
6 2 211
6 3 89
6 4 195
6 5 64
6 6 134
6 7 295
7 1 99
7 2 222
7 3 93
7 4 209
7 5 63
7 6 131
7 7 292
8 1 1207
8 2 2304
8 3 1139
8 4 2174
8 5 836
8 6 1711
8 7 3266
9 1 160
9 2 297
9 3 148
9 4 274
9 5 110
9 6 201
9 7 372
10 1 180
10 2 360
10 3 164
10 4 327
10 5 107
10 6 234
10 7 468
11 1 82
11 2 174
11 3 77
11 4 163
11 5 57
11 6 107
11 7 226
12 1 60
12 2 111
12 3 54
12 4 100
12 5 39
12 6 83
12 7 154
13 1 112
13 2 226
13 3 97
13 4 195
13 5 76
13 6 146
13 7 294
14 1 420
14 2 871
14 3 390
14 4 809
14 5 244
14 6 605
14 7 1254
15 1 1556
15 2 3873
15 3 1360
15 4 3385
15 5 947
15 6 2191
15 7 5452
16 1 236
16 2 450
16 3 218
16 4 414
16 5 135
16 6 335
16 7 638
17 1 259
17 2 468
17 3 242
17 4 437
17 5 169
17 6 366
17 7 661
18 1 125
18 2 309
18 3 111
18 4 274
18 5 85
18 6 169
18 7 417
19 1 601
19 2 1086
19 3 527
19 4 953
19 5 417
19 6 833
19 7 1504
20 1 80
20 2 179
20 3 69
20 4 155
20 5 48
20 6 114
20 7 253
21 1 80
21 2 180
21 3 74
21 4 166
21 5 52
21 6 115
21 7 258
22 1 70
22 2 167
22 3 65
22 4 154
22 5 43
22 6 95
22 7 226
23 1 89
23 2 195
23 3 81
23 4 176
23 5 50
23 6 114
23 7 249
24 1 89
24 2 222
24 3 81
24 4 200
24 5 63
24 6 117
24 7 291
25 1 105
25 2 190
25 3 95
25 4 171
25 5 63
25 6 146
25 7 264
26 1 330
26 2 724
26 3 311
26 4 682
26 5 213
26 6 430
26 7 944
27 1 132
27 2 298
27 3 123
27 4 276
27 5 85
27 6 166
27 7 374
28 1 69
28 2 150
28 3 60
28 4 130
28 5 41
28 6 98
28 7 213
29 1 99
29 2 216
29 3 86
29 4 187
29 5 69
29 6 126
29 7 275
30 1 70
30 2 152
30 3 65
30 4 140
30 5 42
30 6 96
30 7 208
31 1 70
31 2 141
31 3 62
31 4 124
31 5 40
31 6 97
31 7 195
32 1 158
32 2 327
32 3 141
32 4 291
32 5 95
32 6 201
32 7 416
33 1 191
33 2 405
33 3 177
33 4 374
33 5 129
33 6 242
33 7 513
34 1 70
34 2 171
34 3 61
34 4 149
34 5 49
34 6 102
34 7 248
35 1 53
35 2 119
35 3 46
35 4 102
35 5 36
35 6 76
35 7 170
36 1 50
36 2 105
36 3 43
36 4 90
36 5 29
36 6 68
36 7 142
37 1 125
37 2 267
37 3 109
37 4 232
37 5 87
37 6 176
37 7 375
38 1 353
38 2 872
38 3 323
38 4 798
38 5 209
38 6 453
38 7 1117
39 1 70
39 2 160
39 3 66
39 4 150
39 5 48
39 6 100
39 7 229
40 1 128
40 2 285
40 3 113
40 4 250
40 5 81
40 6 183
40 7 407
41 1 65
41 2 121
41 3 56
41 4 105
41 5 39
41 6 88
41 7 163
42 1 1775
42 2 3234
42 3 1516
42 4 2762
42 5 1188
42 6 2468
42 7 4496
43 1 91
43 2 200
43 3 83
43 4 181
43 5 55
43 6 115
43 7 252
44 1 91
44 2 219
44 3 81
44 4 194
44 5 54
44 6 132
44 7 316
45 1 113
45 2 247
45 3 106
45 4 231
45 5 66
45 6 158
45 7 344
46 1 487
46 2 1076
46 3 426
46 4 940
46 5 299
46 6 616
46 7 1361
47 1 138
47 2 298
47 3 129
47 4 277
47 5 79
47 6 196
47 7 424
48 1 80
48 2 200
48 3 70
48 4 174
48 5 46
48 6 114
48 7 285
49 1 80
49 2 198
49 3 72
49 4 177
49 5 46
49 6 114
49 7 282
50 1 65
50 2 142
50 3 57
50 4 124
50 5 44
50 6 92
50 7 200
51 1 40
51 2 98
51 3 36
51 4 87
51 5 27
51 6 52
51 7 128
52 1 742
52 2 1832
52 3 663
52 4 1635
52 5 513
52 6 995
52 7 2455
53 1 1085
53 2 2333
53 3 924
53 4 1987
53 5 626
53 6 1408
53 7 3027

# Energy Consumption
1 1 0
1 2 686
1 3 0
1 4 397
1 5 86
1 6 0
1 7 418
2 1 0
2 2 80
2 3 0
2 4 59
2 5 13
2 6 0
2 7 67
3 1 0
3 2 84
3 3 0
3 4 64
3 5 14
3 6 0
3 7 66
4 1 0
4 2 78
4 3 0
4 4 61
4 5 13
4 6 0
4 7 58
5 1 0
5 2 50
5 3 0
5 4 37
5 5 9
5 6 0
5 7 34
6 1 0
6 2 52
6 3 0
6 4 43
6 5 10
6 6 0
6 7 39
7 1 0
7 2 57
7 3 0
7 4 43
7 5 10
7 6 0
7 7 41
8 1 0
8 2 603
8 3 0
8 4 461
8 5 119
8 6 0
8 7 475
9 1 0
9 2 66
9 3 0
9 4 53
9 5 17
9 6 0
9 7 45
10 1 0
10 2 93
10 3 0
10 4 69
10 5 17
10 6 0
10 7 58
11 1 0
11 2 42
11 3 0
11 4 31
11 5 9
11 6 0
11 7 29
12 1 0
12 2 28
12 3 0
12 4 20
12 5 6
12 6 0
12 7 19
13 1 0
13 2 67
13 3 0
13 4 37
13 5 12
13 6 0
13 7 42
14 1 0
14 2 252
14 3 0
14 4 154
14 5 39
14 6 0
14 7 180
15 1 0
15 2 894
15 3 0
15 4 644
15 5 145
15 6 0
15 7 698
16 1 0
16 2 108
16 3 0
16 4 90
16 5 20
16 6 0
16 7 77
17 1 0
17 2 123
17 3 0
17 4 85
17 5 25
17 6 0
17 7 80
18 1 0
18 2 79
18 3 0
18 4 52
18 5 14
18 6 0
18 7 59
19 1 0
19 2 285
19 3 0
19 4 172
19 5 67
19 6 0
19 7 211
20 1 0
20 2 47
20 3 0
20 4 29
20 5 7
20 6 0
20 7 37
21 1 0
21 2 47
21 3 0
21 4 37
21 5 8
21 6 0
21 7 36
22 1 0
22 2 49
22 3 0
22 4 31
22 5 7
22 6 0
22 7 29
23 1 0
23 2 54
23 3 0
23 4 39
23 5 8
23 6 0
23 7 32
24 1 0
24 2 53
24 3 0
24 4 38
24 5 10
24 6 0
24 7 43
25 1 0
25 2 53
25 3 0
25 4 32
25 5 10
25 6 0
25 7 38
26 1 0
26 2 190
26 3 0
26 4 127
26 5 32
26 6 0
26 7 137
27 1 0
27 2 71
27 3 0
27 4 51
27 5 14
27 6 0
27 7 52
28 1 0
28 2 37
28 3 0
28 4 26
28 5 7
28 6 0
28 7 32
29 1 0
29 2 61
29 3 0
29 4 38
29 5 10
29 6 0
29 7 34
30 1 0
30 2 35
30 3 0
30 4 27
30 5 6
30 6 0
30 7 27
31 1 0
31 2 41
31 3 0
31 4 25
31 5 7
31 6 0
31 7 28
32 1 0
32 2 85
32 3 0
32 4 56
32 5 15
32 6 0
32 7 55
33 1 0
33 2 107
33 3 0
33 4 80
33 5 20
33 6 0
33 7 69
34 1 0
34 2 47
34 3 0
34 4 32
34 5 8
34 6 0
34 7 35
35 1 0
35 2 36
35 3 0
35 4 19
35 5 6
35 6 0
35 7 23
36 1 0
36 2 31
36 3 0
36 4 17
36 5 5
36 6 0
36 7 18
37 1 0
37 2 64
37 3 0
37 4 45
37 5 13
37 6 0
37 7 56
38 1 0
38 2 258
38 3 0
38 4 174
38 5 32
38 6 0
38 7 160
39 1 0
39 2 48
39 3 0
39 4 31
39 5 8
39 6 0
39 7 30
40 1 0
40 2 72
40 3 0
40 4 52
40 5 13
40 6 0
40 7 60
41 1 0
41 2 34
41 3 0
41 4 23
41 5 6
41 6 0
41 7 23
42 1 0
42 2 903
42 3 0
42 4 554
42 5 180
42 6 0
42 7 631
43 1 0
43 2 56
43 3 0
43 4 38
43 5 9
43 6 0
43 7 37
44 1 0
44 2 61
44 3 0
44 4 39
44 5 9
44 6 0
44 7 43
45 1 0
45 2 56
45 3 0
45 4 45
45 5 10
45 6 0
45 7 50
46 1 0
46 2 292
46 3 0
46 4 194
46 5 45
46 6 0
46 7 196
47 1 0
47 2 70
47 3 0
47 4 57
47 5 13
47 6 0
47 7 63
48 1 0
48 2 51
48 3 0
48 4 38
48 5 7
48 6 0
48 7 42
49 1 0
49 2 58
49 3 0
49 4 34
49 5 7
49 6 0
49 7 40
50 1 0
50 2 43
50 3 0
50 4 24
50 5 7
50 6 0
50 7 27
51 1 0
51 2 28
51 3 0
51 4 19
51 5 5
51 6 0
51 7 17
52 1 0
52 2 435
52 3 0
52 4 307
52 5 74
52 6 0
52 7 304
53 1 0
53 2 566
53 3 0
53 4 403
53 5 98
53 6 0
53 7 454

# Precedence Relations
1 2
1 3
1 4
1 5
1 6
1 7
2 36
3 36
4 9
5 9
6 9
7 9
8 9
9 10
10 11
11 12
12 13
12 14
12 15
13 16
13 17
13 18
14 22
15 16
15 17
16 29
16 30
16 31
17 19
18 42
19 20
19 21
19 22
20 23
21 24
22 25
23 36
24 36
25 26
26 27
27 28
28 29
28 30
28 31
28 32
28 33
28 34
29 35
30 35
31 35
32 35
33 35
34 35
35 36
36 37
37 38
37 39
37 40
38 41
39 41
40 41
41 42
42 43
42 44
42 45
42 46
42 47
43 48
44 49
45 51
45 52
46 50
47 51
47 52
48 51
48 52
49 51
49 52
50 51
50 52
51 53
52 53

# Parameters
R_e = 0.0500
T = 10000.0
C_s = 4.0
C_w = 36.0
C_c = 5.0
