# Tasks
1 2 3 4 5 6 7 8 9 10 11 12 13 14 15 16 17 18 19 20

# Workstations
1 2 3 4 5 6 7 8 9 10 11 12 13 14 15 16 17 18 19 20

# Modes
1 2 3 4 5 6 7

# Processing Times
1 1 27
1 2 24
1 3 30
1 4 27
1 5 26
1 6 38
1 7 34
2 1 123
2 2 105
2 3 136
2 4 116
2 5 116
2 6 173
2 7 148
3 1 188
3 2 161
3 3 207
3 4 177
3 5 177
3 6 265
3 7 227
4 1 152
4 2 130
4 3 168
4 4 143
4 5 143
4 6 214
4 7 183
5 1 210
5 2 180
5 3 231
5 4 198
5 5 197
5 6 295
5 7 253
6 1 206
6 2 176
6 3 227
6 4 194
6 5 194
6 6 290
6 7 248
7 1 234
7 2 200
7 3 258
7 4 220
7 5 220
7 6 329
7 7 281
8 1 178
8 2 152
8 3 196
8 4 168
8 5 167
8 6 250
8 7 214
9 1 82
9 2 70
9 3 91
9 4 77
9 5 77
9 6 116
9 7 99
10 1 126
10 2 108
10 3 139
10 4 119
10 5 119
10 6 177
10 7 152
11 1 93
11 2 80
11 3 103
11 4 88
11 5 88
11 6 131
11 7 113
12 1 135
12 2 116
12 3 149
12 4 128
12 5 127
12 6 190
12 7 163
13 1 159
13 2 136
13 3 175
13 4 150
13 5 150
13 6 224
13 7 191
14 1 177
14 2 151
14 3 195
14 4 166
14 5 166
14 6 249
14 7 213
15 1 196
15 2 168
15 3 216
15 4 185
15 5 184
15 6 276
15 7 236
16 1 165
16 2 141
16 3 182
16 4 155
16 5 155
16 6 232
16 7 199
17 1 104
17 2 89
17 3 115
17 4 98
17 5 98
17 6 147
17 7 125
18 1 157
18 2 134
18 3 173
18 4 148
18 5 148
18 6 221
18 7 189
19 1 87
19 2 75
19 3 96
19 4 83
19 5 82
19 6 123
19 7 106
20 1 140
20 2 120
20 3 154
20 4 132
20 5 132
20 6 197
20 7 169

# Energy Consumption
1 1 0
1 2 6
1 3 0
1 4 6
1 5 5
1 6 0
1 7 5
2 1 0
2 2 29
2 3 0
2 4 26
2 5 18
2 6 0
2 7 21
3 1 0
3 2 36
3 3 0
3 4 35
3 5 26
3 6 0
3 7 29
4 1 0
4 2 39
4 3 0
4 4 28
4 5 21
4 6 0
4 7 24
5 1 0
5 2 46
5 3 0
5 4 41
5 5 32
5 6 0
5 7 34
6 1 0
6 2 43
6 3 0
6 4 37
6 5 31
6 6 0
6 7 35
7 1 0
7 2 58
7 3 0
7 4 44
7 5 34
7 6 0
7 7 42
8 1 0
8 2 39
8 3 0
8 4 35
8 5 27
8 6 0
8 7 28
9 1 0
9 2 19
9 3 0
9 4 17
9 5 12
9 6 0
9 7 13
10 1 0
10 2 27
10 3 0
10 4 27
10 5 19
10 6 0
10 7 20
11 1 0
11 2 21
11 3 0
11 4 17
11 5 13
11 6 0
11 7 16
12 1 0
12 2 27
12 3 0
12 4 29
12 5 20
12 6 0
12 7 21
13 1 0
13 2 37
13 3 0
13 4 29
13 5 24
13 6 0
13 7 27
14 1 0
14 2 41
14 3 0
14 4 33
14 5 27
14 6 0
14 7 28
15 1 0
15 2 47
15 3 0
15 4 40
15 5 29
15 6 0
15 7 31
16 1 0
16 2 40
16 3 0
16 4 30
16 5 25
16 6 0
16 7 29
17 1 0
17 2 22
17 3 0
17 4 21
17 5 16
17 6 0
17 7 19
18 1 0
18 2 36
18 3 0
18 4 30
18 5 23
18 6 0
18 7 24
19 1 0
19 2 17
19 3 0
19 4 17
19 5 13
19 6 0
19 7 13
20 1 0
20 2 30
20 3 0
20 4 28
20 5 19
20 6 0
20 7 24

# Precedence Relations
1 9
2 9
3 9
4 7
5 6
5 8
6 9
7 9
8 10
8 11
9 12
9 13
9 14
9 15
10 17
12 17
13 16
16 19
16 20
17 18

# Parameters
R_e = 0.0500
T = 1000.0
C_s = 4.0
C_w = 36.0
C_c = 5.0
