# Tasks
1 2 3 4 5 6 7 8 9 10 11 12 13 14 15 16 17 18 19 20

# Workstations
1 2 3 4 5 6 7 8 9 10 11 12 13 14 15 16 17 18 19 20

# Modes
1 2 3 4 5 6 7

# Processing Times
1 1 260
1 2 507
1 3 257
1 4 502
1 5 243
1 6 275
1 7 535
2 1 482
2 2 952
2 3 500
2 4 987
2 5 455
2 6 503
2 7 992
3 1 250
3 2 512
3 3 242
3 4 495
3 5 236
3 6 270
3 7 553
4 1 119
4 2 266
4 3 122
4 4 271
4 5 103
4 6 121
4 7 269
5 1 324
5 2 602
5 3 330
5 4 612
5 5 274
5 6 354
5 7 658
6 1 357
6 2 785
6 3 346
6 4 761
6 5 322
6 6 372
6 7 817
7 1 292
7 2 609
7 3 284
7 4 592
7 5 273
7 6 298
7 7 621
8 1 323
8 2 690
8 3 329
8 4 703
8 5 269
8 6 337
8 7 718
9 1 119
9 2 245
9 3 118
9 4 242
9 5 96
9 6 126
9 7 259
10 1 179
10 2 389
10 3 186
10 4 403
10 5 147
10 6 187
10 7 405
11 1 166
11 2 378
11 3 169
11 4 383
11 5 147
11 6 176
11 7 400
12 1 62
12 2 137
12 3 62
12 4 136
12 5 55
12 6 63
12 7 138
13 1 298
13 2 692
13 3 304
13 4 706
13 5 269
13 6 325
13 7 755
14 1 311
14 2 569
14 3 297
14 4 544
14 5 271
14 6 330
14 7 603
15 1 539
15 2 1269
15 3 562
15 4 1322
15 5 505
15 6 559
15 7 1315
16 1 188
16 2 467
16 3 195
16 4 485
16 5 175
16 6 194
16 7 480
17 1 113
17 2 206
17 3 115
17 4 209
17 5 95
17 6 121
17 7 220
18 1 168
18 2 409
18 3 169
18 4 411
18 5 152
18 6 170
18 7 413
19 1 334
19 2 675
19 3 338
19 4 682
19 5 300
19 6 341
19 7 689
20 1 142
20 2 311
20 3 139
20 4 304
20 5 134
20 6 155
20 7 338

# Energy Consumption
1 1 0
1 2 129
1 3 0
1 4 103
1 5 37
1 6 0
1 7 80
2 1 0
2 2 240
2 3 0
2 4 212
2 5 73
2 6 0
2 7 141
3 1 0
3 2 132
3 3 0
3 4 103
3 5 38
3 6 0
3 7 70
4 1 0
4 2 72
4 3 0
4 4 55
4 5 16
4 6 0
4 7 34
5 1 0
5 2 146
5 3 0
5 4 111
5 5 44
5 6 0
5 7 80
6 1 0
6 2 212
6 3 0
6 4 143
6 5 48
6 6 0
6 7 106
7 1 0
7 2 151
7 3 0
7 4 109
7 5 42
7 6 0
7 7 93
8 1 0
8 2 202
8 3 0
8 4 146
8 5 41
8 6 0
8 7 103
9 1 0
9 2 70
9 3 0
9 4 46
9 5 14
9 6 0
9 7 35
10 1 0
10 2 112
10 3 0
10 4 86
10 5 23
10 6 0
10 7 58
11 1 0
11 2 84
11 3 0
11 4 81
11 5 24
11 6 0
11 7 49
12 1 0
12 2 32
12 3 0
12 4 30
12 5 9
12 6 0
12 7 19
13 1 0
13 2 198
13 3 0
13 4 130
13 5 42
13 6 0
13 7 112
14 1 0
14 2 146
14 3 0
14 4 101
14 5 43
14 6 0
14 7 74
15 1 0
15 2 328
15 3 0
15 4 258
15 5 78
15 6 0
15 7 167
16 1 0
16 2 119
16 3 0
16 4 95
16 5 26
16 6 0
16 7 62
17 1 0
17 2 55
17 3 0
17 4 40
17 5 16
17 6 0
17 7 27
18 1 0
18 2 119
18 3 0
18 4 83
18 5 23
18 6 0
18 7 59
19 1 0
19 2 197
19 3 0
19 4 124
19 5 45
19 6 0
19 7 104
20 1 0
20 2 75
20 3 0
20 4 61
20 5 19
20 6 0
20 7 51

# Precedence Relations
1 4
2 5
2 6
3 5
3 6
4 7
5 8
5 9
6 8
6 9
7 11
8 10
8 12
8 13
8 16
9 13
9 16
10 14
11 16
12 15
13 17
13 19
14 18
15 18
16 19
17 18
17 20

# Parameters
R_e = 0.0500
T = 1000.0
C_s = 4.0
C_w = 36.0
C_c = 5.0
