# Tasks
1 2 3 4 5 6 7 8 9 10 11 12 13 14 15 16 17 18 19 20

# Workstations
1 2 3 4 5 6 7 8 9 10 11 12 13 14 15 16 17 18 19 20

# Modes
1 2 3 4 5 6 7

# Processing Times
1 1 471
1 2 461
1 3 514
1 4 503
1 5 405
1 6 671
1 7 657
2 1 570
2 2 533
2 3 621
2 4 581
2 5 481
2 6 789
2 7 737
3 1 335
3 2 347
3 3 360
3 4 373
3 5 311
3 6 456
3 7 473
4 1 590
4 2 578
4 3 643
4 4 630
4 5 490
4 6 780
4 7 764
5 1 564
5 2 606
5 3 595
5 4 639
5 5 504
5 6 746
5 7 801
6 1 599
6 2 537
6 3 654
6 4 586
6 5 552
6 6 866
6 7 776
7 1 494
7 2 488
7 3 526
7 4 519
7 5 414
7 6 647
7 7 639
8 1 547
8 2 548
8 3 589
8 4 590
8 5 440
8 6 726
8 7 727
9 1 714
9 2 755
9 3 766
9 4 810
9 5 585
9 6 979
9 7 1035
10 1 524
10 2 516
10 3 558
10 4 550
10 5 430
10 6 693
10 7 683
11 1 646
11 2 666
11 3 685
11 4 706
11 5 591
11 6 883
11 7 911
12 1 564
12 2 483
12 3 601
12 4 515
12 5 492
12 6 737
12 7 631
13 1 314
13 2 297
13 3 343
13 4 325
13 5 269
13 6 422
13 7 399
14 1 372
14 2 354
14 3 394
14 4 375
14 5 320
14 6 529
14 7 503
15 1 653
15 2 626
15 3 713
15 4 683
15 5 575
15 6 890
15 7 854
16 1 732
16 2 794
16 3 783
16 4 850
16 5 641
16 6 945
16 7 1025
17 1 471
17 2 435
17 3 504
17 4 465
17 5 426
17 6 660
17 7 609
18 1 281
18 2 254
18 3 299
18 4 271
18 5 242
18 6 378
18 7 342
19 1 381
19 2 416
19 3 406
19 4 444
19 5 349
19 6 550
19 7 600
20 1 638
20 2 550
20 3 676
20 4 583
20 5 542
20 6 837
20 7 721

# Energy Consumption
1 1 0
1 2 102
1 3 0
1 4 109
1 5 65
1 6 0
1 7 95
2 1 0
2 2 143
2 3 0
2 4 127
2 5 74
2 6 0
2 7 104
3 1 0
3 2 77
3 3 0
3 4 73
3 5 46
3 6 0
3 7 59
4 1 0
4 2 172
4 3 0
4 4 121
4 5 71
4 6 0
4 7 99
5 1 0
5 2 153
5 3 0
5 4 130
5 5 81
5 6 0
5 7 107
6 1 0
6 2 131
6 3 0
6 4 110
6 5 87
6 6 0
6 7 107
7 1 0
7 2 141
7 3 0
7 4 104
7 5 64
7 6 0
7 7 96
8 1 0
8 2 141
8 3 0
8 4 121
8 5 70
8 6 0
8 7 93
9 1 0
9 2 204
9 3 0
9 4 174
9 5 91
9 6 0
9 7 127
10 1 0
10 2 127
10 3 0
10 4 121
10 5 66
10 6 0
10 7 88
11 1 0
11 2 170
11 3 0
11 4 130
11 5 83
11 6 0
11 7 127
12 1 0
12 2 109
12 3 0
12 4 114
12 5 76
12 6 0
12 7 82
13 1 0
13 2 80
13 3 0
13 4 61
13 5 42
13 6 0
13 7 56
14 1 0
14 2 96
14 3 0
14 4 73
14 5 52
14 6 0
14 7 66
15 1 0
15 2 172
15 3 0
15 4 147
15 5 88
15 6 0
15 7 111
16 1 0
16 2 225
16 3 0
16 4 162
16 5 102
16 6 0
16 7 145
17 1 0
17 2 107
17 3 0
17 4 96
17 5 67
17 6 0
17 7 90
18 1 0
18 2 68
18 3 0
18 4 55
18 5 38
18 6 0
18 7 43
19 1 0
19 2 94
19 3 0
19 4 88
19 5 52
19 6 0
19 7 73
20 1 0
20 2 136
20 3 0
20 4 122
20 5 78
20 6 0
20 7 99

# Precedence Relations
1 5
1 6
2 5
3 4
4 14
5 7
5 8
5 9
7 10
7 11
8 12
8 13
10 14
11 14
12 14
13 15
14 16
14 17
14 18
14 19
14 20

# Parameters
R_e = 0.0500
T = 1086.75
C_s = 4.0
C_w = 36.0
C_c = 5.0
