# Tasks
1 2 3 4 5 6 7 8 9 10 11 12 13 14 15 16 17 18 19 20

# Workstations
1 2 3 4 5 6 7 8 9 10 11 12 13 14 15 16 17 18 19 20

# Modes
1 2 3 4 5 6 7

# Processing Times
1 1 165
1 2 334
1 3 177
1 4 357
1 5 53
1 6 187
1 7 378
2 1 79
2 2 166
2 3 85
2 4 177
2 5 34
2 6 95
2 7 199
3 1 84
3 2 158
3 3 92
3 4 173
3 5 37
3 6 96
3 7 180
4 1 234
4 2 522
4 3 249
4 4 555
4 5 94
4 6 271
4 7 603
5 1 79
5 2 167
5 3 87
5 4 183
5 5 34
5 6 96
5 7 203
6 1 241
6 2 590
6 3 260
6 4 635
6 5 75
6 6 275
6 7 673
7 1 74
7 2 185
7 3 80
7 4 198
7 5 27
7 6 89
7 7 222
8 1 96
8 2 223
8 3 103
8 4 239
8 5 43
8 6 108
8 7 250
9 1 44
9 2 107
9 3 48
9 4 116
9 5 17
9 6 52
9 7 125
10 1 225
10 2 520
10 3 237
10 4 547
10 5 89
10 6 281
10 7 649
11 1 77
11 2 144
11 3 84
11 4 156
11 5 29
11 6 96
11 7 180
12 1 124
12 2 284
12 3 136
12 4 310
12 5 45
12 6 152
12 7 347
13 1 119
13 2 230
13 3 130
13 4 250
13 5 44
13 6 141
13 7 272
14 1 160
14 2 314
14 3 173
14 4 339
14 5 50
14 6 194
14 7 379
15 1 41
15 2 90
15 3 44
15 4 97
15 5 17
15 6 50
15 7 109
16 1 204
16 2 415
16 3 224
16 4 455
16 5 79
16 6 250
16 7 509
17 1 319
17 2 628
17 3 349
17 4 686
17 5 114
17 6 387
17 7 762
18 1 248
18 2 548
18 3 266
18 4 586
18 5 104
18 6 300
18 7 663
19 1 127
19 2 289
19 3 135
19 4 307
19 5 45
19 6 157
19 7 357
20 1 84
20 2 178
20 3 91
20 4 191
20 5 29
20 6 97
20 7 204

# Energy Consumption
1 1 0
1 2 83
1 3 0
1 4 78
1 5 8
1 6 0
1 7 55
2 1 0
2 2 42
2 3 0
2 4 39
2 5 6
2 6 0
2 7 28
3 1 0
3 2 36
3 3 0
3 4 34
3 5 6
3 6 0
3 7 23
4 1 0
4 2 148
4 3 0
4 4 120
4 5 15
4 6 0
4 7 79
5 1 0
5 2 43
5 3 0
5 4 39
5 5 6
5 6 0
5 7 28
6 1 0
6 2 135
6 3 0
6 4 119
6 5 12
6 6 0
6 7 93
7 1 0
7 2 54
7 3 0
7 4 40
7 5 4
7 6 0
7 7 31
8 1 0
8 2 59
8 3 0
8 4 47
8 5 7
8 6 0
8 7 36
9 1 0
9 2 30
9 3 0
9 4 25
9 5 3
9 6 0
9 7 19
10 1 0
10 2 134
10 3 0
10 4 112
10 5 13
10 6 0
10 7 86
11 1 0
11 2 33
11 3 0
11 4 29
11 5 5
11 6 0
11 7 27
12 1 0
12 2 68
12 3 0
12 4 59
12 5 8
12 6 0
12 7 48
13 1 0
13 2 60
13 3 0
13 4 51
13 5 7
13 6 0
13 7 36
14 1 0
14 2 94
14 3 0
14 4 68
14 5 8
14 6 0
14 7 55
15 1 0
15 2 27
15 3 0
15 4 21
15 5 3
15 6 0
15 7 14
16 1 0
16 2 101
16 3 0
16 4 97
16 5 12
16 6 0
16 7 64
17 1 0
17 2 174
17 3 0
17 4 138
17 5 17
17 6 0
17 7 106
18 1 0
18 2 135
18 3 0
18 4 115
18 5 17
18 6 0
18 7 95
19 1 0
19 2 74
19 3 0
19 4 63
19 5 7
19 6 0
19 7 50
20 1 0
20 2 50
20 3 0
20 4 38
20 5 5
20 6 0
20 7 29

# Precedence Relations
1 11
2 7
3 6
3 7
4 5
4 6
5 11
7 8
7 9
7 10
8 11
9 11
10 12
10 13
11 14
11 15
11 16
11 17
15 19
15 20
16 18
17 19

# Parameters
R_e = 0.0500
T = 1000.0
C_s = 4.0
C_w = 36.0
C_c = 5.0
