# Tasks
1 2 3 4 5 6 7 8 9 10 11 12 13 14 15 16 17 18 19 20

# Workstations
1 2 3 4 5 6 7 8 9 10 11 12 13 14 15 16 17 18 19 20

# Modes
1 2 3 4 5 6 7

# Processing Times
1 1 464
1 2 602
1 3 504
1 4 654
1 5 301
1 6 500
1 7 649
2 1 154
2 2 200
2 3 168
2 4 218
2 5 100
2 6 166
2 7 216
3 1 506
3 2 657
3 3 550
3 4 714
3 5 328
3 6 546
3 7 708
4 1 476
4 2 618
4 3 517
4 4 672
4 5 309
4 6 513
4 7 666
5 1 77
5 2 100
5 3 84
5 4 109
5 5 50
5 6 83
5 7 108
6 1 155
6 2 202
6 3 169
6 4 220
6 5 101
6 6 167
6 7 218
7 1 340
7 2 442
7 3 370
7 4 481
7 5 221
7 6 367
7 7 477
8 1 467
8 2 606
8 3 508
8 4 659
8 5 303
8 6 504
8 7 653
9 1 94
9 2 122
9 3 103
9 4 133
9 5 61
9 6 102
9 7 132
10 1 65
10 2 85
10 3 71
10 4 93
10 5 43
10 6 71
10 7 92
11 1 192
11 2 250
11 3 209
11 4 272
11 5 125
11 6 207
11 7 270
12 1 127
12 2 165
12 3 138
12 4 180
12 5 83
12 6 137
12 7 178
13 1 204
13 2 265
13 3 222
13 4 288
13 5 133
13 6 220
13 7 286
14 1 108
14 2 141
14 3 118
14 4 154
14 5 70
14 6 117
14 7 152
15 1 481
15 2 624
15 3 523
15 4 678
15 5 312
15 6 519
15 7 673
16 1 213
16 2 277
16 3 232
16 4 301
16 5 138
16 6 230
16 7 299
17 1 116
17 2 151
17 3 126
17 4 165
17 5 76
17 6 125
17 7 163
18 1 74
18 2 96
18 3 81
18 4 105
18 5 48
18 6 80
18 7 104
19 1 220
19 2 286
19 3 239
19 4 311
19 5 143
19 6 237
19 7 309
20 1 117
20 2 152
20 3 128
20 4 166
20 5 76
20 6 127
20 7 164

# Energy Consumption
1 1 0
1 2 145
1 3 0
1 4 135
1 5 47
1 6 0
1 7 93
2 1 0
2 2 51
2 3 0
2 4 44
2 5 15
2 6 0
2 7 31
3 1 0
3 2 183
3 3 0
3 4 140
3 5 52
3 6 0
3 7 97
4 1 0
4 2 154
4 3 0
4 4 148
4 5 44
4 6 0
4 7 96
5 1 0
5 2 25
5 3 0
5 4 23
5 5 8
5 6 0
5 7 15
6 1 0
6 2 45
6 3 0
6 4 47
6 5 16
6 6 0
6 7 30
7 1 0
7 2 99
7 3 0
7 4 104
7 5 32
7 6 0
7 7 68
8 1 0
8 2 154
8 3 0
8 4 139
8 5 45
8 6 0
8 7 92
9 1 0
9 2 33
9 3 0
9 4 29
9 5 10
9 6 0
9 7 20
10 1 0
10 2 25
10 3 0
10 4 20
10 5 7
10 6 0
10 7 13
11 1 0
11 2 56
11 3 0
11 4 51
11 5 19
11 6 0
11 7 39
12 1 0
12 2 42
12 3 0
12 4 40
12 5 12
12 6 0
12 7 25
13 1 0
13 2 64
13 3 0
13 4 58
13 5 20
13 6 0
13 7 40
14 1 0
14 2 42
14 3 0
14 4 32
14 5 11
14 6 0
14 7 21
15 1 0
15 2 160
15 3 0
15 4 125
15 5 48
15 6 0
15 7 83
16 1 0
16 2 79
16 3 0
16 4 64
16 5 22
16 6 0
16 7 39
17 1 0
17 2 41
17 3 0
17 4 37
17 5 12
17 6 0
17 7 21
18 1 0
18 2 24
18 3 0
18 4 21
18 5 8
18 6 0
18 7 13
19 1 0
19 2 79
19 3 0
19 4 64
19 5 23
19 6 0
19 7 47
20 1 0
20 2 39
20 3 0
20 4 37
20 5 12
20 6 0
20 7 21

# Precedence Relations
1 9
2 9
3 9
4 9
5 11
5 12
8 10
9 13
9 14
9 15
9 16
14 17
15 18
17 20
18 19

# Parameters
R_e = 0.0500
T = 1000.0
C_s = 4.0
C_w = 36.0
C_c = 5.0
