# Tasks
1 2 3 4 5 6 7 8 9 10 11 12 13 14 15 16 17 18 19 20 21 22 23 24 25 26 27 28 29 30 31 32 33 34 35 36 37 38 39 40 41 42 43 44 45 46 47 48 49 50 51 52 53 54 55 56 57 58 59 60 61 62 63 64 65 66 67 68 69 70 71 72 73 74 75 76 77 78 79 80 81 82 83 84 85 86 87 88 89 90 91 92 93 94

# Workstations
1 2 3 4 5 6 7 8 9 10 11 12 13 14 15 16 17 18 19 20 21 22 23 24 25 26 27 28 29 30 31 32 33 34 35 36 37 38 39 40 41 42 43 44 45 46 47 48 49 50 51 52 53 54 55 56 57 58 59 60 61 62 63 64 65 66 67 68 69 70 71 72 73 74 75 76 77 78 79 80 81 82 83 84 85 86 87 88 89 90 91 92 93 94

# Modes
1 2 3 4 5 6 7

# Processing Times
1 1 158
1 2 241
1 3 151
1 4 230
1 5 63
1 6 201
1 7 306
2 1 42
2 2 55
2 3 43
2 4 56
2 5 16
2 6 58
2 7 75
3 1 17
3 2 26
3 3 17
3 4 25
3 5 6
3 6 24
3 7 36
4 1 24
4 2 34
4 3 25
4 4 35
4 5 8
4 6 33
4 7 46
5 1 71
5 2 104
5 3 72
5 4 105
5 5 22
5 6 96
5 7 140
6 1 66
6 2 83
6 3 65
6 4 82
6 5 30
6 6 91
6 7 114
7 1 50
7 2 62
7 3 52
7 4 64
7 5 21
7 6 70
7 7 86
8 1 55
8 2 74
8 3 57
8 4 77
8 5 23
8 6 70
8 7 94
9 1 30
9 2 47
9 3 30
9 4 46
9 5 14
9 6 44
9 7 69
10 1 28
10 2 38
10 3 29
10 4 39
10 5 9
10 6 38
10 7 51
11 1 113
11 2 165
11 3 115
11 4 168
11 5 38
11 6 162
11 7 236
12 1 114
12 2 165
12 3 117
12 4 169
12 5 38
12 6 157
12 7 227
13 1 57
13 2 85
13 3 59
13 4 88
13 5 26
13 6 82
13 7 123
14 1 65
14 2 103
14 3 63
14 4 99
14 5 24
14 6 90
14 7 143
15 1 15
15 2 23
15 3 16
15 4 24
15 5 6
15 6 20
15 7 30
16 1 11
16 2 17
16 3 11
16 4 17
16 5 5
16 6 15
16 7 23
17 1 10
17 2 16
17 3 11
17 4 17
17 5 4
17 6 15
17 7 24
18 1 19
18 2 26
18 3 20
18 4 27
18 5 7
18 6 28
18 7 38
19 1 8
19 2 13
19 3 9
19 4 14
19 5 4
19 6 12
19 7 19
20 1 17
20 2 25
20 3 18
20 4 26
20 5 6
20 6 23
20 7 34
21 1 57
21 2 89
21 3 58
21 4 91
21 5 25
21 6 76
21 7 119
22 1 40
22 2 58
22 3 39
22 4 56
22 5 15
22 6 55
22 7 79
23 1 17
23 2 23
23 3 17
23 4 22
23 5 7
23 6 24
23 7 32
24 1 11
24 2 18
24 3 12
24 4 19
24 5 5
24 6 16
24 7 25
25 1 17
25 2 23
25 3 17
25 4 23
25 5 7
25 6 23
25 7 30
26 1 27
26 2 34
26 3 27
26 4 34
26 5 11
26 6 36
26 7 45
27 1 17
27 2 22
27 3 18
27 4 23
27 5 7
27 6 23
27 7 30
28 1 18
28 2 28
28 3 19
28 4 29
28 5 7
28 6 27
28 7 41
29 1 16
29 2 25
29 3 17
29 4 26
29 5 6
29 6 21
29 7 32
30 1 18
30 2 26
30 3 19
30 4 28
30 5 6
30 6 24
30 7 34
31 1 50
31 2 75
31 3 52
31 4 78
31 5 18
31 6 66
31 7 98
32 1 18
32 2 24
32 3 19
32 4 25
32 5 6
32 6 25
32 7 33
33 1 13
33 2 17
33 3 14
33 4 18
33 5 5
33 6 17
33 7 22
34 1 21
34 2 32
34 3 22
34 4 33
34 5 9
34 6 30
34 7 46
35 1 63
35 2 78
35 3 66
35 4 82
35 5 21
35 6 87
35 7 108
36 1 8
36 2 11
36 3 9
36 4 12
36 5 4
36 6 11
36 7 15
37 1 63
37 2 89
37 3 63
37 4 89
37 5 28
37 6 82
37 7 116
38 1 9
38 2 14
38 3 9
38 4 14
38 5 4
38 6 13
38 7 20
39 1 20
39 2 26
39 3 21
39 4 28
39 5 7
39 6 29
39 7 38
40 1 72
40 2 100
40 3 71
40 4 98
40 5 26
40 6 101
40 7 140
41 1 30
41 2 44
41 3 31
41 4 45
41 5 11
41 6 40
41 7 58
42 1 69
42 2 104
42 3 70
42 4 106
42 5 31
42 6 96
42 7 144
43 1 27
43 2 38
43 3 27
43 4 37
43 5 11
43 6 39
43 7 54
44 1 9
44 2 13
44 3 10
44 4 14
44 5 4
44 6 13
44 7 18
45 1 41
45 2 57
45 3 43
45 4 60
45 5 13
45 6 52
45 7 72
46 1 38
46 2 47
46 3 38
46 4 46
46 5 15
46 6 52
46 7 64
47 1 76
47 2 102
47 3 74
47 4 100
47 5 25
47 6 96
47 7 129
48 1 31
48 2 44
48 3 31
48 4 44
48 5 14
48 6 44
48 7 62
49 1 11
49 2 14
49 3 11
49 4 14
49 5 4
49 6 15
49 7 19
50 1 29
50 2 41
50 3 30
50 4 43
50 5 11
50 6 40
50 7 57
51 1 48
51 2 70
51 3 47
51 4 68
51 5 18
51 6 67
51 7 97
52 1 8
52 2 13
52 3 9
52 4 14
52 5 4
52 6 11
52 7 18
53 1 171
53 2 255
53 3 172
53 4 256
53 5 63
53 6 222
53 7 330
54 1 48
54 2 68
54 3 48
54 4 68
54 5 22
54 6 67
54 7 95
55 1 43
55 2 68
55 3 43
55 4 68
55 5 16
55 6 61
55 7 96
56 1 18
56 2 26
56 3 18
56 4 25
56 5 6
56 6 25
56 7 36
57 1 94
57 2 135
57 3 96
57 4 137
57 5 37
57 6 133
57 7 190
58 1 9
58 2 14
58 3 10
58 4 15
58 5 3
58 6 12
58 7 19
59 1 19
59 2 26
59 3 20
59 4 27
59 5 9
59 6 27
59 7 37
60 1 24
60 2 33
60 3 25
60 4 34
60 5 9
60 6 31
60 7 43
61 1 8
61 2 12
61 3 8
61 4 12
61 5 3
61 6 11
61 7 16
62 1 34
62 2 42
62 3 33
62 4 41
62 5 14
62 6 49
62 7 60
63 1 62
63 2 89
63 3 61
63 4 87
63 5 24
63 6 89
63 7 127
64 1 12
64 2 19
64 3 12
64 4 19
64 5 4
64 6 16
64 7 26
65 1 8
65 2 13
65 3 9
65 4 14
65 5 3
65 6 12
65 7 19
66 1 47
66 2 64
66 3 46
66 4 62
66 5 19
66 6 64
66 7 88
67 1 27
67 2 40
67 3 29
67 4 42
67 5 10
67 6 39
67 7 57
68 1 18
68 2 28
68 3 18
68 4 27
68 5 7
68 6 26
68 7 40
69 1 52
69 2 79
69 3 51
69 4 77
69 5 19
69 6 74
69 7 112
70 1 65
70 2 97
70 3 64
70 4 95
70 5 24
70 6 83
70 7 124
71 1 72
71 2 101
71 3 74
71 4 103
71 5 26
71 6 97
71 7 135
72 1 51
72 2 78
72 3 52
72 4 79
72 5 19
72 6 66
72 7 100
73 1 58
73 2 75
73 3 61
73 4 79
73 5 26
73 6 82
73 7 106
74 1 53
74 2 79
74 3 51
74 4 76
74 5 17
74 6 74
74 7 110
75 1 76
75 2 115
75 3 79
75 4 119
75 5 31
75 6 101
75 7 153
76 1 93
76 2 129
76 3 89
76 4 124
76 5 36
76 6 120
76 7 166
77 1 86
77 2 129
77 3 89
77 4 134
77 5 39
77 6 120
77 7 180
78 1 76
78 2 106
78 3 77
78 4 107
78 5 24
78 6 102
78 7 141
79 1 9
79 2 13
79 3 9
79 4 13
79 5 4
79 6 13
79 7 19
80 1 14
80 2 21
80 3 14
80 4 21
80 5 6
80 6 18
80 7 27
81 1 55
81 2 68
81 3 57
81 4 70
81 5 23
81 6 76
81 7 94
82 1 32
82 2 49
82 3 33
82 4 50
82 5 11
82 6 45
82 7 68
83 1 22
83 2 30
83 3 22
83 4 30
83 5 10
83 6 30
83 7 41
84 1 35
84 2 51
84 3 36
84 4 52
84 5 11
84 6 45
84 7 65
85 1 63
85 2 78
85 3 63
85 4 77
85 5 27
85 6 90
85 7 111
86 1 59
86 2 88
86 3 57
86 4 85
86 5 24
86 6 83
86 7 124
87 1 149
87 2 225
87 3 155
87 4 234
87 5 52
87 6 191
87 7 288
88 1 40
88 2 57
88 3 41
88 4 58
88 5 16
88 6 51
88 7 72
89 1 24
89 2 33
89 3 25
89 4 35
89 5 9
89 6 31
89 7 42
90 1 123
90 2 179
90 3 120
90 4 175
90 5 45
90 6 173
90 7 252
91 1 25
91 2 35
91 3 25
91 4 34
91 5 11
91 6 34
91 7 47
92 1 115
92 2 173
92 3 111
92 4 166
92 5 47
92 6 165
92 7 249
93 1 103
93 2 130
93 3 108
93 4 137
93 5 46
93 6 131
93 7 165
94 1 54
94 2 65
94 3 57
94 4 68
94 5 20
94 6 78
94 7 93

# Energy Consumption
1 1 0
1 2 55
1 3 0
1 4 46
1 5 10
1 6 0
1 7 43
2 1 0
2 2 13
2 3 0
2 4 12
2 5 3
2 6 0
2 7 10
3 1 0
3 2 8
3 3 0
3 4 5
3 5 1
3 6 0
3 7 5
4 1 0
4 2 8
4 3 0
4 4 8
4 5 2
4 6 0
4 7 7
5 1 0
5 2 29
5 3 0
5 4 20
5 5 4
5 6 0
5 7 20
6 1 0
6 2 23
6 3 0
6 4 18
6 5 5
6 6 0
6 7 16
7 1 0
7 2 17
7 3 0
7 4 14
7 5 4
7 6 0
7 7 12
8 1 0
8 2 21
8 3 0
8 4 17
8 5 4
8 6 0
8 7 12
9 1 0
9 2 12
9 3 0
9 4 9
9 5 2
9 6 0
9 7 9
10 1 0
10 2 10
10 3 0
10 4 8
10 5 2
10 6 0
10 7 8
11 1 0
11 2 48
11 3 0
11 4 31
11 5 6
11 6 0
11 7 33
12 1 0
12 2 42
12 3 0
12 4 36
12 5 6
12 6 0
12 7 28
13 1 0
13 2 22
13 3 0
13 4 19
13 5 5
13 6 0
13 7 17
14 1 0
14 2 25
14 3 0
14 4 19
14 5 4
14 6 0
14 7 22
15 1 0
15 2 7
15 3 0
15 4 5
15 5 1
15 6 0
15 7 5
16 1 0
16 2 4
16 3 0
16 4 4
16 5 1
16 6 0
16 7 3
17 1 0
17 2 5
17 3 0
17 4 4
17 5 1
17 6 0
17 7 4
18 1 0
18 2 7
18 3 0
18 4 6
18 5 2
18 6 0
18 7 5
19 1 0
19 2 4
19 3 0
19 4 3
19 5 1
19 6 0
19 7 3
20 1 0
20 2 8
20 3 0
20 4 6
20 5 1
20 6 0
20 7 5
21 1 0
21 2 23
21 3 0
21 4 18
21 5 4
21 6 0
21 7 16
22 1 0
22 2 14
22 3 0
22 4 11
22 5 3
22 6 0
22 7 12
23 1 0
23 2 6
23 3 0
23 4 5
23 5 1
23 6 0
23 7 5
24 1 0
24 2 5
24 3 0
24 4 4
24 5 1
24 6 0
24 7 4
25 1 0
25 2 6
25 3 0
25 4 5
25 5 2
25 6 0
25 7 5
26 1 0
26 2 8
26 3 0
26 4 8
26 5 2
26 6 0
26 7 6
27 1 0
27 2 7
27 3 0
27 4 5
27 5 2
27 6 0
27 7 5
28 1 0
28 2 8
28 3 0
28 4 6
28 5 2
28 6 0
28 7 5
29 1 0
29 2 8
29 3 0
29 4 5
29 5 1
29 6 0
29 7 5
30 1 0
30 2 8
30 3 0
30 4 6
30 5 1
30 6 0
30 7 5
31 1 0
31 2 20
31 3 0
31 4 15
31 5 3
31 6 0
31 7 13
32 1 0
32 2 7
32 3 0
32 4 5
32 5 1
32 6 0
32 7 5
33 1 0
33 2 5
33 3 0
33 4 4
33 5 1
33 6 0
33 7 4
34 1 0
34 2 9
34 3 0
34 4 7
34 5 2
34 6 0
34 7 6
35 1 0
35 2 21
35 3 0
35 4 15
35 5 4
35 6 0
35 7 14
36 1 0
36 2 3
36 3 0
36 4 3
36 5 1
36 6 0
36 7 2
37 1 0
37 2 25
37 3 0
37 4 20
37 5 5
37 6 0
37 7 17
38 1 0
38 2 4
38 3 0
38 4 4
38 5 1
38 6 0
38 7 3
39 1 0
39 2 7
39 3 0
39 4 6
39 5 2
39 6 0
39 7 5
40 1 0
40 2 25
40 3 0
40 4 20
40 5 4
40 6 0
40 7 21
41 1 0
41 2 13
41 3 0
41 4 10
41 5 2
41 6 0
41 7 9
42 1 0
42 2 30
42 3 0
42 4 21
42 5 5
42 6 0
42 7 18
43 1 0
43 2 12
43 3 0
43 4 8
43 5 2
43 6 0
43 7 8
44 1 0
44 2 4
44 3 0
44 4 3
44 5 1
44 6 0
44 7 3
45 1 0
45 2 15
45 3 0
45 4 13
45 5 2
45 6 0
45 7 10
46 1 0
46 2 12
46 3 0
46 4 9
46 5 3
46 6 0
46 7 9
47 1 0
47 2 28
47 3 0
47 4 19
47 5 4
47 6 0
47 7 16
48 1 0
48 2 12
48 3 0
48 4 10
48 5 3
48 6 0
48 7 9
49 1 0
49 2 4
49 3 0
49 4 3
49 5 1
49 6 0
49 7 3
50 1 0
50 2 12
50 3 0
50 4 9
50 5 2
50 6 0
50 7 9
51 1 0
51 2 16
51 3 0
51 4 15
51 5 3
51 6 0
51 7 13
52 1 0
52 2 4
52 3 0
52 4 3
52 5 1
52 6 0
52 7 3
53 1 0
53 2 74
53 3 0
53 4 47
53 5 10
53 6 0
53 7 42
54 1 0
54 2 18
54 3 0
54 4 14
54 5 4
54 6 0
54 7 15
55 1 0
55 2 16
55 3 0
55 4 13
55 5 3
55 6 0
55 7 14
56 1 0
56 2 7
56 3 0
56 4 5
56 5 1
56 6 0
56 7 5
57 1 0
57 2 36
57 3 0
57 4 26
57 5 6
57 6 0
57 7 25
58 1 0
58 2 4
58 3 0
58 4 4
58 5 1
58 6 0
58 7 3
59 1 0
59 2 7
59 3 0
59 4 6
59 5 2
59 6 0
59 7 5
60 1 0
60 2 10
60 3 0
60 4 8
60 5 2
60 6 0
60 7 6
61 1 0
61 2 3
61 3 0
61 4 3
61 5 1
61 6 0
61 7 2
62 1 0
62 2 13
62 3 0
62 4 9
62 5 3
62 6 0
62 7 9
63 1 0
63 2 22
63 3 0
63 4 18
63 5 4
63 6 0
63 7 19
64 1 0
64 2 6
64 3 0
64 4 4
64 5 1
64 6 0
64 7 4
65 1 0
65 2 4
65 3 0
65 4 3
65 5 1
65 6 0
65 7 3
66 1 0
66 2 16
66 3 0
66 4 12
66 5 3
66 6 0
66 7 13
67 1 0
67 2 11
67 3 0
67 4 9
67 5 2
67 6 0
67 7 9
68 1 0
68 2 8
68 3 0
68 4 6
68 5 2
68 6 0
68 7 6
69 1 0
69 2 24
69 3 0
69 4 16
69 5 3
69 6 0
69 7 14
70 1 0
70 2 27
70 3 0
70 4 18
70 5 4
70 6 0
70 7 19
71 1 0
71 2 27
71 3 0
71 4 19
71 5 5
71 6 0
71 7 18
72 1 0
72 2 22
72 3 0
72 4 17
72 5 3
72 6 0
72 7 14
73 1 0
73 2 19
73 3 0
73 4 18
73 5 4
73 6 0
73 7 15
74 1 0
74 2 19
74 3 0
74 4 16
74 5 3
74 6 0
74 7 15
75 1 0
75 2 33
75 3 0
75 4 25
75 5 5
75 6 0
75 7 20
76 1 0
76 2 34
76 3 0
76 4 25
76 5 6
76 6 0
76 7 22
77 1 0
77 2 38
77 3 0
77 4 27
77 5 7
77 6 0
77 7 27
78 1 0
78 2 24
78 3 0
78 4 22
78 5 4
78 6 0
78 7 18
79 1 0
79 2 4
79 3 0
79 4 3
79 5 1
79 6 0
79 7 3
80 1 0
80 2 6
80 3 0
80 4 5
80 5 1
80 6 0
80 7 4
81 1 0
81 2 20
81 3 0
81 4 14
81 5 4
81 6 0
81 7 13
82 1 0
82 2 14
82 3 0
82 4 10
82 5 2
82 6 0
82 7 9
83 1 0
83 2 9
83 3 0
83 4 6
83 5 2
83 6 0
83 7 5
84 1 0
84 2 15
84 3 0
84 4 10
84 5 2
84 6 0
84 7 9
85 1 0
85 2 21
85 3 0
85 4 17
85 5 4
85 6 0
85 7 15
86 1 0
86 2 22
86 3 0
86 4 17
86 5 4
86 6 0
86 7 18
87 1 0
87 2 55
87 3 0
87 4 50
87 5 9
87 6 0
87 7 40
88 1 0
88 2 16
88 3 0
88 4 12
88 5 3
88 6 0
88 7 9
89 1 0
89 2 9
89 3 0
89 4 8
89 5 2
89 6 0
89 7 7
90 1 0
90 2 49
90 3 0
90 4 34
90 5 7
90 6 0
90 7 31
91 1 0
91 2 10
91 3 0
91 4 8
91 5 2
91 6 0
91 7 7
92 1 0
92 2 51
92 3 0
92 4 35
92 5 8
92 6 0
92 7 33
93 1 0
93 2 38
93 3 0
93 4 30
93 5 7
93 6 0
93 7 23
94 1 0
94 2 15
94 3 0
94 4 15
94 5 4
94 6 0
94 7 13

# Precedence Relations
1 2
1 3
1 4
1 5
1 6
1 7
1 8
1 9
1 10
2 11
2 17
3 12
4 11
4 16
5 11
5 13
5 18
5 16
6 11
6 15
6 13
6 19
7 42
8 29
9 11
10 19
10 37
10 48
10 50
11 14
12 20
12 61
12 52
13 82
14 25
14 23
14 30
14 31
14 24
14 32
14 22
14 21
14 26
14 28
14 27
14 29
15 81
16 75
17 82
18 75
19 75
20 78
21 71
21 60
21 53
21 39
21 40
21 41
22 38
22 72
22 49
22 58
23 34
23 35
24 37
24 44
25 57
25 63
25 33
25 73
25 60
25 65
25 56
26 41
26 43
27 62
27 58
27 54
27 55
27 56
28 33
28 35
28 40
28 43
28 49
28 51
28 52
28 54
29 75
30 59
30 42
30 36
31 74
32 36
32 47
32 44
32 60
32 45
32 69
32 46
32 48
32 50
33 78
34 78
35 78
36 82
37 61
37 73
37 64
37 66
37 67
37 68
37 69
37 70
37 71
37 72
37 62
38 82
39 82
40 78
41 78
42 74
43 78
44 75
45 75
46 75
46 76
47 75
48 75
49 78
50 75
51 78
52 78
53 76
53 77
54 78
55 77
56 77
57 76
57 77
58 77
59 82
60 77
61 77
62 77
63 77
64 74
65 74
66 75
66 76
67 74
68 82
69 77
69 75
70 77
70 76
71 76
72 76
73 77
74 82
75 82
76 82
77 78
78 79
78 80
79 81
80 81
81 82
82 83
83 84
83 85
84 86
85 86
86 87
87 88
88 89
88 90
89 92
90 91
90 93
92 94

# Parameters
R_e = 0.0500
T = 600.0
C_s = 4.0
C_w = 36.0
C_c = 5.0
