# Tasks
1 2 3 4 5 6 7 8 9 10 11 12 13 14 15 16 17 18 19 20 21

# Workstations
1 2 3 4 5 6 7 8 9 10 11 12 13 14 15 16 17 18 19 20 21

# Modes
1 2 3 4 5 6 7

# Processing Times
1 1 4
1 2 7
1 3 4
1 4 7
1 5 2
1 6 6
1 7 10
2 1 3
2 2 4
2 3 3
2 4 4
2 5 2
2 6 5
2 7 6
3 1 9
3 2 14
3 3 9
3 4 14
3 5 4
3 6 12
3 7 19
4 1 5
4 2 7
4 3 5
4 4 7
4 5 2
4 6 7
4 7 10
5 1 9
5 2 14
5 3 9
5 4 14
5 5 3
5 6 13
5 7 20
6 1 4
6 2 5
6 3 5
6 4 6
6 5 2
6 6 6
6 7 8
7 1 8
7 2 10
7 3 8
7 4 10
7 5 4
7 6 12
7 7 14
8 1 7
8 2 10
8 3 8
8 4 11
8 5 4
8 6 10
8 7 14
9 1 5
9 2 8
9 3 6
9 4 9
9 5 2
9 6 8
9 7 12
10 1 1
10 2 2
10 3 2
10 4 3
10 5 1
10 6 2
10 7 3
11 1 3
11 2 5
11 3 4
11 4 6
11 5 1
11 6 5
11 7 7
12 1 1
12 2 2
12 3 2
12 4 3
12 5 1
12 6 2
12 7 3
13 1 5
13 2 8
13 3 6
13 4 9
13 5 3
13 6 7
13 7 11
14 1 3
14 2 5
14 3 4
14 4 6
14 5 1
14 6 5
14 7 7
15 1 5
15 2 8
15 3 6
15 4 9
15 5 2
15 6 7
15 7 11
16 1 3
16 2 5
16 3 4
16 4 6
16 5 2
16 6 5
16 7 7
17 1 13
17 2 21
17 3 13
17 4 21
17 5 6
17 6 19
17 7 30
18 1 5
18 2 7
18 3 5
18 4 7
18 5 2
18 6 7
18 7 9
19 1 2
19 2 4
19 3 2
19 4 4
19 5 1
19 6 3
19 7 6
20 1 3
20 2 5
20 3 3
20 4 5
20 5 2
20 6 4
20 7 7
21 1 7
21 2 11
21 3 8
21 4 12
21 5 3
21 6 10
21 7 16

# Energy Consumption
1 1 0
1 2 2
1 3 0
1 4 2
1 5 1
1 6 0
1 7 2
2 1 0
2 2 1
2 3 0
2 4 1
2 5 1
2 6 0
2 7 1
3 1 0
3 2 5
3 3 0
3 4 3
3 5 1
3 6 0
3 7 3
4 1 0
4 2 2
4 3 0
4 4 2
4 5 1
4 6 0
4 7 2
5 1 0
5 2 4
5 3 0
5 4 3
5 5 1
5 6 0
5 7 3
6 1 0
6 2 2
6 3 0
6 4 2
6 5 1
6 6 0
6 7 2
7 1 0
7 2 3
7 3 0
7 4 3
7 5 1
7 6 0
7 7 2
8 1 0
8 2 3
8 3 0
8 4 3
8 5 1
8 6 0
8 7 2
9 1 0
9 2 2
9 3 0
9 4 2
9 5 1
9 6 0
9 7 2
10 1 0
10 2 1
10 3 0
10 4 1
10 5 1
10 6 0
10 7 1
11 1 0
11 2 2
11 3 0
11 4 2
11 5 1
11 6 0
11 7 1
12 1 0
12 2 1
12 3 0
12 4 1
12 5 1
12 6 0
12 7 1
13 1 0
13 2 3
13 3 0
13 4 2
13 5 1
13 6 0
13 7 2
14 1 0
14 2 2
14 3 0
14 4 2
14 5 1
14 6 0
14 7 2
15 1 0
15 2 3
15 3 0
15 4 2
15 5 1
15 6 0
15 7 2
16 1 0
16 2 2
16 3 0
16 4 2
16 5 1
16 6 0
16 7 1
17 1 0
17 2 7
17 3 0
17 4 4
17 5 1
17 6 0
17 7 5
18 1 0
18 2 2
18 3 0
18 4 2
18 5 1
18 6 0
18 7 2
19 1 0
19 2 2
19 3 0
19 4 1
19 5 1
19 6 0
19 7 1
20 1 0
20 2 2
20 3 0
20 4 2
20 5 1
20 6 0
20 7 1
21 1 0
21 2 3
21 3 0
21 4 3
21 5 1
21 6 0
21 7 3

# Precedence Relations
1 2
1 3
2 21
3 4
4 5
4 21
5 6
5 7
6 8
7 8
7 14
8 9
9 10
9 11
9 12
9 13
10 15
11 15
12 15
13 17
13 18
14 19
15 16
15 18
16 17
17 20
18 19

# Parameters
R_e = 0.0500
T = 23.0
C_s = 4.0
C_w = 36.0
C_c = 5.0
