# Tasks
1 2 3 4 5 6 7 8 9 10 11 12 13 14 15 16 17 18 19 20

# Workstations
1 2 3 4 5 6 7 8 9 10 11 12 13 14 15 16 17 18 19 20

# Modes
1 2 3 4 5 6 7

# Processing Times
1 1 464
1 2 396
1 3 510
1 4 436
1 5 435
1 6 652
1 7 557
2 1 154
2 2 132
2 3 170
2 4 146
2 5 145
2 6 217
2 7 186
3 1 506
3 2 432
3 3 556
3 4 475
3 5 475
3 6 711
3 7 607
4 1 476
4 2 406
4 3 524
4 4 447
4 5 447
4 6 669
4 7 571
5 1 77
5 2 66
5 3 85
5 4 73
5 5 73
5 6 109
5 7 93
6 1 155
6 2 133
6 3 171
6 4 147
6 5 146
6 6 218
6 7 187
7 1 340
7 2 290
7 3 374
7 4 319
7 5 319
7 6 478
7 7 408
8 1 467
8 2 399
8 3 514
8 4 439
8 5 438
8 6 656
8 7 561
9 1 94
9 2 81
9 3 104
9 4 90
9 5 89
9 6 133
9 7 114
10 1 65
10 2 56
10 3 72
10 4 62
10 5 61
10 6 92
10 7 79
11 1 192
11 2 164
11 3 211
11 4 181
11 5 180
11 6 270
11 7 231
12 1 127
12 2 109
12 3 140
12 4 120
12 5 120
12 6 179
12 7 154
13 1 204
13 2 174
13 3 225
13 4 192
13 5 192
13 6 287
13 7 245
14 1 108
14 2 93
14 3 119
14 4 103
14 5 102
14 6 152
14 7 131
15 1 481
15 2 411
15 3 529
15 4 452
15 5 451
15 6 676
15 7 578
16 1 213
16 2 182
16 3 235
16 4 200
16 5 200
16 6 300
16 7 256
17 1 116
17 2 99
17 3 128
17 4 109
17 5 109
17 6 163
17 7 140
18 1 74
18 2 64
18 3 82
18 4 71
18 5 70
18 6 104
18 7 90
19 1 220
19 2 188
19 3 242
19 4 207
19 5 207
19 6 309
19 7 265
20 1 117
20 2 100
20 3 129
20 4 110
20 5 110
20 6 165
20 7 141

# Energy Consumption
1 1 0
1 2 88
1 3 0
1 4 95
1 5 70
1 6 0
1 7 80
2 1 0
2 2 36
2 3 0
2 4 32
2 5 23
2 6 0
2 7 27
3 1 0
3 2 96
3 3 0
3 4 93
3 5 69
3 6 0
3 7 76
4 1 0
4 2 121
4 3 0
4 4 86
4 5 65
4 6 0
4 7 74
5 1 0
5 2 17
5 3 0
5 4 15
5 5 12
5 6 0
5 7 13
6 1 0
6 2 33
6 3 0
6 4 28
6 5 23
6 6 0
6 7 26
7 1 0
7 2 84
7 3 0
7 4 64
7 5 50
7 6 0
7 7 61
8 1 0
8 2 103
8 3 0
8 4 91
8 5 69
8 6 0
8 7 72
9 1 0
9 2 22
9 3 0
9 4 20
9 5 14
9 6 0
9 7 14
10 1 0
10 2 14
10 3 0
10 4 14
10 5 10
10 6 0
10 7 11
11 1 0
11 2 42
11 3 0
11 4 34
11 5 26
11 6 0
11 7 33
12 1 0
12 2 25
12 3 0
12 4 27
12 5 19
12 6 0
12 7 20
13 1 0
13 2 47
13 3 0
13 4 36
13 5 30
13 6 0
13 7 34
14 1 0
14 2 26
14 3 0
14 4 20
14 5 17
14 6 0
14 7 18
15 1 0
15 2 113
15 3 0
15 4 98
15 5 69
15 6 0
15 7 76
16 1 0
16 2 52
16 3 0
16 4 39
16 5 32
16 6 0
16 7 37
17 1 0
17 2 25
17 3 0
17 4 23
17 5 17
17 6 0
17 7 21
18 1 0
18 2 18
18 3 0
18 4 15
18 5 11
18 6 0
18 7 12
19 1 0
19 2 43
19 3 0
19 4 41
19 5 31
19 6 0
19 7 33
20 1 0
20 2 25
20 3 0
20 4 24
20 5 16
20 6 0
20 7 20

# Precedence Relations
1 9
2 9
3 9
4 9
5 11
5 12
8 10
9 13
9 14
9 15
9 16
14 17
15 18
17 20
18 19

# Parameters
R_e = 0.0500
T = 1000.0
C_s = 4.0
C_w = 36.0
C_c = 5.0
