# Tasks
1 2 3 4 5 6 7 8 9 10 11 12 13 14 15 16 17 18 19 20

# Workstations
1 2 3 4 5 6 7 8 9 10 11 12 13 14 15 16 17 18 19 20

# Modes
1 2 3 4 5 6 7

# Processing Times
1 1 85
1 2 84
1 3 88
1 4 87
1 5 51
1 6 95
1 7 94
2 1 262
2 2 258
2 3 270
2 4 266
2 5 156
2 6 291
2 7 286
3 1 34
3 2 34
3 3 35
3 4 35
3 5 21
3 6 38
3 7 38
4 1 93
4 2 92
4 3 96
4 4 95
4 5 56
4 6 104
4 7 102
5 1 40
5 2 40
5 3 42
5 4 42
5 5 24
5 6 45
5 7 45
6 1 149
6 2 147
6 3 154
6 4 152
6 5 89
6 6 166
6 7 163
7 1 56
7 2 56
7 3 58
7 4 58
7 5 34
7 6 63
7 7 63
8 1 103
8 2 102
8 3 107
8 4 105
8 5 62
8 6 115
8 7 114
9 1 53
9 2 53
9 3 55
9 4 55
9 5 32
9 6 59
9 7 59
10 1 41
10 2 41
10 3 43
10 4 43
10 5 25
10 6 46
10 7 46
11 1 118
11 2 117
11 3 122
11 4 121
11 5 71
11 6 131
11 7 130
12 1 121
12 2 119
12 3 125
12 4 123
12 5 72
12 6 135
12 7 132
13 1 124
13 2 122
13 3 128
13 4 126
13 5 74
13 6 138
13 7 136
14 1 44
14 2 44
14 3 46
14 4 46
14 5 27
14 6 49
14 7 49
15 1 199
15 2 196
15 3 205
15 4 202
15 5 119
15 6 221
15 7 218
16 1 95
16 2 94
16 3 98
16 4 97
16 5 57
16 6 106
16 7 105
17 1 27
17 2 27
17 3 28
17 4 28
17 5 17
17 6 30
17 7 30
18 1 151
18 2 149
18 3 156
18 4 154
18 5 90
18 6 168
18 7 166
19 1 43
19 2 43
19 3 45
19 4 45
19 5 26
19 6 48
19 7 48
20 1 95
20 2 94
20 3 98
20 4 97
20 5 57
20 6 106
20 7 105

# Energy Consumption
1 1 0
1 2 23
1 3 0
1 4 17
1 5 8
1 6 0
1 7 12
2 1 0
2 2 63
2 3 0
2 4 58
2 5 24
2 6 0
2 7 36
3 1 0
3 2 9
3 3 0
3 4 8
3 5 4
3 6 0
3 7 6
4 1 0
4 2 28
4 3 0
4 4 19
4 5 9
4 6 0
4 7 15
5 1 0
5 2 10
5 3 0
5 4 9
5 5 4
5 6 0
5 7 6
6 1 0
6 2 36
6 3 0
6 4 31
6 5 14
6 6 0
6 7 21
7 1 0
7 2 13
7 3 0
7 4 11
7 5 5
7 6 0
7 7 8
8 1 0
8 2 31
8 3 0
8 4 22
8 5 10
8 6 0
8 7 17
9 1 0
9 2 15
9 3 0
9 4 13
9 5 6
9 6 0
9 7 8
10 1 0
10 2 12
10 3 0
10 4 9
10 5 4
10 6 0
10 7 6
11 1 0
11 2 31
11 3 0
11 4 23
11 5 11
11 6 0
11 7 19
12 1 0
12 2 32
12 3 0
12 4 26
12 5 12
12 6 0
12 7 18
13 1 0
13 2 35
13 3 0
13 4 27
13 5 11
13 6 0
13 7 19
14 1 0
14 2 13
14 3 0
14 4 10
14 5 5
14 6 0
14 7 8
15 1 0
15 2 59
15 3 0
15 4 39
15 5 18
15 6 0
15 7 32
16 1 0
16 2 24
16 3 0
16 4 21
16 5 9
16 6 0
16 7 15
17 1 0
17 2 8
17 3 0
17 4 6
17 5 3
17 6 0
17 7 4
18 1 0
18 2 40
18 3 0
18 4 30
18 5 15
18 6 0
18 7 24
19 1 0
19 2 10
19 3 0
19 4 9
19 5 4
19 6 0
19 7 7
20 1 0
20 2 26
20 3 0
20 4 20
20 5 9
20 6 0
20 7 14

# Precedence Relations
1 11
2 11
3 4
3 5
4 11
5 6
5 7
5 8
5 9
5 10
6 11
7 11
8 20
9 12
10 12
11 13
11 14
11 15
11 16
12 19
14 18
14 20
15 17
16 19
16 20

# Parameters
R_e = 0.0500
T = 1000.0
C_s = 4.0
C_w = 36.0
C_c = 5.0
