# Tasks
1 2 3 4 5 6 7 8 9 10 11

# Workstations
1 2 3 4 5 6 7 8 9 10 11

# Modes
1 2 3 4 5 6 7

# Processing Times
1 1 4
1 2 9
1 3 5
1 4 10
1 5 2
1 6 5
1 7 10
2 1 38
2 2 80
2 3 42
2 4 87
2 5 13
2 6 47
2 7 98
3 1 45
3 2 85
3 3 50
3 4 93
3 5 16
3 6 54
3 7 101
4 1 12
4 2 27
4 3 13
4 4 29
4 5 5
4 6 14
4 7 32
5 1 10
5 2 22
5 3 11
5 4 24
5 5 4
5 6 13
5 7 27
6 1 8
6 2 20
6 3 9
6 4 22
6 5 3
6 6 10
6 7 24
7 1 12
7 2 30
7 3 13
7 4 33
7 5 5
7 6 14
7 7 35
8 1 10
8 2 24
8 3 11
8 4 26
8 5 5
8 6 12
8 7 28
9 1 2
9 2 5
9 3 3
9 4 6
9 5 1
9 6 3
9 7 6
10 1 10
10 2 24
10 3 11
10 4 26
10 5 4
10 6 13
10 7 30
11 1 34
11 2 64
11 3 37
11 4 69
11 5 15
11 6 39
11 7 73

# Energy Consumption
1 1 0
1 2 3
1 3 0
1 4 3
1 5 1
1 6 0
1 7 2
2 1 0
2 2 20
2 3 0
2 4 19
2 5 3
2 6 0
2 7 14
3 1 0
3 2 20
3 3 0
3 4 18
3 5 3
3 6 0
3 7 13
4 1 0
4 2 8
4 3 0
4 4 7
4 5 1
4 6 0
4 7 5
5 1 0
5 2 6
5 3 0
5 4 6
5 5 1
5 6 0
5 7 4
6 1 0
6 2 5
6 3 0
6 4 5
6 5 1
6 6 0
6 7 4
7 1 0
7 2 9
7 3 0
7 4 7
7 5 1
7 6 0
7 7 5
8 1 0
8 2 7
8 3 0
8 4 6
8 5 1
8 6 0
8 7 4
9 1 0
9 2 2
9 3 0
9 4 2
9 5 1
9 6 0
9 7 1
10 1 0
10 2 7
10 3 0
10 4 6
10 5 1
10 6 0
10 7 4
11 1 0
11 2 15
11 3 0
11 4 13
11 5 3
11 6 0
11 7 11

# Precedence Relations
1 4
2 4
2 5
3 11
4 6
5 7
6 8
7 9
8 10
9 10
10 11

# Parameters
R_e = 0.0500
T = 600.0
C_s = 4.0
C_w = 36.0
C_c = 5.0
