# Tasks
1 2 3 4 5 6 7 8 9 10 11 12 13 14 15 16 17 18 19 20

# Workstations
1 2 3 4 5 6 7 8 9 10 11 12 13 14 15 16 17 18 19 20

# Modes
1 2 3 4 5 6 7

# Processing Times
1 1 730
1 2 623
1 3 803
1 4 685
1 5 685
1 6 1026
1 7 875
2 1 589
2 2 503
2 3 648
2 4 553
2 5 553
2 6 828
2 7 707
3 1 474
3 2 405
3 3 521
3 4 446
3 5 445
3 6 666
3 7 569
4 1 390
4 2 333
4 3 429
4 4 366
4 5 366
4 6 548
4 7 468
5 1 462
5 2 394
5 3 508
5 4 433
5 5 434
5 6 649
5 7 554
6 1 496
6 2 423
6 3 546
6 4 465
6 5 465
6 6 697
6 7 595
7 1 480
7 2 410
7 3 528
7 4 451
7 5 450
7 6 675
7 7 576
8 1 425
8 2 363
8 3 467
8 4 399
8 5 399
8 6 597
8 7 510
9 1 545
9 2 465
9 3 599
9 4 511
9 5 511
9 6 766
9 7 653
10 1 562
10 2 480
10 3 618
10 4 528
10 5 527
10 6 790
10 7 675
11 1 438
11 2 374
11 3 482
11 4 411
11 5 411
11 6 616
11 7 526
12 1 702
12 2 599
12 3 772
12 4 659
12 5 658
12 6 986
12 7 842
13 1 439
13 2 375
13 3 483
13 4 413
13 5 412
13 6 617
13 7 527
14 1 285
14 2 244
14 3 314
14 4 269
14 5 268
14 6 401
14 7 343
15 1 511
15 2 436
15 3 562
15 4 480
15 5 479
15 6 718
15 7 613
16 1 483
16 2 412
16 3 531
16 4 453
16 5 453
16 6 679
16 7 579
17 1 468
17 2 400
17 3 515
17 4 440
17 5 439
17 6 658
17 7 562
18 1 654
18 2 558
18 3 719
18 4 614
18 5 613
18 6 919
18 7 784
19 1 534
19 2 456
19 3 587
19 4 502
19 5 501
19 6 750
19 7 641
20 1 552
20 2 471
20 3 607
20 4 518
20 5 518
20 6 776
20 7 662

# Energy Consumption
1 1 0
1 2 138
1 3 0
1 4 149
1 5 110
1 6 0
1 7 126
2 1 0
2 2 135
2 3 0
2 4 121
2 5 85
2 6 0
2 7 100
3 1 0
3 2 90
3 3 0
3 4 88
3 5 65
3 6 0
3 7 71
4 1 0
4 2 99
4 3 0
4 4 71
4 5 53
4 6 0
4 7 61
5 1 0
5 2 99
5 3 0
5 4 88
5 5 70
5 6 0
5 7 75
6 1 0
6 2 103
6 3 0
6 4 87
6 5 74
6 6 0
6 7 82
7 1 0
7 2 118
7 3 0
7 4 90
7 5 70
7 6 0
7 7 86
8 1 0
8 2 94
8 3 0
8 4 82
8 5 63
8 6 0
8 7 65
9 1 0
9 2 126
9 3 0
9 4 110
9 5 80
9 6 0
9 7 80
10 1 0
10 2 118
10 3 0
10 4 116
10 5 81
10 6 0
10 7 86
11 1 0
11 2 96
11 3 0
11 4 76
11 5 58
11 6 0
11 7 74
12 1 0
12 2 135
12 3 0
12 4 145
12 5 102
12 6 0
12 7 109
13 1 0
13 2 100
13 3 0
13 4 78
13 5 64
13 6 0
13 7 74
14 1 0
14 2 66
14 3 0
14 4 52
14 5 43
14 6 0
14 7 45
15 1 0
15 2 120
15 3 0
15 4 104
15 5 74
15 6 0
15 7 80
16 1 0
16 2 117
16 3 0
16 4 87
16 5 72
16 6 0
16 7 82
17 1 0
17 2 98
17 3 0
17 4 91
17 5 69
17 6 0
17 7 83
18 1 0
18 2 149
18 3 0
18 4 124
18 5 95
18 6 0
18 7 97
19 1 0
19 2 103
19 3 0
19 4 99
19 5 74
19 6 0
19 7 78
20 1 0
20 2 117
20 3 0
20 4 109
20 5 75
20 6 0
20 7 91

# Precedence Relations
1 13
2 3
2 4
2 5
2 6
3 13
4 13
5 7
5 8
6 9
6 14
7 13
8 9
8 10
8 11
8 12
9 13
10 20
11 13
11 14
11 15
12 13
13 16
13 17
13 18
13 19
14 20

# Parameters
R_e = 0.0500
T = 1077.3
C_s = 4.0
C_w = 36.0
C_c = 5.0
