# Tasks
1 2 3 4 5 6 7 8 9 10 11 12 13 14 15 16 17 18 19 20

# Workstations
1 2 3 4 5 6 7 8 9 10 11 12 13 14 15 16 17 18 19 20

# Modes
1 2 3 4 5 6 7

# Processing Times
1 1 374
1 2 884
1 3 353
1 4 834
1 5 224
1 6 473
1 7 1117
2 1 318
2 2 751
2 3 300
2 4 708
2 5 190
2 6 402
2 7 949
3 1 153
3 2 362
3 3 145
3 4 342
3 5 92
3 6 194
3 7 458
4 1 182
4 2 430
4 3 172
4 4 406
4 5 109
4 6 230
4 7 543
5 1 168
5 2 397
5 3 159
5 4 375
5 5 101
5 6 213
5 7 502
6 1 313
6 2 740
6 3 295
6 4 698
6 5 187
6 6 396
6 7 935
7 1 159
7 2 376
7 3 150
7 4 355
7 5 95
7 6 201
7 7 475
8 1 166
8 2 392
8 3 157
8 4 370
8 5 100
8 6 210
8 7 495
9 1 55
9 2 130
9 3 52
9 4 123
9 5 33
9 6 70
9 7 165
10 1 242
10 2 572
10 3 229
10 4 540
10 5 145
10 6 306
10 7 723
11 1 76
11 2 180
11 3 72
11 4 170
11 5 46
11 6 96
11 7 228
12 1 177
12 2 418
12 3 167
12 4 394
12 5 106
12 6 224
12 7 528
13 1 166
13 2 392
13 3 157
13 4 370
13 5 100
13 6 210
13 7 495
14 1 119
14 2 282
14 3 113
14 4 266
14 5 72
14 6 151
14 7 357
15 1 150
15 2 355
15 3 142
15 4 335
15 5 90
15 6 190
15 7 449
16 1 303
16 2 716
16 3 286
16 4 675
16 5 181
16 6 383
16 7 905
17 1 138
17 2 326
17 3 131
17 4 308
17 5 83
17 6 175
17 7 412
18 1 52
18 2 123
18 3 50
18 4 116
18 5 32
18 6 66
18 7 156
19 1 48
19 2 114
19 3 46
19 4 108
19 5 29
19 6 61
19 7 144
20 1 146
20 2 345
20 3 138
20 4 326
20 5 88
20 6 185
20 7 436

# Energy Consumption
1 1 0
1 2 252
1 3 0
1 4 161
1 5 36
1 6 0
1 7 137
2 1 0
2 2 175
2 3 0
2 4 135
2 5 28
2 6 0
2 7 138
3 1 0
3 2 91
3 3 0
3 4 69
3 5 13
3 6 0
3 7 63
4 1 0
4 2 106
4 3 0
4 4 83
4 5 17
4 6 0
4 7 69
5 1 0
5 2 96
5 3 0
5 4 79
5 5 15
5 6 0
5 7 64
6 1 0
6 2 180
6 3 0
6 4 153
6 5 28
6 6 0
6 7 122
7 1 0
7 2 95
7 3 0
7 4 73
7 5 15
7 6 0
7 7 66
8 1 0
8 2 103
8 3 0
8 4 79
8 5 15
8 6 0
8 7 72
9 1 0
9 2 29
9 3 0
9 4 24
9 5 6
9 6 0
9 7 20
10 1 0
10 2 147
10 3 0
10 4 114
10 5 22
10 6 0
10 7 89
11 1 0
11 2 44
11 3 0
11 4 33
11 5 7
11 6 0
11 7 29
12 1 0
12 2 105
12 3 0
12 4 76
12 5 16
12 6 0
12 7 64
13 1 0
13 2 115
13 3 0
13 4 70
13 5 16
13 6 0
13 7 70
14 1 0
14 2 82
14 3 0
14 4 51
14 5 12
14 6 0
14 7 52
15 1 0
15 2 82
15 3 0
15 4 64
15 5 14
15 6 0
15 7 58
16 1 0
16 2 171
16 3 0
16 4 146
16 5 26
16 6 0
16 7 110
17 1 0
17 2 86
17 3 0
17 4 60
17 5 13
17 6 0
17 7 50
18 1 0
18 2 32
18 3 0
18 4 22
18 5 5
18 6 0
18 7 23
19 1 0
19 2 30
19 3 0
19 4 20
19 5 5
19 6 0
19 7 21
20 1 0
20 2 89
20 3 0
20 4 61
20 5 13
20 6 0
20 7 63

# Precedence Relations
1 11
2 4
2 5
2 6
3 4
3 6
3 7
4 11
5 8
5 9
5 10
6 20
7 12
7 13
7 18
8 11
9 11
10 12
10 13
11 14
11 15
11 16
11 17
11 18
13 19
15 19
15 20
17 19
17 20
18 19

# Parameters
R_e = 0.0500
T = 1172.8500000000001
C_s = 4.0
C_w = 36.0
C_c = 5.0
