# Tasks
1 2 3 4 5 6 7 8 9 10 11 12 13 14 15 16 17 18 19 20 21 22 23 24 25 26 27 28 29 30 31 32 33 34 35 36 37 38 39 40 41 42 43 44 45 46 47 48 49 50 51 52 53 54 55 56 57 58 59 60 61 62 63 64 65 66 67 68 69 70 71 72 73 74 75

# Workstations
1 2 3 4 5 6 7 8 9 10 11 12 13 14 15 16 17 18 19 20 21 22 23 24 25 26 27 28 29 30 31 32 33 34 35 36 37 38 39 40 41 42 43 44 45 46 47 48 49 50 51 52 53 54 55 56 57 58 59 60 61 62 63 64 65 66 67 68 69 70 71 72 73 74 75

# Modes
1 2 3 4 5 6 7

# Processing Times
1 1 23
1 2 23
1 3 24
1 4 24
1 5 14
1 6 26
1 7 26
2 1 24
2 2 24
2 3 25
2 4 25
2 5 15
2 6 27
2 7 27
3 1 25
3 2 25
3 3 26
3 4 26
3 5 15
3 6 28
3 7 28
4 1 26
4 2 26
4 3 27
4 4 27
4 5 16
4 6 29
4 7 29
5 1 23
5 2 23
5 3 24
5 4 24
5 5 14
5 6 26
5 7 26
6 1 22
6 2 22
6 3 23
6 4 23
6 5 14
6 6 25
6 7 25
7 1 6
7 2 6
7 3 7
7 4 7
7 5 4
7 6 7
7 7 7
8 1 22
8 2 22
8 3 23
8 4 23
8 5 14
8 6 25
8 7 25
9 1 23
9 2 23
9 3 24
9 4 24
9 5 14
9 6 26
9 7 26
10 1 21
10 2 21
10 3 22
10 4 22
10 5 13
10 6 24
10 7 24
11 1 22
11 2 22
11 3 23
11 4 23
11 5 14
11 6 25
11 7 25
12 1 15
12 2 15
12 3 16
12 4 16
12 5 9
12 6 17
12 7 17
13 1 5
13 2 5
13 3 6
13 4 6
13 5 3
13 6 6
13 7 6
14 1 23
14 2 23
14 3 24
14 4 24
14 5 14
14 6 26
14 7 26
15 1 4
15 2 4
15 3 5
15 4 5
15 5 3
15 6 5
15 7 5
16 1 26
16 2 26
16 3 27
16 4 27
16 5 16
16 6 29
16 7 29
17 1 21
17 2 21
17 3 22
17 4 22
17 5 13
17 6 24
17 7 24
18 1 5
18 2 5
18 3 6
18 4 6
18 5 3
18 6 6
18 7 6
19 1 24
19 2 24
19 3 25
19 4 25
19 5 15
19 6 27
19 7 27
20 1 25
20 2 25
20 3 26
20 4 26
20 5 15
20 6 28
20 7 28
21 1 26
21 2 26
21 3 27
21 4 27
21 5 16
21 6 29
21 7 29
22 1 26
22 2 26
22 3 27
22 4 27
22 5 16
22 6 29
22 7 29
23 1 24
23 2 24
23 3 25
23 4 25
23 5 15
23 6 27
23 7 27
24 1 27
24 2 27
24 3 28
24 4 28
24 5 17
24 6 30
24 7 30
25 1 20
25 2 20
25 3 21
25 4 21
25 5 12
25 6 23
25 7 23
26 1 23
26 2 23
26 3 24
26 4 24
26 5 14
26 6 26
26 7 26
27 1 25
27 2 25
27 3 26
27 4 26
27 5 15
27 6 28
27 7 28
28 1 13
28 2 13
28 3 14
28 4 14
28 5 8
28 6 15
28 7 15
29 1 3
29 2 3
29 3 4
29 4 4
29 5 2
29 6 4
29 7 4
30 1 11
30 2 11
30 3 12
30 4 12
30 5 7
30 6 13
30 7 13
31 1 21
31 2 21
31 3 22
31 4 22
31 5 13
31 6 24
31 7 24
32 1 22
32 2 22
32 3 23
32 4 23
32 5 14
32 6 25
32 7 25
33 1 21
33 2 21
33 3 22
33 4 22
33 5 13
33 6 24
33 7 24
34 1 22
34 2 22
34 3 23
34 4 23
34 5 14
34 6 25
34 7 25
35 1 25
35 2 25
35 3 26
35 4 26
35 5 15
35 6 28
35 7 28
36 1 8
36 2 8
36 3 9
36 4 9
36 5 5
36 6 9
36 7 9
37 1 22
37 2 22
37 3 23
37 4 23
37 5 14
37 6 25
37 7 25
38 1 24
38 2 24
38 3 25
38 4 25
38 5 15
38 6 27
38 7 27
39 1 22
39 2 22
39 3 23
39 4 23
39 5 14
39 6 25
39 7 25
40 1 21
40 2 21
40 3 22
40 4 22
40 5 13
40 6 24
40 7 24
41 1 6
41 2 6
41 3 7
41 4 7
41 5 4
41 6 7
41 7 7
42 1 26
42 2 26
42 3 27
42 4 27
42 5 16
42 6 29
42 7 29
43 1 22
43 2 22
43 3 23
43 4 23
43 5 14
43 6 25
43 7 25
44 1 6
44 2 6
44 3 7
44 4 7
44 5 4
44 6 7
44 7 7
45 1 21
45 2 21
45 3 22
45 4 22
45 5 13
45 6 24
45 7 24
46 1 25
46 2 25
46 3 26
46 4 26
46 5 15
46 6 28
46 7 28
47 1 11
47 2 11
47 3 12
47 4 12
47 5 7
47 6 13
47 7 13
48 1 22
48 2 22
48 3 23
48 4 23
48 5 14
48 6 25
48 7 25
49 1 21
49 2 21
49 3 22
49 4 22
49 5 13
49 6 24
49 7 24
50 1 25
50 2 25
50 3 26
50 4 26
50 5 15
50 6 28
50 7 28
51 1 22
51 2 22
51 3 23
51 4 23
51 5 14
51 6 25
51 7 25
52 1 22
52 2 22
52 3 23
52 4 23
52 5 14
52 6 25
52 7 25
53 1 23
53 2 23
53 3 24
53 4 24
53 5 14
53 6 26
53 7 26
54 1 22
54 2 22
54 3 23
54 4 23
54 5 14
54 6 25
54 7 25
55 1 22
55 2 22
55 3 23
55 4 23
55 5 14
55 6 25
55 7 25
56 1 25
56 2 25
56 3 26
56 4 26
56 5 15
56 6 28
56 7 28
57 1 23
57 2 23
57 3 24
57 4 24
57 5 14
57 6 26
57 7 26
58 1 21
58 2 21
58 3 22
58 4 22
58 5 13
58 6 24
58 7 24
59 1 22
59 2 22
59 3 23
59 4 23
59 5 14
59 6 25
59 7 25
60 1 22
60 2 22
60 3 23
60 4 23
60 5 14
60 6 25
60 7 25
61 1 22
61 2 22
61 3 23
61 4 23
61 5 14
61 6 25
61 7 25
62 1 22
62 2 22
62 3 23
62 4 23
62 5 14
62 6 25
62 7 25
63 1 21
63 2 21
63 3 22
63 4 22
63 5 13
63 6 24
63 7 24
64 1 27
64 2 27
64 3 28
64 4 28
64 5 17
64 6 30
64 7 30
65 1 23
65 2 23
65 3 24
65 4 24
65 5 14
65 6 26
65 7 26
66 1 2
66 2 2
66 3 3
66 4 3
66 5 2
66 6 3
66 7 3
67 1 26
67 2 26
67 3 27
67 4 27
67 5 16
67 6 29
67 7 29
68 1 25
68 2 25
68 3 26
68 4 26
68 5 15
68 6 28
68 7 28
69 1 24
69 2 24
69 3 25
69 4 25
69 5 15
69 6 27
69 7 27
70 1 22
70 2 22
70 3 23
70 4 23
70 5 14
70 6 25
70 7 25
71 1 24
71 2 24
71 3 25
71 4 25
71 5 15
71 6 27
71 7 27
72 1 4
72 2 4
72 3 5
72 4 5
72 5 3
72 6 5
72 7 5
73 1 22
73 2 22
73 3 23
73 4 23
73 5 14
73 6 25
73 7 25
74 1 10
74 2 10
74 3 11
74 4 11
74 5 6
74 6 12
74 7 12
75 1 25
75 2 25
75 3 26
75 4 26
75 5 15
75 6 28
75 7 28

# Energy Consumption
1 1 0
1 2 7
1 3 0
1 4 5
1 5 3
1 6 0
1 7 4
2 1 0
2 2 6
2 3 0
2 4 6
2 5 3
2 6 0
2 7 4
3 1 0
3 2 7
3 3 0
3 4 6
3 5 3
3 6 0
3 7 5
4 1 0
4 2 8
4 3 0
4 4 6
4 5 3
4 6 0
4 7 5
5 1 0
5 2 6
5 3 0
5 4 5
5 5 3
5 6 0
5 7 4
6 1 0
6 2 6
6 3 0
6 4 5
6 5 3
6 6 0
6 7 4
7 1 0
7 2 2
7 3 0
7 4 2
7 5 1
7 6 0
7 7 1
8 1 0
8 2 7
8 3 0
8 4 5
8 5 3
8 6 0
8 7 4
9 1 0
9 2 7
9 3 0
9 4 6
9 5 3
9 6 0
9 7 4
10 1 0
10 2 6
10 3 0
10 4 5
10 5 2
10 6 0
10 7 4
11 1 0
11 2 6
11 3 0
11 4 5
11 5 3
11 6 0
11 7 4
12 1 0
12 2 4
12 3 0
12 4 4
12 5 2
12 6 0
12 7 3
13 1 0
13 2 2
13 3 0
13 4 2
13 5 1
13 6 0
13 7 1
14 1 0
14 2 7
14 3 0
14 4 5
14 5 3
14 6 0
14 7 4
15 1 0
15 2 2
15 3 0
15 4 1
15 5 1
15 6 0
15 7 1
16 1 0
16 2 7
16 3 0
16 4 6
16 5 3
16 6 0
16 7 5
17 1 0
17 2 6
17 3 0
17 4 5
17 5 2
17 6 0
17 7 4
18 1 0
18 2 2
18 3 0
18 4 2
18 5 1
18 6 0
18 7 1
19 1 0
19 2 6
19 3 0
19 4 5
19 5 3
19 6 0
19 7 4
20 1 0
20 2 7
20 3 0
20 4 6
20 5 3
20 6 0
20 7 4
21 1 0
21 2 8
21 3 0
21 4 5
21 5 3
21 6 0
21 7 5
22 1 0
22 2 8
22 3 0
22 4 6
22 5 3
22 6 0
22 7 5
23 1 0
23 2 7
23 3 0
23 4 5
23 5 3
23 6 0
23 7 4
24 1 0
24 2 8
24 3 0
24 4 7
24 5 3
24 6 0
24 7 5
25 1 0
25 2 6
25 3 0
25 4 4
25 5 2
25 6 0
25 7 3
26 1 0
26 2 7
26 3 0
26 4 5
26 5 3
26 6 0
26 7 4
27 1 0
27 2 7
27 3 0
27 4 5
27 5 3
27 6 0
27 7 4
28 1 0
28 2 4
28 3 0
28 4 3
28 5 2
28 6 0
28 7 3
29 1 0
29 2 1
29 3 0
29 4 1
29 5 1
29 6 0
29 7 1
30 1 0
30 2 4
30 3 0
30 4 3
30 5 2
30 6 0
30 7 2
31 1 0
31 2 5
31 3 0
31 4 5
31 5 2
31 6 0
31 7 4
32 1 0
32 2 6
32 3 0
32 4 5
32 5 3
32 6 0
32 7 4
33 1 0
33 2 6
33 3 0
33 4 5
33 5 3
33 6 0
33 7 4
34 1 0
34 2 6
34 3 0
34 4 6
34 5 3
34 6 0
34 7 4
35 1 0
35 2 6
35 3 0
35 4 5
35 5 3
35 6 0
35 7 4
36 1 0
36 2 2
36 3 0
36 4 2
36 5 1
36 6 0
36 7 2
37 1 0
37 2 6
37 3 0
37 4 5
37 5 3
37 6 0
37 7 4
38 1 0
38 2 7
38 3 0
38 4 6
38 5 3
38 6 0
38 7 4
39 1 0
39 2 6
39 3 0
39 4 5
39 5 3
39 6 0
39 7 4
40 1 0
40 2 5
40 3 0
40 4 5
40 5 3
40 6 0
40 7 4
41 1 0
41 2 2
41 3 0
41 4 2
41 5 1
41 6 0
41 7 1
42 1 0
42 2 7
42 3 0
42 4 6
42 5 3
42 6 0
42 7 5
43 1 0
43 2 6
43 3 0
43 4 5
43 5 3
43 6 0
43 7 4
44 1 0
44 2 2
44 3 0
44 4 2
44 5 1
44 6 0
44 7 1
45 1 0
45 2 7
45 3 0
45 4 5
45 5 2
45 6 0
45 7 4
46 1 0
46 2 6
46 3 0
46 4 5
46 5 3
46 6 0
46 7 4
47 1 0
47 2 3
47 3 0
47 4 3
47 5 2
47 6 0
47 7 2
48 1 0
48 2 6
48 3 0
48 4 5
48 5 3
48 6 0
48 7 4
49 1 0
49 2 6
49 3 0
49 4 5
49 5 3
49 6 0
49 7 4
50 1 0
50 2 8
50 3 0
50 4 5
50 5 3
50 6 0
50 7 4
51 1 0
51 2 7
51 3 0
51 4 5
51 5 2
51 6 0
51 7 4
52 1 0
52 2 5
52 3 0
52 4 5
52 5 3
52 6 0
52 7 4
53 1 0
53 2 7
53 3 0
53 4 5
53 5 2
53 6 0
53 7 4
54 1 0
54 2 7
54 3 0
54 4 5
54 5 3
54 6 0
54 7 4
55 1 0
55 2 6
55 3 0
55 4 5
55 5 3
55 6 0
55 7 4
56 1 0
56 2 8
56 3 0
56 4 6
56 5 3
56 6 0
56 7 4
57 1 0
57 2 6
57 3 0
57 4 5
57 5 3
57 6 0
57 7 4
58 1 0
58 2 5
58 3 0
58 4 5
58 5 2
58 6 0
58 7 4
59 1 0
59 2 6
59 3 0
59 4 5
59 5 3
59 6 0
59 7 4
60 1 0
60 2 6
60 3 0
60 4 5
60 5 3
60 6 0
60 7 4
61 1 0
61 2 6
61 3 0
61 4 5
61 5 3
61 6 0
61 7 4
62 1 0
62 2 6
62 3 0
62 4 5
62 5 2
62 6 0
62 7 4
63 1 0
63 2 6
63 3 0
63 4 5
63 5 3
63 6 0
63 7 4
64 1 0
64 2 7
64 3 0
64 4 6
64 5 3
64 6 0
64 7 4
65 1 0
65 2 7
65 3 0
65 4 5
65 5 3
65 6 0
65 7 4
66 1 0
66 2 1
66 3 0
66 4 1
66 5 1
66 6 0
66 7 1
67 1 0
67 2 7
67 3 0
67 4 6
67 5 3
67 6 0
67 7 4
68 1 0
68 2 6
68 3 0
68 4 6
68 5 3
68 6 0
68 7 5
69 1 0
69 2 6
69 3 0
69 4 5
69 5 3
69 6 0
69 7 4
70 1 0
70 2 6
70 3 0
70 4 5
70 5 3
70 6 0
70 7 4
71 1 0
71 2 7
71 3 0
71 4 5
71 5 3
71 6 0
71 7 4
72 1 0
72 2 1
72 3 0
72 4 1
72 5 1
72 6 0
72 7 1
73 1 0
73 2 5
73 3 0
73 4 5
73 5 3
73 6 0
73 7 4
74 1 0
74 2 3
74 3 0
74 4 3
74 5 1
74 6 0
74 7 2
75 1 0
75 2 7
75 3 0
75 4 6
75 5 3
75 6 0
75 7 4

# Precedence Relations
1 2
1 3
1 4
1 5
1 6
1 7
2 15
3 13
3 24
4 8
4 14
4 16
5 12
5 15
6 9
6 10
6 11
6 13
9 20
9 24
10 18
12 19
13 22
15 17
15 20
15 23
16 21
16 26
17 30
18 26
18 30
20 27
21 33
24 25
25 28
25 30
25 33
25 34
26 31
26 32
26 41
27 29
27 35
27 36
31 37
31 39
32 44
32 45
33 41
35 38
35 42
36 40
36 43
39 51
40 46
42 47
43 48
43 50
46 51
46 48
47 49
47 50
47 52
47 53
49 59
49 61
49 62
50 54
50 55
50 60
50 62
52 56
52 57
53 58
55 63
58 65
59 64
59 66
62 67
66 68
68 69
68 70
68 71
68 72
68 73
68 74
68 75

# Parameters
R_e = 0.0500
T = 600.0
C_s = 4.0
C_w = 36.0
C_c = 5.0
